StationID,TimeStamp,magn@var,magn@power,magn@skew,magn@kurt,magn@abs_max,magn@abs_mean,magn@abs_max_top5p,magn@abs_max_top10p,magn@energy_sstd,magn@energy_smax,magn@power_0_5,magn@power_5_10,magn@power_10_15,magn@power_15_20,magn@power_20_25,magn@power_25_30,magn@power_30_35,magn@power_35_40,magn@power_40_60,magn@power_140_160,magn@power_other,magn@frequency_center,magn@mean_square_frequency,magn@variance_frequency,magn@frequency_entropy,magn@level4d_abs_mean,magn@level4d_energy,magn@level4d_energy_smax,magn@level4d_energy_sstd,magn@level5d_abs_mean,magn@level5d_energy,magn@level5d_energy_smax,magn@level5d_energy_sstd,magn@level6a_abs_mean,magn@level6a_energy,magn@level6a_energy_smax,magn@level6a_energy_sstd,magn@level6d_abs_mean,magn@level6d_energy,magn@level6d_energy_smax,magn@level6d_energy_sstd,magn@ulf_abs_mean,magn@ulf_var,magn@ulf_power,magn@ulf_skew,magn@ulf_kurt,magn@ulf_abs_max,magn@ulf_abs_max_top5p,magn@ulf_abs_max_top10p,magn@ulf_energy_sstd,magn@ulf_energy_smax
73,1606752000,3.972616000000001,3.9726490000000005,-0.007984109,-0.8796132,3.358039,1.5305415,3.0118300000000002,2.535264,0.754647499,2.1755374,2.850984e-05,6.457333200000001e-06,6.649262999999999e-06,8.9424381e-06,1.7538857399999998e-05,1.7812371e-05,2.8781445999999994e-05,6.2018228e-05,1.7834457000000001,0.20220599999999997,0.0004999296,87.03439,71.43066,0.00013196378999999998,6.304409,0.02652411,43.40698999999999,0.0038146526999999998,0.00034849163,0.051629749999999995,157.53588000000002,0.0038146526999999998,0.00034849163,0.008006768000000001,68.60929000000002,0.0038146526999999998,0.00034849163,0.00442228,69.62043,0.0038146526999999998,0.00034849163,0.005657228999999999,3.5646307000000004e-05,5.865983e-05,0.35601340300000006,228.32470089999998,0.12474742999999999,0.0016617809000000002,0.00016811300000000006,4.742206299999999e-05,0.00043464094000000006
73,1606752600,1.8552589999999998,1.8552819999999997,0.009472357,-0.6908863,2.585177,1.0235534000000002,2.253818,1.8495570000000001,0.31238354799999996,1.1179306,2.7250279999999998e-05,5.0171469e-06,5.3970204e-06,6.864112999999999e-06,1.2617660000000002e-05,1.2634635000000002e-05,1.8148265e-05,3.4631836e-05,0.7068182000000001,0.22030850000000002,0.0003987625999999999,96.13736,84.12983999999999,6.156251e-05,6.571340999999999,0.01779737,20.11037,0.0037595816200000007,0.000343665553,0.03268511,61.838869999999986,0.0037595816200000007,0.000343665553,0.007401239999999999,68.09185299999999,0.0037595816200000007,0.000343665553,0.0035925659999999997,69.15975680000001,0.0037595816200000007,0.000343665553,0.005456685,1.9686312000000004e-05,4.2784620000000005e-05,0.021475060000000008,71.40084618,0.047752300000000004,0.0005592690000000002,-0.000592523,9.227378e-06,8.138316e-05
73,1606753200,2.323208,2.3232320000000004,0.008077884,-0.7324996,2.9320259999999996,1.1741538,2.2851690000000002,1.9685099999999998,0.35056545,1.4112390000000001,2.657145e-05,4.2578754e-06,4.611543e-06,6.272415800000001e-06,9.635996999999999e-06,1.3577537e-05,2.2176863999999996e-05,5.1026308000000005e-05,0.9489305000000001,0.2121228,0.00043219319999999995,92.9982,80.388,7.707686e-05,6.636349999999998,0.02019146,25.29321,0.0065968518,0.00060368852,0.03795132,83.42263,0.0065968518,0.00060368852,0.007942706999999999,112.007701,0.0065968518,0.00060368852,0.004198098000000001,114.624494,0.0065968518,0.00060368852,0.005026053000000001,1.764743e-05,4.052683000000001e-05,0.08747582000000001,401.43444,0.11455956999999999,-0.0016911659000000002,-0.0027758978,4.1860332e-05,0.00044402821
73,1606753800,1.7408430000000004,1.7408659999999998,0.007373762000000002,-0.7308117199999999,2.490712,1.0345024999999999,2.195693,1.7335669999999996,0.22414888500000002,0.9556701000000001,2.689293e-05,4.357522e-06,4.61891956e-06,5.953049400000001e-06,1.12893258e-05,1.0576381199999999e-05,1.51324646e-05,2.9687999e-05,0.6607315,0.2092483,0.00035500540000000006,97.56172000000001,83.05618000000001,5.779479e-05,6.241556,0.01796697,19.01514,0.00225362184,0.000205624345,0.03312978,58.31505,0.00225362184,0.000205624345,0.007098615999999999,43.37607,0.00225362184,0.000205624345,0.003301714,43.53618099999999,0.00225362184,0.000205624345,0.005324329,1.8841356e-05,4.184264e-05,0.18969677642,172.290518756,0.057868529,0.00018715537399999996,-0.0007834070000000002,1.45217358e-05,0.00014547584
73,1606754400,2.836446,2.836467,0.011667208000000002,-0.68902968,2.9138010000000003,1.1956235,2.5921169999999996,2.165539,0.6027640759999999,1.7386821000000001,2.684737e-05,4.655958500000001e-06,4.8679117e-06,6.540152e-06,1.2628748000000003e-05,1.2557938999999997e-05,1.9628852e-05,4.1303425000000003e-05,1.2140761000000002,0.2035839,0.00045072280000000003,92.84452,79.86398,9.421576999999999e-05,6.556814,0.02054206,29.930539999999997,0.0030012827000000003,0.00027443241,0.03921081,105.77365,0.0030012827000000003,0.00027443241,0.007711701,67.15065999999999,0.0030012827000000003,0.00027443241,0.003906448000000001,67.44151000000001,0.0030012827000000003,0.00027443241,0.005424187,2.1810808e-05,4.48474e-05,0.00826900799999999,121.9472753,0.061169706000000004,0.0007910722999999998,-0.0004925423,2.0596832099999998e-05,0.00020689474
73,1606755000,1.545048,1.545073,0.0038407343,-0.6972945,2.39276,0.9887006999999999,2.0319629999999997,1.7107649999999999,0.194738013,1.0399698,2.3905759999999998e-05,1.4329873000000002e-06,1.6477911500000002e-06,2.4226078999999998e-06,4.1579961e-06,6.1559995e-06,1.1557878999999999e-05,2.5858644000000004e-05,0.5751696000000001,0.1969866,0.0003102749,98.32361,82.42729,5.1281680000000006e-05,6.2953,0.016951700000000004,16.515810000000002,0.0029295149999999997,0.00026768319899999997,0.031666660000000006,50.08538,0.0029295149999999997,0.00026768319899999997,0.007343344,54.974558,0.0029295149999999997,0.00026768319899999997,0.003511383,55.619907999999995,0.0029295149999999997,0.00026768319899999997,0.0048812890000000005,1.3672634000000002e-05,3.66115e-05,0.083479322,141.865339,0.057270341,-0.00236874621,-0.00316914,4.0123777200000004e-05,0.00033909442
73,1606755600,1.6464615000000002,1.6464843000000002,0.002063517,-0.6871302,2.383499,0.9759352,2.1446899999999998,1.7053269999999998,0.27415708600000005,0.945316,2.362045e-05,1.2925783e-06,1.5487227e-06,3.1350409e-06,9.034779000000001e-06,6.4345550000000004e-06,9.941683e-06,2.3229633999999998e-05,0.625354,0.19743499999999997,0.00038238629999999996,98.84355000000002,84.85994,5.465894e-05,6.434196,0.01720561,18.185533,0.0040113028,0.00036674459000000004,0.031035789999999997,54.67056,0.0040113028,0.00036674459000000004,0.007796862,70.93035,0.0040113028,0.00036674459000000004,0.00397709,72.1854,0.0040113028,0.00036674459000000004,0.005444309999999999,2.2851406e-05,4.5601090000000006e-05,0.124614826,210.9745591,0.05804497979999999,0.0009498281999999999,-0.00013238900000000012,2.91453937e-05,0.00031415283
73,1606756200,3.0844137000000003,3.0844438,0.0051633397,-0.6749065,2.9439159999999998,1.2297553,2.6824570000000003,2.23773,0.688918436,1.8887495,2.4206560000000004e-05,2.2025562000000002e-06,2.3231693e-06,3.7898320999999992e-06,9.5355186e-06,1.01858658e-05,1.7903783600000003e-05,4.2738852e-05,1.349695,0.1919692,0.000447686,97.09693999999999,80.64189999999999,0.00010244542,6.447907000000001,0.02152183,33.282853,0.003707538700000001,0.00033900608999999995,0.04056512,119.67527,0.003707538700000001,0.00033900608999999995,0.007942633000000001,72.492527,0.003707538700000001,0.00033900608999999995,0.004144373,73.269499,0.003707538700000001,0.00033900608999999995,0.0052818990000000005,2.1318551000000002e-05,4.4032530000000004e-05,-0.129181084,214.475587,0.07957447690000001,0.0003073982,-0.0009156576999999999,2.4955102700000004e-05,0.00024302186000000004
73,1606756800,1.6490382000000001,1.6490613,0.017697332,-0.8030052999999999,2.144916,0.9768938,1.9867710000000003,1.6736010000000001,0.15011092400000003,0.7667941,2.53527e-05,3.1074018e-06,3.3710283e-06,4.3001111e-06,6.2331749e-06,8.5151824e-06,1.4436945e-05,3.0648556e-05,0.6334255,0.1906934,0.00032625649999999993,98.40576999999999,85.68133000000002,5.4733090000000006e-05,6.62671,0.01683924,17.8205,0.0049908251,0.00045652799000000003,0.03108887,55.76099000000001,0.0049908251,0.00045652799000000003,0.007854983,84.815212,0.0049908251,0.00045652799000000003,0.004016825999999999,86.569443,0.0049908251,0.00045652799000000003,0.004833975,7.698795e-06,3.0442699999999996e-05,0.0007590999999999987,59.574613,0.0293205546,-0.002381973,-0.0031229713999999997,1.70030032e-05,0.00017970760000000002
73,1606757400,0.9690255000000001,0.9690479000000002,0.02047541,-0.7440104000000001,1.8976330000000001,0.8051070999999999,1.7386270000000004,1.429431,0.007228379999999998,0.3970933,2.3381719999999998e-05,7.588950000000001e-07,8.326856500000001e-07,1.4247866e-06,4.5433005e-06,2.6485451599999996e-06,3.6521537e-06,8.028963499999999e-06,0.2872275000000001,0.19697420000000002,0.0002840012,101.75888,90.83193,3.2172410000000005e-05,6.040061,0.01413268,10.404518,0.0027183602699999997,0.000248311923,0.024764750000000002,25.26455,0.0027183602699999997,0.000248311923,0.006808193999999999,45.985025,0.0027183602699999997,0.000248311923,0.0028990120000000003,46.74444079999999,0.0027183602699999997,0.000248311923,0.005084222000000001,9.573364e-06,3.221428e-05,0.0159984491,2.7253585,0.0057418402,-0.0009429810000000001,-0.0016413,1.8398193e-06,1.7202670000000002e-05
73,1606758000,3.8733074000000003,3.8733389000000003,0.010602445999999998,-0.6426573,3.4492789999999993,1.4330646000000002,2.8970759999999998,2.418035,0.5096258929999999,2.503932,2.473731e-05,3.3907429999999997e-06,3.9591214e-06,6.7332908e-06,1.4146769700000003e-05,1.95497685e-05,3.56120167e-05,8.450542300000001e-05,1.7520075,0.18380749999999996,0.0006682487999999999,90.90794,76.26094,0.00012853866,6.534198999999999,0.02495999,41.602138000000004,0.0041431655,0.00037864191,0.04874672000000001,152.86174,0.0041431655,0.00037864191,0.00801374,86.97675700000002,0.0041431655,0.00037864191,0.004331206,87.565392,0.0041431655,0.00037864191,0.005388597,3.2316092000000005e-05,5.5028170000000014e-05,-0.005952996999999995,285.837065,0.12459602709999998,-0.0001284668999999999,-0.0012040978999999998,6.22171983e-05,0.00061933886
73,1606758600,1.051547,1.0515690000000002,0.017512289999999996,-0.7731854,1.964722,0.8518864,1.799906,1.49656,0.009042364,0.43201789999999995,2.431741e-05,1.7217342999999999e-06,1.77910681e-06,2.0868903e-06,2.7401484e-06,3.3641216400000003e-06,5.0816407999999995e-06,9.830580999999998e-06,0.3325476,0.19293829999999998,0.0002563849,102.44548,86.84163000000001,3.4931479999999994e-05,6.041434000000001,0.014444519999999999,11.084349999999999,0.0015171171799999998,0.000138222485,0.02664567,29.18666,0.0015171171799999998,0.000138222485,0.006740227,31.305239999999998,0.0015171171799999998,0.000138222485,0.002839521,31.180220000000002,0.0015171171799999998,0.000138222485,0.004774628,1.8064619999999998e-06,2.4574789999999997e-05,-0.07403836999999999,7.335821,0.0035161014999999995,-0.002703959,-0.0033132049999999996,9.92159e-07,1.3585099999999998e-05
73,1606759200,0.9604345000000001,0.9604571999999999,0.021752820000000003,-0.7945409999999999,1.893096,0.8087927,1.7082529999999998,1.418369,0.008184936,0.3963915,2.4003020000000002e-05,1.451919e-06,1.5577799100000001e-06,2.1901137999999997e-06,5.4446291999999996e-06,3.7901112799999993e-06,5.184053299999999e-06,1.06120093e-05,0.2879183,0.1919622,0.0003010659,103.1052,90.22794999999999,3.187098e-05,6.195365000000001,0.0140327,10.274674999999998,0.00238722728,0.000217956326,0.024756640000000003,25.24754,0.00238722728,0.000217956326,0.006952728,43.785759,0.00238722728,0.000217956326,0.003032072,44.167723,0.00238722728,0.000217956326,0.005071849,9.32416e-06,3.192813999999999e-05,-0.015843908,1.5065606,0.0057645603999999994,-0.0009739560000000001,-0.0016713409999999998,1.8563342e-06,1.7709799999999998e-05
73,1606759800,3.6252817,3.6253116999999997,0.010995479999999998,-0.34492902000000003,3.3404119999999997,1.3221902,2.724307,2.323421,0.905029513,2.6606523999999996,2.433293e-05,2.6051011e-06,2.8514827e-06,4.7690381e-06,1.0744929e-05,1.5152483000000001e-05,2.62147802e-05,6.520577199999999e-05,1.6295675000000003,0.1823632,0.0005798974,88.16096999999999,75.51478999999999,0.00012031077000000002,6.472139,0.02307014,39.054941,0.00621014257,0.0005681740369999999,0.04394763,143.85443999999998,0.00621014257,0.0005681740369999999,0.008459953999999999,107.36039000000001,0.00621014257,0.0005681740369999999,0.004689653,109.49078899999999,0.00621014257,0.0005681740369999999,0.005313246,2.3061344000000003e-05,4.590916e-05,0.13107362,313.636344,0.10434019869999997,-1.8250999999999856e-05,-0.0011527240000000002,3.8968076599999994e-05,0.00039892125
73,1606760400,2.6013393,2.6013615999999997,0.01138203,-0.4172215,2.70387,1.0565634,2.450137,2.0521750000000005,0.60991279,1.5976783,2.369941e-05,1.5427850999999998e-06,1.6182448300000002e-06,2.6488675999999995e-06,5.0324603e-06,7.348719100000001e-06,1.35673334e-05,3.38708746e-05,1.1117716999999998,0.18843000000000001,0.0003990631,100.6125,87.09702999999999,8.641981e-05,6.334301000000001,0.01878197,27.777272,0.004275134,0.00039083887999999997,0.03465171,97.14732000000001,0.004275134,0.00039083887999999997,0.007808005999999999,76.58070500000001,0.004275134,0.00039083887999999997,0.003901583,77.76852099999999,0.004275134,0.00039083887999999997,0.004946139,1.1035709000000001e-05,3.386469e-05,0.06230574999999999,133.881202,0.0573712285,-0.001849187,-0.0029523188999999997,2.5981595399999998e-05,0.00028356010999999997
73,1606761000,1.4046407000000003,1.4046633,0.010757942999999997,-0.3504606,2.338795,0.8760971999999999,2.07074,1.634899,0.263109348,0.8987495000000001,2.7876249999999996e-05,5.577887799999999e-06,5.8983077e-06,7.084472299999999e-06,1.1357550599999999e-05,1.1780003299999999e-05,1.6590651e-05,3.1913795e-05,0.5124746,0.1894269,0.00032070739999999996,97.21356,87.20424,4.6603620000000004e-05,6.497660000000001,0.01581666,15.300541999999998,0.0015414061899999998,0.0001406896554,0.028011770000000002,45.15457,0.0015414061899999998,0.0001406896554,0.006622731999999999,30.188005000000004,0.0015414061899999998,0.0001406896554,0.0027223610000000004,30.1602261,0.0015414061899999998,0.0001406896554,0.005132901,1.2416298000000003e-05,3.505504e-05,-0.498099768,141.90507250000002,0.032587059200000004,-0.0006469339,-0.001501578,1.18355865e-05,0.00012642204
73,1606761600,2.3555294,2.3555499,0.009997187,-0.6434344000000001,2.6328430000000003,1.1436291,2.261132,1.971022,0.286516031,1.4228129999999999,2.4814699999999998e-05,2.9308067e-06,3.0946224000000003e-06,4.4372817e-06,9.230748000000001e-06,9.507561e-06,1.5264479e-05,3.5218940000000005e-05,0.994497,0.18280800000000003,0.0003739417,92.80105999999999,79.56144,7.822245e-05,6.481230999999999,0.019835969999999998,24.91581,0.004855831000000001,0.000444117615,0.03802591,86.73106,0.004855831000000001,0.000444117615,0.007513974999999999,84.31380899999999,0.004855831000000001,0.000444117615,0.00380004,85.89011299999999,0.004855831000000001,0.000444117615,0.005209073999999999,2.1761605e-05,4.429108e-05,0.07978533800000001,276.5941856,0.08523393910000002,-6.90076999999999e-05,-0.0011014962,3.3283632e-05,0.00034529297
73,1606762200,2.4818423,2.4818724,0.010683505999999999,-0.6731394242000001,2.667644,1.0804835000000002,2.409561,1.9885370000000002,0.600551082,1.6038544000000001,2.3977220000000003e-05,2.1076939e-06,2.13229773e-06,3.1341913999999997e-06,5.5618897e-06,7.6011992e-06,1.35837559e-05,3.3194518e-05,1.0549789,0.18548309999999998,0.00039087489999999997,99.8235,83.99931,8.245934e-05,6.206888,0.01854666,25.469145,0.0023478331199999996,0.000214385873,0.03475408000000001,91.53151000000001,0.0023478331199999996,0.000214385873,0.007402986,55.2967996,0.0023478331199999996,0.000214385873,0.0035234112,55.23033995000001,0.0023478331199999996,0.000214385873,0.004911176000000001,1.0062928999999999e-05,3.2647419999999996e-05,-0.081484729,126.837625,0.051339394999999996,-0.0018489010000000005,-0.0029202613000000005,2.4563084199999998e-05,0.00026801558
73,1606762800,2.1525282999999997,2.152551,0.008469146,-0.6498562999999999,2.5469660000000003,1.073607,2.3220330000000002,1.9546359999999996,0.46651214999999996,1.3788171,2.52627e-05,3.2802004999999996e-06,3.5334211000000002e-06,5.0122550000000005e-06,9.976386e-06,1.1035718000000001e-05,1.7856625e-05,4.0596735e-05,0.8932152,0.182566,0.0003884672,88.55727999999999,82.02327,7.145407e-05,6.495246,0.018871149999999996,23.804841,0.00329415854,0.00030134454799999997,0.034752040000000005,78.12516000000001,0.00329415854,0.00030134454799999997,0.007200991000000001,57.988842999999996,0.00329415854,0.00030134454799999997,0.0033963760000000004,58.887481,0.00329415854,0.00030134454799999997,0.005199673,2.0933192e-05,4.355482e-05,0.046557642999999996,245.642699,0.078831546,-0.0003824166000000001,-0.001367823,2.7333302900000005e-05,0.00026925631999999997
73,1606763400,1.5903705,1.5903929,0.008385589999999998,-0.5364351999999999,2.384735,0.9456254999999999,2.0487239999999995,1.667488,0.23631911899999997,0.9547452999999999,2.634442e-05,4.164539399999999e-06,4.451999999999999e-06,5.6740971e-06,1.0286682000000002e-05,9.983613000000001e-06,1.4437957600000003e-05,2.8677406999999993e-05,0.6074822,0.18729590000000002,0.00032519859999999995,94.55790999999999,84.70038000000002,5.281734000000001e-05,6.537704,0.01662455,17.194735,0.0021702324,0.00019800052,0.03045254,53.00455000000001,0.0021702324,0.00019800052,0.006858581,39.578345999999996,0.0021702324,0.00019800052,0.003046303,39.779058000000006,0.0021702324,0.00019800052,0.00517094,1.6395753999999997e-05,3.899846000000001e-05,-0.08926863069999999,219.65717479999998,0.056327590999999996,-0.0004746117999999999,-0.0013531500000000002,2.5146625400000006e-05,0.00027322873999999995
73,1606764000,3.0252090000000003,3.0252315999999997,0.006280136,-0.39364119999999997,3.152757,1.2032679,2.72577,2.0920769999999997,0.7741140470000001,2.1263269,2.7621540000000003e-05,5.9724797e-06,6.28820766e-06,7.9735535e-06,1.16584141e-05,1.571655464e-05,2.6196289300000003e-05,5.7062163600000006e-05,1.3293636999999998,0.1826979,0.00040226869999999997,87.72015,77.88239,0.00010051107999999999,6.122573,0.0207793,31.469282000000003,0.00175865205,0.000160204488,0.0398899,115.03042,0.00175865205,0.000160204488,0.007116474,40.976299999999995,0.00175865205,0.000160204488,0.003290363,40.666309,0.00175865205,0.000160204488,0.0049550570000000006,1.4686254999999999e-05,3.7268710000000005e-05,0.21539994899999995,326.83693000000005,0.0932359893,-0.0015277416,-0.0026700655000000003,3.3433223599999996e-05,0.00036005092000000006
73,1606764600,1.6847497,1.6847728,0.0072078279999999995,-0.5983555,2.3509830000000003,0.967084,2.124889,1.691602,0.329178376,1.1239219,2.5991159999999997e-05,3.8840563e-06,4.1324602e-06,5.360823e-06,9.786605999999999e-06,9.640108000000001e-06,1.4358961000000001e-05,3.0573694999999995e-05,0.6573886000000001,0.1845718,0.0003287465,94.65906,83.42429,5.5893040000000005e-05,6.527261,0.016981180000000002,18.463170999999996,0.005647437909999999,0.000516815807,0.03102049,57.78846,0.005647437909999999,0.000516815807,0.007453756000000001,92.89827500000001,0.005647437909999999,0.000516815807,0.0036385239999999998,95.285645,0.005647437909999999,0.000516815807,0.005144856000000001,1.527607e-05,3.7774989999999996e-05,-0.007244504999999997,195.0116897,0.05117887339999999,-0.00043110000000000007,-0.0013602800000000002,1.34244481e-05,0.00013316018999999998
73,1606765200,2.0952612000000004,2.095283,0.0036755939999999995,-0.44309072999999993,2.879675,1.0855252,2.397599,1.876331,0.485205397,1.4659052,2.5131710000000003e-05,3.1042265000000003e-06,3.4821433e-06,4.950634899999999e-06,1.03175492e-05,1.12185906e-05,1.8681734e-05,4.2079420000000004e-05,0.8646343999999999,0.1824898,0.0004089639,91.47353000000001,77.89532999999999,6.95258e-05,6.614326,0.01892058,23.07441,0.0037141523900000003,0.000339679178,0.03559522,75.73066999999999,0.0037141523900000003,0.000339679178,0.0077272420000000005,70.60796,0.0037141523900000003,0.000339679178,0.00397514,71.50357699999999,0.0037141523900000003,0.000339679178,0.005188942,2.0195843999999998e-05,4.275663e-05,0.150994413,407.95746070000007,0.09590919780000001,-0.0001515837000000001,-0.001190034,4.51371397e-05,0.0004849046500000001
73,1606765800,2.6389777,2.638999,0.0078441044,-0.5161478999999999,2.719621,1.1185326999999998,2.355934,1.8713449999999998,0.452520054,1.6439667999999998,2.37334e-05,1.998707e-06,2.01125715e-06,2.9504608000000005e-06,5.3201741e-06,7.7415912e-06,1.4360255099999999e-05,3.4399277e-05,1.1342893,0.1847182,0.00040549819999999997,93.85801000000001,82.00996,8.767806999999999e-05,6.213398,0.019120340000000003,27.250949,0.0039464524,0.00036072143,0.03659653,98.41279999999999,0.0039464524,0.00036072143,0.007918169999999999,74.16718,0.0039464524,0.00036072143,0.004067879,75.13546,0.0039464524,0.00036072143,0.004893657000000001,7.239263e-06,2.971489e-05,-0.31751917500000004,76.90737200000001,0.030428430100000004,-0.0018185160000000003,-0.002768095,8.4841435e-06,9.2586e-05
73,1606766400,1.6534973000000002,1.6535214000000003,0.005199313,-0.62587034,2.357584,0.9529380000000002,2.119789,1.768441,0.361400942,1.1345754000000001,2.697095e-05,4.8759165e-06,5.2997885e-06,6.5898678e-06,1.0695656799999999e-05,1.2712502699999999e-05,1.76381015e-05,3.4602351e-05,0.6424039,0.18392950000000002,0.0003158048,98.79338999999999,84.08647,5.4910919999999984e-05,6.096776,0.01664673,18.163012000000002,0.003726930280000001,0.00034074731000000003,0.030333199999999994,56.01414,0.003726930280000001,0.00034074731000000003,0.00729385,66.15102099999999,0.003726930280000001,0.00034074731000000003,0.0034399969999999993,67.25189599999999,0.003726930280000001,0.00034074731000000003,0.005156707999999999,1.7443173e-05,4.001223e-05,0.029372706,82.90230500000001,0.06169243459999998,-0.000754751,-0.001546473,3.9152621100000004e-05,0.0004241713299999999
73,1606767000,2.0524683,2.0524917999999994,0.002426033,-0.3796238,2.809587,1.0495712,2.349184,1.8356829999999995,0.5024681719999999,1.4843967,2.662503e-05,4.7209745e-06,5.0389236e-06,6.764448000000001e-06,1.3279659000000002e-05,1.2542337999999999e-05,1.8956035999999998e-05,3.8874748999999996e-05,0.8446699999999998,0.1810829,0.00037260049999999996,87.45706,80.35547,6.813987e-05,6.469521,0.018529510000000003,22.363386000000002,0.0029168437399999998,0.00026649528900000004,0.03405823,73.33351,0.0029168437399999998,0.00026649528900000004,0.007305296000000001,56.95327999999999,0.0029168437399999998,0.00026649528900000004,0.0035251690000000003,57.483457,0.0029168437399999998,0.00026649528900000004,0.005371472,2.4041239000000003e-05,4.6515849999999996e-05,-0.491207683,371.7255781,0.089797421,0.0009624729999999999,-0.0002920418,3.71349686e-05,0.00038447034
73,1606767600,1.5801614000000002,1.5801855,0.006156639,-0.512607,2.291133,0.9156464,1.90502,1.6114989999999998,0.22751403899999997,1.1070004,2.4501869999999998e-05,2.5332590000000003e-06,2.8226343999999997e-06,3.9198272000000006e-06,6.0180996e-06,8.6116526e-06,1.5855990100000003e-05,3.3603617000000005e-05,0.6065619,0.1831008,0.0003412009,94.96297999999999,88.37858000000001,5.243778e-05,6.504385999999999,0.01613949,17.167863,0.00402186926,0.000367804545,0.02900971,53.72032,0.00402186926,0.000367804545,0.007563185,71.87016,0.00402186926,0.000367804545,0.003670715,73.09735,0.00402186926,0.000367804545,0.004817132,9.529142999999998e-06,3.202189e-05,0.025378345999999996,233.38092799999995,0.05717403520000001,-0.002331068,-0.0030777552,1.93091455e-05,0.00019550005999999999
73,1606768200,3.2854487999999997,3.2854684,0.0036045373000000006,-0.5448307,3.14897,1.2614867,2.777634,2.2508209999999997,0.781287944,2.1201759000000004,2.407522e-05,2.4367062000000004e-06,2.7069116399999997e-06,5.185496900000001e-06,1.0330995400000001e-05,1.2348517e-05,2.21899266e-05,5.3227118e-05,1.4615683000000002,0.180536,0.0004986999,92.09705,78.66111,0.00010911035999999999,6.574445,0.022019169999999998,35.237016,0.0033779027,0.0003086817877,0.04197396,127.77492,0.0033779027,0.0003086817877,0.007425698,65.342574,0.0033779027,0.0003086817877,0.003633779000000001,65.85710300000001,0.0033779027,0.0003086817877,0.005351881,2.7382774e-05,5.009895999999999e-05,-0.023200238000000005,231.68627643999997,0.1097021851,3.082550000000005e-05,-0.0011057119999999998,6.2448513e-05,0.0006637476100000001
73,1606768800,1.2142354,1.2142575,0.006201666,-0.5481729000000002,2.070177,0.8227686999999999,1.883195,1.519958,0.15124953200000002,0.6455756000000001,2.373267e-05,1.3069324999999999e-06,1.4651681e-06,2.2285923999999997e-06,6.606936299999999e-06,8.223639e-06,7.2402588999999995e-06,1.6796855999999995e-05,0.4197775999999999,0.18695409999999998,0.00033885240000000003,103.12611,91.03545999999999,4.0276619999999995e-05,6.383916000000001,0.014978979999999998,13.348534,0.00428691438,0.00039212077860000004,0.025751410000000002,36.57051,0.00428691438,0.00039212077860000004,0.007665216,71.07916,0.00428691438,0.00039212077860000004,0.0037713609999999996,72.590634,0.00428691438,0.00039212077860000004,0.0054192649999999995,1.8773473000000002e-05,4.146396e-05,-0.219328581,82.45194330000001,0.026432123999999994,0.0006523631999999998,-0.00021159800000000018,1.0453129100000001e-05,0.00011579559000000001
73,1606769400,1.6269225999999997,1.6269447,0.007522485999999999,-0.4922347,2.309321,0.9206603,1.9170949999999998,1.6280369999999997,0.212105436,1.1169045999999998,2.3293309999999997e-05,1.143334e-06,1.3002473999999998e-06,2.6065836e-06,5.112849300000001e-06,5.770425999999999e-06,1.02112466e-05,2.33284053e-05,0.6272333,0.1858623,0.0003153874,96.22187,89.07294999999999,5.4044260000000004e-05,6.340992000000001,0.01628901,17.280582000000003,0.0019973196400000005,0.000182161996,0.02911518,54.446349999999995,0.0019973196400000005,0.000182161996,0.007058374000000001,45.252328,0.0019973196400000005,0.000182161996,0.0031738599999999997,45.008101999999994,0.0019973196400000005,0.000182161996,0.004995702999999999,1.1210544999999999e-05,3.3675370000000004e-05,0.039246934,97.590266658,0.034554973,-0.0011273680000000001,-0.0019554558,1.01179839e-05,8.874712e-05
73,1606770000,2.9555708999999997,2.9556008,0.004297205,-0.00690339999999996,3.134982,1.1728652,2.345808,1.9713619999999998,0.37465874600000004,2.0986193,2.495386e-05,3.286083700000001e-06,3.54680071e-06,5.5778039e-06,1.12325165e-05,1.25608397e-05,2.10333287e-05,4.7681061e-05,1.2937516000000002,0.1834445,0.0004751384,94.02050999999999,82.14295000000001,9.815565000000002e-05,6.578197,0.02076394,32.287968,0.0034960737300000003,0.000319549278,0.03871966,114.28387000000001,0.0034960737300000003,0.000319549278,0.007486615,70.336861,0.0034960737300000003,0.000319549278,0.0036787320000000005,70.81778599999998,0.0034960737300000003,0.000319549278,0.005292041,2.3434056e-05,4.599394e-05,0.051251506999999995,284.4978583881,0.10064555770000001,0.00014470562200000013,-0.000915284,2.7261944599999994e-05,0.00028774042
73,1606770600,1.5398253,1.5398482,0.0040639516,-0.49365500000000007,2.3473840000000004,0.9182961000000001,1.99476,1.634375,0.224104532,0.9073960999999999,2.5863080000000005e-05,3.9543068e-06,4.296730599999999e-06,5.6411928000000004e-06,9.8906537e-06,1.0146203599999999e-05,1.5074407299999996e-05,3.0784811e-05,0.58488,0.1846158,0.00033238089999999994,98.14015,86.37178,5.109467e-05,6.494300999999998,0.01628484,16.836606,0.00280258315,0.00025599573199999997,0.02952664,51.11642,0.00280258315,0.00025599573199999997,0.007302126000000001,57.07926300000001,0.00280258315,0.00025599573199999997,0.003472617,57.406121,0.00280258315,0.00025599573199999997,0.0051198319999999995,1.5917523999999997e-05,3.826883e-05,-0.128282702,215.48740400000003,0.0559848185,-0.0004728279,-0.001348748,2.7186873200000005e-05,0.00029154227999999996
73,1606771200,2.1417266,2.1417483000000006,0.003364706,-0.3944518,2.76871,1.054042,2.4410619999999996,1.9908600000000003,0.605829378,1.6232412,2.433323e-05,2.2906641e-06,2.4526564e-06,3.5705000000000004e-06,5.935282e-06,8.779001e-06,1.6284115999999996e-05,3.8823361e-05,0.8915024999999999,0.1789239,0.00035275380000000003,90.20406,79.1078,7.108248e-05,6.509245,0.01864751,23.841271,0.0018342162,0.00016722391099999997,0.034895390000000005,78.92881,0.0018342162,0.00016722391099999997,0.007002465000000001,41.413618,0.0018342162,0.00016722391099999997,0.003176858,41.338243,0.0018342162,0.00016722391099999997,0.004867922,1.1713783e-05,3.428442e-05,-0.164478907,364.98656399999993,0.08564244459999999,-0.0018920324000000002,-0.002905685,3.5118492700000005e-05,0.00038104828
73,1606771800,2.4764913,2.4765124,0.006063072800000001,-0.5167781,2.7073590000000003,1.0674517,2.4196850000000003,1.982685,0.5552279139999999,1.5825818999999999,2.517735e-05,3.4238928000000005e-06,3.6424903e-06,5.2584928e-06,1.06161929e-05,1.1699580199999997e-05,1.9234011399999996e-05,4.2669504e-05,1.0511936,0.186553,0.0004005005000000001,94.52927,83.55854000000001,8.220151e-05,6.389226,0.018855069999999998,26.474308,0.007239353419999999,0.000662580067,0.03512495,92.82644,0.007239353419999999,0.000662580067,0.008433224,122.911221,0.007239353419999999,0.000662580067,0.004601164,125.74054799999999,0.007239353419999999,0.000662580067,0.005248776000000001,1.8016257e-05,4.064704e-05,-0.0849394377,121.3629822,0.054896911199999995,-1.3757899999999921e-05,-0.0011389820999999998,2.9540912899999998e-05,0.00031851730000000003
73,1606772400,2.3495883,2.3496104000000004,0.003117931,-0.57966735,2.823498,1.1424265999999998,2.5531529999999996,2.0828130000000002,0.600823562,1.6473578999999998,2.88798e-05,6.8381556e-06,7.2552938e-06,9.007776e-06,1.4414164e-05,1.6501412e-05,2.44691e-05,4.9221019e-05,0.9913187000000001,0.1830284,0.0003100767,89.11923999999999,76.55217,7.801007e-05,6.403332000000001,0.01986783,25.411083,0.0034068416899999997,0.000311684793,0.03761403,86.65038999999999,0.0034068416899999997,0.000311684793,0.007644277,63.452431000000004,0.0034068416899999997,0.000311684793,0.003855869,64.103354,0.0034068416899999997,0.000311684793,0.005225136,2.2447855e-05,4.529677e-05,0.1800442916,350.5588399,0.1044061339,-0.0002668686,-0.001272503,4.46301007e-05,0.00046375204
73,1606773000,1.5722108000000001,1.572233,0.0073800870000000005,-0.6184603999999999,2.439449,0.9787298000000002,2.056448,1.7275660000000002,0.16072029999999998,0.9380147000000001,2.3791299999999997e-05,1.4575115000000002e-06,1.5013363999999998e-06,2.1155706e-06,3.3745288000000003e-06,4.68143673e-06,8.4387595e-06,1.8822563100000002e-05,0.597717,0.1880812,0.0002609447,96.65984,81.78331,5.220017000000001e-05,5.987038,0.016655700000000002,16.43955,0.0017081287,0.00015563566,0.03201867,52.36768000000001,0.0017081287,0.00015563566,0.006811928,35.550331,0.0017081287,0.00015563566,0.00299593,35.412363,0.0017081287,0.00015563566,0.00480975,7.4342479999999995e-06,3.0026689999999998e-05,0.04013733999999999,235.74571400000005,0.05181489899999999,-0.002385337,-0.003132754,1.59340959e-05,0.00016861601000000003
73,1606773600,1.7556553000000001,1.7556766,0.0091334253,-0.531902267,2.469188,0.9650769,2.220142,1.8331670000000002,0.315303925,1.0881916,2.5845639999999998e-05,3.7505127000000003e-06,3.9623898e-06,4.8713053e-06,9.3743942e-06,8.9135421e-06,1.3314062500000001e-05,2.6251455999999997e-05,0.6869682,0.19050430000000002,0.00027784109999999995,96.40796,81.78988999999999,5.8295900000000005e-05,6.24056,0.016850869999999997,18.81042,0.00198560364,0.000181087045,0.03219515,60.42229,0.00198560364,0.000181087045,0.0068065420000000005,35.709596,0.00198560364,0.000181087045,0.003010801,36.042024000000005,0.00198560364,0.000181087045,0.005133988,1.3926655e-05,3.6281630000000004e-05,0.008369594000000005,76.7414761,0.0355303266,-0.00039069599999999995,-0.0013317469999999999,1.25848237e-05,0.0001330827
73,1606774200,2.9394573,2.9394858,0.01031031495,-0.42227230000000004,3.2600119999999997,1.2313563,2.617917,2.227081,0.6430302400000001,2.0994552000000004,2.7304309999999996e-05,6.0729298999999995e-06,6.6485685e-06,8.779333e-06,1.5374578e-05,1.8360129999999996e-05,2.9699540999999998e-05,6.429692600000001e-05,1.2848339999999998,0.1843057,0.0004355132999999999,85.25431,75.89840000000001,9.755946e-05,6.44328,0.021814190000000004,32.499700000000004,0.005619284,0.0005140158000000001,0.04187175,113.07742,0.005619284,0.0005140158000000001,0.008304483999999999,97.61827,0.005619284,0.0005140158000000001,0.004622144999999999,99.56314,0.005619284,0.0005140158000000001,0.005291184,2.8942855999999997e-05,5.153079e-05,0.025328828799999998,238.019735,0.1252305313,0.00010126486999999999,-0.0011509428000000001,5.168563929999999e-05,0.00050213918
73,1606774800,0.9427071000000001,0.9427291,0.026024210000000002,-0.3586804,2.0301250000000004,0.7499374,1.8047440000000001,1.483396,0.009483074000000001,0.3921854,2.31847e-05,8.480508e-07,8.8224163e-07,1.1882728000000001e-06,1.6472811999999999e-06,2.1853305e-06,3.6006178e-06,7.682527e-06,0.27274849999999995,0.1983096,0.0002710925,107.41078,92.36136000000002,3.1278160000000005e-05,6.498260999999999,0.01372124,10.001087,0.00197087308,0.000179891219,0.024138059999999996,24.01126,0.00197087308,0.000179891219,0.0064533939999999995,36.3045073,0.00197087308,0.000179891219,0.0025224865,36.5640573,0.00197087308,0.000179891219,0.004752945999999999,2.36072e-06,2.4695639999999997e-05,-0.07578212,45.58108599999999,0.018447841,-0.002703272,-0.0033642480000000002,1.9129123e-06,2.2667410000000003e-05
73,1606775400,0.9647307999999999,0.9647529,0.017235653,-0.38807129999999995,2.063576,0.7598788,1.811194,1.49641,0.00892931,0.4037159,2.395263e-05,1.7927308999999999e-06,2.1917676e-06,4.101665e-06,1.486193e-05,7.419952e-06,8.017131999999999e-06,1.5215680999999999e-05,0.28268879999999996,0.19924740000000002,0.00037200160000000005,97.65015000000001,91.47579999999999,3.198186000000001e-05,6.688776999999999,0.014592260000000001,11.104809999999999,0.0027209146299999997,0.00024854608599999997,0.024604930000000004,24.95848,0.0027209146299999997,0.00024854608599999997,0.007102311,49.122482,0.0027209146299999997,0.00024854608599999997,0.003274834,49.785748000000005,0.0027209146299999997,0.00024854608599999997,0.006147398,3.5325819999999994e-05,5.776224e-05,-0.006064904,-0.28102436000000003,0.027245129,0.0037605890000000004,0.002822096,3.98191e-06,4.209288e-05
73,1606776000,3.7371410000000003,3.7371609999999995,0.0079172131,-0.662110571,3.585634,1.4489486,3.015241,2.490637,0.623946441,2.2423827000000003,2.9176640000000004e-05,8.0044072e-06,8.778143e-06,1.3429088000000002e-05,2.4464689000000003e-05,2.3724531e-05,3.7694644000000004e-05,8.023970999999998e-05,1.6780407,0.18977070000000001,0.0005510953,85.25528,71.3929,0.00012409577,6.413016000000001,0.025542329999999995,41.288259999999994,0.00474525652,0.000434214034,0.05019309000000001,147.85712999999998,0.00474525652,0.000434214034,0.008235096,94.36643000000001,0.00474525652,0.000434214034,0.0046749159999999994,95.48807000000001,0.00474525652,0.000434214034,0.006186832999999999,4.8615375999999996e-05,7.104389000000001e-05,-0.06430313000000001,104.75814399999999,0.13032243999999998,0.00325031,0.0019088150000000001,3.3535869e-05,0.00032161894000000006
73,1606776600,1.2162650000000002,1.216287,0.01597672,-0.7070023,2.219205,0.9128234,1.9607839999999999,1.6319379999999999,0.009455586,0.5029089,2.313261e-05,1.1033302999999999e-06,1.169664e-06,1.6507663e-06,2.55221e-06,3.478382e-06,5.858280000000001e-06,1.1872139000000001e-05,0.40620880000000004,0.2016197,0.0002738565,100.85843,83.27745000000002,4.038713e-05,6.152034,0.015480660000000002,12.9292,0.005404438959999999,0.000494517709,0.029427369999999998,35.6198,0.005404438959999999,0.000494517709,0.007850466,89.601801,0.005404438959999999,0.000494517709,0.004100398,91.85025500000002,0.005404438959999999,0.000494517709,0.004858707,5.738555999999999e-06,2.7937760000000003e-05,-0.02381380999999999,43.849329999999995,0.02500389,-0.0021691800000000006,-0.003071112,4.241963e-06,3.466398e-05
73,1606777200,2.059565,2.059589,0.0062412958,-0.7199489,2.837075,1.1517172,2.37851,2.052287,0.27629369600000003,1.283422,2.576228e-05,3.7116087999999995e-06,4.1371882e-06,5.7526527e-06,1.1103213e-05,1.252543e-05,1.9007316e-05,3.801999699999999e-05,0.828834,0.2005026,0.0003476603,92.92072,75.19871,6.837033e-05,6.277807,0.01957193,22.272219999999997,0.0038643174,0.00035323856,0.03826498,72.65493000000001,0.0038643174,0.00035323856,0.007602032,66.31334799999999,0.0038643174,0.00035323856,0.004002619000000001,67.671483,0.0038643174,0.00035323856,0.005391264,2.6083382e-05,4.847987e-05,-0.21021822399999998,278.79084939999996,0.09845615,0.0003167291799999999,-0.0009382959999999999,3.3968107e-05,0.00033172892999999996
73,1606777800,4.221744,4.221774,0.0032018486,-0.6799038000000002,3.681111,1.5687760000000002,3.131085,2.576292,0.7928697499999999,2.6324137,3.33886e-05,1.2598476000000002e-05,1.3159625300000002e-05,1.6121057800000002e-05,2.5315158000000003e-05,3.0835983e-05,4.6352782e-05,8.964651e-05,1.9128487,0.1973425,0.0004320832,80.90939999999998,67.2288,0.00014022356,6.37562,0.02657424,45.73487000000001,0.0032372138200000003,0.000295746019,0.05351114999999999,168.18710000000002,0.0032372138200000003,0.000295746019,0.007698014,70.923768,0.0032372138200000003,0.000295746019,0.004144375,71.311834,0.0032372138200000003,0.000295746019,0.005608175,3.3974639999999994e-05,5.6489419999999996e-05,-0.058079599999999995,265.777394,0.12819215,0.0010474174799999997,-0.0005838580000000001,4.4217091e-05,0.00045682449
73,1606778400,1.76524,1.765265,0.0033764159999999993,-0.9403273999999999,2.6286789999999995,1.1437789999999999,2.258169,1.8459189999999999,0.10701485399999999,0.8643430000000001,2.7779539999999997e-05,5.8058944e-06,6.242408899999999e-06,7.868637199999999e-06,1.0586790999999999e-05,1.4737023e-05,2.3312757999999997e-05,4.318868e-05,0.6793870999999999,0.20277340000000002,0.0003402741,89.00357,74.26753000000001,5.853904e-05,6.569177000000001,0.018935459999999998,19.0147,0.0015183527100000001,0.000138248161,0.03725439999999999,59.86802,0.0015183527100000001,0.000138248161,0.006866273000000001,35.245898,0.0015183527100000001,0.000138248161,0.0032404540000000003,35.09811799999999,0.0015183527100000001,0.000138248161,0.005048931,1.1482220000000001e-05,3.380561e-05,0.12694783,56.39621999999999,0.03861037,-0.0013872565,-0.002599917,9.854794999999999e-06,7.996847e-05
73,1606779000,2.4061790000000003,2.4062,0.0022330369999999998,-0.9749262000000002,2.898763,1.299734,2.426811,2.081651,0.2891371,1.4182445,2.850771e-05,7.0220058e-06,7.6670622e-06,9.9023651e-06,1.7805454000000002e-05,2.0014179999999994e-05,2.9145793000000002e-05,5.805150000000001e-05,1.0119113,0.1905992,0.00041418970000000005,86.38768999999999,70.0068,7.987762e-05,6.440144000000001,0.0218458,26.128120000000003,0.00268509618,0.000245153167,0.043186409999999995,88.59073000000001,0.00268509618,0.000245153167,0.007250907000000001,56.899376999999994,0.00268509618,0.000245153167,0.003722698,56.976127,0.00268509618,0.000245153167,0.005671545,2.971088e-05,5.215391e-05,0.12273312600000001,135.13863499999997,0.08214447,0.0012426540000000006,5.434500000000004e-05,2.6849539e-05,0.00027545514
73,1606779600,4.875734,4.875755,-0.0033214597699999992,-1.0262473,3.8996690000000003,1.7799280000000004,3.117922,2.699596,0.391200914,3.1240870999999997,2.9757300000000004e-05,9.082429699999999e-06,9.3399513e-06,1.1860373599999998e-05,2.0123875e-05,2.4799280000000004e-05,3.7637582000000004e-05,7.9441058e-05,2.2925404,0.14459669999999997,0.0005216742,78.42963999999999,59.62917000000001,0.00016206187999999997,6.219844,0.030691009999999998,50.90128,0.00303180998,0.00027682245299999995,0.06167400000000001,199.56795,0.00303180998,0.00027682245299999995,0.007966955000000001,72.10658,0.00303180998,0.00027682245299999995,0.004549575,71.815067,0.00303180998,0.00027682245299999995,0.005556543000000001,2.6541998000000002e-05,4.9063699999999996e-05,0.10598571999999999,150.2751979,0.0811191,0.0014922615,-7.733200000000013e-05,2.7603966000000002e-05,0.00028150672
73,1606780200,5.151685,5.151707,0.0010992279,-1.1622732,4.2234549999999995,2.0037390000000004,3.326351,2.8134870000000003,0.6544398100000002,3.22,2.9030819999999998e-05,7.34975e-06,7.77518e-06,1.0479213000000002e-05,1.6635196e-05,2.2714951999999997e-05,3.787067e-05,8.488767e-05,2.3407430000000002,0.234293,0.0006068899,83.05143000000001,59.18212,0.00017106544,6.461723999999999,0.03373602,53.95188,0.0057975907699999996,0.000530264252,0.06779736,204.5186,0.0057975907699999996,0.000530264252,0.008981343,121.11744299999998,0.0057975907699999996,0.000530264252,0.005708326,122.412572,0.0057975907699999996,0.000530264252,0.005284439,2.3809139999999998e-05,4.684408e-05,-0.220600937,248.71895,0.11419412999999998,0.0002503274,-0.0012521345,4.3678958999999994e-05,0.00046324384
73,1606780800,9.060421999999999,9.06044,0.0034041742,-1.2679690999999997,5.0518529999999995,2.456693,4.295907,3.7502269999999998,0.48266627,4.087222,3.002903e-05,1.01695154e-05,1.08058775e-05,1.4705616999999998e-05,2.6814401999999997e-05,3.7504488e-05,5.9868691999999996e-05,0.00013098765,4.00257,0.5263909999999999,0.0009479019,91.12929,66.41921,0.00030101148,6.330947,0.040865109999999996,95.40008,0.015462439319999998,0.0014163911500000002,0.08197185,350.38008,0.015462439319999998,0.0014163911500000002,0.010398300000000001,289.38561,0.015462439319999998,0.0014163911500000002,0.007182537,295.210283,0.015462439319999998,0.0014163911500000002,0.006170626,4.197712e-05,6.454007e-05,0.03554218,40.84186389999999,0.08246839000000002,0.0044682737,0.0019116564,1.8909478e-05,0.00018147986
73,1606781400,10.617333999999998,10.617362000000002,-0.0002602829500000001,-1.0017007,5.998533,2.7777380000000003,5.3265519999999995,4.524926000000001,0.46232093999999996,4.5866370000000005,3.561023e-05,1.4780159999999998e-05,1.5140179999999998e-05,1.9557741e-05,3.0345744999999996e-05,4.0503422e-05,6.267987000000001e-05,0.00013364291,4.159287000000001,1.1480493,0.0009998021,90.66829,74.60859,0.00035253629999999997,6.156927,0.047832040000000006,113.26336,0.024365458,0.00223180073,0.09081153,366.4084,0.024365458,0.00223180073,0.012945871000000001,451.16250999999994,0.024365458,0.00223180073,0.009944532,461.72358,0.024365458,0.00223180073,0.006307864000000001,4.9977149999999996e-05,7.32273e-05,0.47480043,108.36916500000002,0.13381541000000002,0.004690761,0.0019438917,4.9355056999999993e-05,0.00050232255
73,1606782000,12.180532,12.180547,-0.00020197700000000005,-0.9082369,6.390046,2.8972869999999995,5.589245999999999,4.806259,0.52708094,5.7206969999999995,3.170079e-05,1.0683203000000001e-05,1.1092585e-05,1.4559787999999998e-05,2.3607931000000003e-05,3.0847656999999995e-05,5.1809780000000005e-05,0.00011645279999999999,4.526352,1.5627236999999998,0.0009186207,94.63973999999999,80.93369000000001,0.00040463399999999996,6.187721,0.05078948,130.2226,0.03455976300000001,0.0031661839,0.09352570000000002,400.10400000000004,0.03455976300000001,0.0031661839,0.0143348,622.563,0.03455976300000001,0.0031661839,0.011418926000000001,638.0519999999999,0.03455976300000001,0.0031661839,0.006006645,4.2167429999999994e-05,6.541713000000001e-05,-0.14262449000000002,151.275565,0.14060434,0.0038954080000000004,0.0010137847,4.5596896999999996e-05,0.0004763617100000001
73,1606782600,9.410332999999998,9.410363,-6.989079999999996e-05,-1.0442787,5.727212,2.634458,5.0191159999999995,4.2768180000000005,0.15345074,3.988586,3.28749e-05,1.1151396e-05,1.1792043e-05,1.5244790999999999e-05,2.3819964e-05,3.1611204000000004e-05,4.817133999999999e-05,9.88749e-05,2.954749,1.7491770000000002,0.0009906415,101.19111000000001,87.45914000000002,0.0003124217,6.282204,0.04639645,100.15218999999999,0.022988026899999996,0.00210574635,0.07904056000000001,259.10800000000006,0.022988026899999996,0.00210574635,0.011996294000000001,420.7102699999999,0.022988026899999996,0.00210574635,0.009120465,430.58439,0.022988026899999996,0.00210574635,0.006248503000000001,4.022493e-05,6.360039000000001e-05,0.059526964,32.223563999999996,0.06607628000000002,0.004523717,0.0019101246000000002,1.3991902000000001e-05,0.00012216025
73,1606783200,11.350032,11.350045000000001,-0.0023249279999999995,-1.312329,5.586844000000001,3.006717,5.020801999999999,4.662592000000001,0.22299621000000003,4.8438870000000005,3.60474e-05,1.5331240000000003e-05,1.6209889999999998e-05,2.1056526000000002e-05,3.2576974e-05,4.3394169999999997e-05,7.012042e-05,0.00014903707,3.8997080000000004,1.7737690000000002,0.0011784677000000001,95.40697,81.69833000000001,0.0003766963,6.340744000000001,0.05268815,119.95505999999997,0.02175720063,0.00199304638,0.09056203,340.9618,0.02175720063,0.00199304638,0.011884799,392.85666499999996,0.02175720063,0.00199304638,0.008942167,401.979534,0.02175720063,0.00199304638,0.006312960000000001,4.336474e-05,6.665279999999999e-05,0.084250132,60.601712,0.08114836,0.004828878,0.0022210172,2.2275389000000004e-05,0.00021295167
73,1606783800,12.85144,12.85144,2.0474700000000036e-05,-1.0822892,6.58719,3.142632,5.910145,5.047841,0.12179777,5.282953000000001,4.775823e-05,2.7058689e-05,2.8305903000000004e-05,3.4009831999999995e-05,4.6321082e-05,6.060331e-05,9.662514000000001e-05,0.00019157398,4.5695179999999995,1.854466,0.0012229202999999998,94.36493,78.92391,0.0004264891,6.310676,0.05234438,136.0338,0.019545212,0.00178980963,0.09889257,402.21180000000004,0.019545212,0.00178980963,0.013304136999999999,409.8591,0.019545212,0.00178980963,0.010408691000000001,416.52970000000005,0.019545212,0.00178980963,0.006050733000000001,3.626997e-05,5.9830620000000004e-05,0.0019124099000000006,48.133172,0.06661203,0.004228273,0.0013892617,1.7559904999999998e-05,0.00016535937999999999
73,1606784400,19.20989,19.209920000000004,0.00045044240000000014,-1.0770514000000002,7.592668000000001,3.7294539999999996,6.927473999999999,6.007346,0.44004437999999996,8.007681,5.363970000000001e-05,3.5091694e-05,3.5593455e-05,4.2525541000000004e-05,6.328892999999999e-05,7.816034600000001e-05,0.00011913953000000001,0.00025115069,8.002911,1.600073,0.001302194,89.08491,71.84549000000001,0.0006383149999999999,6.068211,0.06285747,201.37769999999998,0.022583451600000002,0.0020676712700000003,0.12468526999999999,700.582,0.022583451600000002,0.0020676712700000003,0.013709386999999998,433.49039000000005,0.022583451600000002,0.0020676712700000003,0.010487605,441.0763,0.022583451600000002,0.0020676712700000003,0.006877501999999999,5.4624649999999995e-05,7.819181000000001e-05,-0.02423126857,17.0285254,0.05635297,0.006740088000000001,0.003567415,2.0290979e-05,0.00019289303
73,1606785000,12.855564000000001,12.855569,-0.0048856712,-1.0364014999999998,6.543499999999999,3.021696,5.667623000000001,4.941077,0.5879249900000001,5.699081,5.2582360000000004e-05,3.2223567e-05,3.4271475000000004e-05,4.1205374000000006e-05,5.820068e-05,7.33542e-05,0.00011143770999999999,0.00020545379999999997,4.895781999999999,1.5301490000000002,0.001265169,91.11126,75.80715000000001,0.00042692520000000005,6.414973000000001,0.05399577,135.3099,0.015759853600000002,0.00144276222,0.09972706,426.81149999999997,0.015759853600000002,0.00144276222,0.012600408000000002,314.2827,0.015759853600000002,0.00144276222,0.009586776000000002,319.56449999999995,0.015759853600000002,0.00144276222,0.007103506,6.040377e-05,8.396364000000001e-05,0.01689499,13.617653800000003,0.07587181000000001,0.0073063139999999995,0.003933038999999999,1.6055668000000002e-05,0.00014401224
73,1606785600,11.479166999999999,11.479189,0.002193653,-0.9564361700000001,6.402346,2.931834,5.65671,4.6578669999999995,0.37646054999999995,5.0153170000000005,3.302381e-05,1.2689874e-05,1.4128916000000002e-05,1.9131215000000002e-05,3.0347762000000004e-05,4.5213240000000006e-05,7.831126000000001e-05,0.00015528050999999999,4.036932999999999,1.7007569999999999,0.0015235420000000001,95.61717000000002,80.52217,0.00038094599999999995,6.485944999999999,0.04914379,121.88590000000002,0.025723299439999996,0.002356510424,0.09064003000000001,353.28900000000004,0.025723299439999996,0.002356510424,0.012480353999999999,477.3586020000001,0.025723299439999996,0.002356510424,0.009627084,488.12554600000004,0.025723299439999996,0.002356510424,0.006801406,5.8352960000000006e-05,8.166204000000001e-05,0.0042177199999999995,42.746945,0.08202672,0.006567222,0.0032554159999999997,3.5079873e-05,0.00033680113000000004
73,1606786200,22.970689999999998,22.97071,0.001273869,-1.1451745999999998,8.517900000000001,4.18032,7.461114,6.6760660000000005,0.70050982,11.057509,7.122372e-05,5.505887399999999e-05,5.689202899999999e-05,7.0376491e-05,0.00010150598000000001,0.00013989025000000002,0.00020989139000000004,0.00042234989,10.220362,1.2619325,0.0019562251000000003,81.03538,63.03314,0.0007631342,6.369089,0.06899468,238.7618,0.0263327101,0.00241083065,0.143614,890.3722,0.0263327101,0.00241083065,0.015988272,553.4719699999999,0.0263327101,0.00241083065,0.012648653999999999,561.24944,0.0263327101,0.00241083065,0.007836543,7.743925999999999e-05,0.00010122999,0.018048996,5.8338583,0.06339533,0.009167063,0.005499743,1.6368492e-05,0.00014117535000000001
73,1606786800,14.593249999999998,14.593259999999997,0.0020756044999999997,-1.104315,6.929575,3.374802,6.237679,5.460279000000001,0.18158723999999998,6.0525530000000005,3.915587000000001e-05,1.9357748e-05,2.3678441000000002e-05,2.7435817000000002e-05,4.468925e-05,7.041138000000001e-05,9.97006e-05,0.0002140335,6.108253,1.1863489999999999,0.0014995680000000002,85.01212,66.36655,0.0004846596,6.390851,0.05579428000000001,154.19249999999997,0.028588431000000004,0.0026184116000000004,0.1141636,536.6920999999999,0.028588431000000004,0.0026184116000000004,0.015155532999999999,552.88886,0.028588431000000004,0.0026184116000000004,0.012140421,564.634,0.028588431000000004,0.0026184116000000004,0.007783532000000001,7.633750999999999e-05,0.00010010590000000001,-0.01263969,7.878543000000002,0.06894975,0.008731767999999999,0.005456436,2.4339802e-05,0.00024125689
73,1606787400,18.253970000000002,18.253980000000002,-0.0008085205000000001,-1.1500007,7.3159849999999995,3.682082,6.585313000000001,5.8246780000000005,0.6196506,8.056441,4.5226179999999996e-05,2.7039855000000002e-05,3.1751419e-05,3.3531865e-05,5.2454659999999995e-05,7.292177e-05,0.00010599847000000002,0.00022021684000000003,8.134401999999998,0.9907086999999999,0.0012987854000000001,83.85634,63.552350000000004,0.0006066623999999999,6.129997999999999,0.0635606,193.54969999999997,0.029291909499999998,0.0026827610399999995,0.12751169,715.6088000000001,0.029291909499999998,0.0026827610399999995,0.014677132999999998,546.52511,0.029291909499999998,0.0026827610399999995,0.011378399,558.50944,0.029291909499999998,0.0026827610399999995,0.007876657999999998,8.383317000000001e-05,0.00010730994,-0.073256367,30.288118100000002,0.10857048999999999,0.008928626,0.005662344000000001,2.9524544e-05,0.00028616821
73,1606788000,10.17511,10.175128,-0.0024200159999999997,-1.0460555999999999,5.656711,2.604599,4.864422,4.226079,0.45726893999999996,4.591793,4.666926e-05,3.8443230999999996e-05,0.000131724882,0.000166265321,0.000125397078,0.00016381471999999997,0.00015200042,0.00022652569,3.9940480000000003,1.0906091,0.0018671155,90.97124,80.41454000000002,0.0003377122,6.686332999999999,0.049767149999999996,126.24752000000004,0.015565164880000001,0.001425210478,0.08469702999999999,357.89259999999996,0.015565164880000001,0.001425210478,0.011339459,296.67391000000003,0.015565164880000001,0.001425210478,0.00910158,303.5224,0.015565164880000001,0.001425210478,0.016943600000000003,0.0008215351200000001,0.0008450485600000002,-0.03169916900000001,20.9861637,0.10489193,0.027340142,0.019669295000000003,0.00014370360799999997,0.00091084363
73,1606788600,6.7849829999999995,6.785003999999999,0.0057416130000000004,-0.8600194,5.008991,2.199623,4.508537,3.754464,0.058501729999999995,2.795237,3.6790509999999993e-05,1.5986743999999998e-05,1.9500843e-05,2.5336773e-05,3.3340362000000006e-05,5.72079e-05,6.937737000000001e-05,0.00012720298000000002,2.244635,1.1465830000000001,0.0009090179,92.18799,83.90925999999999,0.00022510490000000001,6.419607999999999,0.0378533,73.81699,0.01106485071,0.001013327442,0.06927765,197.8734,0.01106485071,0.001013327442,0.009844611,213.36305000000002,0.01106485071,0.001013327442,0.0070195430000000005,217.28704000000008,0.01106485071,0.001013327442,0.006964713,7.509511e-05,9.817545e-05,-0.015387654,20.639273600000003,0.06380026999999999,0.006110385,0.0033445959999999996,4.9669496e-05,0.00032739600000000003
73,1606789200,7.360289,7.360311,0.001623111,-0.8601711,5.212621,2.2735789999999994,4.643729,3.9322950000000008,0.10769915,3.069229,2.9025770000000007e-05,8.03277e-06,1.1987658000000002e-05,1.5593665e-05,2.0686161000000002e-05,3.870153e-05,5.072807e-05,9.071998999999998e-05,2.5644610000000005,1.1145330000000002,0.0009066872000000001,94.57535,80.68597,0.00024433530000000003,6.336982,0.039864720000000006,79.92314,0.0070616287,0.000646135681,0.07369731,224.6388,0.0070616287,0.000646135681,0.009909483,172.54129899999998,0.0070616287,0.000646135681,0.007013125,173.640579,0.0070616287,0.000646135681,0.007009301,7.816128999999999e-05,0.00010122926,-0.07729822,47.516302,0.09001960000000002,0.006460344,0.003389338,6.0321241999999996e-05,0.00043190445999999994
73,1606789800,12.851287,12.851301000000001,-0.0010903709000000003,-1.363699,6.0120320000000005,3.2268529999999997,5.362775999999999,4.62993,0.3226693,5.695171,4.2057240000000004e-05,2.1501499e-05,2.2868615e-05,2.8128494e-05,4.5181339999999997e-05,6.09444e-05,8.463784e-05,0.00016988572,5.111206,1.312918,0.0010615226999999999,92.74267,71.31578,0.00042668260000000005,6.31883,0.05560264,136.20601,0.025347627499999997,0.00232180343,0.10337618,448.1815,0.025347627499999997,0.00232180343,0.013224851,467.0177299999999,0.025347627499999997,0.00232180343,0.010226088999999999,477.36628999999994,0.025347627499999997,0.00232180343,0.007296052999999999,6.541940999999999e-05,8.872837000000001e-05,-0.076687153,20.89508267,0.08297188000000001,0.0076076270000000005,0.004630111,2.4318814e-05,0.00023136590000000001
73,1606790400,18.00296,18.002969999999998,-0.005006643999999999,-1.5767479999999998,6.698005,3.894366,5.829028,5.222409000000001,0.76997284,8.4048,3.701021e-05,1.8323914e-05,1.7973374000000002e-05,2.4433335e-05,4.664108000000001e-05,6.232257e-05,9.158155999999999e-05,0.00020907477000000002,7.647875000000001,1.3508181999999997,0.0022935624,90.35763999999999,66.63714999999999,0.0005979591,6.205751,0.06576107,190.1373,0.0201608498,0.00184612049,0.1248634,671.2592000000001,0.0201608498,0.00184612049,0.013729385,439.5718,0.0201608498,0.00184612049,0.010483075,445.14678000000004,0.0201608498,0.00184612049,0.007848814999999999,7.818754999999999e-05,0.00010162792,0.064507974,10.8467109,0.08267317,0.008960994,0.005706309,2.1435137999999998e-05,0.00020970365000000003
73,1606791000,14.90198,14.90201,-0.014364580000000002,-1.5844179999999999,5.695148,3.566776,5.206283000000001,4.997815,0.35903785,6.307595999999999,4.983194e-05,3.1476016e-05,3.2518771e-05,4.0360825e-05,5.950141e-05,8.253774e-05,0.00012003007999999999,0.00024126554999999997,6.021675999999999,1.424868,0.003816569,89.59492,69.45149,0.0004947177,6.502055,0.06074777,156.5127,0.034303659740000006,0.0031425802529999997,0.11238757000000002,525.7115,0.034303659740000006,0.0031425802529999997,0.013816680000000001,592.0705099999999,0.034303659740000006,0.0031425802529999997,0.010761947999999999,607.5225100000001,0.034303659740000006,0.0031425802529999997,0.00740604,6.716465000000001e-05,9.059924000000001e-05,-0.079143226,17.272814,0.06524923999999999,0.007883416,0.004853386000000001,2.1891691e-05,0.00020994852000000004
73,1606791600,16.127689999999998,16.12771,-0.006515556059999999,-1.526221,6.347369,3.7057269999999995,5.5494959999999995,5.18157,0.054913159999999996,6.513321,4.113227999999999e-05,2.1774886999999998e-05,2.2134561e-05,2.7550740999999996e-05,4.4557838e-05,6.075996999999999e-05,9.229418e-05,0.00019238924000000002,6.744954,1.3148707000000002,0.003541308,88.66826,66.38430000000001,0.0005357429,6.3220350000000005,0.06417063,170.90200000000002,0.010535936799999998,0.0009635821600000002,0.1202905,593.5182000000001,0.010535936799999998,0.0009635821600000002,0.012521388999999999,270.41846,0.010535936799999998,0.0009635821600000002,0.009286472,270.94715,0.010535936799999998,0.0009635821600000002,0.007061664999999999,5.8855400000000006e-05,8.264298999999999e-05,0.05877314,19.5195362,0.08274273,0.007009559,0.004031934,2.6799738999999997e-05,0.00027929956000000004
73,1606792200,20.82661,20.82663,-0.013196515,-1.623993,6.744244,4.195247,6.175839000000001,5.591046,0.80246551,9.024563,4.988998000000001e-05,3.2019109000000004e-05,3.1964114000000006e-05,3.9297021999999993e-05,6.3235435e-05,8.446315000000002e-05,0.00012736339,0.00025645312000000003,9.138611,1.2699048,0.0041257789999999996,87.69017999999998,64.17562000000001,0.0006921334000000001,5.958238000000001,0.07146174999999999,220.48600000000002,0.012814446999999998,0.00117225448,0.1362525,805.7412999999999,0.012814446999999998,0.00117225448,0.012747722,314.37065,0.012814446999999998,0.00117225448,0.009342591,315.37732,0.012814446999999998,0.00117225448,0.0075532329999999995,6.879235e-05,9.257281000000001e-05,0.015721321,4.669918000000001,0.06305746999999999,0.008338189999999999,0.005131042,1.2646987e-05,0.00011230543000000002
73,1606792800,15.401281,15.401303000000002,-0.017519399999999997,-1.4603487,6.0629599999999995,3.5892809999999997,5.510906,5.044917,0.12840426,6.565428,5.5350849999999995e-05,3.5734170000000006e-05,3.8430715e-05,4.8224054e-05,7.359345e-05,9.653126999999999e-05,0.00013883407,0.0002778947800000001,6.275774,1.4199143000000003,0.004209159,85.71796,69.16724000000002,0.0005113277,6.445872,0.06167138999999999,163.49056000000002,0.038701580799999996,0.00354546747,0.11497603,549.7810000000001,0.038701580799999996,0.00354546747,0.014185791,642.65693,0.038701580799999996,0.00354546747,0.011120573,661.53765,0.038701580799999996,0.00354546747,0.007836237999999999,7.753200000000002e-05,0.00010134439999999998,-0.04480559000000001,23.6536883,0.07399277000000001,0.008705892,0.005646751,2.3521403000000003e-05,0.0002082258
73,1606793400,9.988714,9.988733999999997,-0.0199932764,-1.2400201999999998,5.3707259999999994,2.7970509999999997,4.813122,4.191953,0.15762363000000001,4.156593,4.02954e-05,1.9703727e-05,2.1706633000000003e-05,2.9544826e-05,4.925478e-05,6.219124999999999e-05,9.749341e-05,0.00018770947,3.830253,1.1597142,0.0039030319000000003,85.48159000000001,74.33666,0.0003314482,6.580732,0.04837965000000001,106.57245,0.0142422418,0.0013041169379999999,0.08899300000000002,333.94620000000003,0.0142422418,0.0013041169379999999,0.010777634,281.14813499999997,0.0142422418,0.0013041169379999999,0.007786011000000001,286.58645800000005,0.0142422418,0.0013041169379999999,0.007737298000000002,7.464894e-05,9.818680999999999e-05,-0.0064006273,14.475848899999999,0.07774699,0.008442798000000001,0.005500447,2.9155479e-05,0.00029475354000000004
73,1606794000,8.624238,8.624261,0.003807514,-1.088709,5.428554,2.575347,4.8559849999999996,4.142601000000001,0.04512178,3.517624,2.815049e-05,7.200796999999999e-06,8.921842000000001e-06,1.5643991000000003e-05,3.0738199999999997e-05,4.032633e-05,5.454899e-05,0.00011691754,3.067863,1.2427540000000001,0.001222121,93.90257,78.93291,0.00028612,6.5130110000000005,0.04284582,92.70703,0.0178391833,0.001633797512,0.08096415,269.4909,0.0178391833,0.001633797512,0.01122981,310.145403,0.0178391833,0.001633797512,0.008410342,318.040806,0.0178391833,0.001633797512,0.008095317000000001,8.064398e-05,0.00010376637000000001,-0.0008820295000000004,0.6041405,0.039325910000000006,0.009470178,0.006319975,1.2014146e-05,8.384762e-05
73,1606794600,12.681610000000001,12.681629000000001,0.0010597993,-1.0180034999999998,6.445734,2.9931659999999995,5.326212,4.627379,0.49328833000000005,6.291669,4.741862e-05,2.8051807e-05,3.0454794999999995e-05,3.968395e-05,6.152316e-05,6.836576e-05,0.00010917959000000001,0.00021686220000000003,5.274948,1.0641358000000003,0.0011421793000000002,84.83592000000002,74.69776,0.0004211922,6.524573000000001,0.050135700000000005,134.72957000000002,0.013519700800000001,0.0012373982800000002,0.09615776,459.22436,0.013519700800000001,0.0012373982800000002,0.011573142000000002,276.46164,0.013519700800000001,0.0012373982800000002,0.008410211,280.47984,0.013519700800000001,0.0012373982800000002,0.007775487999999999,8.118237000000001e-05,0.00010450511999999998,0.04548431,34.9219313,0.09669859,0.008414019999999998,0.005429943999999999,3.969566999999999e-05,0.00038676199999999997
73,1606795200,14.047593,14.047625,0.0006307413000000002,-1.3660430000000001,5.955031,3.270867999999999,5.294561,4.834121999999999,0.55155339,6.30979,4.3165780000000005e-05,2.3624753e-05,2.4501622000000003e-05,3.249278e-05,5.2512420000000004e-05,6.4214972e-05,0.00010567323,0.00022987065000000002,6.4602450000000005,0.5617162,0.0012817367,81.45974000000001,62.92326000000001,0.00046690279999999994,6.404456999999999,0.054866780000000004,142.50868,0.0232584729,0.00212976138,0.11061474,555.6771000000001,0.0232584729,0.00212976138,0.013648389,420.89576000000005,0.0232584729,0.00212976138,0.010463097000000001,431.05747,0.0232584729,0.00212976138,0.006903812,5.9309960000000004e-05,8.27951e-05,-0.009119464899999999,58.99157230000001,0.08747876,0.00642026,0.0037598709999999993,2.7540868000000005e-05,0.00024113291000000002
73,1606795800,7.204821,7.204849000000001,-0.00433366406,-1.3697782,4.469799999999999,2.298227,3.828154,3.294251,0.45942811,3.7007959999999995,3.371872e-05,1.2862756000000001e-05,1.3268123999999998e-05,1.7602957e-05,2.817226e-05,3.5835956999999996e-05,5.9991410000000004e-05,0.00012303032999999998,3.4132219999999998,0.1881521,0.0007323824,77.70925000000001,57.62056,0.00023938509999999998,6.407432,0.040007150000000005,76.06800999999999,0.006820544199999999,0.000623663202,0.08035632000000001,299.31260000000003,0.006820544199999999,0.000623663202,0.009603567,143.241781,0.006820544199999999,0.000623663202,0.006351876000000001,144.95607900000002,0.006820544199999999,0.000623663202,0.006075558,3.848407e-05,6.180755e-05,-0.0347323043,76.2374159,0.08373314999999999,0.0035487670000000004,0.00135737078,2.4958466000000002e-05,0.00024605347
73,1606796400,4.495005,4.495028,-0.0008738256600000001,-1.656406,3.248574,1.956455,2.872062,2.5709290000000005,0.11797176000000001,1.8940630000000003,2.652412e-05,5.3396460000000005e-06,5.6114440000000005e-06,7.906394999999999e-06,1.3018174000000002e-05,1.8683584e-05,3.380608e-05,6.562896e-05,2.0320569999999996,0.2147612,0.0005272791,84.45172000000001,60.225649999999995,0.0001493423,6.310778000000001,0.033436919999999995,48.308,0.0045187628,0.000413124253,0.0650659,178.1486,0.0045187628,0.000413124253,0.008107145,96.70194599999999,0.0045187628,0.000413124253,0.004917051,97.34673899999999,0.0045187628,0.000413124253,0.005661088999999999,3.0721619999999995e-05,5.367394e-05,0.14766448199999999,87.70078000000001,0.07498313,0.002070367,-2.686616e-05,2.9302897e-05,0.00028916026000000005
73,1606797000,15.609390000000001,15.609402999999997,-0.0091363908,-1.459961,5.821341,3.3325739999999997,5.220347,4.777234,0.81835896,7.4770080000000005,4.110606e-05,2.3693012e-05,2.4707113000000005e-05,3.4417695999999996e-05,5.800868999999999e-05,7.701114000000001e-05,0.00013329106,0.00028513189999999997,7.399354,0.39867949999999996,0.0060032913,78.28343999999998,57.40697,0.0005184125,6.567400999999999,0.05783389,163.33189,0.02407454354,0.002204466946,0.11598352999999999,646.8764,0.02407454354,0.002204466946,0.012861867999999999,455.725598,0.02407454354,0.002204466946,0.009482507999999999,464.93808900000005,0.02407454354,0.002204466946,0.007087467,6.613735e-05,8.896805e-05,0.09424012,43.155412999999996,0.12855509999999998,0.006624519999999999,0.00397178874,4.148035e-05,0.00044346009000000003
73,1606797600,17.55677,17.556800000000003,-0.0006692900000000002,-1.5827340000000003,6.341069,3.87887,5.7292749999999995,5.4314029999999995,0.36278087000000003,7.6665790000000005,5.9184540000000005e-05,4.1010774e-05,4.2630249000000005e-05,5.444754199999999e-05,7.600509000000001e-05,9.720766999999999e-05,0.00014209283999999997,0.00028116478999999997,7.478889,1.2935155,0.0052115270000000005,86.04494,65.0207,0.0005832013,6.161554000000001,0.06686101,184.4082,0.0165359698,0.00151344883,0.1260402,654.1805,0.0165359698,0.00151344883,0.012831540999999998,335.20761000000005,0.0165359698,0.00151344883,0.009556516,340.57774,0.0165359698,0.00151344883,0.007923196,7.810313e-05,0.00010175002999999998,-0.024962949999999998,7.3538146000000015,0.06869558,0.009037641,0.005868719999999999,1.7430302e-05,0.00016119396
73,1606798200,13.918686,13.918693,0.01351387,-1.1834643999999999,6.506862,3.2398030000000007,5.871141,5.075892,0.49627559000000004,5.932079,4.448481999999999e-05,2.4262458999999998e-05,2.5046383999999997e-05,3.5735384000000006e-05,4.8794940000000006e-05,6.572139999999999e-05,9.565864999999999e-05,0.00019922857000000002,5.8500521999999995,1.1046451999999998,0.004127287999999999,87.3769,69.02580999999999,0.00046233679999999993,6.466006,0.05833503000000001,146.02651,0.016335433700000002,0.001495375061,0.10788107,509.21869,0.016335433700000002,0.001495375061,0.011439253,280.95753,0.016335433700000002,0.001495375061,0.008260802000000001,287.72196599999995,0.016335433700000002,0.001495375061,0.007482743,7.105417e-05,9.471273e-05,-0.023963584,12.821365499999999,0.07625668000000001,0.007918132999999999,0.0048935359999999995,2.8736098e-05,0.0002641713
73,1606798800,13.67457,13.674579999999997,0.004557440000000001,-1.574219,5.638333,3.364148,5.109981,4.662405,0.49881431000000004,5.836077,4.3071889999999996e-05,2.3926748e-05,2.46531991e-05,3.5011289e-05,4.831472e-05,6.529607e-05,9.245093e-05,0.00018877478000000003,6.021723,0.8102275999999999,0.004837829,85.75757,63.838980000000014,0.0004544964,6.270646999999999,0.058657919999999995,144.28040000000001,0.027315441099999997,0.0025023148,0.11035918,529.2029,0.027315441099999997,0.0025023148,0.013117635999999998,464.65735299999994,0.027315441099999997,0.0025023148,0.009961776,477.43451100000004,0.027315441099999997,0.0025023148,0.007634035,7.018988e-05,9.365716e-05,-0.027728971,4.1432372,0.056043409999999995,0.008346747,0.005489174000000001,1.668113e-05,0.00015472032
73,1606799400,16.618330000000004,16.618360000000003,-0.0075524960000000006,-1.640618,6.025383,3.8181729999999994,5.436804,5.24986,0.038438860000000005,6.688398000000001,4.442362000000001e-05,2.5246880999999995e-05,2.7358428000000002e-05,4.255994e-05,6.0559299999999995e-05,8.700263e-05,0.00014021763999999998,0.00030249429999999993,6.634416999999999,1.6699439999999999,0.004099047,86.61362,70.19628,0.0005512919,6.650211999999999,0.06462659,174.27169999999998,0.02259537792,0.0020692590320000002,0.11871880000000001,578.4805,0.02259537792,0.0020692590320000002,0.012593298,394.28358000000003,0.02259537792,0.0020692590320000002,0.009519222,404.49446,0.02259537792,0.0020692590320000002,0.007995573,7.728126e-05,0.00010126475000000001,0.018844719,1.9429514,0.049180629999999996,0.00925788,0.0060944929999999994,1.3616458999999999e-05,0.00012933591
73,1606800000,13.797692999999999,13.797708000000004,-0.0016630719999999998,-1.4240768000000001,5.950418,3.358809,5.312936,4.817358999999999,0.4771254400000001,6.143413000000001,5.9981969999999994e-05,4.0831089999999995e-05,4.4853526e-05,5.790677000000001e-05,7.16239e-05,9.531956999999999e-05,0.00013575197,0.00024794760999999994,5.535216,1.3616168,0.0012820061999999999,90.65496,70.48183000000002,0.0004580274,6.559862,0.058507569999999995,145.93418000000003,0.0346030447,0.00316988614,0.10721463999999999,483.8365,0.0346030447,0.00316988614,0.013982575,591.1928700000001,0.0346030447,0.00316988614,0.010923466,607.2014099999999,0.0346030447,0.00316988614,0.007922802,9.434634e-05,0.00011799619000000001,0.04148534899999999,25.121489599999997,0.1028602,0.008630825,0.0055289879999999994,6.1853403e-05,0.0005034986
73,1606800600,10.075134,10.075149999999999,-0.005910764,-1.2000832,5.703586,2.786584,4.921987000000001,4.374547000000001,0.32635274000000003,4.967891,4.1146020000000004e-05,2.0982471000000005e-05,2.2790494e-05,3.2665568999999996e-05,5.002234e-05,6.81398e-05,9.754005000000001e-05,0.00019773387,4.336079,0.6996802,0.0012940278000000002,85.73928000000001,64.65451,0.0003344882,6.531423000000001,0.050134040000000005,106.04368,0.0162796219,0.00149051378,0.09500131,376.5712,0.0162796219,0.00149051378,0.011463121,298.475331,0.0162796219,0.00149051378,0.008355313,305.11750199999994,0.0162796219,0.00149051378,0.007844162000000002,7.447258e-05,9.804461999999999e-05,-0.00854787,4.520131749999999,0.06103727,0.008891291999999999,0.005904571,1.4086948000000002e-05,0.0001334649
73,1606801200,11.877534,11.877549,-0.00528378478,-1.2166328,6.040159,3.02285,5.129519,4.457798,1.00114432,6.586195000000001,7.434191000000001e-05,5.564466e-05,5.9903332999999996e-05,7.3419011e-05,0.00010350144999999999,0.0001287434,0.00018392611999999998,0.00033857152,5.283783,0.6525914,0.0013953775,79.71266,62.81318,0.0003942175,6.496824000000001,0.05317238,124.87836,0.021841508699999998,0.00200023858,0.10116842,459.05819999999994,0.021841508699999998,0.00200023858,0.011805330999999999,376.120079,0.021841508699999998,0.00200023858,0.008612274999999999,386.28797399999996,0.021841508699999998,0.00200023858,0.008512884000000002,0.00010076126,0.00012418030000000001,0.09022309710000001,29.37758016,0.12016146000000001,0.010494501,0.007093156000000001,4.620281e-05,0.00045677799
73,1606801800,11.842892,11.842931000000002,-0.0027797352000000003,-1.2106185999999999,6.231078,3.0440940000000003,5.288036,4.721393,0.40223981000000003,5.203395,4.63263e-05,2.6507006e-05,3.0014007999999996e-05,4.0940692e-05,6.384569e-05,7.619379999999998e-05,0.00010370025999999999,0.00019953038,4.789282,1.1297177,0.0018840571,89.68641,68.89196,0.0003931958,6.525577,0.05240303,128.01181,0.021781154,0.0019947239,0.10016602,419.07370000000003,0.021781154,0.0019947239,0.012926461,411.14979999999997,0.021781154,0.0019947239,0.009914041,419.5383,0.021781154,0.0019947239,0.009161515,0.00012213409,0.0001458659,0.014676509999999999,15.62421822,0.11962712,0.011702979999999998,0.008033666,5.349339999999999e-05,0.00045693565999999997
73,1606802400,14.70539,14.70541,-0.019041239999999997,-1.4873809999999998,6.0825,3.536416,5.519906000000001,4.967439000000001,0.14729815000000002,6.019091,4.087493e-05,2.4335837e-05,3.7571773e-05,5.360018699999999e-05,6.626750999999999e-05,7.627023e-05,0.00010733609999999998,0.00020052670000000002,6.031235000000001,1.3156401,0.005234849999999999,90.76809,67.98458,0.00048825219999999996,6.4179330000000006,0.06044987,159.7464,0.041023586,0.00375841468,0.11361410000000001,530.8959000000001,0.041023586,0.00375841468,0.014838083999999998,693.9276000000001,0.041023586,0.00375841468,0.012029226,713.6234999999999,0.041023586,0.00375841468,0.009876026999999999,0.00022039598999999997,0.00024413424999999997,0.011563361999999999,1.1871509900000001,0.059485460000000004,0.016575677,0.008962191999999999,9.216643999999999e-05,0.00034779093
73,1606803000,19.5768,19.576839999999997,-0.003971768,-1.5681317000000001,6.787032999999999,4.028727,5.825280000000001,5.515219999999999,0.35799251,8.710083000000001,4.6406669999999995e-05,2.8379034999999996e-05,2.8495696999999997e-05,3.8939923e-05,5.697675e-05,6.6573518e-05,0.00010964525000000002,0.00023335467999999995,8.641539,1.1419768,0.004301602000000001,84.44283999999999,63.50607000000001,0.0006506276000000001,6.286272,0.06892822000000001,202.33530000000002,0.0164303222,0.0015037076000000002,0.1318924,748.2746000000001,0.0164303222,0.0015037076000000002,0.013363415,350.64369999999997,0.0164303222,0.0015037076000000002,0.009986067999999999,355.16553000000005,0.0164303222,0.0015037076000000002,0.00730705,6.363517e-05,8.718252e-05,-0.024681426,12.1209686,0.06793855000000001,0.007650833,0.004672765000000001,2.0160336e-05,0.00020210855999999998
73,1606803600,13.872384,13.872396,0.00014601500000000002,-1.4726718,5.810691,3.409359,5.140508,4.749594999999999,0.23500199,5.8791530000000005,6.971882000000002e-05,5.0809270000000006e-05,5.2818630000000005e-05,6.164127e-05,8.158488999999999e-05,0.00010409324,0.00016321819,0.00030090969,5.748666,1.1824851,0.004179346,83.0547,68.30797,0.00046038320000000004,6.442040999999999,0.059034359999999994,145.22390000000001,0.0317211387,0.0029057851900000002,0.10857614,501.3526,0.0317211387,0.0029057851900000002,0.013434380000000001,541.6328799999999,0.0317211387,0.0029057851900000002,0.010259375000000001,556.44453,0.0317211387,0.0029057851900000002,0.006123665,3.593354e-05,5.9724539999999997e-05,0.018474000000000008,31.402355999999997,0.0645434,0.0043237020000000004,0.0018610342999999998,1.640039e-05,0.00016514377999999997
73,1606804200,16.58269,16.5827,-0.015730459,-1.559569,6.638451999999999,3.719830999999999,5.535956,4.964888,0.65008552,7.2648589999999995,7.031744e-05,5.1896867999999993e-05,5.4513775000000005e-05,6.3996978e-05,8.842614999999998e-05,0.000110144341,0.00017128525,0.0003361268,7.330558999999999,0.9550799999999999,0.004784976999999999,84.09605,63.42986,0.0005506074,6.303527,0.06364082,175.7392,0.029950519499999995,0.00274324803,0.12196306999999999,647.0537,0.029950519499999995,0.00274324803,0.013572189000000002,526.7088699999999,0.029950519499999995,0.00274324803,0.010315178,540.3303999999999,0.029950519499999995,0.00274324803,0.006620916999999999,5.1037640000000004e-05,7.464563999999999e-05,0.028126395000000005,44.497889,0.10091663,0.005784296,0.0031171193,2.4307319999999998e-05,0.00024231798000000005
73,1606804800,10.272274,10.272282,-0.0101911,-0.9754339000000002,5.894730999999999,2.7407840000000006,5.296774,4.4994250000000005,0.06774952000000001,4.266298,5.042168e-05,2.9428599e-05,3.0992453e-05,3.6624304e-05,5.028337300000001e-05,6.114351800000001e-05,9.335394000000001e-05,0.00017242657999999998,3.668741,1.4621919999999997,0.004691148000000001,94.73837,78.52327,0.0003409009,6.393405,0.04850264,109.4124,0.0222960826,0.0020421791,0.08867782999999999,323.44140000000004,0.0222960826,0.0020421791,0.012052132,401.18670000000003,0.0222960826,0.0020421791,0.009100067,410.9633599999999,0.0222960826,0.0020421791,0.006125275,3.8887969999999996e-05,6.223879e-05,-0.08011881000000001,55.307443899999996,0.08627646000000001,0.004323822,0.0016347065,2.6759421000000004e-05,0.00027355421
73,1606805400,10.283607,10.283610999999999,-0.051267530000000006,-1.1177755,5.712998000000001,2.787462,5.094156,4.292081999999999,0.08100337,4.214816000000001,3.19247e-05,1.0749366999999999e-05,1.1508141000000001e-05,1.4963007000000001e-05,2.3507976e-05,3.2125031e-05,5.6192703e-05,0.0001180314,3.303027,1.8331579999999998,0.005330955,96.45843999999998,85.78425,0.00034144530000000006,6.278003999999999,0.047448620000000004,109.66510000000001,0.031045935000000004,0.0028442969,0.0839485,290.0317999999999,0.031045935000000004,0.0028442969,0.013161196,520.5310000000001,0.031045935000000004,0.0028442969,0.010419624,535.5658999999999,0.031045935000000004,0.0028442969,0.0059487920000000005,3.294629e-05,5.620751e-05,-0.10717971854000001,41.899741000000006,0.0594665,0.004050377000000001,0.0012294288000000001,1.7274631e-05,0.00016937801
73,1606806000,10.64075,10.64076,-0.049131999999999995,-1.133869,5.804166,2.84641,5.181871000000001,4.343007,0.03453425,4.356316,2.9490720000000003e-05,7.523944999999999e-06,7.654726000000001e-06,1.0048345999999999e-05,1.8696065e-05,2.2056844000000002e-05,3.4761189999999994e-05,7.317021000000001e-05,3.4087810000000003,1.9058579999999998,0.005552113,101.84455,85.92956,0.00035340999999999997,6.0468090000000005,0.04797195,113.2189,0.019643035999999996,0.0017990020000000003,0.08544687,300.3334,0.019643035999999996,0.0017990020000000003,0.01280356,386.7512,0.019643035999999996,0.0017990020000000003,0.010023329000000001,394.2805,0.019643035999999996,0.0017990020000000003,0.006280946,3.818355e-05,6.15656e-05,0.015798869000000004,3.1296850000000003,0.036643720000000005,0.004941544,0.002151258,8.055327000000001e-06,5.618804e-05
73,1606806600,13.350140000000001,13.350159999999999,-0.011203412,-1.4535978,5.782715,3.276591,5.221097,4.705830000000001,0.6702296600000001,6.153213999999999,4.3382470000000005e-05,2.440553e-05,2.4909810000000004e-05,3.1420387000000006e-05,4.7077539999999994e-05,6.144243e-05,9.705657e-05,0.00020816990000000003,5.492514,1.1772395,0.004794436,83.82919999999999,69.70656999999999,0.00044348139999999994,6.2803640000000005,0.05651781,142.7143,0.0123114434,0.00112668722,0.10550268,487.14549999999997,0.0123114434,0.00112668722,0.011895822,269.37591,0.0123114434,0.00112668722,0.008783151,272.62946,0.0123114434,0.00112668722,0.006363464000000001,4.3758669999999996e-05,6.705976e-05,-0.05154292999999999,40.6082332,0.08600203,0.005168566,0.0025555063,3.1112897e-05,0.00032993058000000005
73,1606807200,11.460847,11.460891999999998,0.023595902999999998,-1.0715590000000002,6.092663,2.8962820000000002,5.356475999999999,4.658842999999999,0.60535549,5.315334,3.0452400000000003e-05,9.417150999999998e-06,9.1906132e-06,1.2951366999999999e-05,2.2359693e-05,2.9732594e-05,5.391221400000001e-05,0.00012478269,4.727399,0.9985552999999999,0.004200768999999999,91.15864,68.81285,0.0003807751,6.258042,0.05255565000000001,120.93415,0.013078113999999998,0.0011969773,0.09802096,414.3474,0.013078113999999998,0.0011969773,0.011494858,249.43307000000004,0.013078113999999998,0.0011969773,0.008357362,254.10435,0.013078113999999998,0.0011969773,0.0058984269999999995,3.335369e-05,5.669888999999999e-05,0.12431012999999999,53.326301,0.08637910000000001,0.0037706479999999993,0.0012583890899999998,2.2672864999999995e-05,0.00024215185000000004
73,1606807800,11.702091999999999,11.702128,-0.0034581203999999996,-1.3536049,5.791827,3.0893680000000003,5.1004190000000005,4.557664,0.12924984000000003,4.864935999999999,4.202661e-05,2.1761285000000004e-05,2.2452869199999998e-05,2.75853e-05,4.143861699999999e-05,5.1221440999999996e-05,8.105041e-05,0.00016730693999999997,4.605212,1.244256,0.0011412501000000002,91.10645000000001,71.61483,0.0003886238,6.3238520000000005,0.054881780000000005,124.1709,0.0224212675,0.0020536172699999996,0.09908729999999999,406.05060000000003,0.0224212675,0.0020536172699999996,0.012505313,430.20804,0.0224212675,0.0020536172699999996,0.009485981,438.95230000000004,0.0224212675,0.0020536172699999996,0.006207839999999999,3.696785999999999e-05,6.022597000000001e-05,0.017940426,4.0272584,0.03936282,0.004743333000000001,0.0021429792,7.425779e-06,6.189540999999999e-05
73,1606808400,16.943993,16.944005,-0.0004334504,-1.527664,6.300193000000001,3.699807,5.733849,5.118756,1.06487737,7.798028,5.147447000000001e-05,3.4137481e-05,3.4946858e-05,4.3100578e-05,6.581151999999999e-05,8.4480571e-05,0.00013745921000000001,0.00029911259999999997,7.301063000000001,1.1687599,0.0014341723999999998,83.06490000000001,66.72769000000001,0.0005627234,6.272867,0.06356797,179.75968000000003,0.0255736378,0.00234250387,0.12018322,645.3836,0.0255736378,0.00234250387,0.013475737999999998,481.1663,0.0255736378,0.00234250387,0.010184836000000001,490.04431000000005,0.0255736378,0.00234250387,0.0066564649999999986,5.1354359999999995e-05,7.500215000000001e-05,-0.076817588,62.2817466,0.09366644000000002,0.005891721000000001,0.003171552,3.4440520999999994e-05,0.00036410265
73,1606809000,13.32793,13.327940000000002,-0.0033303232100000005,-1.5236181000000002,5.712662,3.3628430000000002,5.128431999999999,4.684419,0.07141560000000001,5.425071,3.479022e-05,1.3884145e-05,1.3138110999999999e-05,1.6254781e-05,2.5828301e-05,3.0598709e-05,4.9156389999999995e-05,0.00010963353000000002,5.495237,1.1668675,0.0015871943999999998,94.60231,67.66062,0.0004429196,6.246451,0.05791018,140.81670000000003,0.012833572999999997,0.0011744294,0.10849440000000002,483.57160000000005,0.012833572999999997,0.0011744294,0.012287466000000002,289.76572999999996,0.012833572999999997,0.0011744294,0.009139845,292.83000000000004,0.012833572999999997,0.0011744294,0.0059702489999999995,3.3506489999999994e-05,5.716888000000001e-05,0.264193542,41.246033999999995,0.0730064,0.0038886100000000007,0.0014938780000000001,1.6983283999999997e-05,0.00016782987
73,1606809600,12.97044,12.97046,-0.007544845999999999,-1.5623102,5.513342,3.3364869999999995,4.9260019999999995,4.660942,0.07291344,5.282745,4.955853e-05,2.9198124000000003e-05,2.9795618800000005e-05,3.5197998e-05,4.8980107e-05,5.8681737000000006e-05,8.702757699999999e-05,0.00017324705,5.295647999999999,1.1843115,0.004768915,90.68913,68.38663,0.00043099819999999994,5.978474,0.05753243,138.4404,0.017380441899999998,0.0015912466699999999,0.1066942,467.67510000000004,0.017380441899999998,0.0015912466699999999,0.011971037,328.4774,0.017380441899999998,0.0015912466699999999,0.008854484,334.67564000000004,0.017380441899999998,0.0015912466699999999,0.0061805,3.593315e-05,5.965531999999999e-05,-0.012751370000000001,6.2291679,0.04349636,0.004409931,0.0021153910000000003,1.0222325e-05,9.962693999999998e-05
73,1606810200,13.01481,13.01483,-0.004116743299999999,-1.340858,6.220689,3.266542,5.397466,4.779633,0.23210852,5.496385,4.908006000000001e-05,2.9538633999999995e-05,3.1006599e-05,3.7589886e-05,5.3953947999999996e-05,6.943562e-05,0.00010610545,0.00021546961000000004,5.057876,1.4465020000000002,0.0024538641,89.24167,72.35806999999998,0.00043201949999999997,6.307549,0.055257139999999996,138.95319999999998,0.015486981690000002,0.001417924683,0.10401331,445.7063000000001,0.015486981690000002,0.001417924683,0.011554955999999998,299.2447,0.015486981690000002,0.001417924683,0.008501894,304.54425999999995,0.015486981690000002,0.001417924683,0.006345661,4.4483150000000005e-05,6.807295000000001e-05,0.013739779999999998,33.215278999999995,0.08196550999999999,0.004851866000000001,0.00231753,3.1454562000000005e-05,0.0003203519200000001
73,1606810800,16.21142,16.21146,0.0021692332999999997,-1.1273488999999999,7.2260209999999985,3.431868,6.249792,5.2951250000000005,1.11921617,7.742064999999999,4.0581149999999993e-05,2.0052650000000002e-05,2.0253109999999998e-05,2.5432550999999997e-05,3.780201999999999e-05,4.7850547e-05,7.7728319e-05,0.00016564675000000002,6.2925439999999995,1.8116809999999997,0.0010792855,92.28779999999999,77.0284,0.0005389228999999999,5.957344999999999,0.05969879,174.92479999999998,0.0443780644,0.004065979,0.10999489999999998,559.6747,0.0443780644,0.004065979,0.01469566,746.58222,0.0443780644,0.004065979,0.011606213999999998,768.9650399999998,0.0443780644,0.004065979,0.006488282999999999,5.2235949999999996e-05,7.592578e-05,0.128276294,60.942381999999995,0.1150059,0.005562289999999999,0.002343271,4.4596272e-05,0.00044379859
73,1606811400,13.385399999999999,13.38543,0.0015293390000000002,-0.9305258000000001,6.83196,3.1026130000000003,6.207865,5.195331,0.0801086,5.435535,4.28498e-05,2.1652516e-05,2.2508642999999998e-05,2.757424e-05,4.0848909999999995e-05,5.263791e-05,7.959877e-05,0.00015878793,4.319863,2.3709909999999996,0.0014161949,99.96486999999999,85.37935999999999,0.00044426359999999996,6.421494,0.05347645000000001,143.7848,0.023474572,0.0021500361,0.09644440000000001,382.52290000000005,0.023474572,0.0021500361,0.013245584999999999,453.84378000000004,0.023474572,0.0021500361,0.010448067,462.61241,0.023474572,0.0021500361,0.006705883,5.052114e-05,7.426267e-05,-0.01691851,9.586727,0.05468965,0.006192792000000001,0.002828624,1.8451313e-05,0.0001638606
73,1606812000,13.7304,13.730439999999998,0.002966574,-0.9630347,6.899686,3.168175,6.271466,5.239249,0.16747967,5.660926,4.871784999999999e-05,2.7925847999999997e-05,2.9849245000000002e-05,3.614122000000001e-05,5.1357061e-05,6.523882200000001e-05,0.00010193302,0.00019709957,4.441464999999999,2.4216830000000003,0.0015183464,94.19981000000001,85.29124999999999,0.0004557911,6.274432,0.05411283,146.6798,0.038153157,0.0034955406000000003,0.09767503000000001,393.2706,0.038153157,0.0034955406000000003,0.014787719999999999,663.0358,0.038153157,0.0034955406000000003,0.012026867,681.3557999999999,0.038153157,0.0034955406000000003,0.006584772,4.802754e-05,7.172182000000002e-05,0.055951589999999995,17.6355,0.06879449000000001,0.005800193,0.002621774,2.1689504e-05,0.00021296163
73,1606812600,12.442473,12.442476000000001,0.0007646818220000001,-1.0348162,6.414420999999999,3.042285,5.847664,4.918761999999999,0.18727515,5.19228,3.7699350000000004e-05,1.7193500999999997e-05,1.8659499e-05,2.4543194000000003e-05,3.789385e-05,5.30519e-05,8.841253999999999e-05,0.00018864072,4.329618000000001,1.8895979999999999,0.0015637390000000002,95.19528,80.13073999999999,0.0004125002,6.514609999999999,0.05293989,132.8032,0.059797416000000006,0.005479614699999999,0.09616069999999999,381.7229,0.059797416000000006,0.005479614699999999,0.016975759,1005.4053000000001,0.059797416000000006,0.005479614699999999,0.014133297,1034.3761,0.059797416000000006,0.005479614699999999,0.006327038,4.545518e-05,6.894135e-05,-0.04873601,56.718992,0.08102150999999999,0.005035499000000001,0.0019290231999999998,2.6404524999999996e-05,0.00025215948999999995
73,1606813200,14.226823999999999,14.226847000000001,-0.003587505,-1.3471862,6.256467000000001,3.308513,5.391013999999999,4.964365,0.3830044,6.122695,5.865382e-05,3.8808902e-05,4.0269872200000006e-05,4.7425643e-05,6.389046799999999e-05,8.1985961e-05,0.000126718181,0.00024456171999999996,5.517799999999999,1.594076,0.0008594385,88.70818,76.66481,0.00047267060000000005,6.039274,0.05814861,152.0923,0.028637040900000004,0.00262307128,0.10440531000000002,488.9847,0.028637040900000004,0.00262307128,0.013256208,511.11738799999995,0.028637040900000004,0.00262307128,0.010148085,523.960445,0.028637040900000004,0.00262307128,0.006152579,3.95575e-05,6.31598e-05,-0.031803460000000006,47.392656,0.08761723000000002,0.004357784,0.0016478242,1.9684380000000003e-05,0.00019461362000000002
73,1606813800,10.052344,10.052377,-0.004174789,-1.1041794,5.610583,2.695716,4.894499,4.474525,0.30769443,4.5354719999999995,3.8339360000000005e-05,1.6701052e-05,1.7696971e-05,2.1837497e-05,3.0716055999999995e-05,4.4689297999999994e-05,7.094252000000001e-05,0.00012890369,3.274385,1.75042,0.0010261422000000001,99.43553,85.95250999999999,0.0003335727,6.530822000000001,0.04916836,107.74077,0.0389031536,0.0035645481299999998,0.08284754999999999,289.78049999999996,0.0389031536,0.0035645481299999998,0.014327595000000002,671.8077299999999,0.0389031536,0.0035645481299999998,0.011414630999999998,690.8191899999999,0.0389031536,0.0035645481299999998,0.005918825,3.7587169999999996e-05,6.135288e-05,0.0956323,130.92892700000002,0.10623843,0.0033990200000000004,0.0010964123799999997,3.4282622e-05,0.00035695539
73,1606814400,16.922974,16.923002000000004,-0.004212821,-1.3816155999999997,6.474572,3.5972999999999997,5.853328,5.1969840000000005,0.8000313800000001,7.398674,3.924421e-05,1.9616479e-05,1.8922268e-05,2.4463688999999997e-05,3.9001934e-05,5.7061479999999994e-05,8.108985999999999e-05,0.00017345145000000002,7.051277000000001,1.4087342999999999,0.0010341642000000002,90.92450999999998,72.07481,0.0005625138,6.071795,0.06228131,179.15014000000002,0.00812533259,0.000742757006,0.11577659999999998,621.7677,0.00812533259,0.000742757006,0.011667966,214.95172000000002,0.00812533259,0.000742757006,0.008344522,214.74413000000004,0.00812533259,0.000742757006,0.006610685000000001,4.908454e-05,7.301377000000001e-05,-0.027592647000000005,19.521665,0.06934918000000001,0.005614202,0.0028492100000000005,1.7212975e-05,0.00016581556000000002
73,1606815000,5.315574,5.315596000000001,-0.005122900999999999,-1.4437048000000003,3.932107,2.116338,3.345738,2.911852,0.15008275,2.413776,3.255435e-05,1.0335232e-05,1.07485203e-05,1.3001604e-05,1.8461524e-05,3.3943330000000006e-05,4.1779748e-05,7.484498999999999e-05,2.129201,0.5278192999999999,0.0005488456,88.82755,69.90444,0.0001765638,6.054765999999999,0.03739987,56.63423,0.011343251080000002,0.001038695112,0.06718249999999999,187.0211,0.011343251080000002,0.001038695112,0.00979537,215.30219400000001,0.011343251080000002,0.001038695112,0.006602056,219.42222199999998,0.011343251080000002,0.001038695112,0.005686287,2.757237e-05,5.106036e-05,-0.07562726900000001,14.097626000000002,0.042855660000000004,0.00263366,0.0009142423,1.0713046e-05,9.558572e-05
73,1606815600,6.211366,6.2113830000000005,-0.0031024370000000004,-1.3723658000000003,4.165515999999999,2.2230869999999996,3.7687889999999995,3.2599000000000005,0.39615153000000003,3.1494560000000003,3.055851e-05,9.294957e-06,9.7097167e-06,1.2706422300000001e-05,2.0791656e-05,3.7718836e-05,4.8178523e-05,9.997630999999999e-05,2.7040790000000006,0.4007205,0.0006299879,85.16825,64.55305,0.00020636551000000002,6.307629,0.0396723,67.94891,0.00281631259,0.00025689459,0.07417852,239.9154,0.00281631259,0.00025689459,0.008544946000000001,88.592113,0.00281631259,0.00025689459,0.005313789,87.70474310000002,0.00281631259,0.00025689459,0.006000400000000001,4.387281e-05,6.706847e-05,-0.02407560092,109.99184,0.11699841,0.0035280451999999997,0.0017216034,3.6654833000000004e-05,0.00037583923000000005
73,1606816200,9.304776,9.30479,-0.002909546,-1.472451,4.620405,2.656382,4.1049500000000005,3.723001000000001,0.45837038,4.11509,3.365747e-05,1.2776274999999997e-05,1.3170105600000001e-05,1.7732134000000002e-05,3.0091722e-05,4.648985e-05,6.9963261e-05,0.00015602168999999998,4.24648,0.4045731,0.0009668442,79.85033,61.96226,0.0003091028,6.368426999999999,0.04678393,100.08533,0.006629524519999999,0.0006063094909999999,0.08930039,375.49129999999997,0.006629524519999999,0.0006063094909999999,0.009156964,126.911257,0.006629524519999999,0.0006063094909999999,0.005829637,128.69150299999998,0.006629524519999999,0.0006063094909999999,0.006061414,3.928671999999999e-05,6.311151999999998e-05,-0.062552731,112.83327340000001,0.09431735,0.0034343659,0.0014168142,2.5284338e-05,0.00025740233
73,1606816800,3.9845429999999995,3.9845679999999994,0.0035797894999999996,-1.3822324000000001,3.268262,1.805736,2.932514,2.60453,0.04791148,1.641103,3.351135e-05,1.1465227099999999e-05,1.20942668e-05,1.43137429e-05,1.9889684000000003e-05,2.6387051999999995e-05,3.8255393e-05,7.727532e-05,1.6516339999999996,0.3399791,0.0004441215000000001,87.04076,67.49167,0.00013233637,6.209427,0.031294819999999994,42.74077,0.005856465799999999,0.00053565987,0.058888170000000004,146.21397,0.005856465799999999,0.00053565987,0.008413289000000001,111.69002499999999,0.005856465799999999,0.00053565987,0.005098337,113.445667,0.005856465799999999,0.00053565987,0.005222405,1.5238809999999998e-05,3.837225e-05,-0.07683064999999997,20.7387,0.03223679,-0.00010941932999999999,-0.0015356528,7.060096000000001e-06,4.63904e-05
73,1606817400,2.718418,2.7184399999999997,0.010329272000000002,-1.1640402,3.073782,1.451698,2.616079,2.2699819999999997,0.12922172999999998,1.251922,2.504397e-05,2.9632865999999997e-06,3.1291709000000004e-06,4.563446400000001e-06,7.930558e-06,1.1212147e-05,1.8961677e-05,3.997981e-05,1.1512389,0.20740409999999998,0.00046948659999999996,91.07517999999999,66.60698,9.029215999999999e-05,6.175201,0.02420012,29.440569999999997,0.00294633926,0.00026903475699999993,0.04868264,101.3859,0.00294633926,0.00026903475699999993,0.007432208000000001,63.352475000000005,0.00294633926,0.00026903475699999993,0.003970845,63.49071299999999,0.00294633926,0.00026903475699999993,0.005232041000000001,1.8449469999999998e-05,4.144807e-05,-0.11251548,124.24811,0.06793766000000001,-0.000813058,-0.0021739220000000004,2.2541015999999997e-05,0.00021554483
73,1606818000,2.0500979999999998,2.050118,0.019509731,-1.3698380000000001,2.585553,1.311306,2.2452680000000003,1.9394460000000002,0.019162489999999997,0.8555503999999999,2.6989769999999998e-05,4.962247999999999e-06,5.358651700000001e-06,6.799465000000001e-06,9.86154e-06,1.3646665e-05,2.2212687000000003e-05,4.306780000000001e-05,0.8157928,0.20852089999999998,0.0006167098000000001,86.64791,70.48015000000001,6.803108e-05,6.4755780000000005,0.021661629999999998,22.15148,0.0010967587700000002,9.960318099999998e-05,0.041776429999999996,71.86978,0.0010967587700000002,9.960318099999998e-05,0.006798477,32.823991,0.0010967587700000002,9.960318099999998e-05,0.003235054,32.0231,0.0010967587700000002,9.960318099999998e-05,0.005183931,1.792764e-05,4.071584e-05,-2.72306985,142.34286,0.03796341,-0.0012080697000000002,-0.002300644,8.080936e-06,5.1630300000000006e-05
73,1606818600,1.9346159999999997,1.934637,0.02649229,-1.27844,2.560877,1.258774,2.2406940000000004,1.9215969999999998,0.011514285,0.8007054,2.633623e-05,3.890859799999999e-06,4.1287001e-06,5.353927e-06,8.235682e-06,1.1301647e-05,1.7225727e-05,3.2944859999999994e-05,0.7530621,0.21357940000000003,0.0005723419000000001,94.25429,72.19211,6.419950000000001e-05,6.40107,0.020737029999999997,20.744190000000003,0.0025577412,0.00023354943500000005,0.04013676,66.20691000000001,0.0025577412,0.00023354943500000005,0.007124221,55.157848,0.0025577412,0.00023354943500000005,0.0035290620000000003,55.250460999999994,0.0025577412,0.00023354943500000005,0.005152765,1.338838e-05,3.6177720000000006e-05,-0.08556873,29.41384,0.03079131,-0.0013139669999999999,-0.002466168,7.715559e-06,4.566245e-05
73,1606819200,2.062945,2.0629700000000004,0.026262459999999998,-1.290508,2.6632930000000004,1.301098,2.301558,1.9773219999999998,0.01780963,0.8572932999999999,2.51654e-05,2.6804291e-06,2.8745290000000003e-06,3.9195459999999995e-06,6.283686e-06,8.773644000000002e-06,1.4509163e-05,2.7612870000000002e-05,0.8038836,0.22695349999999997,0.0005644586999999999,94.3387,72.15965,6.847901000000001e-05,6.369985,0.02142192,22.105399999999996,0.00331620132,0.00030304788799999995,0.04144941,70.65714,0.00331620132,0.00030304788799999995,0.007328336,62.181551,0.00331620132,0.00030304788799999995,0.00375154,62.924117999999986,0.00331620132,0.00030304788799999995,0.005184718,1.3457819999999998e-05,3.6521870000000005e-05,0.14646620999999999,29.17799,0.03201778,-0.00125077,-0.002427125,7.505989e-06,4.7920250000000006e-05
73,1606819800,2.502356,2.50238,0.01831793,-1.502039,2.715757,1.4650370000000001,2.381398,2.0634259999999998,0.018605038999999997,1.0316146,2.71787e-05,4.6889717e-06,4.8955857999999995e-06,6.3330219e-06,9.479626e-06,1.2406673e-05,2.0212772999999997e-05,3.650773e-05,1.0274791,0.22306039999999996,0.0005351156000000001,89.23159,68.10524999999998,8.312311999999999e-05,6.261540999999999,0.02422594,26.4587,0.0062598097499999995,0.000572767373,0.04662161,89.49955,0.0062598097499999995,0.000572767373,0.008094824,107.546768,0.0062598097499999995,0.000572767373,0.004656321,109.99274700000001,0.0062598097499999995,0.000572767373,0.005177742000000001,1.4270910000000002e-05,3.721557e-05,-0.030878051,26.900710000000004,0.03220663,-0.0010332549,-0.0020703229999999998,7.717903999999999e-06,4.8341870000000003e-05
73,1606820400,2.7469050000000004,2.746926,0.01638792,-1.58167,2.7930099999999998,1.5493379999999999,2.442223,2.125265,0.016130815,1.1312640000000003,2.552174e-05,3.2947765e-06,3.3373604999999995e-06,4.590449400000001e-06,7.412398000000001e-06,9.887236000000001e-06,1.6253931e-05,3.3645029999999996e-05,1.1599690000000002,0.212848,0.0005524769000000001,89.68284,65.62544,9.13035e-05,6.228988,0.025666050000000003,28.86907,0.0072665356,0.00066500227,0.04956777,100.80031999999999,0.0072665356,0.00066500227,0.008422657,121.56024,0.0072665356,0.00066500227,0.0050427810000000005,124.49559000000002,0.0072665356,0.00066500227,0.0052053030000000005,1.436259e-05,3.7595599999999996e-05,0.12324419,26.092779999999998,0.03432528,-0.0009263542,-0.0019421319999999998,7.559173999999998e-06,4.681270000000001e-05
73,1606821000,2.669951,2.669975,0.013733490000000001,-1.575754,2.730798,1.527365,2.412822,2.086526,0.015738972,1.0958130000000001,2.648166e-05,3.9828317e-06,4.2366073e-06,5.5153474999999995e-06,8.696443000000001e-06,1.1914388e-05,1.9765913000000002e-05,3.833483e-05,1.1162499999999997,0.21811219999999998,0.0005123854,88.20172,66.43195,8.870519e-05,6.221100000000001,0.025414009999999997,28.24734,0.0037835549099999996,0.0003457988820000001,0.04882056,97.81061000000001,0.0037835549099999996,0.0003457988820000001,0.007690326,75.57269099999999,0.0037835549099999996,0.0003457988820000001,0.004267431,76.258769,0.0037835549099999996,0.0003457988820000001,0.005167125,1.384461e-05,3.683757e-05,-0.036480201000000004,25.420830000000002,0.02990018,-0.0009310801000000001,-0.0019593600000000003,7.117758000000002e-06,4.278064e-05
73,1606821600,2.982272,2.9822949999999997,0.009538344,-1.6622790000000003,2.747446,1.6245350000000003,2.4337489999999997,2.1280789999999996,0.015182305999999998,1.219422,2.66449e-05,4.3645324e-06,4.4314704e-06,5.652334899999999e-06,8.832551e-06,1.1287645e-05,1.7736346e-05,3.512541e-05,1.2742200000000001,0.2161646,0.0006543368,90.07814,64.56849000000003,9.908274999999998e-05,6.02634,0.027328190000000002,31.66222,0.0015449601000000004,0.00014052424000000002,0.05228038,112.1809,0.0015449601000000004,0.00014052424000000002,0.007389851,47.02368,0.0015449601000000004,0.00014052424000000002,0.004002027,46.25501,0.0015449601000000004,0.00014052424000000002,0.005173716,1.446237e-05,3.752166e-05,-0.09155099,25.241660000000003,0.03350755,-0.0007345826,-0.001721408,7.509409e-06,4.4785090000000005e-05
73,1606822200,2.5056079999999996,2.5056309999999997,0.018038270000000002,-1.546103,2.697457,1.474789,2.368197,2.046774,0.020916908,1.043673,2.709263e-05,4.840158800000001e-06,5.2280671000000005e-06,6.787915e-06,1.0164102e-05,1.3692841e-05,2.1959994999999996e-05,4.3945619999999996e-05,1.035692,0.21633999999999998,0.0006582813,90.79350000000001,67.34811,8.317188e-05,6.464998,0.024673999999999998,26.93054,0.00556071796,0.000508701285,0.04716871,91.40124,0.00556071796,0.000508701285,0.008053073000000001,98.399132,0.00556071796,0.000508701285,0.004599122,100.32533800000002,0.00556071796,0.000508701285,0.005173484000000001,1.410427e-05,3.709658e-05,-0.03278849,27.37713,0.03261137,-0.0010278379,-0.002040305,7.961368e-06,5.0651899999999995e-05
73,1606822800,2.667102,2.667128,0.017680759999999997,-1.5408909999999998,2.7641709999999997,1.5209000000000001,2.455575,2.1114639999999993,0.015380978,1.096164,2.6475640000000004e-05,4.3155228e-06,4.5794275e-06,6.0359416e-06,9.254568e-06,1.2458865999999999e-05,2.0452365e-05,3.948144e-05,1.1128110000000002,0.22002890000000003,0.0006078378,88.41214,66.57998,8.858569e-05,6.297175,0.0254739,28.649160000000002,0.0034143753,0.00031192241,0.04889022,98.04116,0.0034143753,0.00031192241,0.007922996000000002,75.19031,0.0034143753,0.00031192241,0.004522002999999999,75.67035,0.0034143753,0.00031192241,0.005150630000000001,1.4326000000000003e-05,3.7032340000000004e-05,-0.008909880000000009,25.25045,0.03152101,-0.0008062827999999999,-0.0019107859999999998,7.650064000000001e-06,4.54868e-05
73,1606823400,2.7430120000000002,2.743035,0.012897419999999998,-1.629788,2.706946,1.555719,2.389536,2.0661270000000003,0.014064490000000002,1.1203439999999998,2.794456e-05,5.704388800000001e-06,5.932909300000001e-06,7.437592e-06,1.0944961e-05,1.4408539e-05,2.2619848999999997e-05,4.373579000000001e-05,1.157346,0.21342270000000002,0.0006220757999999999,88.09027999999999,65.65727000000001,9.109711e-05,6.369783,0.026075369999999997,29.209209999999995,0.00299711462,0.00027383602399999997,0.049760860000000004,101.56007000000001,0.00299711462,0.00027383602399999997,0.006988011999999999,55.791696,0.00299711462,0.00027383602399999997,0.0035711680000000004,56.455912999999995,0.00299711462,0.00027383602399999997,0.0051597940000000005,1.392505e-05,3.6898680000000005e-05,-0.03361493,25.11486,0.031908059999999995,-0.0008436244000000001,-0.001863544,7.098238000000001e-06,4.1910120000000005e-05
73,1606824000,2.6931350000000003,2.693155,0.01276804,-1.6238540000000001,2.693446,1.541147,2.3589709999999995,2.0556259999999997,0.015082305999999998,1.110136,2.533721e-05,3.1354782000000004e-06,3.3652208000000005e-06,4.6559950000000005e-06,7.635383e-06,1.0680674e-05,1.7986993e-05,3.939933e-05,1.1336080000000002,0.21217160000000002,0.0006911084000000001,90.21879000000001,65.83549000000001,8.943841e-05,6.378718000000001,0.02581078,28.72706,0.00392015564,0.000358322593,0.04930991,99.86915000000002,0.00392015564,0.000358322593,0.007488338999999999,71.98116999999999,0.00392015564,0.000358322593,0.004056082,73.069805,0.00392015564,0.000358322593,0.0051656639999999995,1.400108e-05,3.698018e-05,-0.012831440000000013,24.95746,0.032122429999999993,-0.0008849328999999999,-0.001895159,7.251930000000001e-06,4.555734000000001e-05
73,1606824600,2.8820170000000003,2.8820419999999998,0.009202610000000002,-1.688476,2.657369,1.602141,2.344009,2.0523999999999996,0.014600797999999998,1.181053,2.6734290000000005e-05,4.5791919e-06,4.70505e-06,6.1012018e-06,9.530634e-06,1.2841622e-05,2.0300422000000003e-05,3.9941040000000005e-05,1.224591,0.21570680000000003,0.0006049394,89.80544,65.10871,9.576763999999998e-05,6.189893,0.026977380000000002,30.56185,0.0028447807800000002,0.00025974838800000004,0.051180819999999995,107.57137,0.0028447807800000002,0.00025974838800000004,0.007407978000000001,65.401516,0.0028447807800000002,0.00025974838800000004,0.003991282,65.463412,0.0028447807800000002,0.00025974838800000004,0.005165719000000001,1.4297219999999999e-05,3.729608e-05,-0.07369671,24.79588,0.03134276,-0.000759378,-0.001746136,7.086044000000002e-06,4.3003589999999995e-05
73,1606825200,2.990919,2.990941,0.008054588,-1.711196,2.677096,1.635943,2.3577339999999998,2.080375,0.016142250000000004,1.222023,2.498304e-05,2.7201903999999997e-06,2.7944861e-06,4.036134e-06,7.349906e-06,1.0131255999999999e-05,1.7429139000000002e-05,3.720311e-05,1.292035,0.2026249,0.0007136688,89.37682,63.655809999999995,9.936429e-05,6.362132,0.027468199999999998,31.51615,0.00421140339,0.000384958353,0.05244943,112.8846,0.00421140339,0.000384958353,0.007599117999999999,79.66461,0.00421140339,0.000384958353,0.00424036,80.71233299999997,0.00421140339,0.000384958353,0.005163852,1.434172e-05,3.73376e-05,-0.006687600000000004,23.68551,0.03018713,-0.0007300471,-0.001669031,7.220158000000001e-06,4.491639e-05
73,1606825800,2.988041,2.988062,0.009104566,-1.6882759999999997,2.7131700000000003,1.6303240000000003,2.3958350000000004,2.1013759999999997,0.016417435,1.2201659999999999,2.8245089999999998e-05,6.132109e-06,6.485319e-06,8.202531e-06,1.2296071000000001e-05,1.6652859000000002e-05,2.7093166000000004e-05,5.29513e-05,1.288617,0.2046003,0.0006607026,86.44412,63.776599999999995,9.919285000000001e-05,6.491063999999999,0.02742252,31.685789999999997,0.0055896224999999996,0.0005113007,0.05251152,113.19530000000002,0.0055896224999999996,0.0005113007,0.008014582000000001,101.71799100000001,0.0055896224999999996,0.0005113007,0.004671647,103.501412,0.0055896224999999996,0.0005113007,0.005164767,1.464065e-05,3.752589e-05,-0.054276670000000006,23.71726,0.029645409999999994,-0.0007160912,-0.001691925,7.350685999999999e-06,4.3863269999999995e-05
73,1606826400,2.614702,2.614723,0.008031177,-1.6932040000000002,2.579816,1.527428,2.223404,1.953471,0.013405043,1.081147,2.526377e-05,3.3853295000000003e-06,3.5528235e-06,4.991285000000001e-06,8.022361000000001e-06,1.1314978e-05,1.8551796000000003e-05,3.942604e-05,1.10952,0.1970907,0.0006450131,86.4408,65.18625999999999,8.686679999999999e-05,6.462880000000001,0.025657209999999996,27.622719999999997,0.00426854029,0.000390275619,0.048635769999999995,97.03990000000002,0.00426854029,0.000390275619,0.007530282999999999,80.80043,0.00426854029,0.000390275619,0.004125389,81.95749500000001,0.00426854029,0.000390275619,0.00510921,1.344231e-05,3.606304e-05,0.024724469999999995,26.23777,0.03387348999999999,-0.0009361237000000001,-0.0018422229999999998,7.259316e-06,4.408217e-05
73,1606827000,2.628865,2.6288869999999998,0.005583686,-1.7021909999999998,2.528816,1.531299,2.197379,1.942446,0.013090771000000001,1.076314,2.6160370000000002e-05,4.3092515e-06,4.4322376000000005e-06,5.5680901e-06,8.478035e-06,1.1457272e-05,1.8118724e-05,3.501852e-05,1.118358,0.1955015,0.00047157269999999993,88.10573000000002,64.94995,8.736119999999999e-05,6.103537,0.025863900000000002,27.96723,0.0022069787100000003,0.00020133408600000002,0.04895164,98.39998,0.0022069787100000003,0.00020133408600000002,0.007174517000000001,53.659573,0.0022069787100000003,0.00020133408600000002,0.0037676109999999997,53.506948,0.0022069787100000003,0.00020133408600000002,0.00508412,1.2939909999999999e-05,3.5412550000000004e-05,0.002534100000000003,24.347289999999994,0.029486130000000006,-0.0009281151000000001,-0.0018259930000000001,6.579961000000001e-06,3.9672689999999996e-05
73,1606827600,2.679544,2.6795649999999998,0.004871233,-1.709656,2.5350410000000005,1.5484300000000002,2.211442,1.9727479999999997,0.014760566999999999,1.098372,2.617748e-05,4.4713319e-06,4.6663526e-06,6.0372283e-06,9.210473e-06,1.2725197e-05,2.0890577e-05,4.083564e-05,1.155829,0.1833266,0.0005004809,87.05808,63.80943,8.902152e-05,6.359366,0.025989989999999998,28.22334,0.00506185335,0.0004630269839999999,0.049617060000000004,101.10553,0.00506185335,0.0004630269839999999,0.007658699000000001,92.39519900000002,0.00506185335,0.0004630269839999999,0.004290163,94.06134300000001,0.00506185335,0.0004630269839999999,0.005077125,1.2849440000000002e-05,3.530122e-05,-0.02571207000000001,23.859019999999994,0.0303556,-0.0008632364,-0.0017593940000000003,6.732448e-06,4.334749e-05
73,1606828200,2.603693,2.6037160000000004,0.011658632999999998,-1.6055769999999998,2.668769,1.5110320000000002,2.337071,2.041563,0.015805043,1.0741987,2.410247e-05,2.4111268e-06,2.6038378e-06,3.9225087e-06,7.192577e-06,1.0662454e-05,1.8218422e-05,3.9471630000000005e-05,1.1069099999999998,0.19423859999999998,0.0006053658,88.2545,65.04055999999999,8.645649e-05,6.371999,0.025319820000000003,27.844900000000003,0.0056070423,0.00051293172,0.048672110000000005,97.31138999999999,0.0056070423,0.00051293172,0.007914223000000001,97.213484,0.0056070423,0.00051293172,0.004531165,99.078322,0.0056070423,0.00051293172,0.005096776999999999,1.3234570000000002e-05,3.568736e-05,0.008475364000000003,23.542759999999998,0.02821665,-0.0008388048,-0.001853324,6.712785e-06,4.0119e-05
73,1606828800,2.794018,2.7940389999999997,0.01802821,-1.4494079999999998,2.897263,1.5397650000000003,2.5622300000000005,2.260157,0.015537851,1.144981,2.692727e-05,5.405195400000001e-06,5.572812500000001e-06,7.0131688999999995e-06,1.0400868e-05,1.4005667e-05,2.1851737e-05,4.3277750000000004e-05,1.200814,0.1954802,0.0005898954,86.17490999999998,64.07104999999999,9.282586e-05,6.298267,0.025529440000000004,29.73659,0.0033644816200000005,0.000307364471,0.05073798,105.75049999999999,0.0033644816200000005,0.000307364471,0.007273162000000001,62.763127999999995,0.0033644816200000005,0.000307364471,0.0039215859999999995,63.39388899999999,0.0033644816200000005,0.000307364471,0.0050836959999999995,1.298827e-05,3.537448e-05,-0.041143639999999995,23.300800000000002,0.02949506,-0.0007440052999999998,-0.001907066,6.553456e-06,4.155789e-05
73,1606829400,2.519385,2.519407,0.01886469,-1.438493,2.776547,1.4602210000000002,2.4520880000000003,2.1356539999999997,0.021597388,1.0425336,2.6748589999999996e-05,5.015700600000001e-06,5.436294e-06,7.079364999999999e-06,1.0635008e-05,1.4749773999999998e-05,2.4189127e-05,4.833745999999999e-05,1.0636130000000001,0.1953319,0.0006267963,83.66853,65.64845,8.365788e-05,6.524474,0.02410547,26.605289999999997,0.00506146547,0.00046293045599999993,0.04754369,92.75764,0.00506146547,0.00046293045599999993,0.007586843000000001,85.89033500000001,0.00506146547,0.00046293045599999993,0.004217959999999999,87.76227200000001,0.00506146547,0.00046293045599999993,0.0050977290000000005,1.2977960000000002e-05,3.545526e-05,-0.004648433999999991,24.209350000000004,0.02863848,-0.0008966764,-0.0020158800000000003,6.651895e-06,4.1171759999999995e-05
73,1606830000,2.2185449999999998,2.218567,0.018719610000000005,-1.4897559999999999,2.576816,1.3793229999999999,2.267694,1.966898,0.01029544,0.9091853000000001,2.5172119999999997e-05,2.9245035999999996e-06,3.0957028e-06,4.183743e-06,6.6522489999999995e-06,8.911147e-06,1.4363446999999997e-05,2.8924847e-05,0.9162488,0.1923515,0.0005962102000000001,91.65314000000001,67.44287,7.367745e-05,6.205344000000001,0.022834709999999998,23.54869,0.00221827725,0.000202403982,0.044248300000000004,80.40055000000001,0.00221827725,0.000202403982,0.00731937,51.39970999999999,0.00221827725,0.000202403982,0.003827767,51.248839999999994,0.00221827725,0.000202403982,0.005088531,1.198231e-05,3.458326e-05,0.05161889000000001,25.06367,0.02837952,-0.001171786,-0.002154714,6.411878e-06,4.1011020000000006e-05
73,1606830600,1.9761050000000004,1.9761260000000003,0.01897773,-1.507766,2.4432359999999997,1.3024540000000002,2.128792,1.8240189999999998,0.010626064,0.8083364999999999,2.607005e-05,3.9859148000000006e-06,4.2174312e-06,5.2928382e-06,7.891874000000002e-06,1.0698423e-05,1.6520319000000004e-05,3.2036597e-05,0.798368,0.1889668,0.0006310478000000001,92.45235999999998,69.27415999999998,6.564808e-05,6.40346,0.02156483,20.871999999999996,0.0019450901,0.00017730471999999998,0.041149069999999996,69.44679,0.0019450901,0.00017730471999999998,0.007075019,41.42466,0.0019450901,0.00017730471999999998,0.0035228659999999995,41.29545,0.0019450901,0.00017730471999999998,0.00506891,1.1073490000000001e-05,3.373063e-05,-0.07637661,26.215629999999997,0.02793506,-0.0013641159999999999,-0.002293976,5.8526460000000005e-06,3.697573e-05
73,1606831200,1.9899320000000003,1.989957,0.011883304,-1.468491,2.460375,1.302986,2.1497909999999996,1.85717,0.012389429,0.8195307999999999,2.569367e-05,3.5660814e-06,3.9031286999999995e-06,5.0376856999999994e-06,7.767093e-06,1.0904462999999999e-05,1.7690284999999998e-05,3.4759222000000004e-05,0.8080120000000001,0.18639179999999997,0.0004758923999999999,88.75712999999999,68.88049000000001,6.609543e-05,6.460857,0.021349570000000002,20.814,0.00268001785,0.000244721022,0.041257579999999995,69.79697,0.00268001785,0.000244721022,0.007093478,55.138568,0.00268001785,0.000244721022,0.0035896040000000006,55.475139999999996,0.00268001785,0.000244721022,0.0050717010000000005,1.1648370000000001e-05,3.417117000000001e-05,0.04879052,25.88428,0.030946469999999997,-0.0011860852,-0.002212832,6.27602e-06,4.303616e-05
73,1606831800,2.1334049999999998,2.1334269999999997,0.010565702000000001,-1.432947,2.567704,1.344767,2.24973,1.954935,0.014387183000000001,0.8787912,2.797014e-05,5.7219776000000005e-06,6.146355199999999e-06,7.6698716e-06,1.0853426999999999e-05,1.4283914000000002e-05,2.2402453e-05,4.4258320000000004e-05,0.8838670000000001,0.18230109999999997,0.0004075706,86.08801000000001,67.18742,7.084398e-05,6.4627349999999995,0.022216569999999998,22.696089999999998,0.0033210160599999997,0.000303554198,0.04344303,77.50251,0.0033210160599999997,0.000303554198,0.0070359210000000005,59.38600799999999,0.0033210160599999997,0.000303554198,0.0035169229999999995,60.317565,0.0033210160599999997,0.000303554198,0.005105173,1.184814e-05,3.464903e-05,0.03628675,25.833170000000003,0.02854707,-0.0012251669999999999,-0.002268786,6.446534000000001e-06,3.922878e-05
73,1606832400,1.9475830000000003,1.947605,0.009731696,-1.4045850000000002,2.477364,1.280169,2.1620540000000004,1.8661699999999999,0.012788482,0.8095394,2.515698e-05,3.2237933e-06,3.3978138000000004e-06,4.314617999999999e-06,6.585305999999998e-06,8.819727e-06,1.3798200000000001e-05,2.7366050000000002e-05,0.7817611,0.19156230000000002,0.0003885881,93.01451,69.78381000000002,6.466401999999999e-05,6.473037,0.02124699,20.92911,0.0032416937999999998,0.00029617113,0.04093710999999999,68.87512000000001,0.0032416937999999998,0.00029617113,0.007274631999999999,60.392055000000006,0.0032416937999999998,0.00029617113,0.0037093629999999994,61.15538,0.0032416937999999998,0.00029617113,0.005063428,1.118731e-05,3.371044e-05,0.061151711,26.991719999999997,0.02814471,-0.001368735,-0.002379603,6.40801e-06,4.362171e-05
73,1606833000,1.9252949999999998,1.9253189999999996,0.00834806,-1.3616730000000001,2.492702,1.270187,2.1803179999999998,1.8801199999999998,0.012593664999999999,0.7922142,2.4231959999999998e-05,2.3534403000000003e-06,2.5538865e-06,3.5890917e-06,5.723652e-06,8.763654000000003e-06,1.3810025e-05,2.8624659999999998e-05,0.7718833,0.1902832,0.00041288869999999995,92.07456,69.87637,6.391485e-05,6.269848,0.02094633,20.62944,0.0049854903,0.00045602277,0.04061774,67.82276999999999,0.0049854903,0.00045602277,0.008174437,91.73844799999999,0.0049854903,0.00045602277,0.004664843,93.328071,0.0049854903,0.00045602277,0.005045264,1.112381e-05,3.345635e-05,-0.019010749999999993,26.64697,0.02794239,-0.0013334350000000002,-0.002388841,5.978291e-06,3.8680569999999995e-05
73,1606833600,2.0377970000000003,2.0378179999999997,0.008919508000000001,-1.385045,2.55394,1.3065339999999999,2.2258039999999997,1.9220450000000002,0.017152539,0.8463118,2.3478180000000004e-05,1.8575699999999998e-06,2.0458887999999998e-06,3.1796421e-06,5.749459e-06,8.734545e-06,1.5501289e-05,3.2591407999999996e-05,0.8317958000000001,0.1865987,0.0004307211,87.97907000000001,68.41592,6.765705e-05,6.324179000000001,0.02163106,21.78893,0.0057141345,0.00052281004,0.04221967,73.23886999999999,0.0057141345,0.00052281004,0.008177136,98.24972,0.0057141345,0.00052281004,0.004699837,100.50467999999998,0.0057141345,0.00052281004,0.005027654000000001,1.1199110000000002e-05,3.338731e-05,0.02435577,26.00541,0.02850646,-0.001230485,-0.0022946359999999996,5.802139999999999e-06,3.659798e-05
73,1606834200,1.723562,1.723583,0.010572772,-1.1228884000000001,2.496,1.1598902,2.1502410000000003,1.848095,0.021769252,0.7244297000000001,2.4414850000000002e-05,2.57845e-06,2.7990285000000003e-06,3.8115941e-06,5.918753e-06,8.270523000000001e-06,1.4014785999999998e-05,2.7373258000000003e-05,0.6747410999999999,0.1865739,0.0003869012,92.54497,72.08871000000002,5.7209070000000006e-05,6.471946,0.019188689999999998,18.561690000000002,0.0027281789000000002,0.00024913317,0.03797242,59.60256,0.0027281789000000002,0.00024913317,0.007268332,50.223911,0.0027281789000000002,0.00024913317,0.003688249,50.835204,0.0027281789000000002,0.00024913317,0.005031911,1.071651e-05,3.296786e-05,0.070438397,29.10351,0.02977663,-0.001463131,-0.002598354,5.846431e-06,3.5591380000000005e-05
73,1606834800,1.243108,1.243131,0.03807136,-0.8193325,2.2540810000000002,0.9428021,1.9491589999999999,1.645926,0.012414225000000001,0.5191259,2.379905e-05,1.5813563999999998e-06,1.770736e-06,2.4933896999999996e-06,4.022432e-06,5.826859999999999e-06,9.649976e-06,1.8036925e-05,0.43951689999999993,0.1815348,0.000445932,97.53169,79.30913000000001,4.126301e-05,6.426662,0.015940740000000002,13.60376,0.00206584752,0.00018858164500000003,0.030774979999999997,38.9663,0.00206584752,0.00018858164500000003,0.006754062,39.30547500000001,0.00206584752,0.00018858164500000003,0.0029852489999999997,39.575533,0.00206584752,0.00018858164500000003,0.005035755,1.0114846000000003e-05,3.2440920000000004e-05,0.1420059,31.037830000000003,0.028465489999999993,-0.001735211,-0.002884837,6.008439e-06,3.8405710000000005e-05
73,1606835400,1.261563,1.2615859999999999,0.013092130000000002,-1.05821,2.1810300000000002,0.9830992999999999,1.8682690000000002,1.5881349999999999,0.010530903,0.5234251,2.42587e-05,2.4597327000000004e-06,2.7183235e-06,3.6178357999999997e-06,5.463797e-06,7.831254e-06,1.2395678000000002e-05,2.2872539999999998e-05,0.44451529999999995,0.185807,0.00039286599999999996,96.35137,79.63788,4.185444e-05,6.4421289999999996,0.01637946,13.77356,0.0027566047499999998,0.000251856656,0.030928169999999994,39.40335,0.0027566047499999998,0.000251856656,0.007118218,48.937760000000004,0.0027566047499999998,0.000251856656,0.0033783350000000005,49.597213999999994,0.0027566047499999998,0.000251856656,0.005038242,1.0638924e-05,3.286497e-05,0.039953779999999994,31.60777,0.02922231,-0.001760489,-0.002843483,6.270746e-06,3.920649e-05
73,1606836000,1.144435,1.144456,0.008686929,-1.0853480999999998,2.0797770000000004,0.9308305000000001,1.773654,1.475521,0.008985682,0.4765830999999999,2.3316250000000002e-05,1.3745826e-06,1.5921539e-06,2.2982054000000004e-06,3.6874569999999997e-06,5.378371000000001e-06,8.706843e-06,1.6512604e-05,0.3705982,0.2011848,0.00038647799999999994,99.03329,85.32435000000001,3.801129999999999e-05,6.315758,0.015804690000000003,12.48316,0.00195799406,0.000178648775,0.028226030000000003,32.83017,0.00195799406,0.000178648775,0.006809395,39.460736000000004,0.00195799406,0.000178648775,0.003022458,39.473855,0.00195799406,0.000178648775,0.005010457,1.0039496e-05,3.2157510000000006e-05,-0.06956114999999999,33.847339999999996,0.027730350000000004,-0.0018942229999999998,-0.0028979859999999995,5.827766000000001e-06,3.471768e-05
73,1606836600,1.073391,1.073413,0.004395872,-1.0874235,1.994424,0.9026846,1.7164650000000001,1.414917,0.007290942,0.44596610000000003,2.374022e-05,1.7977540000000002e-06,1.9955112e-06,2.5679686e-06,3.7763026000000003e-06,5.153296e-06,8.222057999999999e-06,1.6083119e-05,0.3432435,0.19306570000000003,0.00034210690000000004,100.26905000000001,86.10643000000002,3.5603790000000006e-05,6.398829999999999,0.01523541,11.499970000000001,0.00328781794,0.00030054610399999997,0.027095169999999995,30.236119999999993,0.00328781794,0.00030054610399999997,0.007361078,60.154736,0.00328781794,0.00030054610399999997,0.0035533229999999997,61.062851,0.00328781794,0.00030054610399999997,0.004876551999999999,6.5792850000000005e-06,2.864122e-05,-0.13972905,47.003499999999995,0.028221950000000003,-0.002233363,-0.0030466430000000004,4.790922e-06,3.745839e-05
73,1606837200,1.10324,1.103261,0.011917758,-1.0769550000000003,2.0464010000000004,0.9102421000000002,1.749504,1.4377920000000002,0.008088906,0.45930099999999996,2.294233e-05,8.265956999999999e-07,9.637183e-07,1.4844637000000002e-06,2.6141422e-06,3.747035e-06,6.200076e-06,1.252768e-05,0.3513731,0.199862,0.00035171799999999994,103.74395,86.39739999999999,3.660754e-05,6.348752,0.015472459999999999,11.925809999999998,0.00428374312,0.000391809867,0.027442719999999997,31.008940000000003,0.00428374312,0.000391809867,0.007711045,74.87781500000001,0.00428374312,0.000391809867,0.0039062019999999997,76.25495099999998,0.00428374312,0.000391809867,0.004950024,8.036914000000001e-06,3.0300779999999998e-05,0.03373881,45.68222,0.029888019999999998,-0.00214177,-0.00298682,5.480159e-06,3.837696e-05
73,1606837800,1.0361433999999998,1.0361645000000002,0.019753029999999998,-0.9931908,1.9910480000000004,0.8724351,1.724415,1.424068,0.007952622000000001,0.4300662,2.4455469999999998e-05,2.4154278999999998e-06,2.5483772000000003e-06,3.3386066000000003e-06,4.4928378e-06,6.011124000000001e-06,9.745297000000002e-06,1.701744e-05,0.3215502,0.196133,0.0003335968,99.06150000000001,88.00636,3.437119e-05,6.40052,0.01484488,11.16641,0.0020367855699999996,0.0001859499583,0.026253540000000002,28.38841,0.0020367855699999996,0.0001859499583,0.006688207999999999,39.819174200000006,0.0020367855699999996,0.0001859499583,0.0028342991,39.91431235,0.0020367855699999996,0.0001859499583,0.004890219999999999,6.014883e-06,2.8337269999999995e-05,0.10495150199999999,45.22389,0.025710140000000003,-0.002329676,-0.0031096220000000003,4.178022e-06,3.0495560000000004e-05
73,1606838400,1.0323841,1.0324073000000002,0.009196738,-1.0228959,1.9862870000000001,0.8746022,1.7123790000000003,1.405279,0.006319872,0.4264072,2.39527e-05,1.8872758000000002e-06,2.0715909000000002e-06,2.6421739e-06,3.7437259999999997e-06,5.200185999999999e-06,8.059135e-06,1.5340304e-05,0.3207622,0.1950572,0.000327912,96.79001,87.9648,3.426138e-05,6.399693999999999,0.01482694,11.04292,0.0034753805500000005,0.000317711631,0.026084990000000002,28.007060000000003,0.0034753805500000005,0.000317711631,0.007335324,60.658936999999995,0.0034753805500000005,0.000317711631,0.003518813,61.708070299999996,0.0034753805500000005,0.000317711631,0.0048636899999999995,5.890772999999999e-06,2.8046420000000004e-05,-0.028751652000000006,49.98388,0.027399670000000004,-0.0023145910000000004,-0.0030876550000000003,4.5117110000000004e-06,3.538126999999999e-05
73,1606839000,1.0118852999999999,1.0119061999999999,0.009799923,-0.9910629,1.923133,0.858473,1.7047639999999997,1.3956780000000002,0.005810125,0.41759630000000003,2.3093399999999998e-05,1.0108997e-06,1.1012547999999999e-06,1.4516771999999999e-06,2.1797755e-06,3.0004497000000004e-06,4.8799253e-06,9.732954999999998e-06,0.30804869999999995,0.1975443,0.0003237963,103.09959,89.19719,3.360488e-05,6.466406000000001,0.014687910000000002,10.822040000000001,0.00203592504,0.000185755811,0.025718249999999998,27.232300000000002,0.00203592504,0.000185755811,0.00672572,36.912077,0.00203592504,0.000185755811,0.002860248,37.217745,0.00203592504,0.000185755811,0.004813738,4.2392049999999995e-06,2.6516209999999996e-05,-0.24831062999999998,59.36756600000001,0.0243268256,-0.0024394869999999997,-0.0031521059999999996,3.5145410000000005e-06,3.3091509999999994e-05
73,1606839600,0.9739406999999998,0.9739626000000001,0.007821178,-0.9404752000000001,1.8537569999999999,0.8342118,1.682453,1.3766659999999997,0.006968813,0.40144719999999995,2.2683810000000002e-05,5.264647e-07,5.3711951e-07,7.70583e-07,1.2276929e-06,1.6701174000000003e-06,3.0147301e-06,7.150276000000001e-06,0.2916406,0.19502509999999998,0.0002887784,101.20651000000001,90.23796,3.2342310000000004e-05,6.07747,0.014241910000000002,10.264261999999999,0.0034558983000000003,0.00031591614000000005,0.02492525,25.57234,0.0034558983000000003,0.00031591614000000005,0.007267747000000001,60.48312,0.0034558983000000003,0.00031591614000000005,0.003373248,61.52981000000001,0.0034558983000000003,0.00031591614000000005,0.0047221220000000005,1.6321819999999997e-06,2.3910660000000002e-05,0.039615073,2.7432450000000004,0.0028916305000000002,-0.002713508,-0.003304998,8.756001999999999e-07,1.2290719999999999e-05
73,1606840200,0.9949916999999999,0.9950132,0.012021408,-0.8428426,1.9067829999999997,0.8330546999999999,1.728578,1.426241,0.007433819999999999,0.4100575,2.334743e-05,9.813791e-07,9.788335199999999e-07,1.1887360999999998e-06,1.6437087e-06,1.9888651e-06,3.1311439999999995e-06,6.715656999999999e-06,0.3013767,0.19580559999999997,0.0002929361,106.80571,89.5197,3.30378e-05,6.102416999999999,0.014215330000000002,10.490444,0.0021233051299999997,0.0001938275903,0.02535195,26.436169999999997,0.0021233051299999997,0.0001938275903,0.006883816999999999,41.214166,0.0021233051299999997,0.0001938275903,0.00301422,41.4499233,0.0021233051299999997,0.0001938275903,0.004730508999999999,1.675119e-06,2.4018770000000002e-05,0.0005668150000000007,5.136227,0.0044823408,-0.0027348529999999998,-0.0033308640000000002,9.445418e-07,1.267131e-05
73,1606840800,1.0009815,1.0010037999999999,0.01378386,-0.8581906,1.8972190000000002,0.8373726999999999,1.729628,1.432093,0.006898361,0.4140924000000001,2.427314e-05,2.1439066e-06,2.27576165e-06,2.6574091e-06,3.365224e-06,4.2720169e-06,6.4228403e-06,1.2485547999999997e-05,0.3065585,0.1935951,0.0002954721,100.34601999999998,88.89388,3.3231419999999996e-05,6.275131999999999,0.01422538,10.503359999999999,0.0015647713300000002,0.000142590105,0.02551521,26.75226,0.0015647713300000002,0.000142590105,0.006527725,32.571448,0.0015647713300000002,0.000142590105,0.002651743,32.53042000000001,0.0015647713300000002,0.000142590105,0.004719687,1.6168979999999999e-06,2.3872679999999998e-05,0.020810459,2.998989,0.0027391392,-0.002748079,-0.0033436470000000004,8.948533000000001e-07,1.186725e-05
73,1606841400,0.9515993,0.9516212000000002,0.010036988,-0.8805805000000001,1.84622,0.8148574,1.6815149999999999,1.3826690000000001,0.005614835,0.38868679999999994,2.3549759999999997e-05,1.4643182999999998e-06,1.5325546e-06,1.8007405999999997e-06,2.3925926e-06,3.0114867e-06,4.7038428e-06,9.296791000000001e-06,0.2833922,0.19208889999999998,0.0002759829,102.40674999999999,90.52189,3.1597500000000004e-05,6.3164739999999995,0.013977140000000002,10.071594999999999,0.0025113068200000007,0.0002293950416,0.02464475,24.977749999999997,0.0025113068200000007,0.0002293950416,0.007090507,47.627941,0.0025113068200000007,0.0002293950416,0.003192623,48.082245,0.0025113068200000007,0.0002293950416,0.00472333,1.603569e-06,2.3873629999999997e-05,0.125048512,8.00489,0.0062008068,-0.002778676,-0.0033582219999999997,9.410097e-07,1.3356760000000001e-05
73,1606842000,0.9208699000000001,0.9208921999999999,0.007946581,-0.8306996999999999,1.8254449999999998,0.7934952,1.6611900000000002,1.369805,0.006196591,0.37911490000000003,2.391628e-05,1.8272834999999997e-06,1.9282185e-06,2.321201e-06,3.0169375e-06,3.881773e-06,6.0077893e-06,1.1845406e-05,0.2691178,0.1909836,0.00029354390000000004,97.38889999999999,91.65894999999999,3.056867e-05,6.339957,0.01366733,9.681751000000002,0.0025850056099999998,0.00023615002039999996,0.02392907,23.52971,0.0025850056099999998,0.00023615002039999996,0.0070469619999999995,47.192681,0.0025850056099999998,0.00023615002039999996,0.0031404918,47.732183400000004,0.0025850056099999998,0.00023615002039999996,0.004715658,1.51639e-06,2.374571e-05,0.01711252,2.428479,0.0011083106,-0.00280546,-0.003383042,8.610745e-07,1.166392e-05
73,1606842600,0.8733626000000001,0.8733850000000001,0.010281158,-0.7871489,1.7958920000000003,0.7655558,1.632349,1.335792,0.006182878,0.3619626,2.340204e-05,1.0924068e-06,1.15634165e-06,1.4019344e-06,1.8838929000000004e-06,2.4282772e-06,3.9204213999999995e-06,7.8889031e-06,0.24872869999999997,0.1876335,0.00029232950000000003,102.88802000000001,93.18928,2.8998570000000002e-05,6.3070889999999995,0.013329080000000002,9.192628000000001,0.0023442413600000002,0.000214048893,0.023002130000000003,21.79494,0.0023442413600000002,0.000214048893,0.00667642,40.716921,0.0023442413600000002,0.000214048893,0.0027462096999999997,41.2506627,0.0023442413600000002,0.000214048893,0.004727263,1.499859e-06,2.383488e-05,0.005146190000000002,3.2353709999999998,0.0024475389000000003,-0.0028298789999999996,-0.0033962619999999997,8.631146000000001e-07,1.18934e-05
73,1606843200,0.8715755,0.871598,0.009877225,-0.7712684000000001,1.788504,0.7622061,1.6324619999999999,1.3470410000000002,0.006978559,0.3596546,2.3024320000000004e-05,6.29318e-07,6.412023499999999e-07,7.998091000000001e-07,1.1347892999999999e-06,1.4047012e-06,2.2674572999999996e-06,4.938465e-06,0.2519189,0.18355590000000002,0.00029570899999999996,109.06028999999998,92.29211000000001,2.89407e-05,6.216773,0.013283310000000001,9.253126,0.0034884662100000004,0.00031897201700000004,0.0232794,22.33306,0.0034884662100000004,0.00031897201700000004,0.007339839000000001,61.292389,0.0034884662100000004,0.00031897201700000004,0.0033833760000000004,62.406227,0.0034884662100000004,0.00031897201700000004,0.004743714,1.5500300000000002e-06,2.4030690000000003e-05,-0.008002170999999997,4.358245,0.0035968247999999996,-0.0028363570000000003,-0.003389364,9.448041000000001e-07,1.280795e-05
73,1606843800,0.8348877,0.83491,0.008383923,-0.8690927,1.729927,0.7560382000000001,1.572797,1.2858779999999999,0.006044285,0.34341869999999997,2.2906510000000002e-05,5.97382e-07,6.2395835e-07,8.108114999999999e-07,1.2058208e-06,1.5994441000000002e-06,2.7343242e-06,6.0128049e-06,0.23604029999999998,0.18110169999999998,0.00028076330000000006,105.74985,93.58415,2.771314e-05,6.17971,0.013152349999999998,8.825364000000002,0.0022806029100000003,0.00020821532400000002,0.022483430000000002,20.83654,0.0022806029100000003,0.00020821532400000002,0.006779789999999999,40.08148,0.0022806029100000003,0.00020821532400000002,0.0028387271,40.5557867,0.0022806029100000003,0.00020821532400000002,0.004718255,1.4097800000000001e-06,2.366705e-05,0.029568392,2.250967,0.0009189922999999999,-0.00284819,-0.0034117020000000004,9.017160999999999e-07,1.192352e-05
73,1606844400,0.8836827999999999,0.8837050999999999,0.009858802,-0.8416077,1.7723399999999998,0.7811266,1.6287870000000002,1.338229,0.007523016,0.3612458,2.295022e-05,8.70293e-07,9.1735972e-07,1.1363998000000002e-06,1.5956095000000002e-06,2.0714361e-06,3.3182331e-06,7.231556e-06,0.26303590000000004,0.1784805,0.0003028991,106.97041999999999,90.63174000000001,2.9314489999999998e-05,6.473464,0.01344167,9.337033,0.00132898301,0.000121039917,0.02370861,23.14647,0.00132898301,0.000121039917,0.00640244,27.568177,0.00132898301,0.000121039917,0.002465553,27.426723700000004,0.00132898301,0.000121039917,0.0047164929999999996,1.5249469999999998e-06,2.3753500000000002e-05,0.009992339999999997,4.390103000000001,0.0031503469,-0.002822552,-0.0033757870000000003,8.864256999999999e-07,1.246026e-05
73,1606845000,0.9723268,0.9723484999999998,0.01260212,-0.6927958999999999,1.9020949999999999,0.8031271,1.7454899999999998,1.4482570000000001,0.009186228000000001,0.4000424000000001,2.341094e-05,1.3191535999999998e-06,1.3499148200000002e-06,1.6182947999999998e-06,2.1816236e-06,2.6690977500000005e-06,4.175427399999999e-06,8.468888200000002e-06,0.3048786,0.1809883,0.00026815680000000003,99.98658,87.49389,3.230583e-05,5.743048,0.013760449999999999,10.233261,0.0022508564,0.00020545386,0.025516539999999997,26.811469999999996,0.0022508564,0.00020545386,0.0070898359999999995,41.36319,0.0022508564,0.00020545386,0.003223376,41.87442,0.0022508564,0.00020545386,0.004707106,1.605402e-06,2.374068e-05,0.027153836999999997,4.544141,0.003585729399999999,-0.002771764,-0.003367295,9.597061e-07,1.2811270000000002e-05
73,1606845600,0.8179468999999999,0.8179688,0.012241704000000003,-0.8170797999999999,1.7196909999999999,0.7405272999999999,1.577561,1.283475,0.006874151999999999,0.3390263,2.401424e-05,2.0957656999999996e-06,2.1778664e-06,2.5033965e-06,3.0043183e-06,3.652674300000001e-06,5.2626064e-06,9.263092000000001e-06,0.2274482,0.1812192,0.00027371489999999997,104.80421999999999,94.50437000000001,2.7140249999999998e-05,6.355392,0.01302863,8.647907,0.0018110823299999999,0.00016521203999999998,0.02203021,19.97559,0.0018110823299999999,0.00016521203999999998,0.006375940999999999,31.359526,0.0018110823299999999,0.00016521203999999998,0.0024550759999999996,31.665399999999995,0.0018110823299999999,0.00016521203999999998,0.004687043,1.435863e-06,2.338698e-05,-0.027795200000000003,8.665657999999999,0.0036000910000000006,-0.0028232929999999997,-0.0033835469999999998,9.359263000000001e-07,1.297869e-05
73,1606846200,0.8185654,0.8185874,0.01429228,-0.7099584999999999,1.746951,0.7288596,1.603698,1.309201,0.0058426680000000005,0.336766,2.318522e-05,1.2353177999999998e-06,1.3102881e-06,1.6163561000000003e-06,2.1555565000000003e-06,2.8872536e-06,4.7011137e-06,9.577694e-06,0.2291534,0.17982340000000002,0.00028043100000000004,98.93717,94.11881000000001,2.716266e-05,6.444594,0.012862030000000002,8.633821,0.0023772247099999996,0.00021707948,0.02209997,20.0847,0.0023772247099999996,0.00021707948,0.006877446,42.82974,0.0023772247099999996,0.00021707948,0.002948814,43.305358,0.0023772247099999996,0.00021707948,0.0046900530000000005,1.418821e-06,2.341033e-05,0.01957948,2.399775,0.0010945497,-0.002824107,-0.003389992,8.612358e-07,1.183114e-05
73,1606846800,0.9163857999999999,0.9164076000000001,0.02148249,-0.6862783,1.854619,0.7780552000000001,1.708964,1.4079789999999999,0.007430421000000001,0.3762199,2.287845e-05,1.0298162e-06,1.08186851e-06,1.3319539000000002e-06,1.8179969e-06,2.3733935999999997e-06,3.8467946e-06,8.0811049e-06,0.2766771,0.1812185,0.0002735736,105.61419000000001,89.79447,3.042519e-05,6.224847,0.01350123,9.663053000000001,0.0020874844700000004,0.000190502597,0.024295539999999997,24.31721,0.0020874844700000004,0.000190502597,0.006680311999999999,37.468748000000005,0.0020874844700000004,0.000190502597,0.002794805,37.734539,0.0020874844700000004,0.000190502597,0.004697781,1.5849790000000001e-06,2.3637600000000002e-05,0.028312362999999997,3.741127000000001,0.0025477411999999997,-0.0027610320000000005,-0.0033355459999999996,8.649114e-07,1.177145e-05
73,1606847400,0.8655825,0.8656046,0.0217059,-0.6811779,1.8091310000000003,0.7501562,1.6657629999999997,1.354694,0.006630499000000001,0.3555322,2.304952e-05,1.0237260000000001e-06,1.0699244e-06,1.3206704e-06,1.7884784000000001e-06,2.3800802e-06,3.8525455e-06,8.063021e-06,0.2466905,0.1858089,0.0002685338,103.33689,93.11737,2.8744149999999998e-05,6.471248,0.01323405,9.136953,0.0023432254999999997,0.00021393853299999998,0.022938220000000002,21.68264,0.0023432254999999997,0.00021393853299999998,0.007124533,44.982831,0.0023432254999999997,0.00021393853299999998,0.0032128819999999994,45.389839,0.0023432254999999997,0.00021393853299999998,0.004704829999999999,1.497082e-06,2.362557e-05,0.014207593000000001,2.3678440000000007,0.0009327073,-0.00279818,-0.003364029,8.685278000000001e-07,1.1816619999999998e-05
73,1606848000,0.8778044444444445,0.877827,0.0230428,-0.6276251111111111,1.8347244444444444,0.7492642222222222,1.6778444444444445,1.3835,0.0052913422222222225,0.36010322222222224,2.3260944444444445e-05,9.275157777777779e-07,9.762154444444443e-07,1.2246433333333334e-06,1.6740085555555556e-06,2.160361e-06,3.528649555555555e-06,7.599224444444445e-06,0.2541081111111111,0.18450044444444444,0.00026930366666666673,103.33856666666667,92.25126666666667,2.914782222222222e-05,6.461933333333333,0.013220766666666668,9.29797222222222,0.0020421984333333335,0.00018639732599999998,0.02337882222222222,22.545666666666666,0.0020421984333333335,0.00018639732599999998,0.006490733333333333,34.959564444444446,0.0020421984333333335,0.00018639732599999998,0.0025405855555555553,35.35960444444444,0.0020421984333333335,0.00018639732599999998,0.004729809999999999,1.517758888888889e-06,2.3865266666666667e-05,-0.027023694444444437,9.850635555555554,0.004468603666666666,-0.002861196666666667,-0.0034331722222222224,1.0422346666666667e-06,1.3660233333333334e-05
73,1606848600,0.8327769,0.8327991000000001,0.026486970000000006,-0.5976378,1.815354,0.7270457,1.6512879999999999,1.339429,0.007276780000000001,0.34762940000000003,2.279138e-05,4.284272e-07,4.2910684e-07,5.828219e-07,9.038426000000001e-07,1.1567668999999999e-06,2.0500938999999995e-06,4.6060460000000005e-06,0.23431889999999997,0.1817895,0.0002671064,110.57664,93.88862999999999,2.7648150000000004e-05,6.3414399999999995,0.01295673,8.82658,0.00253435675,0.00023151442500000003,0.02240676,20.6946,0.00253435675,0.00023151442500000003,0.007027098000000001,45.647042,0.00253435675,0.00023151442500000003,0.0030423797,46.208195,0.00253435675,0.00023151442500000003,0.004740876,1.412086e-06,2.3877719999999998e-05,-0.010082392,3.130612,0.0020746954000000002,-0.0029318649999999996,-0.0034840859999999995,8.455818e-07,1.212658e-05
73,1606849200,0.7313532,0.7313757000000001,0.029859150000000008,-0.39928210000000003,1.759553,0.6678523999999999,1.573547,1.293301,0.006275846,0.3081134,2.341476e-05,8.920250400000001e-07,9.5745327e-07,1.1388484e-06,1.4494976000000002e-06,1.8153625e-06,2.8231228999999998e-06,5.5059494e-06,0.1857083,0.17969249999999998,0.0002585962,108.14307000000001,99.33098000000001,2.426667e-05,6.115353000000001,0.01221072,7.752284,0.00147483365,0.000134357958,0.019926990000000002,16.338649999999998,0.00147483365,0.000134357958,0.0064388710000000005,27.864728000000003,0.00147483365,0.000134357958,0.002407284,27.850474000000002,0.00147483365,0.000134357958,0.004749552999999999,1.318384e-06,2.385856e-05,0.006127440000000001,10.240631,0.0036838954,-0.003053952,-0.003597284,1.0804083999999998e-06,1.400265e-05
73,1606849800,0.7789211999999999,0.7789434999999999,0.02893399,-0.5436780999999999,1.749689,0.6998066999999999,1.6092499999999998,1.301666,0.007539225999999999,0.3218947,2.327316e-05,9.183551100000002e-07,9.730677499999997e-07,1.1953782e-06,1.6238499000000002e-06,2.1255908e-06,3.3961118000000004e-06,6.9900347e-06,0.20704019999999995,0.1821295,0.0002688333,105.53267000000001,97.05156000000001,2.5838019999999997e-05,6.291216999999999,0.01260975,8.259139999999999,0.00159880547,0.000145774772,0.021009359999999998,18.20033,0.00159880547,0.000145774772,0.006586811,31.945093999999994,0.00159880547,0.000145774772,0.0025975767,31.9055546,0.00159880547,0.000145774772,0.004735578,1.3668249999999998e-06,2.37818e-05,-0.0417369463,4.6694130000000005,0.0025293484,-0.0029587430000000007,-0.003514573,9.089846000000001e-07,1.245076e-05
73,1606850400,0.8512655,0.8512878,0.01740108,-0.6603258999999999,1.7916159999999999,0.7390665999999999,1.6460369999999998,1.35428,0.005722258,0.3500213,2.354231e-05,1.1585238e-06,1.2261294000000001e-06,1.4924979000000001e-06,2.021216e-06,2.6082166e-06,4.1591742999999994e-06,8.617103e-06,0.24609539999999996,0.17922639999999998,0.0002812714,104.64337,92.26629999999999,2.8233989999999997e-05,6.4929190000000006,0.01302567,9.016606,0.0013919542800000001,0.000126868013,0.022977130000000002,21.698140000000002,0.0013919542800000001,0.000126868013,0.006471008,29.1124213,0.0013919542800000001,0.000126868013,0.0024985076000000003,28.938778970000005,0.0013919542800000001,0.000126868013,0.004731568,1.401811e-06,2.3785280000000003e-05,-0.007122897000000001,2.706944,0.0008261620000000001,-0.002914797,-0.003477052,8.637621e-07,1.1736980000000002e-05
73,1606851000,0.839621,0.8396433,0.013516400000000001,-0.6695133,1.7903779999999998,0.7367592000000001,1.6388749999999999,1.334255,0.0073442889999999995,0.34862000000000004,2.3514179999999998e-05,1.2090944e-06,1.28824365e-06,1.536072e-06,1.9855748999999997e-06,2.500105e-06,3.8648215e-06,7.7169527e-06,0.2379365,0.18159949999999997,0.00025185929999999994,104.16066000000001,93.41772,2.7886689999999998e-05,5.98652,0.013027939999999998,8.876946,0.0028447484,0.00025989976999999997,0.02257454,21.00948,0.0028447484,0.00025989976999999997,0.007154745,49.180186,0.0028447484,0.00025989976999999997,0.0031928359999999997,49.99365400000001,0.0028447484,0.00025989976999999997,0.004735080000000001,1.4020470000000001e-06,2.382e-05,0.00575316,2.6084330000000002,0.0006151544000000001,-0.0029123490000000003,-0.0034801470000000003,9.194173e-07,1.223064e-05
73,1606851600,0.8490458000000002,0.8490681,0.01482516,-0.6395334,1.796981,0.7390323,1.654775,1.3509049999999998,0.005780413999999999,0.35031880000000004,2.3043090000000002e-05,7.253992e-07,7.597201e-07,9.708831e-07,1.3930829e-06,1.8331789e-06,3.0986085e-06,6.689921000000001e-06,0.2435875,0.18066089999999999,0.00025574880000000003,104.00220000000002,92.71652,2.817685e-05,6.299448,0.01304352,8.939104,0.00246017785,0.00022470787570000005,0.02279167,21.382379999999998,0.00246017785,0.00022470787570000005,0.006888191,44.579324,0.00246017785,0.00022470787570000005,0.002943614,45.145169,0.00246017785,0.00022470787570000005,0.004724308,1.413581e-06,2.372646e-05,0.0193364532,2.768116,0.0015040036999999997,-0.0028991909999999997,-0.00346804,8.472795000000001e-07,1.16024e-05
73,1606852200,0.8354942,0.8355167,0.013374569999999999,-0.5788730999999999,1.7954050000000001,0.7234564,1.6541000000000001,1.3531540000000002,0.006078527,0.3442697,2.3802389999999997e-05,1.4551492e-06,1.5355847999999997e-06,1.8407606000000002e-06,2.3722744e-06,3.0586116e-06,4.7112365e-06,9.307827000000001e-06,0.23936140000000003,0.178097,0.0002581014,103.23420000000002,92.80832999999998,2.7729719999999998e-05,6.315772999999999,0.012879069999999998,8.813806,0.0032384577999999995,0.00029598725,0.022592140000000004,21.007689999999997,0.0032384577999999995,0.00029598725,0.007209210000000001,54.569233,0.0032384577999999995,0.00029598725,0.003259211,55.551258000000004,0.0032384577999999995,0.00029598725,0.004742738,1.422193e-06,2.391058e-05,0.0130306051,2.607066,0.0011556951,-0.002916296,-0.003462975,8.775268e-07,1.2000309999999998e-05
73,1606852800,0.8096562,0.8096786,0.011061277,-0.6693650000000001,1.7542280000000001,0.7221523,1.6060609999999997,1.308602,0.006611831,0.3368588,2.330083e-05,8.975401000000002e-07,9.5142072e-07,1.1413402000000001e-06,1.5219492e-06,1.9105682999999998e-06,2.9754263e-06,6.0649497000000004e-06,0.226987,0.1775787,0.00023612380000000003,104.49748,94.03343,2.690659e-05,5.792175,0.012812609999999999,8.610699,0.00208123742,0.00018992252299999997,0.022104209999999996,20.14558,0.00208123742,0.00018992252299999997,0.006591230000000001,35.83639,0.00208123742,0.00018992252299999997,0.0026031569999999996,36.250915000000006,0.00208123742,0.00018992252299999997,0.004738976000000001,1.480459e-06,2.391709e-05,-0.0034050099999999956,9.462997,0.0037186651,-0.0028911469999999997,-0.003434528,9.816118e-07,1.3554420000000002e-05
73,1606853400,0.8766392999999999,0.8766621000000001,0.008438804999999999,-0.7105811,1.809017,0.7624155,1.659615,1.362568,0.007251512999999999,0.3618365,2.367446e-05,1.1975467e-06,1.2457825699999999e-06,1.5316352e-06,2.0371926e-06,2.6537045e-06,4.1766238e-06,8.422562599999999e-06,0.25943930000000004,0.17860349999999997,0.00025159860000000005,103.42439999999999,90.92957999999999,2.9100000000000003e-05,6.144826,0.01327314,9.244274999999998,0.0010838999700000002,9.851223799999999e-05,0.02351245,22.73462,0.0010838999700000002,9.851223799999999e-05,0.006260665,22.172919,0.0010838999700000002,9.851223799999999e-05,0.0023043269999999997,21.832702,0.0010838999700000002,9.851223799999999e-05,0.004746231,1.503884e-06,2.401945e-05,0.034525190000000004,3.2418789999999995,0.0020264315,-0.002846355,-0.003418483,8.944555000000001e-07,1.239445e-05
73,1606854000,0.8426116,0.8426341,0.009180251000000002,-0.6699207,1.799005,0.7370747,1.629611,1.3403300000000002,0.008083467,0.35108369999999994,2.3642519999999997e-05,1.3102266e-06,1.4213215000000001e-06,1.731138e-06,2.3294605e-06,3.100843e-06,4.9969168e-06,1.0322564e-05,0.23984830000000001,0.18114429999999998,0.00028375079999999993,100.73420000000002,93.2012,2.794504e-05,6.532265,0.01298365,8.881388,0.00137908305,0.000125571368,0.02261569,21.03241,0.00137908305,0.000125571368,0.006479309,27.867904,0.00137908305,0.000125571368,0.002500384,27.735632000000003,0.00137908305,0.000125571368,0.0047336389999999996,1.43835e-06,2.3834910000000002e-05,0.0375514,3.6733219999999998,0.0020514127999999997,-0.002889154,-0.003455403,9.275471e-07,1.249069e-05
73,1606854600,0.8502131,0.8502356000000001,0.011476583999999998,-0.7160918,1.779203,0.7473827,1.6329129999999998,1.3348909999999998,0.006195834,0.3509226,2.3325600000000002e-05,9.457803000000001e-07,1.00704344e-06,1.2125486000000002e-06,1.6436652e-06,2.1525787e-06,3.4203440999999996e-06,7.1366955e-06,0.24484100000000003,0.1799653,0.0002701579,107.16364000000002,92.48253,2.8225100000000002e-05,6.223298999999999,0.013102260000000001,9.003435,0.0030262878999999998,0.00027654039,0.022943840000000004,21.67805,0.0030262878999999998,0.00027654039,0.00695338,49.49770099999999,0.0030262878999999998,0.00027654039,0.002998874,50.392405000000004,0.0030262878999999998,0.00027654039,0.004739084,1.420402e-06,2.387323e-05,0.012936884000000001,2.7235509999999996,0.0012979208,-0.0028990970000000002,-0.0034668250000000006,8.299287e-07,1.1663209999999998e-05
73,1606855200,0.8549114,0.8549337999999999,0.01130417,-0.7099489999999999,1.7814889999999999,0.7486788,1.6405249999999998,1.342579,0.006158532,0.3504073,2.397943e-05,1.6685109000000001e-06,1.7903988000000004e-06,2.1463656e-06,2.8461719999999996e-06,3.79022e-06,5.987507e-06,1.2058225000000001e-05,0.2472823,0.1798414,0.00029641089999999997,96.28384,92.24297,2.8354540000000004e-05,6.50808,0.013111059999999999,9.025431000000001,0.0015277866000000004,0.00013917725000000002,0.02301395,21.79323,0.0015277866000000004,0.00013917725000000002,0.006642982,29.79755,0.0015277866000000004,0.00013917725000000002,0.002681338,29.859029999999997,0.0015277866000000004,0.00013917725000000002,0.00474367,1.408505e-06,2.39072e-05,0.024841739999999994,2.63238,0.0007982932000000001,-0.0029219660000000002,-0.0034810459999999994,8.406034e-07,1.1715119999999999e-05
73,1606855800,0.8801884000000001,0.8802109999999999,0.010369112,-0.711347,1.8062049999999998,0.7633823,1.665165,1.360131,0.007904182,0.3630991,2.399802e-05,1.4830752e-06,1.5602869599999998e-06,1.8605047000000001e-06,2.4229939e-06,3.0288858e-06,4.6250839999999995e-06,9.103827400000001e-06,0.25861999999999996,0.18117550000000002,0.00026736720000000003,101.4202,91.32001999999999,2.9230290000000003e-05,6.210617999999999,0.013330730000000002,9.333605,0.00269230917,0.00024595039799999997,0.02356295,22.85498,0.00269230917,0.00024595039799999997,0.0070672289999999995,48.917496,0.00269230917,0.00024595039799999997,0.0031005110000000002,49.489394000000004,0.00269230917,0.00024595039799999997,0.004741209000000001,1.4284440000000001e-06,2.3903179999999997e-05,0.011501011,2.6539800000000002,0.0009454021,-0.002912351,-0.00347202,8.309923e-07,1.185406e-05
73,1606856400,0.8400348,0.8400573,0.008851808,-0.6760550000000001,1.78003,0.7372771,1.6257859999999997,1.3366159999999998,0.0064231800000000006,0.3472961,2.334064e-05,1.0333613e-06,1.08321834e-06,1.3490438e-06,1.7997618999999998e-06,2.33181431e-06,3.7542724999999996e-06,7.876955300000001e-06,0.23992440000000004,0.1797997,0.0002677126,102.39625000000001,93.03261,2.7880310000000002e-05,6.122596,0.012996589999999999,8.920065000000001,0.00243194407,0.00022207346700000002,0.022700460000000002,21.24212,0.00243194407,0.00022207346700000002,0.0069363129999999995,44.368787000000005,0.00243194407,0.00022207346700000002,0.0029594639999999998,44.740764,0.00243194407,0.00022207346700000002,0.0047384179999999994,1.525459e-06,2.392348e-05,-0.028394927999999993,8.651537,0.004098570899999999,-0.0029239259999999994,-0.00348779,1.1185408e-06,1.403491e-05
73,1606857000,0.8664822000000001,0.8665037,0.006751775,-0.6152187,1.81948,0.7404539000000001,1.6591250000000002,1.3669540000000002,0.009737794999999999,0.36115200000000003,2.339067e-05,1.2196795e-06,1.2950906499999999e-06,1.615592e-06,2.1935572e-06,2.8960727700000002e-06,4.677864499999999e-06,9.5813328e-06,0.2532817,0.17964729999999998,0.0002766388,102.67909999999999,92.10199,2.8752e-05,6.407458,0.013113350000000001,9.203339,0.0024389621,0.00022270295999999998,0.02328556,22.55079,0.0024389621,0.00022270295999999998,0.007080972,44.88802,0.0024389621,0.00022270295999999998,0.0031285770000000004,45.37766800000001,0.0024389621,0.00022270295999999998,0.004729931,1.472082e-06,2.382567e-05,0.04049932,3.462632,0.0025988726,-0.002897741,-0.003464048,8.58885e-07,1.213332e-05
73,1606857600,0.9921553000000001,0.9921763,0.008522228000000001,-0.5472254999999999,1.9458220000000002,0.795449,1.806543,1.490446,0.007887785,0.4107483,2.455065e-05,2.1962903e-06,2.3396149000000003e-06,2.8152724999999997e-06,3.667154100000001e-06,4.8079969e-06,7.489846000000001e-06,1.4973180999999999e-05,0.3136647,0.1820916,0.00027085840000000004,98.07172,86.98394,3.290066e-05,6.495941,0.013933039999999999,10.498727,0.00294070457,0.000268680481,0.025924440000000003,27.73326,0.00294070457,0.000268680481,0.007313222999999999,54.080569000000004,0.00294070457,0.000268680481,0.0034123359999999998,54.750406999999996,0.00294070457,0.000268680481,0.004748399,1.650817e-06,2.417264e-05,0.030116900000000002,3.485829999999999,0.0024042856000000006,-0.0028092580000000002,-0.003409644,9.046875000000002e-07,1.219474e-05
73,1606858200,0.8949757,0.8949984000000001,0.011959764000000001,-0.767826,1.809431,0.7766572,1.663439,1.36598,0.0064054920000000005,0.36726089999999995,2.4416930000000002e-05,1.9011665000000001e-06,1.9962130400000003e-06,2.2819465000000002e-06,2.8905654e-06,3.5640102e-06,5.158015699999999e-06,9.858808e-06,0.2650882,0.18210500000000002,0.0002620831,102.26735999999998,90.87030999999999,2.97165e-05,6.209874000000001,0.013453139999999999,9.481818,0.0011939568200000001,0.00010858455700000001,0.023863989999999998,23.439690000000002,0.0011939568200000001,0.00010858455700000001,0.006496773999999999,23.82601,0.0011939568200000001,0.00010858455700000001,0.002540464,23.711752600000004,0.0011939568200000001,0.00010858455700000001,0.004744163,1.48556e-06,2.3985740000000003e-05,0.021712233000000004,2.8037909999999995,0.0017661196999999996,-0.0028511889999999996,-0.003427322,9.203874e-07,1.209517e-05
73,1606858800,0.9027879000000001,0.9028104000000001,0.006502005,-0.7408583,1.8129570000000002,0.7812105,1.675815,1.3798549999999998,0.005752539,0.37050550000000004,2.3578420000000003e-05,1.2098907e-06,1.25687053e-06,1.5141643999999999e-06,2.0050522e-06,2.4886180000000003e-06,3.9081382999999995e-06,7.856958000000001e-06,0.271677,0.1794658,0.0002267061,103.18409999999999,89.89824000000002,2.997427e-05,6.195932000000001,0.013489039999999999,9.542167,0.00153880839,0.000140192848,0.02412769,23.965880000000002,0.00153880839,0.000140192848,0.006584078,30.672594000000004,0.00153880839,0.000140192848,0.002618492,30.578361,0.00153880839,0.000140192848,0.004749332,1.493061e-06,2.404432e-05,-0.005301321,2.346434,0.0009088945999999999,-0.0028471470000000004,-0.0034278679999999997,8.555764000000002e-07,1.1710460000000001e-05
73,1606859400,0.9540549,0.9540773999999999,0.005082946,-0.7160868,1.88972,0.8015654,1.717927,1.4345299999999999,0.009364883,0.3989652,2.3411960000000003e-05,9.89525e-07,1.0207388399999999e-06,1.2837637e-06,1.8901716e-06,2.4247417e-06,4.0473001e-06,8.896473999999999e-06,0.2990154,0.1777246,0.0002640888,104.39348,87.42864999999999,3.1660200000000006e-05,6.542418,0.01369852,10.036517,0.0017681900000000004,0.00016120264,0.02524252,26.183369999999996,0.0017681900000000004,0.00016120264,0.006644448999999999,33.217341999999995,0.0017681900000000004,0.00016120264,0.00272513,33.312917999999996,0.0017681900000000004,0.00016120264,0.00474846,1.5946320000000002e-06,2.4127830000000002e-05,0.011833465999999997,2.905177,0.0022194633,-0.002792127,-0.003378415,8.608592000000001e-07,1.240809e-05
73,1606860000,0.8735624000000002,0.8735851,0.009834336999999999,-0.6792496000000001,1.8233810000000001,0.7548182999999999,1.662388,1.364404,0.007597576,0.365796,2.316846e-05,5.990548000000001e-07,6.235964200000001e-07,7.901959000000001e-07,1.1362374e-06,1.4252449000000002e-06,2.35996e-06,5.263773e-06,0.25486470000000006,0.18164770000000002,0.00024952739999999996,108.75891000000001,91.77441999999999,2.900956e-05,6.213941,0.013235950000000002,9.24656,0.00276047683,0.00025222809770000007,0.02338647,22.5553,0.00276047683,0.00025222809770000007,0.007101011999999999,48.922539,0.00276047683,0.00025222809770000007,0.0031400990000000004,49.60022299999999,0.00276047683,0.00025222809770000007,0.004756591,1.5210300000000003e-06,2.4125500000000005e-05,0.026884143,8.563171999999998,0.0044463272,-0.0028652210000000003,-0.0034312590000000003,9.159895e-07,1.274212e-05
73,1606860600,0.9307798,0.9308021999999999,0.018181410000000002,-0.7702856,1.839358,0.7946933,1.7066400000000002,1.3937659999999998,0.0056300180000000005,0.38026480000000007,2.404162e-05,1.8203638e-06,1.91233005e-06,2.2752756e-06,2.9977037000000004e-06,3.8577641e-06,5.9735359e-06,1.1746235900000001e-05,0.2798848,0.1851717,0.00029720059999999995,101.55277,89.97426,3.088202e-05,6.397526999999999,0.01374746,9.875117,0.0030436164000000004,0.00027812411000000003,0.0245331,24.81787,0.0030436164000000004,0.00027812411000000003,0.007395499,56.569304999999986,0.0030436164000000004,0.00027812411000000003,0.0034818360000000007,57.272302,0.0030436164000000004,0.00027812411000000003,0.0047340920000000005,1.5750210000000001e-06,2.397089e-05,0.038449989000000004,5.831361,0.0028646197,-0.00276933,-0.003355666,9.71359e-07,1.323586e-05
73,1606861200,0.9578421,0.9578643000000001,0.014717126000000002,-0.8667640000000001,1.9446970000000001,0.8186081999999999,1.689575,1.395417,0.008235323999999999,0.39864920000000004,2.3612120000000002e-05,1.2941032e-06,1.3669381e-06,1.6990098e-06,2.3113393e-06,3.0130600999999997e-06,4.735491e-06,9.427818e-06,0.29128049999999994,0.18732469999999998,0.0002829776,102.92401,89.28929000000001,3.179812999999999e-05,6.297749999999999,0.01404437,10.208785,0.00121892804,0.000110877604,0.024980419999999996,25.666629999999998,0.00121892804,0.000110877604,0.006341967,24.875028,0.00121892804,0.000110877604,0.002438244,24.760940299999998,0.00121892804,0.000110877604,0.004797921,3.344365e-06,2.571015e-05,0.06586119000000001,38.547073000000005,0.0186093562,-0.00260651,-0.003282148,2.5936937000000003e-06,2.4774170000000002e-05
73,1606861800,1.0021427,1.0021641,0.016109485,-0.7998758999999999,2.0246869999999997,0.8338931,1.75599,1.448968,0.006176278,0.41479030000000006,2.311204e-05,9.870082999999999e-07,1.0644495000000001e-06,1.445963e-06,2.2151253999999996e-06,3.0299323999999998e-06,4.973192e-06,1.0060333e-05,0.3128425,0.18790619999999997,0.0002959504,103.23760999999999,87.63416000000001,3.325443e-05,6.473767,0.014278660000000002,10.721020000000001,0.0016551591,0.00015085682,0.02589282,27.5796,0.0016551591,0.00015085682,0.006405991,30.43828,0.0016551591,0.00015085682,0.00253724,30.571837,0.0016551591,0.00015085682,0.004809734,4.3081389999999995e-06,2.653771e-05,-0.09191521999999999,93.80745,0.03106352,-0.0025352969999999997,-0.003230335,4.0886719999999996e-06,3.7873050000000005e-05
73,1606862400,1.2782059999999997,1.2782300000000002,0.02424468,-0.9353133,2.217144,0.9686047999999999,1.9277460000000002,1.621587,0.014141054,0.541771,2.4835550000000003e-05,2.6737105e-06,2.8211195e-06,3.4807394999999993e-06,4.921969e-06,6.423028000000001e-06,9.875349000000001e-06,1.9064997e-05,0.4467286,0.19196490000000002,0.00035251530000000007,96.1224,80.72140999999999,4.24237e-05,6.538767,0.01614768,13.579410000000001,0.00114338567,0.000103964584,0.030753359999999997,39.238099999999996,0.00114338567,0.000103964584,0.0063744660000000005,25.974233000000005,0.00114338567,0.000103964584,0.0025873180000000003,25.573902,0.00114338567,0.000103964584,0.004864703,5.564155e-06,2.8014849999999998e-05,0.18469669,47.848276999999996,0.026557394999999994,-0.0021062,-0.002920474,3.7977015e-06,3.232491e-05
73,1606863000,1.526211,1.526232,0.02017523,-0.9764163,2.315733,1.0741730000000003,2.109928,1.7884660000000001,0.010625599,0.6268484000000001,2.472762e-05,2.7828301999999997e-06,2.8812742e-06,3.4455955e-06,4.7400458999999996e-06,5.806938100000001e-06,8.600508e-06,1.7368666e-05,0.5780881,0.18462220000000001,0.00034130650000000005,97.76342,74.36181,5.070354e-05,6.1457180000000005,0.01760198,16.13165,0.0020458267,0.00018661142,0.0351934,50.96294,0.0020458267,0.00018661142,0.007048917,43.77359,0.0020458267,0.00018661142,0.0033587260000000002,43.85239000000001,0.0020458267,0.00018661142,0.004780391,4.030660999999999e-06,2.636988e-05,-0.03272703249999999,40.644279,0.021411166000000002,-0.0019590740000000003,-0.0027417630000000004,2.5508445000000003e-06,2.685028e-05
73,1606863600,1.5357660000000002,1.5357869999999998,0.014923249999999999,-1.0244925999999999,2.337409,1.088879,2.0979639999999997,1.7752290000000002,0.017380726,0.6456331,2.3669250000000004e-05,1.559627e-06,1.5652201e-06,2.0544427e-06,3.3121304999999997e-06,4.2237436000000005e-06,6.7940418e-06,1.4080099000000002e-05,0.5775269,0.1900037,0.0003139853,99.31577999999999,74.87251,5.101843e-05,6.330501999999999,0.01788002,16.39235,0.0025789586,0.00023548196500000002,0.035240129999999995,51.18386,0.0025789586,0.00023548196500000002,0.007160883,50.419,0.0025789586,0.00023548196500000002,0.0034860249999999994,50.8509,0.0025789586,0.00023548196500000002,0.004829237,5.428543e-06,2.7686100000000006e-05,0.0028995165,23.076750399999998,0.018729749999999996,-0.001819401,-0.002656175,3.1665386e-06,2.5363790000000002e-05
73,1606864200,1.9026909999999997,1.9027150000000002,0.010941705999999999,-1.2167059999999998,2.5165529999999996,1.237133,2.234055,1.927483,0.014372985,0.7851093,2.4907679999999997e-05,2.8809808e-06,3.0361833999999998e-06,3.9761925000000005e-06,6.015031999999999e-06,8.031833e-06,1.3142646999999999e-05,2.7070705000000005e-05,0.7606087,0.1903259,0.00033961250000000005,90.30833,70.08779999999999,6.319619e-05,6.280416,0.02034726,20.22858,0.0038570222200000003,0.00035260101599999996,0.04043278,67.15269,0.0038570222200000003,0.00035260101599999996,0.007465308999999999,68.74372,0.0038570222200000003,0.00035260101599999996,0.0039024859999999993,69.95237999999999,0.0038570222200000003,0.00035260101599999996,0.004918506,7.584917e-06,3.0035250000000004e-05,0.06885179999999999,29.49708,0.026364400000000003,-0.0014931599999999999,-0.0024304680000000003,4.16959e-06,3.113028e-05
73,1606864800,1.7469999999999999,1.7470209999999997,0.011038431999999999,-1.244831,2.421185,1.1916769999999999,2.143754,1.827356,0.01288696,0.7276209,2.394514e-05,2.1060484e-06,2.1235200999999997e-06,2.7245720000000002e-06,4.215625e-06,5.6321659999999995e-06,8.377314e-06,1.6658761e-05,0.6844431,0.18866750000000002,0.0003383487,95.89621,71.68782,5.807446999999999e-05,5.985874,0.019704519999999996,18.8171,0.0015149580700000002,0.000137957504,0.03845971,60.85934999999999,0.0015149580700000002,0.000137957504,0.006590828,32.494911,0.0015149580700000002,0.000137957504,0.0029749819999999997,32.379208999999996,0.0015149580700000002,0.000137957504,0.004911309,7.5195909999999995e-06,2.9894319999999997e-05,-0.053007941,30.94633,0.027533590000000004,-0.001553387,-0.0024682470000000002,4.631578e-06,3.632043000000001e-05
73,1606865400,1.727828,1.72785,0.014975129999999998,-1.2038570000000002,2.4708379999999996,1.1799699999999997,2.14619,1.839844,0.010601263,0.7150137,2.5021720000000003e-05,3.1656491e-06,3.3829396e-06,4.4690106e-06,6.744016000000001e-06,9.35494e-06,1.4483697999999998e-05,2.8252674000000004e-05,0.6745916,0.1888226,0.00042233920000000005,92.11114,71.96756,5.737057e-05,6.506621000000001,0.019356009999999996,18.495600000000003,0.0037931382,0.00034675332,0.037936250000000005,59.162479999999995,0.0037931382,0.00034675332,0.007476994000000001,67.697938,0.0037931382,0.00034675332,0.0039045969999999992,68.76566599999998,0.0037931382,0.00034675332,0.0050307730000000005,1.0995475e-05,3.3280779999999993e-05,0.08704517999999999,29.785800000000002,0.03076473,-0.001344744,-0.002436161,6.141155e-06,4.0357930000000004e-05
73,1606866000,2.062911,2.062933,0.006170917200000001,-1.5403470000000001,2.3275820000000005,1.3317549999999998,2.013887,1.8523299999999998,0.024916137999999997,0.8570057,2.437579e-05,2.7471451e-06,2.8993202000000004e-06,3.9259842000000005e-06,6.387373e-06,8.911954999999999e-06,1.4102342e-05,2.7534850000000003e-05,0.8541595000000001,0.176821,0.00040328810000000005,93.76092000000001,67.85837000000001,6.852818999999999e-05,6.461675,0.022596449999999997,22.299840000000003,0.0036964200799999994,0.000337923321,0.042637549999999996,75.70172999999998,0.0036964200799999994,0.000337923321,0.007294271,68.223945,0.0036964200799999994,0.000337923321,0.003765028,69.197349,0.0036964200799999994,0.000337923321,0.005050565,1.2165559999999998e-05,3.440884e-05,0.02842079,26.681760000000004,0.03201643,-0.0011516373,-0.002099109,6.338903e-06,4.111085e-05
73,1606866600,3.302261,3.302283,-0.006021621,-1.3194942,3.1299200000000003,1.6208369999999999,2.732708,2.4574480000000003,0.08281717000000001,1.394585,2.948831e-05,8.146114000000001e-06,8.445390069999999e-06,1.0274648e-05,1.4704616999999996e-05,1.91868531e-05,2.9353763099999994e-05,5.838969899999999e-05,1.490212,0.1603844,0.00037586680000000004,80.28918999999999,59.82704,0.00010972826,6.1848030000000005,0.029151440000000008,35.73377000000001,0.0043711475,0.00039958135999999995,0.056516109999999994,132.7951,0.0043711475,0.00039958135999999995,0.0074577210000000005,76.70130400000002,0.0043711475,0.00039958135999999995,0.004131051,77.966065,0.0043711475,0.00039958135999999995,0.0049919890000000005,1.2139336000000001e-05,3.451298e-05,-0.030636920000000033,87.40246800000001,0.054875777,-0.0005280879,-0.0017518217999999998,1.1365991900000002e-05,0.0001145269
73,1606867200,5.959662,5.9596849999999995,0.0002858840000000004,-1.2103372000000001,4.3092179999999995,2.059843,3.719363,3.143646,0.15173949000000003,2.5577499999999995,2.5271850000000004e-05,3.4082865e-06,3.52704e-06,5.0865334999999995e-06,8.539181000000001e-06,1.1944097e-05,2.063489e-05,4.6400901e-05,1.828276,1.1507163,0.0007354352,99.17227,83.15550999999999,0.0001979541,6.33448,0.03614393,63.327920000000006,0.007190276200000001,0.00065790224,0.06199525,161.9962,0.007190276200000001,0.00065790224,0.009166023,151.46299,0.007190276200000001,0.00065790224,0.0061593379999999994,153.48017000000002,0.007190276200000001,0.00065790224,0.005267122,1.7295361e-05,3.9814669999999995e-05,-0.027357129999999997,27.713503000000003,0.044549679999999994,0.0009493940000000001,-0.00091503827,8.65147e-06,7.590174e-05
73,1606867800,10.85081,10.850840000000002,0.004450109,-1.0442152000000002,6.015747,2.7771250000000003,5.46838,4.427272,0.04784853,4.418978,4.980799e-05,2.8860348e-05,3.0820465000000005e-05,3.6451243999999995e-05,4.6128901e-05,5.911094899999999e-05,8.958137000000001e-05,0.00016704315999999998,2.9854089999999998,2.4383,0.001208735,100.73096000000001,95.05601,0.0003598146,6.556182,0.04874241,115.74510000000001,0.0215127348,0.00197050908,0.08002909,263.95500000000004,0.0215127348,0.00197050908,0.012799211,422.19836999999995,0.0215127348,0.00197050908,0.010054496,430.03547,0.0215127348,0.00197050908,0.005728475,2.648274e-05,4.951793e-05,-0.047683919,7.415286999999999,0.03410669,0.0032431,0.0004729725799999999,7.596927000000001e-06,5.6868549999999996e-05
73,1606868400,13.06184,13.061850000000002,9.308099999999977e-05,-1.0747282999999999,6.341742000000001,3.040679,5.702387,4.775657000000001,0.21476616,5.378449999999999,3.470951e-05,1.4531428000000001e-05,1.54173e-05,2.0355371000000002e-05,3.1251191999999995e-05,4.2966367999999995e-05,7.415052e-05,0.0001643061,4.414523000000001,2.114768,0.0012466677,92.99421,86.65093999999999,0.00043355959999999996,6.2832360000000005,0.05484234,138.8476,0.026867116500000003,0.00246102544,0.09414377,391.06090000000006,0.026867116500000003,0.00246102544,0.013786409999999999,506.6157400000001,0.026867116500000003,0.00246102544,0.010939194999999999,517.95265,0.026867116500000003,0.00246102544,0.0057411400000000005,2.9380869999999996e-05,5.228529e-05,0.055046691999999994,59.761942,0.06588542,0.00328392,0.0007394497999999999,1.9476079e-05,0.00019843659
73,1606869000,23.52485,23.524870000000004,-0.0027620789999999997,-1.68106,7.002250999999999,4.554906,6.514136000000001,5.919706,0.057805010000000004,9.447071,4.802799e-05,3.2221528999999996e-05,3.2451384e-05,4.2644261e-05,6.732258e-05,9.166655e-05,0.00015796534,0.0003524351,10.68069,1.0788932,0.0020487542,83.70994999999999,59.194309999999994,0.0007813236,6.3434610000000005,0.07945332000000001,248.2181,0.0172342993,0.0015774858900000001,0.1516325,943.2527999999999,0.0172342993,0.0015774858900000001,0.014475508000000002,442.64096,0.0172342993,0.0015774858900000001,0.010863133,444.26387000000005,0.0172342993,0.0015774858900000001,0.006766184,5.019766e-05,7.361957e-05,0.037819439999999996,12.139806,0.06449861,0.0063448229999999994,0.0038801829999999997,1.3690174e-05,0.00013778772999999998
73,1606869600,20.54474,20.544779999999996,-0.0021874747,-1.4867849999999998,7.1224029999999985,4.080205,6.435571,5.672986000000001,0.45036873,8.767847000000002,7.257873999999999e-05,5.4825287e-05,5.6877780000000005e-05,6.7598737e-05,9.00068e-05,0.0001161579,0.00017744852999999997,0.00035374288,8.790009,1.4798959999999999,0.0015033957,87.17809,69.29978,0.00068239,6.2656979999999995,0.06996472000000001,216.24140000000003,0.0193993571,0.00177624301,0.13209105,772.899,0.0193993571,0.00177624301,0.01326939,388.36938,0.0193993571,0.00177624301,0.009908034,394.83321,0.0193993571,0.00177624301,0.006791772,5.2591590000000006e-05,7.627223e-05,-0.0710715,20.888777,0.0763182,0.0063812800000000005,0.0035532459999999995,2.0113212000000002e-05,0.00020193981
73,1606870200,10.240054,10.240075999999998,-0.0005292081,-1.344174,5.3763890000000005,2.8512440000000003,4.819308999999999,4.23118,0.040242280000000005,4.14757,4.177739e-05,2.073919e-05,2.2550849000000002e-05,2.7731226000000004e-05,3.8858887e-05,5.086979e-05,7.972039999999999e-05,0.00015465149,3.2160130000000002,1.9024,0.0011969804,96.12713,87.24223,0.00033981519999999994,6.3447890000000005,0.04901371,109.35419999999999,0.018090352,0.0016567263999999998,0.08303475,283.6081,0.018090352,0.0016567263999999998,0.011759273,339.75255,0.018090352,0.0016567263999999998,0.008982381000000001,346.4121200000001,0.018090352,0.0016567263999999998,0.006237833999999999,3.869956000000001e-05,6.196115e-05,-0.008306108999999999,4.151743000000001,0.03727188,0.004787787,0.002050357,9.527261000000001e-06,6.769109999999999e-05
73,1606870800,13.77455,13.774578,-0.007157016099999999,-1.2625509000000001,6.335969,3.202142,5.461779,4.857786,0.37464193,6.364349,3.226768e-05,1.2525204e-05,1.2797482999999997e-05,1.7703256e-05,2.9690570000000005e-05,3.9614469999999996e-05,6.784501999999999e-05,0.00015353453,5.223893,1.6586360000000002,0.0043990728,93.34389999999999,80.24521,0.00045740109999999995,6.366099,0.05611952,146.49131000000003,0.0224474038,0.0020560848899999996,0.09986197999999999,459.31010000000003,0.0224474038,0.0020560848899999996,0.013180732,404.47538,0.0224474038,0.0020560848899999996,0.010207819,414.2713299999999,0.0224474038,0.0020560848899999996,0.006534687,4.7699909999999994e-05,7.08948e-05,0.12370469999999997,10.547877000000002,0.06318224,0.00577199,0.002731647,1.6762758e-05,0.00013510693
73,1606871400,8.563093,8.56313,0.012471430000000004,-0.6287683999999999,5.6558839999999995,2.22173,4.967888,4.151264,0.22725436999999998,3.8034950000000003,3.107419e-05,9.7883736e-06,1.0816567e-05,1.4347554999999998e-05,2.3793003999999998e-05,3.1106274999999996e-05,5.393545000000001e-05,0.00011201882999999999,2.8772168999999996,1.397814,0.006251978,97.48522,90.28689,0.00028415739999999997,6.408354,0.04408456,91.61085999999999,0.01095983668,0.001003265359,0.07294456999999999,253.00170999999995,0.01095983668,0.001003265359,0.010214513,207.46293999999997,0.01095983668,0.001003265359,0.007195295,211.26366000000002,0.01095983668,0.001003265359,0.006132474000000001,3.7379189999999995e-05,6.056408999999999e-05,-0.22260732500000002,46.791305,0.060611780000000004,0.004602121999999999,0.0018528940000000001,1.7630578999999996e-05,0.00016689825999999998
73,1606872000,7.484323000000001,7.484341000000001,-0.07395748,-0.8699599999999998,4.963877,2.1729429999999996,4.475913,3.635736,0.29166663,3.1812590000000003,3.2979929999999994e-05,1.1572161e-05,1.3177623e-05,1.6120468000000002e-05,2.2993572e-05,2.9732864000000003e-05,4.7224920000000004e-05,8.977158e-05,2.205496,1.529575,0.0068460000000000005,100.03061,96.62787,0.00024850480000000003,6.246118,0.0417943,80.70228,0.0156279349,0.0014312538299999999,0.06477507999999998,194.12320000000003,0.0156279349,0.0014312538299999999,0.010549339000000001,271.60754000000003,0.0156279349,0.0014312538299999999,0.007570182,278.61717,0.0156279349,0.0014312538299999999,0.006191413000000001,4.076151000000001e-05,6.354151999999999e-05,-0.05220373800000001,28.8656,0.06614122,0.004870917000000001,0.001908126,2.2634588e-05,0.00022304421000000004
73,1606872600,8.650305,8.650327,-0.036605530000000004,-1.2298212999999998,4.83731,2.538155,4.359958,4.070037,0.08321538,3.5997930000000005,3.0367609999999998e-05,8.548921999999999e-06,9.310505e-06,1.2009374000000001e-05,1.7778792999999997e-05,2.3801556999999998e-05,3.918455e-05,7.974577000000002e-05,2.408107,1.90896,0.007880961,106.69391,94.73964000000002,0.0002870071,6.446105,0.04549001,93.39313,0.0124547223,0.00114032045,0.07149925,212.711,0.0124547223,0.00114032045,0.010645559,242.95642000000004,0.0124547223,0.00114032045,0.007837187,247.219479,0.0124547223,0.00114032045,0.005905568,3.2534680000000004e-05,5.534547999999999e-05,-0.017112108999999997,21.319522,0.04783534,0.0038203419999999996,0.00125689,1.1920069e-05,9.900774e-05
73,1606873200,8.580586,8.580608999999999,0.02277779,-1.0450805,5.364237000000001,2.502865,4.768382000000001,4.089125000000001,0.13195915,3.5659059999999996,3.4303540000000004e-05,1.2792804e-05,1.359202e-05,1.6890753000000002e-05,2.3680800999999998e-05,3.1820376000000006e-05,5.111199000000001e-05,9.976323999999999e-05,2.503033,1.7782779999999998,0.008720049,102.07687,91.76164000000001,0.000284602,6.527260000000001,0.04597105,91.52001,0.011942372310000001,0.001093428485,0.07245506999999998,220.04029999999997,0.011942372310000001,0.001093428485,0.010791963,240.77721000000003,0.011942372310000001,0.001093428485,0.007866459,244.42624,0.011942372310000001,0.001093428485,0.005836665,3.038758e-05,5.3313220000000005e-05,-0.047009129999999996,24.669566999999997,0.05019726,0.0035596749999999996,0.00087133636,1.3084879e-05,0.00011857415999999999
73,1606873800,15.524008999999998,15.524033,-0.02939933,-1.3317945999999998,6.5122610000000005,3.416742,5.4580660000000005,5.0351289999999995,0.95108105,8.027515000000001,4.380048e-05,2.4748957e-05,2.5362034e-05,3.1608973e-05,4.853887999999999e-05,6.402100599999999e-05,0.00010572502000000001,0.00021642550999999998,6.314235999999999,1.4402017,0.007029115,91.19824000000001,74.96628,0.000515673,6.173356,0.05938304,165.3099,0.029417769,0.0026944659,0.10812748000000001,553.7216999999999,0.029417769,0.0026944659,0.014448149999999998,540.4667999999999,0.029417769,0.0026944659,0.011329945,553.0731,0.029417769,0.0026944659,0.006540931,5.441115000000001e-05,7.730628e-05,-0.053575990000000004,56.503632,0.09839985,0.005728136,0.0027933459999999995,4.0409617999999996e-05,0.00038867625
73,1606874400,15.94047,15.9405,-0.0005059102,-0.9708327999999999,7.1629429999999985,3.4156310000000003,6.6673290000000005,5.867843000000001,0.14149558999999998,6.540971999999999,3.622528e-05,1.7078997000000002e-05,1.7278854000000002e-05,2.2494154e-05,3.66492e-05,4.9947673e-05,8.326963799999999e-05,0.00018821805,6.785282,1.1830965,0.001420063,86.49170000000001,64.98404000000001,0.0005296473,6.098297,0.06379548,168.22050000000002,0.019403268999999997,0.001776444282,0.1206673,597.9384,0.019403268999999997,0.001776444282,0.013762719000000001,409.44307000000003,0.019403268999999997,0.001776444282,0.010548809,415.14918,0.019403268999999997,0.001776444282,0.006387669,4.1892649999999996e-05,6.500737999999998e-05,0.018524954000000003,4.319733,0.043793559999999995,0.005978733000000001,0.0024173529999999997,8.698791000000001e-06,7.283287e-05
73,1606875000,18.151699999999998,18.151739999999997,-0.0001466387000000001,-1.282125,7.218558000000002,3.817318,6.522799000000001,5.8127510000000004,0.59951688,8.385405,3.457171e-05,1.5353992999999997e-05,1.426024e-05,1.879033e-05,3.3400360000000004e-05,4.0943724000000005e-05,7.059718e-05,0.00016029076,7.9454280000000015,1.1286897999999999,0.0013702272,87.53043999999998,63.18345000000001,0.0006033230999999999,5.8913519999999995,0.06850587000000001,192.3213,0.005740760399999999,0.0005243216900000001,0.12908630000000001,699.7039000000001,0.005740760399999999,0.0005243216900000001,0.011471904,199.76295,0.005740760399999999,0.0005243216900000001,0.008135264,197.53779,0.005740760399999999,0.0005243216900000001,0.006393050999999999,4.706285e-05,7.033983e-05,-0.022352619999999993,58.145128,0.09512022,0.005521538,0.0024969619999999997,3.5973033999999996e-05,0.00037652213000000003
73,1606875600,19.0163,19.016309999999997,-0.002123494,-1.479603,7.103654000000001,4.0284640000000005,6.455596,5.733663999999999,0.12614448,7.761286,5.70469e-05,3.9605977e-05,4.0537392e-05,4.8892839999999997e-05,6.958513999999999e-05,8.920067e-05,0.00014235831999999998,0.00029188767,8.075979,1.4297449999999998,0.001608825,84.31783,65.06354,0.0006317836,6.36802,0.06827261999999999,200.32930000000002,0.042291146429999996,0.0038744913080000004,0.131473,711.2412999999999,0.042291146429999996,0.0038744913080000004,0.015441603000000003,760.41385,0.042291146429999996,0.0038744913080000004,0.012231902999999999,779.07597,0.042291146429999996,0.0038744913080000004,0.006471517,4.5404050000000004e-05,6.88836e-05,-0.05470596000000001,14.047759000000003,0.05579436,0.005487072000000001,0.0027000830000000003,1.3125535e-05,0.00010348055999999999
73,1606876200,19.51248,19.51251,-0.0028042131,-1.509808,7.120268,4.092919,6.550136,5.736400999999999,0.09230727,7.874224,6.189532000000001e-05,4.4674541e-05,4.5265035000000004e-05,5.4826473999999996e-05,7.836285e-05,9.777707e-05,0.0001629348,0.00031309379999999997,8.220676000000001,1.5329739999999998,0.001751674,84.96302999999999,65.78219,0.0006480595,6.447785999999999,0.06827673,202.66850000000002,0.033772753,0.00309323,0.13221480000000002,717.4415999999999,0.033772753,0.00309323,0.01539602,632.86654,0.033772753,0.00309323,0.012172084,645.8390400000001,0.033772753,0.00309323,0.006522749999999999,4.632885e-05,6.993692e-05,-9.298000000000361e-05,19.607825,0.059538560000000004,0.0055669940000000005,0.002775603,1.9760273e-05,0.00018778498999999998
73,1606876800,19.101909999999997,19.10194,-0.00263583,-1.4789100000000002,7.049616,3.996073,6.467372999999999,5.642497999999999,0.4043192299999999,8.020577000000001,4.467934e-05,2.7071731999999998e-05,2.7260867999999998e-05,3.378368800000001e-05,5.1082359999999995e-05,6.450889999999998e-05,0.00010586165,0.00022249665000000004,7.897095,1.651602,0.0016957880999999998,92.33380000000001,67.58425,0.0006344333,6.3998539999999995,0.06735165,201.9263,0.038825671,0.0035565342,0.1294642,695.1378,0.038825671,0.0035565342,0.015088004000000002,669.55861,0.038825671,0.0035565342,0.011917329,687.3325200000002,0.038825671,0.0035565342,0.006822125000000001,5.4585850000000005e-05,7.790229e-05,0.0280478021,27.6233439,0.06664873000000002,0.00641089,0.0035274819999999998,2.3570982e-05,0.00022417181999999998
73,1606877400,22.05971,22.05973,-0.0018896579000000004,-1.2467033,8.270915,4.1326540000000005,7.178730999999999,6.42226,1.20132533,10.664883,3.917608e-05,2.2568109000000003e-05,2.2401645000000002e-05,3.2386172e-05,5.454476900000001e-05,6.7226337e-05,0.000114693527,0.00026942318,9.545452,1.4819890999999998,0.0018044778999999997,85.96552,65.1783,0.0007329702,6.1643539999999994,0.07078678000000001,233.25680000000003,0.0282428204,0.0025861713699999998,0.140077,839.3345000000002,0.0282428204,0.0025861713699999998,0.015413963,577.36171,0.0282428204,0.0025861713699999998,0.012149792,586.62022,0.0282428204,0.0025861713699999998,0.007898238000000002,8.764375e-05,0.00011112847000000002,-0.032917899999999986,37.613589000000005,0.12463865,0.009071377000000002,0.005457966,5.0453539e-05,0.00051321705
73,1606878000,18.465870000000002,18.465880000000002,-0.00015996689999999992,-1.1708846000000002,7.643296000000001,3.791024,6.849732999999999,5.974982,0.26220709,7.833343999999999,4.117173e-05,2.1969124e-05,2.2253686999999998e-05,2.9049436e-05,4.5616644999999996e-05,6.0416589e-05,0.00010243253000000001,0.00022670156,7.367959000000001,1.862733,0.0017071236,94.61137,70.55985,0.0006129602,6.341092,0.06446877000000001,196.2751,0.021785186300000002,0.0019946557799999996,0.12535290000000002,650.793,0.021785186300000002,0.0019946557799999996,0.013527099,425.69304,0.021785186300000002,0.0019946557799999996,0.010416645,433.15041,0.021785186300000002,0.0019946557799999996,0.0063814499999999994,4.404239e-05,6.764362999999999e-05,0.09275701899999998,21.149053,0.055784840000000016,0.005456969,0.0021486733,1.9650048e-05,0.00017189493999999998
73,1606878600,31.567050000000002,31.567080000000004,-0.0021324817999999997,-1.4769320000000001,8.760008000000001,5.070506,8.086635,7.335412,0.7980663899999999,13.171828999999999,7.957638000000001e-05,6.490770599999999e-05,6.508353400000001e-05,7.6482611e-05,0.00010991016,0.00013240046000000002,0.00020477865,0.00041275360999999997,14.546713,1.2341395,0.0015393371999999998,80.21985,59.73658999999999,0.0010496785999999998,6.026319999999999,0.08573678,333.2665,0.011832087,0.00108120101,0.17306300000000002,1284.035,0.011832087,0.00108120101,0.015060198,343.90023,0.011832087,0.00108120101,0.011209526000000001,341.95293,0.011832087,0.00108120101,0.007351437,6.790437999999999e-05,9.153015000000001e-05,0.02331425,11.219427,0.07218936000000001,0.008123794,0.004729661,2.1835086000000002e-05,0.00020920665000000003
73,1606879200,17.8976,17.89762,-0.001430573837,-1.4178195,7.220395000000001,3.854927,6.205502,5.5646830000000005,0.23813734999999997,7.609064999999999,4.826287e-05,2.9198585e-05,2.9429759000000002e-05,3.6308707e-05,5.347804e-05,6.868910599999999e-05,0.00011148122,0.00023410563,7.397291000000001,1.5495854999999998,0.0013403717,87.32838,67.51833,0.0005946132000000001,6.173406999999999,0.06550940999999999,187.5368,0.024653072,0.0022574105,0.1254027,648.5765,0.024653072,0.0022574105,0.014866732999999998,503.64946999999995,0.024653072,0.0022574105,0.011658990000000001,512.0944300000001,0.024653072,0.0022574105,0.006330184,4.0924469999999995e-05,6.458189000000002e-05,-0.028587266,9.837808999999998,0.05515094999999999,0.005125344,0.002356062,1.3080319e-05,0.00012220554
73,1606879800,13.599880000000002,13.599910000000003,0.0007479616000000001,-1.395963,6.297155999999999,3.3667539999999994,5.575145999999999,4.8163849999999995,0.19898843,5.658296000000001,3.4047430000000004e-05,1.3882885000000001e-05,1.4680856e-05,1.9795962e-05,3.254728e-05,4.513953e-05,8.228395e-05,0.0001852365,5.132459,1.6656669999999998,0.0014106389,89.81061000000001,74.72737000000001,0.0004515158,6.446994000000001,0.05584933999999999,143.3765,0.022047479709999998,0.0020192237379999998,0.1044846,450.71169999999995,0.022047479709999998,0.0020192237379999998,0.012977347,402.55935000000005,0.022047479709999998,0.0020192237379999998,0.010022601,411.64549999999997,0.022047479709999998,0.0020192237379999998,0.005930771,3.107816000000001e-05,5.454e-05,0.008736225999999998,5.739402,0.03870625,0.003765694,0.001397012,8.005562e-06,6.252714e-05
73,1606880400,12.080099999999998,12.080119999999999,0.0014674173000000003,-1.1966405,6.164287999999999,3.075913,5.542031,4.703131,0.19983747000000002,5.05929,5.277654000000001e-05,3.2712254e-05,3.4068950000000005e-05,3.9622635000000005e-05,5.258753300000001e-05,6.565138800000001e-05,0.00010140470999999999,0.00019278187999999998,4.441986999999999,1.596459,0.0010532375,92.43137,76.62288000000001,0.00040089929999999996,6.338077,0.052604450000000004,127.42389999999997,0.024957721000000002,0.0022859634,0.09703967,389.3266,0.024957721000000002,0.0022859634,0.01378618,468.08149999999995,0.024957721000000002,0.0022859634,0.010869532000000001,478.2321,0.024957721000000002,0.0022859634,0.00587237,3.456524e-05,5.7796650000000005e-05,0.06825883,65.72509299999999,0.07685118999999999,0.0034961479999999997,0.0011080215,2.0287266e-05,0.00019557380000000002
73,1606881000,22.23807,22.238100000000003,8.412930000000001e-05,-1.3205950000000002,7.929578000000001,4.167638,6.896421999999999,6.062696999999999,1.27154367,10.597268000000001,4.036762e-05,2.2607865000000002e-05,2.1864251e-05,2.8825490000000003e-05,4.922174e-05,6.399887e-05,0.00011079014999999998,0.00025859676,9.918643,1.1981717,0.0016354458000000002,85.90034999999997,64.67025,0.00073914,6.24418,0.06904078,228.5489,0.052077999,0.00477128271,0.1380919,860.8948,0.052077999,0.00477128271,0.017961628,900.1607399999999,0.052077999,0.00477128271,0.014618803999999999,925.2511099999999,0.052077999,0.00477128271,0.00651274,4.63489e-05,6.979167e-05,-0.08667865999999999,20.121015,0.06394422000000001,0.005738839000000001,0.0028004251999999997,2.099341e-05,0.00021413905
73,1606881600,16.742416,16.742421999999998,0.0011481925000000003,-1.2812416,6.867285000000001,3.575966,6.024897,5.425478,1.1793248,8.116774000000001,5.522526999999999e-05,3.7288217e-05,3.8187127e-05,4.6831765e-05,6.862967e-05,9.127743e-05,0.00014663216,0.00030520511,7.876633000000001,0.49247769,0.0013184179,74.44683,58.94566000000001,0.0005564394,6.431589,0.06197551999999999,178.69437999999997,0.0109450686,0.00100088713,0.12568964,696.8816999999999,0.0109450686,0.00100088713,0.012380023,264.84877,0.0109450686,0.00100088713,0.008987718999999998,266.198092,0.0109450686,0.00100088713,0.006311525,4.719104e-05,7.081855e-05,-0.053283910000000004,60.88981199999999,0.10644108000000004,0.004979513999999999,0.0021680542,3.60299e-05,0.00036341629
73,1606882200,5.358079,5.358102000000001,0.005264336,-1.3911409,3.8799439999999996,2.0534179999999997,3.4817950000000004,3.119383,0.42205052,2.6737969999999995,3.3030830000000004e-05,1.1099933e-05,1.1250180400000001e-05,1.3986115e-05,2.0596411e-05,2.6473702000000006e-05,4.2210000000000004e-05,8.185831000000001e-05,2.54147,0.1368334,0.0005131735,78.21375,55.75437000000001,0.00017809320000000003,6.167158000000001,0.034704780000000005,57.36769999999999,0.0023056546000000005,0.00021001942,0.07133045,224.0523,0.0023056546000000005,0.00021001942,0.007816961,56.103545,0.0023056546000000005,0.00021001942,0.004558105999999999,55.681982000000005,0.0023056546000000005,0.00021001942,0.005670132999999999,2.6997399999999997e-05,5.045282e-05,-0.005622651999999997,23.133046,0.04913816,0.001952226,-0.00010761900000000001,1.3770043e-05,0.00012033919000000001
73,1606882800,5.158335999999999,5.1583559999999995,0.0020365259,-1.5023389999999999,3.739427,2.073308,3.293201,3.002642,0.09479657,2.1680900000000003,2.422946e-05,3.029516e-06,2.9005894000000003e-06,4.684358999999999e-06,1.0025683e-05,1.4213042999999999e-05,2.5477658000000004e-05,5.942838e-05,2.428053,0.15047470000000002,0.0005154744,80.80204,55.967110000000005,0.0001714389,6.185781999999999,0.03546468,54.949479999999994,0.00330380833,0.000301627082,0.07207122,214.06529999999998,0.00330380833,0.000301627082,0.008492762000000001,85.42621999999999,0.00330380833,0.000301627082,0.005321732000000001,85.09413,0.00330380833,0.000301627082,0.0054823350000000005,2.6304570000000004e-05,4.908501000000001e-05,-0.03422669899999999,85.112335,0.06872117,0.0015486859999999999,-0.00024079314999999997,2.8811830000000003e-05,0.00028556905
73,1606883400,19.312719,19.312747,-0.0029842012,-1.2897366,7.284334000000001,3.715193,6.336268,5.761264,1.77206662,9.989622999999998,7.756916e-05,6.045543200000001e-05,6.327973400000001e-05,7.473318100000001e-05,0.00010182569,0.00013090521500000002,0.0002003232,0.00039268074000000004,9.281510999999998,0.372438,0.0013347723999999998,74.62596,55.6211,0.0006418785000000001,6.3100689999999995,0.06496328,200.96604,0.00963264466,0.00088045657,0.13247224,812.2335999999999,0.00963264466,0.00088045657,0.012265047999999999,239.14407100000003,0.00963264466,0.00088045657,0.00867539,239.67948500000003,0.00963264466,0.00088045657,0.006561535,5.536415e-05,7.861212e-05,-0.047873763,65.16485300000001,0.12584730000000002,0.0057443089999999995,0.002759186419,4.5846855e-05,0.0004768782700000001
73,1606884000,14.606118,14.606140000000002,0.0022435763,-1.436102,6.396608,3.4873489999999996,5.654646999999999,4.96084,0.31432152999999996,6.281046999999999,6.054046000000001e-05,4.24111e-05,4.4662799999999995e-05,5.3006329999999996e-05,7.20148e-05,9.473402999999998e-05,0.00014801221,0.00027925355,6.216354,1.0843472,0.0015831056999999998,83.05353,65.43722999999999,0.00048493420000000003,6.433133,0.05912105999999999,155.3342,0.0171269207,0.00156782797,0.11458394000000001,549.1638,0.0171269207,0.00156782797,0.013308869000000001,370.62338,0.0171269207,0.00156782797,0.010134035,374.76297999999997,0.0171269207,0.00156782797,0.006457836999999999,4.382837e-05,6.712148999999999e-05,0.00813589,16.4315881,0.06601547999999999,0.005569906,0.002922643,1.4076684e-05,0.00014653943
73,1606884600,20.519830000000002,20.51985,0.00089598049,-1.6076190000000001,7.043464999999999,4.1813519999999995,6.304655,5.575781000000001,0.35242952,9.023969,7.270955000000001e-05,5.5657498e-05,5.690162349999999e-05,6.681365999999999e-05,9.060870399999999e-05,0.000118863807,0.00017684912,0.00033766878,8.855281999999999,1.4022249,0.0014575479000000003,82.49095,65.06974,0.0006817493,6.087976,0.07046484,216.87780000000004,0.028092949199999995,0.00257253886,0.1355074,780.6318,0.028092949199999995,0.00257253886,0.015340105999999997,571.5929600000001,0.028092949199999995,0.00257253886,0.012006520000000001,581.90467,0.028092949199999995,0.00257253886,0.006684575,4.680117e-05,7.031246e-05,-0.013161216000000003,3.3423508999999996,0.04015845999999999,0.006274139,0.0034844489999999997,8.797888999999999e-06,8.775549e-05
73,1606885200,19.81207,19.8121,0.005394927190000001,-1.3187316,7.371298,3.9460379999999993,6.533074999999999,5.852729999999999,0.6839961600000001,9.077052,4.2124560000000004e-05,2.3234562e-05,2.4209302e-05,3.2708082000000004e-05,5.238692e-05,8.018952e-05,0.00013004711,0.00030261486,8.422421,1.4806607999999999,0.0022793049999999997,86.68867,67.41004000000001,0.000658014,6.427871000000001,0.06776857,212.6341,0.044728989000000004,0.004097545700000001,0.13105055999999998,749.0386000000001,0.044728989000000004,0.004097545700000001,0.016591365,789.5113799999999,0.044728989000000004,0.004097545700000001,0.013345926999999999,809.5563,0.044728989000000004,0.004097545700000001,0.006702290000000001,5.086615000000001e-05,7.457098e-05,0.010387225799999997,33.6486379,0.08327890000000002,0.006156822,0.003349693,1.9970188999999997e-05,0.00020363285999999998
73,1606885800,17.2867,17.28674,0.001144472193,-1.4727358000000002,7.040129,3.7836060000000002,6.035659,5.39334,0.19515005000000002,7.909294,0.00017896105999999997,2.776781e-05,2.6092360999999998e-05,3.1600621e-05,4.6614865e-05,6.453478099999999e-05,9.9412688e-05,0.00021060441000000002,6.786273999999999,1.8502708,0.006144931300000001,89.54711,72.16906,0.0005741181,6.022932,0.06444243,181.86780000000002,0.03480736168,0.0032188513280000004,0.11980089999999999,594.8940999999999,0.03480736168,0.0032188513280000004,0.014359147,504.46148000000005,0.03480736168,0.0032188513280000004,0.010898090000000001,506.11484999999993,0.03480736168,0.0032188513280000004,0.006741250999999999,0.00031396448,0.00034343894999999995,-1.326688569,24.4942578,0.04586399000000001,0.005211547,0.002531052,0.000939317546,0.00976574857
73,1606886400,16.73848,16.73849,0.0021337320999999998,-1.432444,6.660539,3.7355620000000003,6.154613,5.302287,0.14606992000000002,6.872716,3.649802e-05,1.6538695e-05,1.6899704700000002e-05,2.351869e-05,3.8982413000000004e-05,5.8257324e-05,9.6305304e-05,0.0002254682,6.634392,1.7326733,0.0016732563999999998,87.72464,70.57230999999999,0.0005557703,6.277811,0.06221551000000001,175.8567,0.030475690499999996,0.0027913576199999996,0.11892627,583.2627999999999,0.030475690499999996,0.0027913576199999996,0.014247267,540.1704500000001,0.030475690499999996,0.0027913576199999996,0.011215966999999999,553.88174,0.030475690499999996,0.0027913576199999996,0.006238549,3.6983019999999996e-05,6.065268000000001e-05,0.004532722,7.2884861,0.042415140000000004,0.004858802000000001,0.002492996,7.189486e-06,7.499361e-05
73,1606887000,11.708229999999999,11.708258,0.0022038756000000003,-1.4744220000000001,5.5836570000000005,3.064676,4.830298,4.4348469999999995,0.70790463,6.078204,4.817384999999999e-05,2.9216933e-05,3.0366539999999997e-05,3.7162237e-05,5.2069232999999996e-05,7.1460668e-05,0.00011385387000000002,0.00023328212000000003,5.371286,0.48069819999999996,0.0015302918,78.17392,59.48218000000001,0.00038886589999999994,6.370954,0.05312088,123.69805,0.01701009389,0.00155794396,0.10436396,471.91760000000005,0.01701009389,0.00155794396,0.011749808,334.33216600000003,0.01701009389,0.00155794396,0.008514108,340.028879,0.01701009389,0.00155794396,0.005774299000000001,3.284659e-05,5.621177999999998e-05,-0.055000228,103.08617999999998,0.10209058000000001,0.0033539779999999996,0.0013550069,3.1552183999999995e-05,0.00033208907
73,1606887600,9.900882999999999,9.900903,0.002388549,-1.4413120000000001,5.170959000000001,2.855188,4.634316999999999,4.130902000000001,0.39967017,4.430466,4.7297429999999994e-05,2.9983449000000002e-05,4.156771999999999e-05,5.104191e-05,5.944411e-05,7.806251e-05,0.0001001472,0.00018022691,4.253151,0.6956556999999999,0.0010586477,85.49539999999999,65.10873000000001,0.00032883690000000003,6.583353,0.048209,107.47977,0.0068706281699999995,0.000628402044,0.09362050000000001,374.08560000000006,0.0068706281699999995,0.000628402044,0.009405298,147.48535399999997,0.0068706281699999995,0.000628402044,0.006502353,148.87494209999997,0.0068706281699999995,0.000628402044,0.0077068990000000006,0.00016112429,0.00018417929,-0.0124079211,13.319101899999998,0.059037910000000006,0.010065223,0.0062202679,6.7924777e-05,0.00029938661
73,1606888200,24.20876,24.208779999999997,-0.0012836761899999998,-1.546943,7.564245,4.510802,6.689456,6.035622,0.9715445299999999,11.171263999999999,6.782573e-05,5.7880645999999995e-05,9.511713899999999e-05,0.000119107577,0.0001119864,0.00016351406000000002,0.00020752109,0.0003618038,10.873129000000002,1.2282954,0.0018135455000000001,82.83756000000001,61.39310999999999,0.0008043538999999999,6.3060469999999995,0.07893236000000001,263.40840000000003,0.036391661000000006,0.0033333296299999995,0.1499505,961.8064,0.036391661000000006,0.0033333296299999995,0.016237544,734.8683700000001,0.036391661000000006,0.0033333296299999995,0.012987543,746.95371,0.036391661000000006,0.0033333296299999995,0.011567693,0.00037917800999999994,0.0004028012,-0.063449204,26.818546500000004,0.09395883000000002,0.019885555,0.013227850000000003,0.000124013277,0.00052325219
73,1606888800,15.91122,15.911240000000001,0.0014254409000000001,-1.454392,6.428521000000001,3.6391720000000007,5.739025,5.135144,0.30568975,6.927924999999999,3.7537620000000006e-05,1.7235733999999998e-05,2.0456749600000004e-05,2.3432552e-05,6.4084511e-05,0.0001248764,8.950784e-05,0.00021827341999999995,6.050980000000001,1.902635,0.0014206174,91.07860000000001,74.35562,0.0005287276,5.980997,0.06277641,173.47089999999997,0.02341491914,0.0021445534519999995,0.11311684,530.5395000000001,0.02341491914,0.0021445534519999995,0.013143675999999998,440.734953,0.02341491914,0.0021445534519999995,0.010132506000000001,449.55487299999993,0.02341491914,0.0021445534519999995,0.009695598,0.00020352255,0.00022731375999999998,-0.0032399656000000007,3.5517823,0.08356732,0.014884523,0.008205003999999998,8.458962999999999e-05,0.00045920787999999995
73,1606889400,11.988425000000001,11.988443,0.005231426,-0.9924414,6.07256,2.919766,5.457167,4.738232,0.5000914399999999,5.426992,3.804153000000001e-05,1.6756242000000002e-05,1.8199539999999997e-05,2.2381651000000002e-05,3.9546603e-05,6.740546e-05,7.876681000000001e-05,0.00014918203999999998,4.198404000000001,1.794162,0.001233817,96.58722000000002,83.14806,0.0003977678,6.447963,0.05217545,129.149,0.029172809,0.0026724055999999994,0.09158572000000001,369.68199999999996,0.029172809,0.0026724055999999994,0.012841495,491.39216999999996,0.029172809,0.0026724055999999994,0.009903682,505.9506200000001,0.029172809,0.0026724055999999994,0.0070913500000000015,7.930227e-05,0.00010296040000000002,0.020167036000000003,52.9573932,0.0880052,0.007577500000000001,0.0036967659999999998,4.97281e-05,0.00036408096
73,1606890000,9.240228,9.240246,0.0030933730000000004,-0.8177451000000001,5.764676,2.506318,4.964851,4.199229,0.58725624,4.520034,3.694037000000001e-05,1.6200634e-05,2.1584019e-05,2.6640265e-05,3.309489100000001e-05,5.879383999999999e-05,7.503643000000001e-05,0.00014184643,3.098019,1.5206119999999999,0.0010909797999999998,96.69646,88.63013000000001,0.0003065076,6.50098,0.04465039,100.18562,0.04105548199999999,0.0037618890999999996,0.07629192,274.538,0.04105548199999999,0.0037618890999999996,0.014272345,690.41004,0.04105548199999999,0.0037618890999999996,0.011420912000000002,711.08262,0.04105548199999999,0.0037618890999999996,0.006943749000000001,8.05487e-05,0.00010384641999999998,-0.099212519,55.6490332,0.10745167,0.0065890309999999995,0.002912237,6.0908297000000006e-05,0.00039940408
73,1606890600,14.268286,14.268298999999999,0.00070700635,-1.0490305000000002,6.876923,3.2785719999999996,5.98747,5.08643,0.6725734400000001,6.679679,4.128257e-05,2.1881701e-05,2.4117873e-05,3.0598365999999995e-05,4.932248300000001e-05,7.610544000000001e-05,9.893468999999999e-05,0.00021653856000000005,5.800695999999999,1.3315005999999998,0.0014041953000000001,88.51388,69.77217,0.0004737476,6.47697,0.059161,151.36974999999998,0.008110539699999999,0.00074190392,0.10892109000000001,509.021,0.008110539699999999,0.00074190392,0.010665380999999998,195.957061,0.008110539699999999,0.00074190392,0.007515134,197.009812,0.008110539699999999,0.00074190392,0.007272364000000001,8.098072e-05,0.00010452005999999999,-0.016453255,37.498194999999996,0.09391809,0.007199021999999999,0.003920249,4.9622868e-05,0.00034643072
73,1606891200,19.51808,19.51811,-0.0036012800000000005,-1.3474230999999999,7.345499000000001,3.863779,6.566938,5.772552,1.06704502,8.994531,7.062413999999999e-05,5.379411e-05,5.6458940000000005e-05,6.969366e-05,9.982787e-05,0.00013612531,0.00020227682,0.00040058540000000004,8.739974,1.0161343,0.0018624450000000001,81.22617999999999,62.48583,0.0006482163,6.577812,0.06910701,206.14919999999998,0.019376969299999998,0.0017736628900000002,0.1329752,765.1266,0.019376969299999998,0.0017736628900000002,0.014135681,435.63904,0.019376969299999998,0.0017736628900000002,0.010749376000000001,440.06102,0.019376969299999998,0.0017736628900000002,0.007980369999999999,9.630154000000001e-05,0.00011985227999999998,-0.008862970000000001,27.62700166,0.11442648999999998,0.009081015,0.005847783,5.6035826e-05,0.00048627927999999996
73,1606891800,12.339603,12.339637,-0.00131851,-1.4536468999999999,5.676810999999999,3.2067509999999997,5.090031,4.469310999999999,0.38397764,5.44653,3.1816130000000004e-05,1.1196032000000002e-05,1.1072687999999999e-05,1.5987868e-05,3.10266e-05,4.547389e-05,5.539542e-05,0.00011550300999999998,4.996671000000001,1.171691,0.0011510374999999999,91.42394999999999,69.9718,0.0004100378,6.110704999999999,0.05649953,132.01254,0.027704700599999993,0.00253775396,0.10166260999999999,439.901,0.027704700599999993,0.00253775396,0.012764205,474.7916299999999,0.027704700599999993,0.00253775396,0.009667061000000001,488.0986199999999,0.027704700599999993,0.00253775396,0.007761980999999999,7.432490000000001e-05,9.800354000000001e-05,0.050659696,22.3188266206,0.07205871999999999,0.008709333999999999,0.005717913999999999,2.8098656000000002e-05,0.00028733799
73,1606892400,14.511439999999999,14.51147,-0.0006643519999999998,-1.3624321000000001,6.371821,3.412769,5.726387999999999,5.0202409999999995,0.29455061000000005,6.218142,4.251758e-05,2.3574608e-05,2.4147617e-05,3.1856811999999996e-05,5.385265999999999e-05,7.31614e-05,9.9989034e-05,0.00020935335,6.324035,0.9298291000000001,0.0013252850000000003,84.57387,62.987519999999996,0.0004820545,6.303576999999999,0.06043227999999999,155.2131,0.03788003979,0.0034706055799999997,0.11630500000000002,558.2358,0.03788003979,0.0034706055799999997,0.015021706,662.7233200000001,0.03788003979,0.0034706055799999997,0.011869244999999999,680.2048000000001,0.03788003979,0.0034706055799999997,0.007909565,7.491386999999999e-05,9.858102e-05,-0.005349818500000001,3.48395873,0.05553085,0.009008473999999999,0.006038666,1.4320625e-05,0.00013845119999999998
73,1606893000,14.30761,14.30763,0.0013282262,-1.6935209999999998,5.612122,3.564047,5.0941909999999995,4.662591999999999,0.11772689,5.855394,4.998715e-05,3.0424034e-05,3.1352225e-05,3.869748300000001e-05,5.958223999999999e-05,8.150367999999999e-05,0.000110252622,0.00022636269000000003,6.174754,0.9770539000000001,0.0013948804,85.63568000000001,63.675670000000004,0.0004751982,6.253951,0.06027578,151.3375,0.028652463999999996,0.0026243202,0.11498089999999998,543.5278999999999,0.028652463999999996,0.0026243202,0.014061376999999996,538.27374,0.028652463999999996,0.0026243202,0.010937697,549.96026,0.028652463999999996,0.0026243202,0.007417643999999999,6.496378000000001e-05,8.883605e-05,0.07037044840000001,23.065550822,0.06159513,0.007728892999999999,0.004958293000000001,2.3317686e-05,0.00023966331999999995
73,1606893600,18.565343,18.565376,-0.00039166400000000033,-1.46576395,6.482037,3.820834,5.685886,5.23625,0.8313694500000001,8.659127000000002,4.0028079999999996e-05,2.2218027000000004e-05,2.2135840999999998e-05,2.931569e-05,5.2526839999999996e-05,6.847755e-05,0.00011109643,0.00024462813,8.703700000000001,0.5767863999999999,0.001623714,79.31915,59.72677000000001,0.0006170071,6.408009,0.06687854,195.73922,0.0198693203,0.0018187479100000002,0.13026842,763.4520999999999,0.0198693203,0.0018187479100000002,0.013620091,386.90539,0.0198693203,0.0018187479100000002,0.010159685,394.07018000000005,0.0198693203,0.0018187479100000002,0.007336069000000001,6.778182000000001e-05,9.137974999999999e-05,0.03993446,55.419014129999994,0.10337336999999999,0.007546554999999999,0.00467710698,3.4563847e-05,0.00035536107
73,1606894200,14.314434,14.314457999999998,-0.0031990680000000002,-1.443615,5.955705999999999,3.3675330000000003,5.219446,4.703244,0.6508871199999999,6.396362999999999,3.960835e-05,1.9853364e-05,1.9892199e-05,2.5671501e-05,4.601861000000001e-05,6.023014e-05,8.864798e-05,0.00017823963,6.4617,0.6935623,0.0014730030999999999,84.04462000000001,62.88595,0.00047570049999999997,6.242434,0.05980078,154.00569,0.01523508096,0.001394567363,0.11228069999999998,571.5773999999999,0.01523508096,0.001394567363,0.011694300000000001,288.017182,0.01523508096,0.001394567363,0.008364595,293.63615500000003,0.01523508096,0.001394567363,0.007785111999999999,7.922892999999999e-05,0.00010308361999999999,0.04399040600000001,31.405327200000006,0.11050907000000001,0.008621682,0.005567662999999999,3.1542663e-05,0.00029221322000000003
73,1606894800,11.98444,11.984459999999999,1.049114800000001e-05,-1.691922,5.161582,3.2649789999999994,4.625466000000001,4.270968999999999,0.04258262,4.850123999999999,3.3514829999999995e-05,1.2777761000000002e-05,1.2876637999999999e-05,1.7179715000000002e-05,3.526738e-05,5.181496000000001e-05,6.259438e-05,0.00013132705000000003,5.041165999999999,0.9493057,0.0013991903,91.23389999999999,65.90298,0.0003981452,6.281360000000001,0.05565934,127.92410000000002,0.030018830210000003,0.002749936805,0.10399939999999999,444.1262,0.030018830210000003,0.002749936805,0.013510795999999997,522.32111,0.030018830210000003,0.002749936805,0.010441529,536.10543,0.030018830210000003,0.002749936805,0.007642794,6.783399e-05,9.155269e-05,0.009294502999999999,0.7119768000000001,0.04001853,0.008347652,0.005473463,9.175837e-06,7.170524000000002e-05
73,1606895400,13.941449,13.941463000000002,-0.0005818270000000001,-1.528663,5.683148,3.3653220000000004,5.071918,4.650853,0.90062116,6.700723999999999,4.453102e-05,2.690937500000001e-05,4.0122241e-05,4.9784766e-05,7.160852999999999e-05,0.00010086414000000001,0.00013604853,0.00028124173999999997,5.884039,1.0840552999999997,0.0018878041999999997,87.28763,68.71328,0.0004626694999999999,6.628573,0.0588635,152.54847999999998,0.022125190999999995,0.0020260841,0.10753002,521.81,0.022125190999999995,0.0020260841,0.011782889000000001,371.22001,0.022125190999999995,0.0020260841,0.008715979,381.34020000000004,0.022125190999999995,0.0020260841,0.009246583999999999,0.00017272568,0.00019652106,-0.041164378,10.71222844,0.08555831,0.012930267,0.007001538000000002,9.4530178e-05,0.0005005115
73,1606896000,11.64295,11.642979999999998,-0.00298208,-1.4169614,5.722599999999999,3.086074,4.917002000000001,4.447184,0.27587495,5.060449,4.247660999999999e-05,5.1017399e-05,0.00021404104999999998,0.00025296448,0.00019919988000000004,0.00023564042,0.0002296377,0.0002982146,4.742312,1.0747464,0.002919345,84.67069000000001,68.79074,0.0003862153,6.724474000000001,0.05903807,157.9878,0.0090060054,0.0008237175400000001,0.10151775,432.8541,0.0090060054,0.0008237175400000001,0.010110164,165.13958,0.0090060054,0.0008237175400000001,0.008786067,169.10471,0.0090060054,0.0008237175400000001,0.026509182,0.00148753524,0.00151121608,0.014758353000000002,4.7235746,0.13543845000000002,0.056790087,0.04190484600000001,0.00037683453,0.0014244898
73,1606896600,12.51206,12.512080000000001,-0.0019420160000000002,-1.5029146,5.483531,3.2156170000000004,4.9008,4.626366,0.31491839,5.322916000000001,5.1674079999999986e-05,4.973461999999999e-05,0.00013647131,0.00016606407,0.00015145251,0.00016949628,0.00018408495,0.0002713168,5.258462,0.9944324,0.0019667092999999997,83.1987,66.90187,0.00041541279999999993,6.620577999999999,0.059169780000000005,153.06750000000002,0.011092342920000001,0.001015367956,0.10570271,471.45959999999997,0.011092342920000001,0.001015367956,0.010991819,233.12095,0.011092342920000001,0.001015367956,0.008918458999999998,236.75402999999997,0.011092342920000001,0.001015367956,0.017604149,0.0008454270500000002,0.00086878986,0.002130416,10.56471349,0.11575592000000001,0.033824753,0.023667680000000003,0.00026253918200000003,0.0010383053900000002
73,1606897200,14.936569000000002,14.936592,-0.0010783260000000001,-1.4641793,5.9966219999999995,3.4463529999999998,5.380664,4.854223,0.68945562,6.811161,3.3124100000000004e-05,2.8064949e-05,0.00011458461900000002,0.000140643779,0.00010815757999999999,0.0001252628,0.00012967453,0.00018033593999999998,6.4948,0.9707656,0.0018724381000000002,88.60234,65.85767000000001,0.0004963613000000001,6.438745,0.06155906000000001,175.34372,0.029742531000000006,0.0027241386,0.11406516,580.6672,0.029742531000000006,0.0027241386,0.014398649,532.5915899999999,0.029742531000000006,0.0027241386,0.012021299,546.23546,0.029742531000000006,0.0027241386,0.017448543,0.0008159768300000002,0.0008398896499999999,-0.010257732,9.226188109999999,0.11601357000000001,0.034766064,0.025967907000000005,0.00021800133799999995,0.00088343377
73,1606897800,9.711769999999998,9.711785,-6.876253899999998e-05,-1.476185,5.073153,2.8503200000000004,4.454835999999999,4.004111,0.15909473000000002,4.053572000000001,4.352187e-05,2.2866688e-05,2.4234220000000004e-05,2.9979071e-05,5.05257e-05,6.676705000000001e-05,9.290543e-05,0.00017270389,3.899997,0.9543238,0.0010817474,87.38566999999999,69.86216999999998,0.0003224254,6.449356,0.04953275,105.516,0.0154348338,0.0014132470300000002,0.09135381999999999,345.2134,0.0154348338,0.0014132470300000002,0.011287399000000002,294.31640000000004,0.0154348338,0.0014132470300000002,0.008318391999999999,300.2162,0.0154348338,0.0014132470300000002,0.007684239999999999,7.494462000000001e-05,9.815082999999999e-05,0.016980817999999995,26.665342700000004,0.09297259999999999,0.008403144000000001,0.005523241,2.8889500999999998e-05,0.00029013266000000004
73,1606898400,18.257163,18.257193,-0.0012687471000000002,-1.5627989999999998,6.558088000000001,3.8564739999999995,5.780989,5.209695999999999,0.69912855,8.313597999999999,5.172242999999999e-05,3.4368087e-05,3.6374494000000006e-05,4.7357328999999994e-05,7.910978e-05,0.00011026762999999998,0.00016754038,0.00033774689,8.227006,0.8988045,0.0019320142000000002,83.97654,63.130579999999995,0.0006062394000000001,6.398105,0.06587966999999999,196.9862,0.0128304639,0.00117430233,0.12749380000000002,731.1366999999999,0.0128304639,0.00117430233,0.012748218,346.86377000000005,0.0128304639,0.00117430233,0.009345075,347.38165,0.0128304639,0.00117430233,0.008346618,8.96506e-05,0.00011330864000000001,0.0187521446,7.734544700000001,0.07944083,0.010072937,0.006726169,2.0468899999999996e-05,0.00019395189
73,1606899000,9.715960999999998,9.715988,-0.00027091139999999996,-1.2352929000000001,5.434365,2.7334570000000005,4.663303,4.203279,0.35315974,4.381223,2.860122e-05,7.360630000000001e-06,7.710188e-06,1.148342e-05,2.1948775999999997e-05,3.8449549999999995e-05,5.941069e-05,0.00010909527999999999,3.931152,0.9254256000000002,0.0011331013000000002,93.2643,70.44183999999998,0.0003226499,6.403099,0.04888271,104.78517000000002,0.0208652114,0.0019110184759999998,0.09056195,346.4345,0.0208652114,0.0019110184759999998,0.011744148999999999,366.15972,0.0208652114,0.0019110184759999998,0.008735966,375.05307100000005,0.0208652114,0.0019110184759999998,0.00699614,6.325649e-05,8.663977e-05,0.025765499999999997,58.3277436,0.12171314,0.0066306939999999995,0.003960069000000001,3.6919743e-05,0.00037303558000000004
73,1606899600,7.397963999999999,7.3979870000000005,0.0025867672000000003,-1.0971628,4.958025999999999,2.3412490000000004,4.262606,3.713588,0.09797464,3.1561839999999997,3.318425e-05,1.1625718e-05,1.2679269999999997e-05,1.6714893000000002e-05,2.5610502000000004e-05,4.422478999999999e-05,5.6144690000000004e-05,0.00010359415000000001,2.301459,1.3961549999999998,0.0010798806,99.35054,89.56575000000001,0.0002455021,6.448136,0.0416758,80.47758999999999,0.015002311400000001,0.0013738826400000001,0.06930571999999999,203.4335,0.015002311400000001,0.0013738826400000001,0.011335884000000001,301.63926,0.015002311400000001,0.0013738826400000001,0.008399251,306.70076000000006,0.015002311400000001,0.0013738826400000001,0.006871031999999999,5.7606699999999985e-05,8.080389e-05,-0.02680441,27.636091000000004,0.08422734000000001,0.006250193999999999,0.003662541999999999,2.565881800000001e-05,0.00024948888000000003
73,1606900200,10.304096999999999,10.304113,0.0016224443,-0.72696029,6.018034,2.573314,5.133608,4.474411000000001,0.42010815,5.030647,4.066747e-05,2.117236e-05,2.174972e-05,2.6839240999999998e-05,3.9486470999999996e-05,6.0232630000000005e-05,8.293118000000001e-05,0.00015862651,3.939403,1.2111917,0.0010279655,90.13646,81.22068999999999,0.000342224,6.431400000000001,0.0460348,111.02203999999999,0.00962061084,0.000880337129,0.08505447,349.0783,0.00962061084,0.000880337129,0.010253855000000001,199.43078099999997,0.00962061084,0.000880337129,0.007209387,202.40901300000002,0.00962061084,0.000880337129,0.006628317,5.354789e-05,7.653699000000002e-05,-0.02880647799999999,61.40234570000001,0.10939004999999999,0.005642411999999999,0.003236989,3.6895900999999996e-05,0.00038160488
73,1606900800,6.771112,6.771132,0.0017389685000000002,-0.8342543000000001,4.990539999999999,2.1300990000000004,4.028973,3.3704169999999998,0.5593646600000001,3.462572,3.289569e-05,1.0858656000000001e-05,1.1539702e-05,1.5762873e-05,2.2878159999999998e-05,4.285405e-05,5.451011999999999e-05,9.783331999999999e-05,2.5039417,0.8806899999999999,0.0006544769,91.66529,85.0716,0.0002248654,6.409295,0.03835975,74.31751,0.017674187,0.0016187549000000003,0.06699348000000001,221.67579999999998,0.017674187,0.0016187549000000003,0.011269008,302.56410999999997,0.017674187,0.0016187549000000003,0.008137944000000001,310.27727000000004,0.017674187,0.0016187549000000003,0.006754472,5.960167e-05,8.277333000000001e-05,-0.088833218,97.55231599999999,0.12185402000000001,0.005912395,0.003513029,5.256767799999999e-05,0.0005340780699999999
73,1606901400,2.306149,2.306171,0.0018292472,-0.8798521999999999,3.2606479999999998,1.268134,2.506239,2.1563920000000003,0.10741101,1.2261853999999999,2.59598e-05,3.787257e-06,4.3679227e-06,6.442947999999999e-06,9.05309e-06,2.4601335e-05,2.6143286e-05,3.472795000000001e-05,0.8171797,0.33534169999999996,0.0004404248,95.6369,77.11406000000001,7.653932999999999e-05,6.641092,0.022595990000000003,25.7943,0.0047704248,0.0004362890520000001,0.04147237999999999,71.59882,0.0047704248,0.0004362890520000001,0.007689336000000001,87.13205,0.0047704248,0.0004362890520000001,0.004213099,88.52611999999999,0.0047704248,0.0004362890520000001,0.006074771,3.59475e-05,5.876620999999999e-05,0.032385476999999996,6.2576730000000005,0.043885350000000004,0.003938468,0.0021063715,9.438882e-06,7.678881e-05
73,1606902000,2.061199,2.061222,0.0022370426,-1.607253,2.4681019999999996,1.3352160000000002,2.013698,1.819931,0.041652476,0.8867503000000001,2.5993430000000003e-05,4.298188000000001e-06,4.577191e-06,6.185188000000001e-06,9.047254e-06,1.2412810000000002e-05,1.9256826e-05,3.669197e-05,0.9506500999999998,0.07959996,0.0002529159,80.34196999999999,57.56217,6.847953e-05,6.400859000000001,0.022720479999999998,22.267619999999997,0.0031525974999999998,0.00028797857,0.045179079999999996,84.02932,0.0031525974999999998,0.00028797857,0.007513145000000001,59.01772999999999,0.0031525974999999998,0.00028797857,0.0040068050000000004,59.66852,0.0031525974999999998,0.00028797857,0.005120853,1.4851610000000003e-05,3.73339e-05,0.15013963,31.771440000000002,0.03733429,-0.0006658759,-0.0018073766,8.669903999999999e-06,5.20616e-05
73,1606902600,1.8256670000000004,1.8256869999999998,0.0019936307,-1.7140229999999999,2.134752,1.26512,1.7129019999999997,1.643112,0.01505391,0.7611920000000001,2.56186e-05,3.7947592e-06,4.1486804e-06,5.545132e-06,8.616065999999999e-06,1.5695519999999997e-05,1.8622021e-05,3.491016e-05,0.8830252,0.029453649999999998,0.0002593415,74.60782,53.25314999999999,6.0678800000000006e-05,6.4209499999999995,0.021777869999999998,19.70709,0.00186826613,0.00017030155599999998,0.043435230000000005,77.3896,0.00186826613,0.00017030155599999998,0.0066806819999999986,36.977679,0.00186826613,0.00017030155599999998,0.0031286889999999996,37.050546000000004,0.00186826613,0.00017030155599999998,0.005380505,2.0677089999999995e-05,4.3175339999999996e-05,-0.172205734,27.110905000000002,0.037732,0.000479252,-0.0007613212,9.048917e-06,5.5189410000000005e-05
73,1606903200,1.5902150000000002,1.590236,0.0113430095,-1.5574549999999998,2.152451,1.1598055999999999,1.729665,1.603924,0.040506589,0.6983235999999999,2.4607620000000003e-05,2.6384088e-06,2.9626657999999996e-06,4.377278e-06,7.014871e-06,1.3205596999999998e-05,1.5796452999999995e-05,2.923747e-05,0.7356849,0.05904469,0.00030063179999999994,80.87271000000001,57.663599999999995,5.281815999999999e-05,6.521208,0.01991623,17.327530000000003,0.0019396375,0.00017702406499999998,0.03936563,64.52456,0.0019396375,0.00017702406499999998,0.006529491,35.439277000000004,0.0019396375,0.00017702406499999998,0.002911406,35.6783435,0.0019396375,0.00017702406499999998,0.005380785,2.071745e-05,4.3085709999999994e-05,0.01134156,29.722665999999997,0.04228229000000001,0.00022384000000000016,-0.0009026377,9.175829e-06,6.164980000000001e-05
73,1606903800,2.124254,2.124277,-0.03403803,-1.0179432,2.6856440000000004,1.256127,2.353535,2.1082030000000005,0.04388084,0.917578,2.752331e-05,6.1356149000000004e-06,6.707269199999999e-06,8.761554e-06,1.1873427999999999e-05,1.7740073000000003e-05,3.1003245e-05,4.279382e-05,0.9387067,0.12280035,0.0004862293,83.68126,61.54594000000001,7.055654e-05,6.434083000000001,0.02356441,23.232850000000003,0.0034722151100000003,0.000317331293,0.04482889,82.88391999999999,0.0034722151100000003,0.000317331293,0.007268059,62.971729999999994,0.0034722151100000003,0.000317331293,0.0037753799999999996,63.925347,0.0034722151100000003,0.000317331293,0.0053453269999999995,2.242834e-05,4.4793969999999996e-05,-0.06262523,14.350800000000001,0.03811389,0.0014950058000000003,6.223160000000001e-05,9.102049e-06,5.723924e-05
73,1606904400,2.563722,2.563744,-0.02201267,-1.0025194999999998,2.908253,1.369017,2.609666,2.348923,0.020491660000000002,1.0581505,2.739315e-05,5.736069300000001e-06,6.2366587000000005e-06,8.323866e-06,1.2325168e-05,2.8152800000000003e-05,2.9504109999999998e-05,4.594251e-05,1.161508,0.1197379,0.0004737549,81.98589,59.408629999999995,8.514599999999999e-05,6.443855000000001,0.02588816,28.12697,0.00205985975,0.000187926712,0.0498923,102.10618000000001,0.00205985975,0.000187926712,0.006508032000000001,38.865121,0.00205985975,0.000187926712,0.0031297770000000003,39.043398,0.00205985975,0.000187926712,0.005928249,3.4921299999999994e-05,5.7430139999999994e-05,-0.014862317,8.394643,0.043681149999999995,0.003495143,0.0017724556999999998,1.0227285e-05,7.265668e-05
73,1606905000,2.2319180000000003,2.231941,-0.016456780969999998,-1.0156937,2.742795,1.2837660000000002,2.427974,2.1776929999999997,0.024240012,0.9314796000000001,2.524617e-05,3.562825e-06,3.8911768e-06,5.347367e-06,8.750875e-06,2.2943880999999997e-05,2.264647e-05,3.227234e-05,1.0076722999999999,0.10780676,0.0003759564,85.233,59.67941,7.414266000000001e-05,6.376131,0.02413514,24.581599999999995,0.0022403945,0.000204409224,0.04638966,88.39479,0.0022403945,0.000204409224,0.0068242070000000005,44.76572,0.0022403945,0.000204409224,0.0033584469999999996,44.901481,0.0022403945,0.000204409224,0.005891327,3.3169619999999996e-05,5.586457e-05,-0.01649581,8.417077000000003,0.038680139999999995,0.003295588,0.0016128205,9.495896e-06,6.092652000000001e-05
73,1606905600,1.2963044,1.2963276000000001,0.02333806,-1.369183,2.130401,1.0167267,1.7181910000000002,1.5770739999999999,0.019367612,0.5539278999999999,2.4316110000000003e-05,2.1890846000000004e-06,2.4724436e-06,3.792557999999999e-06,6.247866e-06,1.1462838e-05,1.446628e-05,2.691196e-05,0.6154129,0.032354289999999994,0.00031453730000000004,78.37582999999998,55.505590000000005,4.3067080000000005e-05,6.4942459999999995,0.01751466,14.23675,0.00156518715,0.000142549572,0.03615864,54.29562,0.00156518715,0.000142549572,0.00660195,29.134082999999997,0.00156518715,0.000142549572,0.002883682,29.129186999999995,0.00156518715,0.000142549572,0.005273923999999999,1.8231530000000002e-05,4.082888e-05,-0.011733880000000002,36.499618999999996,0.040518929999999995,-0.00045643518,-0.0014863010000000002,9.548117e-06,5.8827659999999996e-05
73,1606906200,1.0432001,1.0432227,0.02549421,-1.480432,1.9160460000000001,0.9401669,1.541934,1.385218,0.009855123999999998,0.4399533,2.546521e-05,3.1379267000000004e-06,3.5016583e-06,5.0510000000000004e-06,7.143686000000001e-06,1.3494335000000001e-05,1.5855749e-05,2.6135139999999996e-05,0.4740596,0.047171639999999994,0.00029097680000000003,78.50065,59.11949,3.4649650000000005e-05,6.639441000000001,0.015906990000000003,11.61538,0.00097203476,8.828756599999998e-05,0.031800289999999995,41.52993,0.00097203476,8.828756599999998e-05,0.005887292000000001,18.008261,0.00097203476,8.828756599999998e-05,0.0020731060000000003,17.782745,0.00097203476,8.828756599999998e-05,0.005365796000000001,1.9897029999999998e-05,4.252301e-05,-0.10011577,32.76374599999999,0.03924518,-3.3317800000000035e-05,-0.0011834422,9.717094e-06,6.087252999999999e-05
73,1606906800,0.9428991,0.9429218,0.02539156,-1.368293,1.8916320000000002,0.8836145999999999,1.514147,1.351055,0.008728457,0.3994622,2.53832e-05,3.2881800999999995e-06,3.7889834000000004e-06,5.090100000000001e-06,7.346807e-06,1.3305084000000002e-05,1.5596863e-05,2.6766060000000002e-05,0.4192332,0.051877240000000005,0.00026063320000000004,81.43582,61.075959999999995,3.1288389999999996e-05,6.674856,0.014945030000000002,10.632970000000002,0.0007831292300000001,7.1005448e-05,0.0299399,36.81699,0.0007831292300000001,7.1005448e-05,0.006130494,18.579526,0.0007831292300000001,7.1005448e-05,0.002278641,18.097977999999998,0.0007831292300000001,7.1005448e-05,0.005352174,1.941272e-05,4.195348e-05,0.064390057,32.704547000000005,0.03842405,-0.00012245,-0.0011410434000000001,9.198932e-06,5.86671e-05
73,1606907400,1.0925812999999998,1.0926036,0.012475854000000001,-1.51208,1.918897,0.9644394000000001,1.5459850000000002,1.3896419999999998,0.011045536000000002,0.4621917,2.4843430000000002e-05,2.6812819999999996e-06,2.9232161e-06,4.283713e-06,6.071269999999999e-06,8.864779999999999e-06,1.3315557e-05,2.3877713000000002e-05,0.4964709,0.049545759999999994,0.0002093996,81.59680999999999,59.27664,3.628669e-05,6.398420999999999,0.01628837,11.999130000000001,0.00083943979,7.6071137e-05,0.03255831,43.75125,0.00083943979,7.6071137e-05,0.006169183999999999,17.994911300000002,0.00083943979,7.6071137e-05,0.002343514,17.6363555,0.00083943979,7.6071137e-05,0.005118871,1.4037789999999999e-05,3.667574e-05,-0.09130434,40.00756,0.036608650000000006,-0.0013282514,-0.0022748950000000003,9.022503999999998e-06,4.780026e-05
73,1606908000,1.2961040000000001,1.2961260000000001,0.005213128,-1.450476,2.0926760000000004,1.0422740000000001,1.7081410000000001,1.544184,0.010788704,0.5386867000000001,2.452066e-05,2.6879257e-06,2.9954602e-06,4.39144e-06,6.7587790000000005e-06,1.361244e-05,1.5039993999999999e-05,2.6933839999999996e-05,0.6016428,0.04608036,0.00025365139999999995,78.63417,57.154070000000004,4.3054000000000005e-05,6.424467,0.017719860000000004,14.391,0.00089041664,8.076076800000001e-05,0.0359476,53.091719999999995,0.00089041664,8.076076800000001e-05,0.0064187770000000005,22.013433,0.00089041664,8.076076800000001e-05,0.0027270519999999998,21.479926,0.00089041664,8.076076800000001e-05,0.005370471,2.0447090000000002e-05,4.2774040000000004e-05,0.014345270000000007,29.674701,0.03759674,0.00023545539999999992,-0.000970565,9.502144e-06,5.94958e-05
73,1606908600,1.206265,1.206288,0.011705394999999999,-1.4793030000000003,2.0215769999999997,1.0088021999999999,1.6380119999999998,1.483734,0.009801349,0.5073880999999999,2.4042040000000004e-05,2.0568356e-06,2.2992522e-06,3.713163e-06,5.803307999999999e-06,1.1883349e-05,1.3034702000000001e-05,2.3604069999999998e-05,0.5602749,0.04242223999999999,0.00037019680000000005,83.01873,57.09861000000001,4.008002999999999e-05,6.523585,0.017208850000000005,13.45529,0.00235892676,0.000215327847,0.03469757,49.45215999999999,0.00235892676,0.000215327847,0.006986206,42.28028,0.00235892676,0.000215327847,0.0032654660000000003,42.71655199999999,0.00235892676,0.000215327847,0.005352056,2.026007e-05,4.2534159999999994e-05,-0.22887706900000002,32.263524000000004,0.038400050000000005,0.00012020200000000007,-0.0009571485000000003,9.453892e-06,5.551874000000001e-05
73,1606909200,1.0787719,1.0787943000000002,0.01524799,-1.5685379999999998,1.873294,0.9602966000000001,1.5039470000000001,1.371305,0.008325609000000001,0.44886790000000004,2.4046480000000003e-05,2.2717009000000005e-06,2.4772896000000004e-06,3.777398e-06,5.367192000000001e-06,8.066769e-06,1.235042e-05,2.215093e-05,0.4996270000000001,0.039300550000000004,0.00039934110000000003,81.89741999999998,57.36608,3.584451e-05,6.421169000000001,0.016485390000000003,12.000050000000002,0.00047545452999999993,4.275965699999999e-05,0.0328502,44.33986,0.00047545452999999993,4.275965699999999e-05,0.005844576,13.315947,0.00047545452999999993,4.275965699999999e-05,0.002024484,12.616714000000002,0.00047545452999999993,4.275965699999999e-05,0.005070778,1.3434070000000002e-05,3.574305e-05,0.04750700999999999,39.07625,0.035654790000000006,-0.0013307456,-0.002239095,8.717482e-06,5.109518999999999e-05
73,1606909800,1.0184830000000002,1.0185053,0.021441369999999998,-1.534577,1.8631690000000003,0.932235,1.488871,1.347981,0.007422261000000001,0.4275003,2.437101e-05,2.4015198e-06,2.753326e-06,4.201647e-06,6.347635e-06,1.4213057999999998e-05,1.5968439e-05,2.676269e-05,0.4692228,0.039506019999999996,0.0004380037999999999,76.85521,57.85386,3.3814860000000004e-05,6.719640999999998,0.015875610000000002,11.46107,0.00117866945,0.00010732505989999999,0.03165005,41.108149999999995,0.00117866945,0.00010732505989999999,0.006375041,24.271164,0.00117866945,0.00010732505989999999,0.002608514,24.061822,0.00117866945,0.00010732505989999999,0.005413695,2.149331e-05,4.383388999999999e-05,-0.10866034,28.324216,0.04001059,0.0006470240000000001,-0.0006346441,9.290799000000002e-06,6.0489820000000006e-05
73,1606910400,1.0416814,1.0417047,0.027708160000000003,-1.4777529999999999,1.914246,0.9346841999999999,1.524535,1.3872809999999998,0.009090239000000002,0.43560550000000003,2.5420770000000004e-05,3.6361914999999997e-06,4.0798973e-06,5.455579e-06,7.561155e-06,1.4130579e-05,1.6013012e-05,2.7720000000000002e-05,0.4811783,0.03916439,0.00041626430000000006,79.25053999999999,57.607389999999995,3.457841e-05,6.616435,0.01601915,11.726560000000001,0.00052610842,4.7491461499999996e-05,0.03215748,42.46646,0.00052610842,4.7491461499999996e-05,0.005782269999999999,11.942364999999999,0.00052610842,4.7491461499999996e-05,0.0019885439999999996,11.41742,0.00052610842,4.7491461499999996e-05,0.005283301,1.863756e-05,4.0859490000000003e-05,0.06799309,35.377478,0.041482859999999996,-0.00011715699999999994,-0.0011474263,9.522404e-06,6.902201e-05
73,1606911000,1.0351681000000001,1.0351906,0.02783169,-1.4883209999999998,1.8839830000000002,0.9338333000000001,1.519509,1.3713799999999998,0.014870773,0.44044819999999996,2.331585e-05,1.3546699e-06,1.5014191e-06,2.6317129e-06,4.230818e-06,6.725556e-06,1.0213043e-05,1.9190592e-05,0.4775646,0.03955382,0.0004186639,82.35056,57.94535,3.439747e-05,6.39551,0.01575425,11.294609,0.00065442545,5.9117376000000005e-05,0.031805929999999996,41.90427000000001,0.00065442545,5.9117376000000005e-05,0.006104841999999999,16.334918000000002,0.00065442545,5.9117376000000005e-05,0.00228549,15.847618,0.00065442545,5.9117376000000005e-05,0.005068793,1.2746749999999998e-05,3.5075780000000006e-05,-0.11693503000000001,37.42532,0.034655660000000005,-0.0012271539999999998,-0.0022245235,7.990254000000001e-06,4.716931e-05
73,1606911600,1.343468,1.3434909999999998,0.02051366,-1.51479,2.117465,1.0668890000000002,1.7105029999999999,1.553485,0.013988702,0.5635077999999999,2.392137e-05,2.1565967e-06,2.4229504999999995e-06,3.7884090000000013e-06,6.534486e-06,2.0362037e-05,1.5292536e-05,2.5984653000000004e-05,0.6225035,0.0485958,0.0005560548,80.64253,57.31952,4.461837e-05,6.515883,0.018309770000000003,15.26146,0.0007144271500000001,6.4602634e-05,0.036570729999999996,54.96415,0.0007144271500000001,6.4602634e-05,0.0062471390000000005,19.539966,0.0007144271500000001,6.4602634e-05,0.002597529,18.861731,0.0007144271500000001,6.4602634e-05,0.0058552199999999995,3.137975e-05,5.382494e-05,0.023884930000000002,12.214199,0.03894281,0.0027309739999999997,0.0013647727,9.037009999999999e-06,6.038714000000001e-05
73,1606912200,1.3516150000000002,1.3516380000000001,0.024032279999999996,-1.3436210000000002,2.2016940000000007,1.047193,1.8012909999999998,1.6324620000000003,0.009877641,0.5606844000000001,2.419948e-05,2.4115987999999994e-06,2.7444033e-06,4.488618000000001e-06,9.320266e-06,2.6622500000000005e-05,1.5899667000000003e-05,2.8666930000000004e-05,0.6280522000000001,0.04708419,0.0005789589,81.88604000000001,57.05292000000001,4.4868139999999994e-05,6.614242,0.01810672,15.515120000000001,0.00224857492,0.00020519757,0.03666785,55.20071,0.00224857492,0.00020519757,0.0069056000000000005,40.144821,0.00224857492,0.00020519757,0.0032978229999999996,40.547872,0.00224857492,0.00020519757,0.006506723000000001,4.536192e-05,6.761828000000001e-05,0.0007670119999999995,2.6213969999999995,0.04030545,0.004768929999999999,0.0033897079999999995,9.496802e-06,6.888512000000001e-05
73,1606912800,1.2195649999999998,1.219586,0.03130685,-1.299943,2.12444,0.9907422,1.734091,1.564473,0.012418874,0.5078332999999999,2.343807e-05,1.5430184e-06,1.9055408e-06,3.3382910000000003e-06,9.624353e-06,2.3135209999999996e-05,1.3008909e-05,2.460354e-05,0.5585085,0.05060727,0.0005866375,82.25309999999999,58.444950000000006,4.048389e-05,6.722809,0.017222640000000004,14.22635,0.00211066044,0.0001926787497,0.03460144999999999,49.21974999999999,0.00211066044,0.0001926787497,0.006731905000000001,38.294008000000005,0.00211066044,0.0001926787497,0.0030506409999999998,38.49460499999999,0.00211066044,0.0001926787497,0.006659665,4.814353e-05,7.052676000000001e-05,0.021133790899999998,2.31362,0.04174758,0.004980678,0.0036172369999999997,9.329578999999999e-06,6.75205e-05
73,1606913400,1.187295,1.187316,0.032667619999999994,-1.3981240000000001,2.055663,0.990102,1.675288,1.512421,0.011072121,0.5065499,2.3490940000000002e-05,1.5590097e-06,1.8348955e-06,3.200202e-06,7.73561e-06,1.6470651999999997e-05,1.1628551000000002e-05,2.150184e-05,0.5442256999999999,0.048817059999999995,0.0005386439999999999,82.85517000000002,58.45271,3.943515e-05,6.582262,0.016985789999999997,13.538720000000001,0.0014813283999999998,0.000134872312,0.03408901,47.874340000000004,0.0014813283999999998,0.000134872312,0.006623636,29.001283,0.0014813283999999998,0.000134872312,0.0029121,28.830209000000004,0.0014813283999999998,0.000134872312,0.006050313,3.415089999999999e-05,5.653982e-05,-0.03410495,13.196318999999999,0.037662589999999996,0.002954270999999999,0.001411215,8.633888000000001e-06,6.662477e-05
73,1606914000,1.400022,1.400044,0.017157502,-1.5375320000000001,2.0971,1.0915457000000002,1.723403,1.5788730000000002,0.015156551999999998,0.5877856,2.382718e-05,1.9382516000000003e-06,2.1770086000000004e-06,3.493766e-06,5.889531e-06,1.0625623e-05,1.3837719e-05,2.691271e-05,0.6591060999999999,0.040419689999999994,0.00041858539999999994,80.16778,55.964920000000006,4.6498119999999996e-05,6.528681000000001,0.01846451,15.127439999999998,0.0014781858700000001,0.000134575455,0.0374768,57.89533,0.0014781858700000001,0.000134575455,0.006671695,31.797992999999998,0.0014781858700000001,0.000134575455,0.0030036719999999998,31.589997,0.0014781858700000001,0.000134575455,0.0052384929999999994,1.715718e-05,3.9444580000000004e-05,0.15787256,33.201313,0.03810809999999999,-0.0003891649999999998,-0.0013814590000000002,8.630432e-06,5.610423999999999e-05
73,1606914600,1.3513880000000003,1.3514089999999999,0.02288281,-1.5222599999999997,2.0863769999999997,1.0665018,1.6983519999999999,1.554946,0.018403821,0.5768594,2.436005e-05,2.4729112e-06,2.6960969e-06,3.986595000000001e-06,6.4988360000000005e-06,1.0307249000000001e-05,1.3936879e-05,2.7218136999999997e-05,0.6367310999999999,0.03846117,0.0004313625,77.86192,56.01549,4.487665e-05,6.439272,0.018139140000000005,14.678729999999998,0.00214040276,0.000195266815,0.0368094,56.04708000000001,0.00214040276,0.000195266815,0.006930411,39.421491,0.00214040276,0.000195266815,0.003235996,39.759498,0.00214040276,0.000195266815,0.005189887,1.538994e-05,3.781327e-05,-0.06276011,33.760575,0.033956520000000004,-0.0008345760000000001,-0.0017193389999999999,7.588806000000001e-06,4.431764e-05
73,1606915200,1.0094331999999997,1.0094553000000002,0.03343095,-1.404683,1.902958,0.9171707999999998,1.5547600000000001,1.394067,0.008272323000000002,0.42603920000000006,2.404989e-05,2.2620456e-06,2.4821117e-06,3.5490419999999997e-06,5.417936e-06,1.1398198e-05,1.1957755999999999e-05,2.13494e-05,0.45710370000000006,0.047143199999999996,0.0004089561,83.72939,59.4308,3.351835e-05,6.619231999999999,0.015535530000000002,11.28223,0.0006676728099999999,6.0328528e-05,0.031262410000000004,40.15283,0.0006676728099999999,6.0328528e-05,0.006064998,15.040027999999998,0.0006676728099999999,6.0328528e-05,0.002285048,14.624213000000001,0.0006676728099999999,6.0328528e-05,0.005317178,1.8561174e-05,4.07923e-05,-0.022805770000000006,33.257132999999996,0.03632341,-0.00010010099999999993,-0.0010777279,8.534256e-06,5.411588e-05
73,1606915800,1.1873318,1.1873532,0.0345178,-1.309545,2.068601,0.9776356999999999,1.7060029999999997,1.539571,0.017562694,0.4987731999999999,2.5025439999999995e-05,3.3494576000000002e-06,3.5247414999999997e-06,4.7059288e-06,6.549237e-06,1.2351593999999999e-05,1.2938505e-05,2.3744016e-05,0.5437447000000001,0.049476519999999996,0.0003742532,82.00289999999998,58.50506,3.9441949999999996e-05,6.537551000000001,0.01637894,12.67191,0.00148290745,0.000135096586,0.0339345,47.35828999999999,0.00148290745,0.000135096586,0.006443057999999999,29.003472999999996,0.00148290745,0.000135096586,0.002739776,28.912000999999997,0.00148290745,0.000135096586,0.005145093000000001,1.4121601000000002e-05,3.623972e-05,0.173516457,35.519890999999994,0.03421119,-0.0001781869999999998,-0.0011230348,5.909638e-06,4.521525e-05
73,1606916400,1.2892940000000002,1.2893149999999998,0.026659159999999998,-1.206438,2.191904,1.0036885,1.813182,1.633849,0.011139401,0.5391357,2.428799e-05,2.5904669999999997e-06,2.7916712000000004e-06,3.9038310000000004e-06,6.054077e-06,9.232989999999999e-06,1.1928018000000001e-05,2.2476232e-05,0.5918960999999999,0.05244709000000001,0.00024183530000000003,79.38224,58.258640000000014,4.28695e-05,6.459917999999999,0.01668971,13.455519999999998,0.0017008758899999996,0.000155053395,0.035258,51.020920000000004,0.0017008758899999996,0.000155053395,0.006680175000000001,33.16189000000001,0.0017008758899999996,0.000155053395,0.003037865,33.132201,0.0017008758899999996,0.000155053395,0.005102578,1.3985507e-05,3.611467e-05,0.19845785000000002,41.585411699999995,0.038337899999999994,-0.000921259,-0.001777869,7.537814999999999e-06,4.8995920000000004e-05
73,1606917000,0.9152511999999999,0.9152729,0.02279005,-1.140387,1.8638820000000003,0.8408706,1.5438100000000001,1.381994,0.010671863,0.38882479999999997,2.4182509999999998e-05,2.2405984e-06,2.4276647000000003e-06,3.3071435e-06,5.380944999999999e-06,1.194067e-05,1.0441986999999999e-05,1.8580033999999998e-05,0.40699689999999994,0.050381920000000004,0.0001906291,82.33574999999999,61.21459,3.03961e-05,6.523107,0.01420023,9.986017,0.0007327156,6.636885e-05,0.02931199,35.36017,0.0007327156,6.636885e-05,0.006236698000000001,18.842334,0.0007327156,6.636885e-05,0.0024087749999999997,18.27367,0.0007327156,6.636885e-05,0.00530242,1.7327565e-05,3.9603460000000005e-05,-0.126150533,35.7117283,0.034510559999999996,0.0002604510000000001,-0.0006540478999999999,6.070598e-06,4.775923e-05
73,1606917600,0.9731864,0.9732077,0.02000901,-1.157499,1.963524,0.8699880999999999,1.589561,1.423394,0.009119839000000001,0.40723660000000006,2.414188e-05,2.0763537e-06,2.3440026e-06,3.387648e-06,5.643683e-06,1.1432036e-05,1.2669823000000001e-05,2.2472669999999997e-05,0.4352297,0.051073139999999996,0.00022803470000000003,82.85012,60.640969999999996,3.230879e-05,6.714885000000001,0.014684069999999999,10.665144999999999,0.00156685981,0.00014282121130000002,0.03037439,37.90116999999999,0.00156685981,0.00014282121130000002,0.006478525000000001,28.725639,0.00156685981,0.00014282121130000002,0.002671957,28.780124999999998,0.00156685981,0.00014282121130000002,0.005296869,1.7465521e-05,3.99131e-05,-0.06690290999999998,34.82394,0.03584729,-0.0003118750000000001,-0.0012727078,7.975938e-06,4.8228909999999996e-05
73,1606918200,0.9905176000000001,0.9905394,0.01797864,-1.131788,1.980961,0.8735440000000001,1.6099600000000003,1.44278,0.010008004999999999,0.4160411,2.4556540000000004e-05,2.5030236999999996e-06,2.7418731e-06,3.7502430000000002e-06,6.056119000000001e-06,1.0077213e-05,1.2689701000000001e-05,2.321544e-05,0.4441301,0.0508845,0.000180375,81.39281000000001,60.34723,3.288962e-05,6.627476,0.014736000000000003,10.766561,0.0008772209099999999,7.961279400000001e-05,0.030763350000000005,38.82673,0.0008772209099999999,7.961279400000001e-05,0.006296940000000001,19.927297,0.0008772209099999999,7.961279400000001e-05,0.0024885339999999997,19.523160999999998,0.0008772209099999999,7.961279400000001e-05,0.005173357,1.4965130000000002e-05,3.7290749999999995e-05,-0.23223548,39.061924999999995,0.03570339,-0.000875893,-0.001944466,8.036606000000002e-06,4.886195e-05
73,1606918800,0.9092789,0.9093010999999999,0.02260102,-1.0898980000000003,1.9246339999999997,0.8332559999999999,1.558135,1.392718,0.008945396,0.3828047,2.412008e-05,2.2705190000000004e-06,2.505437e-06,3.523107e-06,6.030233000000001e-06,1.3648554999999999e-05,1.2087898000000001e-05,2.102794e-05,0.4031329,0.051242109999999993,0.00020122,82.57135000000002,61.366589999999995,3.0177730000000003e-05,6.641456000000001,0.014303350000000001,10.247068,0.0016853238399999998,0.0001536630869,0.02939845,35.53678,0.0016853238399999998,0.0001536630869,0.006673146,31.310490999999995,0.0016853238399999998,0.0001536630869,0.002861187,31.365920999999997,0.0016853238399999998,0.0001536630869,0.005447763,2.0984490999999997e-05,4.330457e-05,0.013008500000000003,31.858041000000004,0.0360149,0.0007394270000000001,-0.0004988421,7.726e-06,5.162908e-05
73,1606919400,0.8157859000000001,0.8158082,0.024591190000000002,-1.1396510000000002,1.796791,0.7984471,1.47492,1.30549,0.007796459,0.3425207,2.33626e-05,1.3107722e-06,1.3873184e-06,2.1798192e-06,3.756069e-06,8.477318e-06,6.9139899999999995e-06,1.2730479e-05,0.35588410000000004,0.05180256,0.00016837786999999998,86.39981,62.76366,2.7105319999999994e-05,6.473749,0.0135267,9.061544000000001,0.00095824602,8.7029335e-05,0.02763949,31.382320000000004,0.00095824602,8.7029335e-05,0.006161399,19.601972999999997,0.00095824602,8.7029335e-05,0.0022699559999999996,19.247101,0.00095824602,8.7029335e-05,0.005177323,1.4061959999999999e-05,3.626238999999999e-05,-0.040088059999999995,44.8977459,0.03499547,-0.00035960699999999996,-0.001231211,5.8197139999999995e-06,4.6583900000000006e-05
73,1606920000,0.7675212,0.7675432000000001,0.03509021,-1.1153330000000001,1.781754,0.7741791000000001,1.446942,1.2727140000000001,0.007747983,0.3292595,2.321084e-05,1.3702928e-06,1.4713607e-06,2.0228239e-06,3.5583110000000004e-06,5.90349e-06,6.016602999999999e-06,1.1094553999999998e-05,0.3301705,0.053367359999999996,0.0001895334,88.22934,63.97924999999999,2.5502990000000002e-05,6.411033999999999,0.012945429999999999,8.392280000000001,0.0006888159899999999,6.24665611e-05,0.02658761,29.054850000000005,0.0006888159899999999,6.24665611e-05,0.005902023,13.707649,0.0006888159899999999,6.24665611e-05,0.0019892679999999998,13.352813999999999,0.0006888159899999999,6.24665611e-05,0.005009728,1.0263443e-05,3.234898e-05,-0.20192119000000003,53.87926050000001,0.03333958,-0.0012419764,-0.0020613640000000004,5.844163e-06,4.654193e-05
73,1606920600,0.6719602,0.6719826000000001,0.06344906,-0.9743868999999998,1.633512,0.7045186999999999,1.3696170000000003,1.202099,0.009850297000000001,0.28631519999999994,2.3229009999999998e-05,1.1970829e-06,1.3077274e-06,1.7810750000000001e-06,3.4098945e-06,9.1315025e-06,4.915472e-06,9.28979e-06,0.27329109999999995,0.06237748,0.00027915620000000004,89.90083,69.49432999999999,2.231482e-05,6.294009000000001,0.012057303000000002,7.469937999999999,0.00066858563,6.049673999999999e-05,0.02401559,24.100749999999998,0.00066858563,6.049673999999999e-05,0.0060674249999999996,15.018233,0.00066858563,6.049673999999999e-05,0.0021085127999999997,14.627881400000001,0.00066858563,6.049673999999999e-05,0.005248728,1.4516554000000003e-05,3.6728380000000004e-05,-0.047077461300000005,47.836838900000004,0.030710659999999994,0.000216022,-0.0008640910999999999,4.047113e-06,3.8473e-05
73,1606921200,0.4607773,0.46079939999999997,0.08901735999999999,-0.3122717,1.3863050000000001,0.49796390000000007,1.255837,1.0817199,0.009586019,0.2028486,2.325973e-05,1.14677782e-06,1.17980352e-06,1.52155313e-06,2.4420014999999996e-06,6.4771276999999995e-06,4.0381635e-06,7.3052383e-06,0.1723953,0.057729169999999996,0.0002381844,93.80475,75.44594000000001,1.529213e-05,6.447711,0.01023362,5.149214,0.00064197356,5.8035792e-05,0.01924615,15.3188,0.00064197356,5.8035792e-05,0.005831088999999999,12.251195,0.00064197356,5.8035792e-05,0.001728652,11.871801999999999,0.00064197356,5.8035792e-05,0.005020667,8.692490000000001e-06,3.092934e-05,-0.023828468999999998,1.7604763,0.00816361613,-0.00107148,-0.0017384948,1.5897353000000004e-06,1.7243089999999997e-05
73,1606921800,0.3434717,0.34349419999999997,0.09786829000000001,-0.3105639,1.2166130000000002,0.44247610000000004,1.096422,0.9256409000000001,0.006193037,0.14841739999999998,2.250906e-05,3.5540746e-07,3.8447006e-07,5.2897014e-07,1.2819484e-06,2.5016053e-06,1.6002394000000001e-06,3.4052579000000004e-06,0.11165353,0.05986439000000001,0.0002074006,102.36823000000001,85.66611,1.1396562000000001e-05,6.478568,0.008547012,3.738086,0.00087470459,7.937869900000001e-05,0.01539412,9.864535,0.00087470459,7.937869900000001e-05,0.006030290000000001,16.486224,0.00087470459,7.937869900000001e-05,0.0018391310000000001,16.21347,0.00087470459,7.937869900000001e-05,0.004865479,4.513183500000001e-06,2.6697000000000005e-05,0.012243085000000004,19.248738,0.006538382397,-0.0024576420000000003,-0.0029639210000000004,1.4498851000000002e-06,1.6441890000000002e-05
73,1606922400,0.3148307,0.3148527,0.09692835,-0.4857979,1.1519220000000001,0.4377943,1.036232,0.8683390000000001,0.0037749040000000004,0.13446019999999997,2.2661359999999997e-05,5.6006453e-07,5.9103807e-07,7.722917900000001e-07,1.7585645e-06,5.048003e-06,1.9310286999999997e-06,3.01122e-06,0.09811346000000001,0.05906961000000001,0.00021758199999999996,103.71385000000001,87.72175,1.0451687e-05,6.200152999999999,0.008161809,3.547233,0.0006876481099999998,6.2272448e-05,0.01449344,8.648711,0.0006876481099999998,6.2272448e-05,0.005875174,13.1423,0.0006876481099999998,6.2272448e-05,0.0017007011000000002,12.813379000000001,0.0006876481099999998,6.2272448e-05,0.005032345,8.8056684e-06,3.096884e-05,0.0030620262999999986,1.3183513,0.0059633747,-0.000921022,-0.0018763897999999998,1.8933374999999998e-06,1.770969e-05
73,1606923000,0.302929,0.3029509,0.10994396,-0.38176899999999997,1.426694,0.4248682,1.0258449,0.8587762,0.0057306679999999995,0.1421505,3.084365e-05,1.095242669e-05,7.96746699e-06,5.94315013e-06,5.0865797e-06,8.2980229e-06,4.4162272e-06,6.0622947e-06,0.09174975999999999,0.059403830000000005,0.0002527017,100.27873000000001,89.44615999999999,1.0043587999999999e-05,6.693457,0.008122115,4.012302,0.00154394905,0.000142013837,0.014106000000000002,9.268782,0.00154394905,0.000142013837,0.006058605,16.346027999999997,0.00154394905,0.000142013837,0.001881474,15.895375999999999,0.00154394905,0.000142013837,0.005112224,8.53470526e-05,0.00010720198,3.994963567,204.5877571,0.16330039548,-0.0013322709999999999,-0.001906298,0.00035114078909999997,0.00376682926
73,1606923600,0.33187989999999995,0.33190200000000003,0.12276019999999999,-0.24865729999999994,1.198199,0.4318605,1.0952579999999998,0.9189655999999999,0.003933965,0.1417256,2.275803e-05,8.3322823e-07,8.8301062e-07,1.05527739e-06,1.4225294e-06,1.9329464e-06,2.5110579e-06,4.862378e-06,0.10715899,0.05854205,0.0002246134,98.57014,85.48339,1.1009104e-05,6.4595020000000005,0.008354499000000001,3.542357,0.00055620797,5.0206972e-05,0.015157559999999997,9.444229000000002,0.00055620797,5.0206972e-05,0.005717013,11.185724,0.00055620797,5.0206972e-05,0.0015256388,10.7318639,0.00055620797,5.0206972e-05,0.004708550000000001,1.1941178000000001e-06,2.320269e-05,-0.029782923,1.6479677000000001,0.00051309567,-0.003126888,-0.003601679,1.2351849e-06,1.267486e-05
73,1606924200,0.34583328571428573,0.34585114285714286,0.11738685714285714,-0.31428399999999995,1.24809,0.44623857142857154,1.106817142857143,0.9307784285714286,0.006818557142857143,0.15535385714285715,1.8165757142857145e-05,4.2565228571428566e-07,4.463549857142857e-07,6.144612571428572e-07,9.435978571428572e-07,2.1408221428571427e-06,1.7046947142857142e-06,3.3933157142857138e-06,0.11391801428571428,0.05874834285714285,0.00024021300000000003,100.06452857142857,84.55324285714286,1.1478715714285715e-05,6.5122985714285715,0.008444450000000001,3.7259971428571426,0.0005257480285714286,4.7547907142857146e-05,0.015519857142857143,9.962657142857141,0.0005257480285714286,4.7547907142857146e-05,0.005232508571428572,10.652569999999999,0.0005257480285714286,4.7547907142857146e-05,0.0015916614285714284,10.338665714285712,0.0005257480285714286,4.7547907142857146e-05,0.00426628,3.0243644285714287e-06,2.0753685714285713e-05,0.01577154142857143,1.4297918571428572,0.005289217,-0.0019016114285714282,-0.0024425442857142856,1.587719e-06,1.5965458571428572e-05
73,1606924800,0.3778931,0.377912,0.10728953,-0.2945524,1.2623640000000003,0.45878889999999994,1.1544719999999997,0.9779553999999999,0.004295086,0.1594853,1.969591e-05,8.230241e-07,8.239006000000001e-07,9.729713e-07,1.5306563999999998e-06,7.743192899999998e-06,3.3307614000000005e-06,4.6655357e-06,0.1288935,0.059763140000000006,0.000268774,97.3339,81.98669,1.253738e-05,6.561555,0.009228838999999999,4.32837,0.00128932934,0.00011753058460000001,0.016623709999999996,11.411361999999999,0.00128932934,0.00011753058460000001,0.006081848,23.845612,0.00128932934,0.00011753058460000001,0.002326115,23.858127999999997,0.00128932934,0.00011753058460000001,0.004728582,9.643401e-06,2.87337e-05,-0.049503507,5.9123711,0.0068563977,-0.00046691699999999974,-0.0011363320000000003,1.5728334e-06,1.6036147e-05
73,1606925400,0.38304170000000004,0.3830625,0.03696965,-0.2427895,1.262812,0.455832,1.152187,0.9784425999999999,0.005449867000000001,0.1656032,2.121766e-05,6.484665700000001e-07,6.6223864e-07,8.205386e-07,1.0885051000000001e-06,1.4527196699999999e-06,2.24471611e-06,4.5417049e-06,0.1335862,0.057823639999999996,9.873425e-05,98.07047,80.34,1.27136e-05,6.272005999999999,0.009133595999999999,4.008613,0.0005730157300000001,5.192461429999999e-05,0.016875110000000006,11.68361,0.0005730157300000001,5.192461429999999e-05,0.005523695,11.4652347,0.0005730157300000001,5.192461429999999e-05,0.0015205155,11.077929690000001,0.0005730157300000001,5.192461429999999e-05,0.0045426,8.726391000000001e-07,2.1495320000000002e-05,-0.08296071400000002,15.117644100000001,0.0033231663000000003,-0.003070503,-0.0034767409999999998,9.136769000000001e-07,1.281714e-05
73,1606926000,0.3475559,0.347577,0.038008009999999995,-0.27667640000000004,1.2156379999999998,0.4387017,1.0824719,0.9244410000000001,0.006520009,0.15339830000000002,2.14898e-05,5.9725934e-07,5.996240199999999e-07,7.945610199999999e-07,1.3366355e-06,6.48610483e-06,2.3700806599999997e-06,3.4677935000000006e-06,0.11375713000000001,0.05987633999999999,0.00012812345,101.09684000000001,85.06267,1.1539057e-05,6.5171779999999995,0.009129583,3.9445190000000006,0.0008177230099999999,7.4180375e-05,0.01554043,10.017771999999999,0.0008177230099999999,7.4180375e-05,0.005810589,15.070051999999999,0.0008177230099999999,7.4180375e-05,0.0017897844,14.8510784,0.0008177230099999999,7.4180375e-05,0.004928921,9.404343300000002e-06,3.0429229999999995e-05,-0.06779892600000001,11.5149828,0.0096958397,-0.0006453070000000001,-0.0014252972,1.9693429e-06,1.877908e-05
73,1606926600,0.33510059999999997,0.33512200000000003,0.03541192,-0.2912077,1.1790749999999997,0.43658070000000004,1.0759070000000002,0.9044150999999999,0.0049082710000000005,0.1424656,2.1797e-05,4.1192630000000003e-07,4.1807823000000003e-07,5.730421e-07,1.2278565e-06,5.6134695000000004e-06,2.0870487e-06,3.6599313000000004e-06,0.1102114,0.05719384999999999,0.00013064692,101.60789,84.30927,1.1114479999999999e-05,6.671563000000001,0.009036249,3.771405,0.0008277179,7.507253e-05,0.01531749,9.635239,0.0008277179,7.507253e-05,0.006125516,17.064788,0.0008277179,7.507253e-05,0.0020472869999999996,16.756515999999998,0.0008277179,7.507253e-05,0.004917933000000001,7.971978099999999e-06,2.9442120000000002e-05,-0.0045492912,0.5786984999999999,0.0018274583,-0.0013388600000000003,-0.0019018420000000002,1.4464844e-06,1.522423e-05
73,1606927200,0.3258844,0.325906,0.03580722000000001,-0.28842080000000003,1.168387,0.43134630000000007,1.061733,0.8956399999999999,0.004662556,0.14289639999999998,2.2145369999999998e-05,4.5539710999999996e-07,4.7233563999999997e-07,6.0311635e-07,8.400785999999999e-07,1.1272151e-06,1.8285065e-06,3.9610018e-06,0.10642693,0.05640368,0.00010114015000000001,98.49271,84.73398,1.080943e-05,6.6088629999999995,0.008725662,3.4356519999999997,0.00051142085,4.6083871e-05,0.015118209999999998,9.38337,0.00051142085,4.6083871e-05,0.0057276490000000005,10.189872,0.00051142085,4.6083871e-05,0.0015614827000000001,9.736531000000001,0.00051142085,4.6083871e-05,0.004661347000000001,6.96396e-07,2.242088e-05,-0.005188432999999999,4.013626,0.0002756179999999999,-0.0033182060000000006,-0.0036861559999999995,8.595951e-07,1.1530229999999999e-05
73,1606927800,0.33271180000000006,0.3327337,0.021065140000000003,-0.3081585,1.175812,0.43517969999999995,1.063531,0.8990897999999998,0.005129199,0.14306729999999998,2.2003720000000002e-05,3.0435406e-07,3.0066718e-07,4.4190398e-07,9.835592e-07,4.92557593e-06,1.8014356000000002e-06,2.8363614000000002e-06,0.10923503999999999,0.05701824,9.078124e-05,98.63038,84.41722999999999,1.1046799999999999e-05,6.016471999999999,0.008980423000000001,3.722060999999999,0.0007375196500000001,6.6835845e-05,0.0153005,9.615136000000001,0.0007375196500000001,6.6835845e-05,0.006019454,14.833997,0.0007375196500000001,6.6835845e-05,0.001895829,14.436067,0.0007375196500000001,6.6835845e-05,0.004943651,7.5675108e-06,2.9440790000000004e-05,0.047915108,2.4525394,0.0030888215000000004,-0.001435963,-0.002007634,1.4765515999999997e-06,1.5099300000000001e-05
73,1606928400,0.3451129,0.3451352,0.015224249,-0.2638936,1.2041629999999999,0.43821070000000006,1.0854709999999999,0.9192655000000001,0.004889719,0.1500418,2.239214e-05,4.3628575999999997e-07,4.484922e-07,6.3400888e-07,1.3181623e-06,7.469571800000001e-06,2.4395216e-06,3.8878236999999994e-06,0.114143,0.05828837,0.00010801373999999998,100.19633,83.90422,1.1450509999999999e-05,6.679321,0.009091652,3.964414,0.0012312072999999999,0.00011203645,0.015619339999999999,10.028952,0.0012312072999999999,0.00011203645,0.006411861,22.986217999999997,0.0012312072999999999,0.00011203645,0.002300762,22.867853000000004,0.0012312072999999999,0.00011203645,0.005096029,1.11302518e-05,3.320063e-05,-0.017694010000000003,1.1417452,0.0062936228799999995,-0.000700248,-0.001342897,1.5357437e-06,2.011694e-05
73,1606929000,0.3736168,0.3736386,0.011498673,-0.33334909999999995,1.233937,0.46121500000000004,1.1203090000000002,0.9524915,0.005133634999999999,0.1609837,2.274718e-05,1.0053163e-06,1.1198313999999998e-06,1.6270138e-06,5.489135000000001e-06,1.766997e-05,3.6674453999999998e-06,6.4190877e-06,0.12690089999999998,0.05969434,0.0001752422,92.62906000000001,82.12332,1.238872e-05,6.863974000000001,0.010273888,4.928135,0.0009805372,8.914373879999999e-05,0.01651122,11.214679,0.0009805372,8.914373879999999e-05,0.006015172000000001,17.970806000000003,0.0009805372,8.914373879999999e-05,0.0019904824,17.8131997,0.0009805372,8.914373879999999e-05,0.0060890860000000005,3.378583e-05,5.566013999999999e-05,0.00027850340000000007,-1.242321,0.011893834,0.0038997710000000007,0.003018776,1.7260249999999997e-06,2.872204e-05
73,1606929600,0.38086290000000006,0.38088449999999996,0.02266065,-0.3216343,1.2620620000000002,0.46507960000000004,1.133546,0.9633672000000001,0.006397748,0.1655872,2.2491070000000004e-05,8.561125e-07,1.028709e-06,1.5648645e-06,7.49607e-06,1.5399250000000003e-05,3.1435280000000004e-06,5.5504260000000005e-06,0.13005119999999998,0.06016205,0.00018217739999999997,94.16739,81.81590999999999,1.262357e-05,6.8931070000000005,0.010307481999999998,4.9774259999999995,0.00039966189,3.5925276699999995e-05,0.01663899,11.382805000000001,0.00039966189,3.5925276699999995e-05,0.005433208,7.7695494,0.00039966189,3.5925276699999995e-05,0.0014052703,7.29534471,0.00039966189,3.5925276699999995e-05,0.006226153,3.626405e-05,5.792537e-05,0.0005556938999999999,-1.293045,0.010546492000000001,0.004146418000000001,0.003272348,1.6709189999999998e-06,2.8027800000000003e-05
73,1606930200,0.42309919999999995,0.42312130000000003,0.012393251,-0.3691574,1.312578,0.49193309999999996,1.184924,1.0129059,0.006629853,0.1841352,2.243304e-05,6.801179999999999e-07,8.077105e-07,1.3660395e-06,7.5741969999999995e-06,1.2551479999999999e-05,2.7676003999999997e-06,5.253083000000001e-06,0.15141410000000002,0.059942260000000004,0.000161634,93.88253,78.52796,1.4035590000000001e-05,6.837821,0.010651733,5.268673000000001,0.0006888591899999999,6.24232603e-05,0.01797404,13.273869999999999,0.0006888591899999999,6.24232603e-05,0.005697998,12.504617300000001,0.0006888591899999999,6.24232603e-05,0.0016639522,12.15204805,0.0006888591899999999,6.24232603e-05,0.006076798,3.271712e-05,5.454455e-05,-0.0025559750000000003,-0.91233743,0.012698165000000003,0.003947600999999999,0.0029700150000000003,3.1652590000000004e-06,2.9246320000000003e-05
73,1606930800,0.3897142,0.38973599999999997,0.011885898999999998,-0.2885456,1.259887,0.4614994,1.14611,0.9793426999999999,0.006119294,0.1684467,2.223145e-05,4.1276198e-07,4.1603998e-07,5.544799900000001e-07,7.842517999999999e-07,1.03882941e-06,1.7186872e-06,3.8733164e-06,0.1397035,0.05508816000000001,5.603955000000001e-05,99.4746,78.50703999999999,1.2941329999999998e-05,6.1880310000000005,0.009405028000000001,4.072468,0.0007677775799999999,6.961019699999999e-05,0.01723179,12.19763,0.0007677775799999999,6.961019699999999e-05,0.0059811809999999995,14.987082600000003,0.0007677775799999999,6.961019699999999e-05,0.0018464229000000002,14.668131199999996,0.0007677775799999999,6.961019699999999e-05,0.004680137,7.832340000000001e-07,2.268116e-05,0.01318505,4.442461,0.0008336691,-0.003243617,-0.0036649710000000004,8.207593999999999e-07,1.149916e-05
73,1606931400,0.43579270000000003,0.43581460000000005,0.0078878007,-0.3181812,1.3211279999999999,0.4886278,1.209787,1.0335705000000002,0.006376971,0.1870464,2.263439e-05,9.0402113e-07,9.5608592e-07,1.2164201899999999e-06,2.1132858e-06,6.205255300000001e-06,3.3123139999999996e-06,6.275544999999999e-06,0.1602833,0.05749304000000001,9.804325e-05,94.4097,76.50321,1.446048e-05,6.6686700000000005,0.010191172,4.795491,0.0010113500699999998,9.195876640000001e-05,0.018481610000000002,14.01833,0.0010113500699999998,9.195876640000001e-05,0.006066513,18.208346999999996,0.0010113500699999998,9.195876640000001e-05,0.0020139903,18.011299400000002,0.0010113500699999998,9.195876640000001e-05,0.004982778,8.4475287e-06,3.028511e-05,0.0057000924000000005,2.6165693000000005,0.0054479199000000015,-0.0010381840000000002,-0.0018232739999999997,1.8963436000000001e-06,1.6717459999999998e-05
73,1606932000,0.44437589999999993,0.4443977,0.01705185,-0.33840719999999996,1.336465,0.4965358999999999,1.218861,1.0430194000000004,0.008285554,0.19142030000000002,2.270181e-05,7.683032999999999e-07,7.911496399999999e-07,1.0286624600000002e-06,1.8462447999999999e-06,6.1349745e-06,3.2014838000000003e-06,5.9752846e-06,0.16543,0.05663496,0.00010243016,96.70841999999999,75.72787,1.474114e-05,6.476653999999999,0.010332853999999999,4.894909,0.00028343783,2.5269475e-05,0.01877427,14.509110000000002,0.00028343783,2.5269475e-05,0.0056047679999999996,7.926794000000001,0.00028343783,2.5269475e-05,0.0015179585999999998,7.3018344,0.00028343783,2.5269475e-05,0.004989646,8.3300305e-06,3.0369289999999997e-05,0.066504935,2.7984744,0.00585653906,-0.001107738,-0.0018503230000000003,1.8916103999999998e-06,1.704354e-05
73,1606932600,0.3357927,0.3358149,0.02066438,-0.2934099,1.1753589999999998,0.4325457999999999,1.0653328000000002,0.9020526999999999,0.004754191,0.1457674,2.242862e-05,5.258538e-07,5.3997102e-07,6.674344800000001e-07,8.7602524e-07,1.10194373e-06,1.7121009400000001e-06,3.5265661000000005e-06,0.11406532999999999,0.053765059999999996,5.643480000000001e-05,97.76928000000001,83.19314000000001,1.1146405000000001e-05,6.169111000000001,0.008766276,3.530039000000001,0.0009111530599999999,8.2706587e-05,0.015466729999999998,9.998683,0.0009111530599999999,8.2706587e-05,0.00593584,15.805982999999998,0.0009111530599999999,8.2706587e-05,0.0017623661999999999,15.601506999999998,0.0009111530599999999,8.2706587e-05,0.004690270000000001,7.275309999999999e-07,2.271254e-05,0.020717600000000003,16.767454,0.00252069609,-0.003344188,-0.003736955,8.368431e-07,1.2156520000000001e-05
73,1606933200,0.33791469999999996,0.33793670000000003,0.02016202,-0.2965948,1.189611,0.4358036,1.0660459,0.9069651999999999,0.005216701,0.14771969999999998,2.2434079999999998e-05,5.7375232e-07,6.095792399999999e-07,7.90114e-07,1.4537931e-06,5.5214586e-06,2.4394137999999995e-06,4.229745e-06,0.11170728,0.057142710000000006,9.092874999999999e-05,97.04369,84.08678,1.1208288e-05,6.557264999999999,0.009037111999999998,3.793253,0.0008555777499999999,7.765597199999999e-05,0.015467390000000001,9.865407000000001,0.0008555777499999999,7.765597199999999e-05,0.006016011999999999,16.303793000000002,0.0008555777499999999,7.765597199999999e-05,0.001879471,16.041786000000002,0.0008555777499999999,7.765597199999999e-05,0.0049631910000000005,7.9516462e-06,2.985879e-05,0.036682274,5.060722349999999,0.0062844942,-0.001219378,-0.001954865,2.0162307000000003e-06,1.936841e-05
73,1606933800,0.3736626,0.3736846,0.018249750000000002,-0.3295089,1.242563,0.4609327,1.123271,0.9523415,0.0065883899999999995,0.16462890000000002,2.2888189999999998e-05,1.00158361e-06,1.04755334e-06,1.2711131200000002e-06,2.1007318000000002e-06,6.14324841e-06,3.406531e-06,5.920331499999999e-06,0.1297797,0.05694169,8.81418e-05,94.07108,80.61317999999999,1.239926e-05,6.483941,0.009569819,4.149813,0.0013063886200000002,0.00011893334200000001,0.01663261,11.373439999999999,0.0013063886200000002,0.00011893334200000001,0.006168556,22.453143999999998,0.0013063886200000002,0.00011893334200000001,0.0020582752,22.4962157,0.0013063886200000002,0.00011893334200000001,0.0049636409999999995,7.8413784e-06,2.9844149999999998e-05,0.106669178,8.7901071,0.007872885900000001,-0.0010880241999999998,-0.0019331909999999997,2.1151429e-06,2.0269419999999997e-05
73,1606934400,0.36989630000000007,0.3699183,0.015379289999999999,-0.34995509999999996,1.209075,0.45858219999999994,1.112395,0.9470164000000001,0.005365778,0.1567715,2.243321e-05,5.2655479e-07,5.340206699999999e-07,6.655037e-07,9.024625e-07,1.1146414e-06,1.725573e-06,3.591695e-06,0.1298226,0.05505761,5.82233e-05,99.78068999999999,79.90116,1.227757e-05,6.425700000000001,0.009381134,3.9074980000000004,0.00080696667,7.321522149999999e-05,0.016688130000000002,11.430879999999998,0.00080696667,7.321522149999999e-05,0.005938781,14.913198,0.00080696667,7.321522149999999e-05,0.0017786221000000001,14.592504000000002,0.00080696667,7.321522149999999e-05,0.00468171,7.927486e-07,2.270272e-05,-0.025974167,3.736587,0.000946404,-0.0032529919999999997,-0.003653839,8.930611000000001e-07,1.176097e-05
73,1606935000,0.3611462,0.3611682,0.024177739999999996,-0.8472519999999999,1.149597,0.5084772,1.038558,0.8742642,0.007538820999999999,0.15719719999999998,2.260392e-05,6.321252e-07,6.401468e-07,8.262490999999999e-07,1.4913183e-06,5.5357443999999995e-06,2.3803355e-06,4.0077296999999995e-06,0.1257094,0.054757639999999996,8.998774999999999e-05,97.87210000000002,80.45828999999999,1.198832e-05,6.489306000000001,0.009819353999999999,4.045938,0.00039747074999999996,3.5794396900000004e-05,0.016381780000000002,11.024941000000002,0.00039747074999999996,3.5794396900000004e-05,0.005675108,9.415609400000001,0.00039747074999999996,3.5794396900000004e-05,0.0015251070000000002,8.87225141,0.00039747074999999996,3.5794396900000004e-05,0.004974946,7.900254899999998e-06,2.9999600000000003e-05,0.022967022,3.6882778000000003,0.0063867075,-0.0010872270999999999,-0.001933354,2.0709091999999994e-06,1.91573e-05
73,1606935600,0.34645589999999993,0.34647799999999995,0.02590883,-0.5559919,1.176599,0.469519,1.057758,0.8927897999999999,0.005126498,0.1506459,2.258351e-05,5.5527519e-07,5.509344200000001e-07,7.3466597e-07,1.3458621e-06,5.2683696e-06,2.1139123000000004e-06,3.5219422e-06,0.11856157,0.054564650000000006,8.623707e-05,98.00789999999999,81.72313,1.1504651000000001e-05,6.373133000000001,0.009469086,3.9018300000000004,0.0005950193700000001,5.3805144e-05,0.01591473,10.412009,0.0005950193700000001,5.3805144e-05,0.005853315,12.886811,0.0005950193700000001,5.3805144e-05,0.0017003384,12.4690756,0.0005950193700000001,5.3805144e-05,0.004966346999999999,7.6612185e-06,2.9785639999999998e-05,-0.006654101999999999,3.494424,0.005319685100000001,-0.0011428062999999998,-0.0019831095000000004,1.9757948e-06,1.6739860000000003e-05
73,1606936200,0.3216605,0.3216823,0.034852640000000004,-0.295026,1.17101,0.42620199999999997,1.0512325,0.8856644000000001,0.0058543150000000006,0.1420551,2.2618260000000004e-05,6.849886e-07,7.132734099999998e-07,8.788530999999999e-07,1.1480541e-06,1.4896951000000001e-06,2.3294274e-06,4.660331e-06,0.10855242000000001,0.05220422,6.0941649999999996e-05,95.83357000000001,82.65085,1.0670778000000001e-05,6.572146999999999,0.008657912,3.3872929999999997,0.0008361337200000001,7.588764709999998e-05,0.015208840000000001,9.514148,0.0008361337200000001,7.588764709999998e-05,0.005945185,15.177468000000001,0.0008361337200000001,7.588764709999998e-05,0.001752111,14.902974,0.0008361337200000001,7.588764709999998e-05,0.0046884760000000004,7.224006e-07,2.268762e-05,0.006392297999999999,21.351981000000002,0.0035999582000000004,-0.003348198,-0.003735059,9.094823999999998e-07,1.283889e-05
73,1606936800,0.3554627,0.3554845,0.03287835000000001,-0.3856427,1.2249,0.453458,1.09192,0.9255283999999999,0.006606088,0.15696919999999998,2.202317e-05,4.166848e-07,4.181451e-07,6.000962e-07,1.2959986e-06,5.5237271e-06,2.2083866e-06,4.062439099999999e-06,0.12342470000000001,0.054197989999999995,9.372048e-05,95.40776,80.59380999999999,1.180202e-05,6.523037,0.00944826,4.019334,0.0009930316099999999,9.0270306e-05,0.016251369999999998,10.846509999999999,0.0009930316099999999,9.0270306e-05,0.006181830999999999,18.87332,0.0009930316099999999,9.0270306e-05,0.0020949140000000002,18.684732,0.0009930316099999999,9.0270306e-05,0.0049333219999999995,8.0349508e-06,2.9737359999999995e-05,-0.026563353,6.1652034,0.006501460199999999,-0.001168509,-0.001910466,1.8632499000000002e-06,1.7827189999999997e-05
73,1606937400,0.3740109,0.3740327,0.03277679,-0.36416740000000003,1.2328880000000002,0.4630405000000001,1.1216940000000002,0.9565792999999999,0.006236027,0.1605886,2.239259e-05,8.4119192e-07,8.5404525e-07,1.0589288699999998e-06,1.7286749999999998e-06,5.74497517e-06,2.75316509e-06,4.5028488e-06,0.1322069,0.0546965,8.333923999999999e-05,93.06685,79.3407,1.2421720000000001e-05,6.259414,0.009605071000000001,4.166183999999999,0.0007888205,7.149920000000002e-05,0.016827940000000003,11.638060000000001,0.0007888205,7.149920000000002e-05,0.0057754980000000004,13.714483999999999,0.0007888205,7.149920000000002e-05,0.001691159,13.464222999999999,0.0007888205,7.149920000000002e-05,0.004928092,7.754520700000001e-06,2.9404489999999995e-05,-0.009457755900000003,3.8504164000000003,0.0063192134999999995,-0.00104673708,-0.001888308,2.0155757e-06,1.985407e-05
73,1606938000,0.40537270000000003,0.4053945,0.03000937,-0.3880719,1.26855,0.4823028000000001,1.1641119999999998,0.9946813999999999,0.00573299,0.17433110000000002,2.251276e-05,8.974667199999999e-07,9.2166037e-07,1.10995323e-06,1.5110793000000001e-06,1.91218238e-06,2.8885773000000004e-06,5.7959733e-06,0.1492588,0.053342679999999996,6.87491e-05,95.16456000000001,76.49736,1.345547e-05,6.477234,0.009813447000000001,4.2552840000000005,0.0008921419900000001,8.098088499999999e-05,0.01786098,13.10958,0.0008921419900000001,8.098088499999999e-05,0.005892076,15.786436,0.0008921419900000001,8.098088499999999e-05,0.0017803482999999998,15.530287999999999,0.0008921419900000001,8.098088499999999e-05,0.004664268,9.351277000000001e-07,2.267592e-05,-0.047844910000000004,3.9250439999999998,0.0014917385,-0.003124184,-0.0035804439999999995,8.915608e-07,1.178089e-05
73,1606938600,0.41176150000000006,0.4117836,0.02747806,-0.33984630000000005,1.29075,0.4768141999999999,1.177913,1.005218,0.005418854,0.17737719999999998,2.265943e-05,8.275037500000001e-07,8.248415699999999e-07,1.09146806e-06,1.7622856999999998e-06,5.7473368e-06,2.8448476e-06,5.0755201000000004e-06,0.15169359999999998,0.05407484,9.29226e-05,97.02849,76.33646999999999,1.3663680000000001e-05,6.517154,0.009970435000000001,4.56524,0.00109313302,9.9418115e-05,0.01805108,13.383169999999998,0.00109313302,9.9418115e-05,0.006158846999999999,20.249026,0.00109313302,9.9418115e-05,0.0020687062999999997,20.0694706,0.00109313302,9.9418115e-05,0.0049618,7.908965499999999e-06,2.9865460000000008e-05,-0.0009110091399999992,2.8181131,0.0060448155,-0.0010419641,-0.0019159398,1.9740037e-06,1.901107e-05
73,1606939200,0.41658280000000003,0.4166047,0.02426109,-0.3644794,1.295515,0.48220840000000004,1.1771980000000002,1.0092684,0.005987322000000001,0.18344319999999997,2.2545069999999997e-05,6.2735837e-07,6.3909982e-07,8.771993200000001e-07,1.4733890999999998e-06,5.6014190599999995e-06,2.9904639e-06,5.537806900000001e-06,0.1540252,0.05415107,9.652407e-05,93.26335,76.14297000000002,1.3825700000000002e-05,6.529272000000001,0.010010715,4.5793740000000005,0.00045078988999999996,4.0529770000000004e-05,0.01815854,13.544269999999997,0.00045078988999999996,4.0529770000000004e-05,0.005679221999999999,9.772468,0.00045078988999999996,4.0529770000000004e-05,0.0015830553,9.290938999999998,0.00045078988999999996,4.0529770000000004e-05,0.004948467,7.6082329e-06,2.9625709999999994e-05,-0.008647498999999998,2.9596491000000005,0.006237520599999999,-0.001084525,-0.0019620300999999996,1.9045571e-06,1.637657e-05
73,1606939800,0.35576739999999996,0.35578919999999997,0.01994453,-0.2819515,1.1976740000000001,0.4399666,1.095332,0.9378661999999999,0.005354717,0.1516861,2.2415659999999997e-05,5.5717696e-07,5.8149601e-07,7.3459422e-07,9.996714999999999e-07,1.32426377e-06,2.1471568000000004e-06,4.558868e-06,0.12484229999999999,0.0529698,6.007999000000001e-05,95.91554,79.94113999999999,1.1807320000000001e-05,6.3737449999999995,0.008992832000000001,3.7445399999999998,0.00078813458,7.144047e-05,0.01633265,10.96453,0.00078813458,7.144047e-05,0.0060283459999999995,15.54268,0.00078813458,7.144047e-05,0.001859635,15.247495,0.00078813458,7.144047e-05,0.004681253999999999,7.856316e-07,2.2692959999999998e-05,0.029675405000000005,5.053189999999999,0.00157088539,-0.0032476730000000004,-0.003651708,8.768840999999998e-07,1.187748e-05
73,1606940400,0.40435740000000003,0.4043794,0.017880300000000002,-0.3752745,1.2959269999999998,0.47984599999999994,1.156197,0.9900686000000001,0.006130412,0.17535620000000002,2.245874e-05,8.3399632e-07,7.4857187e-07,9.0044031e-07,1.9862940999999997e-06,1.54075989e-05,2.9134855e-06,3.4705972999999994e-06,0.14477700000000002,0.05723229,0.00014250097,98.21964,78.50684000000001,1.342642e-05,6.558561,0.010365111,4.953846,0.0008905563199999999,8.08808144e-05,0.017600979999999995,12.751759999999999,0.0008905563199999999,8.08808144e-05,0.005980316,16.440245999999995,0.0008905563199999999,8.08808144e-05,0.002028734,16.1550015,0.0008905563199999999,8.08808144e-05,0.0054772580000000005,2.16626881e-05,4.353651e-05,-0.035816218159999996,2.9812714,0.01056572,0.0021874293000000004,0.0010585809999999998,1.9828401e-06,2.3020509999999995e-05
73,1606941000,0.4017950999999999,0.4018171,0.01706334,-0.3661333,1.26195,0.4771649,1.155035,0.9907433000000001,0.005433093,0.1707117,2.290833e-05,1.3034394100000001e-06,1.38472708e-06,1.7175182000000002e-06,3.2600636000000004e-06,8.8676851e-06,4.059185e-06,7.3641180000000004e-06,0.14688720000000002,0.053876650000000005,0.00010443701999999998,91.59473,76.91313,1.332392e-05,6.667769,0.009976968999999999,4.554509,0.0008448986200000001,7.67395603e-05,0.01775085,12.94532,0.0008448986200000001,7.67395603e-05,0.0058877700000000005,15.7068885,0.0008448986200000001,7.67395603e-05,0.0018373076999999999,15.4794422,0.0008448986200000001,7.67395603e-05,0.005166741000000001,1.28890997e-05,3.462594e-05,0.044881351900000005,1.4532282,0.007449194110000001,0.00029152750000000004,-0.0009356019999999998,2.4844692e-06,2.0259770000000003e-05
73,1606941600,0.3840034,0.38402500000000006,0.017329010000000002,-0.35232830000000004,1.2452999999999999,0.4651745,1.129871,0.9676425,0.006897589,0.1671358,2.17368e-05,2.3865642999999996e-07,2.1806546e-07,3.1598615999999995e-07,4.944401e-07,6.1409984e-07,1.0478901e-06,2.5335693999999997e-06,0.13867770000000001,0.05326318,5.4837030000000006e-05,101.93697,77.85797,1.2754649999999998e-05,6.108638,0.009536173,4.057273,0.00075552982,6.850418729999999e-05,0.0172414,12.20329,0.00075552982,6.850418729999999e-05,0.005986575,15.111709999999999,0.00075552982,6.850418729999999e-05,0.0018722275,14.764242999999999,0.00075552982,6.850418729999999e-05,0.0046396300000000005,8.199514e-07,2.234405e-05,0.0009057977200000008,1.6397410000000001,0.0004124264,-0.0031636669999999998,-0.003583139,7.928203000000001e-07,1.113486e-05
73,1606942200,0.3965312,0.3965529,0.01826763,-0.3367671,1.285689,0.4693360999999999,1.152409,0.9866182,0.005847145,0.1735773,2.246397e-05,9.168578500000001e-07,9.5485956e-07,1.1841964499999999e-06,1.9302443e-06,6.0762137099999995e-06,3.1257369e-06,5.4712767e-06,0.1445592,0.053604799999999994,8.061194999999999e-05,90.26524,77.1839,1.3170210000000002e-05,6.287086,0.009790323,4.397846,0.0005880252900000001,5.3144778999999996e-05,0.01758329,12.70847,0.0005880252900000001,5.3144778999999996e-05,0.005573308000000001,10.524638,0.0005880252900000001,5.3144778999999996e-05,0.0014942114999999998,10.184710999999998,0.0005880252900000001,5.3144778999999996e-05,0.004952221,8.17855e-06,2.98927e-05,0.008982745,4.5905924,0.007631818899999999,-0.00098760954,-0.0018581696999999998,2.0963305000000003e-06,1.977181e-05
73,1606942800,0.4076265,0.4076486,0.014707092,-0.4169416,1.2604140000000001,0.4894756,1.160062,0.9904436000000001,0.00622566,0.1763868,2.248278e-05,7.6575933e-07,7.9159585e-07,1.0568117999999998e-06,1.8411234e-06,5.7925801e-06,3.1764211e-06,5.855784e-06,0.1503252,0.05337641,9.13571e-05,92.11385,76.34951,1.352425e-05,6.604392999999999,0.010051293,4.503963000000001,0.00068117278,6.16824157e-05,0.01798677,13.31678,0.00068117278,6.16824157e-05,0.005910049,14.0028121,0.00068117278,6.16824157e-05,0.0018281158999999998,13.619718690000003,0.00068117278,6.16824157e-05,0.004942282,7.7617429e-06,2.955036e-05,-0.03237135,7.035093999999999,0.0057201542600000006,-0.0010234897999999999,-0.0019913795000000003,1.9668617e-06,1.7945440000000002e-05
73,1606943400,0.3525525,0.352574,0.01455159,-0.3753788,1.186386,0.4500413,1.0782690000000001,0.9208406,0.005951354,0.15301579999999998,2.2003910000000002e-05,3.7864603e-07,3.8947665000000004e-07,5.2144939e-07,7.429661000000001e-07,1.0020534099999999e-06,1.6719674899999999e-06,3.7734419e-06,0.12355076999999999,0.052654139999999995,6.150566000000001e-05,98.33991,80.13471000000001,1.169959e-05,6.3593649999999995,0.009169072,3.7187669999999997,0.00059708055,5.4137234299999995e-05,0.01625333,10.869839,0.00059708055,5.4137234299999995e-05,0.005696219,12.018377099999999,0.00059708055,5.4137234299999995e-05,0.0015418882000000002,11.644026570000001,0.00059708055,5.4137234299999995e-05,0.004651458000000001,7.569922e-07,2.2387600000000002e-05,0.016912296000000004,3.300457,0.0015776567000000002,-0.0032457400000000004,-0.0036471369999999995,8.358853e-07,1.1016150000000001e-05
73,1606944000,0.4727576,0.47277880000000005,0.01469443,-0.46478460000000005,1.3527790000000002,0.5238457000000001,1.219949,1.0676947,0.008650942,0.2052657,2.230561e-05,1.0513217000000002e-06,1.0733705999999998e-06,1.3201445999999999e-06,2.1886611e-06,6.232151300000001e-06,3.4692043000000005e-06,6.356140000000001e-06,0.1835749,0.05269542000000001,8.521861e-05,88.69292,72.72295,1.569616e-05,6.225804999999999,0.010749909,5.185128000000001,0.00050603206,4.5716235700000005e-05,0.019798049999999998,16.20346,0.00050603206,4.5716235700000005e-05,0.005498187,9.9758405,0.00050603206,4.5716235700000005e-05,0.0014848785,9.5806832,0.00050603206,4.5716235700000005e-05,0.004905447,7.8294783e-06,2.929432e-05,0.0423807127,3.0139561999999995,0.006538464429999999,-0.0009335264000000001,-0.0018766393000000004,1.9485701000000002e-06,1.777437e-05
73,1606944600,0.40997880000000003,0.41000040000000004,0.017457580000000004,-0.3174249,1.292401,0.47574370000000005,1.1698490000000001,1.0005682999999999,0.008089424000000001,0.1810847,2.2316220000000003e-05,8.816925299999999e-07,9.1092634e-07,1.1206969499999999e-06,1.9587118e-06,5.6938492e-06,3.1725418e-06,5.489165400000001e-06,0.1520239,0.052855049999999994,8.998739e-05,95.25533,76.51633,1.3608149999999998e-05,6.582198,0.009849934,4.503453,0.00069895191,6.34271516e-05,0.01794254,13.404387,0.00069895191,6.34271516e-05,0.0056830069999999995,13.159985699999998,0.00069895191,6.34271516e-05,0.0016380988,12.867106849999999,0.00069895191,6.34271516e-05,0.004904269,7.6958598e-06,2.9174379999999995e-05,0.006481754999999997,6.286111,0.0089185767,-0.0009868724,-0.0019222512000000003,1.9676309e-06,1.7850829999999997e-05
73,1606945200,0.4345541,0.4345758,0.06414413,0.11822889999999994,2.064662,0.49772019999999995,1.180348,1.0177442,0.026150048000000002,0.3850298,2.2648850000000003e-05,1.1288137300000001e-06,1.28622644e-06,1.67465027e-06,2.3351499e-06,3.1879874999999998e-06,5.0807806000000005e-06,1.0232048000000001e-05,0.1631771,0.05168209,0.0023917556800000005,92.55019999999999,74.93672000000001,1.438849e-05,6.471036,0.010066941999999999,4.926769999999999,0.00028567105,2.5492855200000005e-05,0.018558750000000002,14.396380000000002,0.00028567105,2.5492855200000005e-05,0.00550625,7.074917000000001,0.00028567105,2.5492855200000005e-05,0.0014058927,6.438217999999999,0.00028567105,2.5492855200000005e-05,0.0047046810000000005,7.9737991e-06,2.971276e-05,3.040727569999999,354.194165,0.06373707214999999,-0.0031611079999999993,-0.0036095720000000006,2.2221777900000003e-05,0.00022454457999999998
73,1606945800,0.5179449,0.5179668,-0.12438499900000002,2.3938521000000006,2.315134,0.5583386,1.251827,1.0882840000000003,0.06103194000000001,0.7266271,2.441781e-05,5.253478449999999e-06,6.339094359999999e-06,7.255644570000001e-06,9.456479899999997e-06,1.55235743e-05,1.7185070399999997e-05,3.0176070000000005e-05,0.2006463,0.053497039999999996,0.00473505806,90.3772,71.72976,1.709507e-05,6.80651,0.011320928,6.987939999999999,0.00123730131,0.000112818926,0.02057435,17.707389999999997,0.00123730131,0.000112818926,0.0062378120000000006,21.752100000000002,0.00123730131,0.000112818926,0.00225678,21.887477,0.00123730131,0.000112818926,0.00503736,7.054107140000001e-05,9.233132e-05,-2.4264039840000002,180.3231904,0.09144185219999998,-0.0009626248000000001,-0.0018745544,0.00033310116809999994,0.0035702374
73,1606946400,0.3827364,0.3827583,0.01807735,-0.31758509999999995,1.247589,0.45966779999999996,1.1332470000000001,0.970267,0.005631359,0.16491550000000002,2.254832e-05,7.637430300000001e-07,7.688271099999999e-07,9.582269999999999e-07,1.5624938e-06,5.643943399999999e-06,2.8775702999999996e-06,4.713753999999999e-06,0.13677100000000003,0.05448726,9.128006000000001e-05,96.54898999999999,78.58367000000001,1.2701039999999999e-05,6.619353000000001,0.009622177,4.255678999999999,0.0006452711299999999,5.8400341999999985e-05,0.017120329999999996,12.04607,0.0006452711299999999,5.8400341999999985e-05,0.0057242560000000005,12.154277,0.0006452711299999999,5.8400341999999985e-05,0.0016294686,11.789341000000002,0.0006452711299999999,5.8400341999999985e-05,0.004913394,7.265765500000001e-06,2.9098600000000003e-05,0.001254128000000001,9.935834999999999,0.008198505100000001,-0.0011103036,-0.0020236326000000002,2.1592962e-06,2.163352e-05
73,1606947000,0.4359354000000001,0.435957,0.026933400000000003,-0.3316099,1.322291,0.48433009999999993,1.207837,1.040131,0.008025278,0.1926727,2.251263e-05,9.479399e-07,9.866163999999998e-07,1.2020923e-06,1.5986609e-06,2.0460169999999994e-06,3.1327360000000007e-06,6.4371699999999996e-06,0.1642172,0.053666069999999996,6.648078e-05,92.02669,74.71235,1.4467600000000002e-05,6.423116,0.009938961,4.568931000000001,0.00095436466,8.673642520000001e-05,0.018740990000000003,14.41319,0.00095436466,8.673642520000001e-05,0.006087991,17.850014,0.00095436466,8.673642520000001e-05,0.0020177524,17.583469700000002,0.00095436466,8.673642520000001e-05,0.004650515,9.010563e-07,2.251722e-05,0.019887020999999998,3.7952130000000004,0.0022142091,-0.0031188390000000004,-0.0035738659999999998,8.609517999999998e-07,1.1440049999999999e-05
73,1606947600,0.49503819999999993,0.49505990000000005,0.033038250000000005,-0.3584740999999999,1.417469,0.5161768,1.286514,1.1087950000000002,0.007411587,0.21479750000000003,2.2479319999999998e-05,7.868050099999998e-07,8.247116199999999e-07,9.5664594e-07,1.7048384000000001e-06,5.3130575e-06,3.3535581000000004e-06,5.1333173e-06,0.1931386,0.054260680000000006,0.00010095316999999999,94.10902,72.04015,1.643604e-05,6.251014,0.010796488000000002,5.466464,0.00094595063,8.594801900000002e-05,0.020400220000000004,17.104139999999997,0.00094595063,8.594801900000002e-05,0.005970393,17.622751599999997,0.00094595063,8.594801900000002e-05,0.0019396695,17.3536854,0.00094595063,8.594801900000002e-05,0.0049065919999999996,7.0275719e-06,2.8963769999999993e-05,-0.003523064999999999,3.6872797999999998,0.0066023299,-0.0010632817,-0.0019996166,2.1584932999999996e-06,2.080418e-05
73,1606948200,0.47765500000000005,0.4776766,0.043493109999999995,-0.42371490000000006,1.3681550000000002,0.5220041,1.254375,1.08337,0.008105115999999999,0.2046471,2.235982e-05,7.554822999999999e-07,7.966151900000001e-07,1.0067749300000002e-06,1.815155e-06,6.358663600000001e-06,3.3295232e-06,5.737804e-06,0.1842596,0.05441048,0.00013615493,93.24668999999999,72.90417,1.585155e-05,6.458876000000001,0.010788369,5.268428,0.00076775113,6.96193686e-05,0.01991436,16.28857,0.00076775113,6.96193686e-05,0.0059415810000000005,15.473529,0.00076775113,6.96193686e-05,0.0019279260000000004,15.123566,0.00076775113,6.96193686e-05,0.004936938,8.155536800000001e-06,2.991952e-05,0.0023372406,1.8282446,0.005819756430000001,-0.0008680584,-0.001750574,1.8973803000000004e-06,1.788072e-05
73,1606948800,0.5112903000000001,0.5113122999999999,0.02867535,-0.3975223,1.412631,0.5275152000000001,1.2897399999999999,1.1240600000000003,0.010208896999999998,0.2249955,2.2087700000000002e-05,2.8700059999999997e-07,2.5417067e-07,3.656582e-07,6.565661e-07,8.442270999999999e-07,1.4272963e-06,3.5527416e-06,0.2013656,0.05419763,7.418421e-05,96.64768,71.40656,1.698533e-05,6.184122,0.0108139,5.361657,0.00093218318,8.4651672e-05,0.02072533,17.657909999999998,0.00093218318,8.4651672e-05,0.006141677,18.654193999999997,0.00093218318,8.4651672e-05,0.002087007,18.367290999999998,0.00093218318,8.4651672e-05,0.0046763889999999995,1.1150538e-06,2.296578e-05,-0.014935378999999999,4.2798862,0.0022582022200000004,-0.002970365,-0.00345456,8.588293999999999e-07,1.151315e-05
73,1606949400,0.6285471,0.6285691999999999,0.02290864,-0.5430360999999999,1.5230720000000002,0.6100412,1.401193,1.225913,0.0092181,0.2665025,2.30085e-05,1.3334265000000002e-06,1.4175882600000002e-06,1.691651e-06,2.6859675999999996e-06,7.0242610000000015e-06,5.0909573e-06,9.1229294e-06,0.2559996,0.05814451,9.959560999999999e-05,87.71526,68.77349000000001,2.087176e-05,6.300981,0.011672219999999999,6.741253,0.00072498744,6.57360694e-05,0.023317430000000004,22.368940000000002,0.00072498744,6.57360694e-05,0.0058001910000000005,14.303083999999998,0.00072498744,6.57360694e-05,0.0018557730000000002,13.933164,0.00072498744,6.57360694e-05,0.004921033000000001,7.638127000000001e-06,2.9501170000000006e-05,0.01963085292,1.6957204000000001,0.006687881519,-0.0008147589,-0.0017859622000000002,1.9233743e-06,1.714878e-05
73,1606950000,0.8007976000000001,0.8008194999999999,0.01692585,-0.9042876999999999,1.630137,0.7594135000000001,1.507096,1.335642,0.008705031,0.33839579999999997,2.3727210000000006e-05,2.0838140000000002e-06,2.18042937e-06,2.58326851e-06,3.820379300000001e-06,8.5205358e-06,8.0475445e-06,1.4013066999999998e-05,0.34521539999999995,0.05502635,0.00011394682999999999,84.68125,63.80836999999999,2.6589430000000002e-05,6.501717999999999,0.0130219,8.712340999999999,0.00115805571,0.00010533559989999999,0.02724822,30.50768,0.00115805571,0.00010533559989999999,0.006413735000000001,24.078207,0.00115805571,0.00010533559989999999,0.0025531029999999997,23.87998,0.00115805571,0.00010533559989999999,0.0049424410000000005,8.246017e-06,3.017527e-05,-0.02119286,6.479866800000001,0.0089387445,-0.0007114786000000002,-0.0016083240000000002,1.9493029e-06,1.9826069999999998e-05
73,1606950600,0.9107936000000001,0.910815,0.015846640000000002,-0.9097747999999999,1.711778,0.8011867,1.5891110000000002,1.423767,0.012722112000000002,0.3871715,2.306032e-05,1.4408410999999998e-06,1.4393223500000001e-06,1.7991490000000001e-06,2.7371256e-06,3.5629853e-06,5.8000729e-06,1.2815949e-05,0.4089096,0.04636688,8.903781999999998e-05,83.86098,60.423019999999994,3.0259090000000002e-05,6.30624,0.013734000000000001,9.523807000000001,0.00073943888,6.70208639e-05,0.02951902,35.93974,0.00073943888,6.70208639e-05,0.006066267,16.621028,0.00073943888,6.70208639e-05,0.0021933989999999995,16.187834000000002,0.00073943888,6.70208639e-05,0.004685126999999999,1.648578e-06,2.359178e-05,-0.004816590000000001,1.3041063,0.00195891991,-0.0025496969999999996,-0.0031631110000000006,8.560214e-07,1.202869e-05
73,1606951200,1.1169666,1.1169889999999998,0.01263833,-0.9099967,1.945748,0.8775212,1.7534420000000002,1.581198,0.014737084000000003,0.47011819999999993,2.3505530000000003e-05,1.9938846999999996e-06,2.0488894000000005e-06,2.5084603e-06,3.768903e-06,8.155835e-06,8.281403e-06,1.4726566e-05,0.5122182,0.04610462,0.00011680674,82.89583,58.4159,3.712315e-05,6.309839,0.01567184,12.046055,0.0017363126999999999,0.00015826625,0.03313278,45.2622,0.0017363126999999999,0.00015826625,0.006836975999999999,33.30722,0.0017363126999999999,0.00015826625,0.00310349,33.305786,0.0017363126999999999,0.00015826625,0.004935053000000001,8.743131999999999e-06,3.0551780000000007e-05,0.10585840999999999,36.8391263,0.019504493,-0.0005739015999999999,-0.0016619395000000003,3.2360063999999995e-06,2.7864539999999997e-05
73,1606951800,0.8805458000000002,0.8805675,0.01560996,-0.8845433,1.8781320000000001,0.7886601999999999,1.5802220000000002,1.4103040000000002,0.010212628999999999,0.37538130000000003,2.286345e-05,1.4173584e-06,1.5133014e-06,1.8467508e-06,2.9401029e-06,8.119048999999999e-06,7.069069999999999e-06,1.0518876999999999e-05,0.3878488,0.05227424000000001,0.00011506791,85.7505,61.89585999999999,2.9254589999999995e-05,6.117846,0.01377459,9.643804999999999,0.00084753094,7.69048806e-05,0.028835359999999997,34.133770000000005,0.00084753094,7.69048806e-05,0.006070537000000001,17.014643,0.00084753094,7.69048806e-05,0.002252919,16.716396,0.00084753094,7.69048806e-05,0.005024686,1.1341027999999999e-05,3.316803e-05,-0.048495811999999985,60.359713599999985,0.03364773,-0.0005706483999999999,-0.001587269,4.916999e-06,4.200856000000001e-05
73,1606952400,2.0703495999999997,2.0703711,0.006521275000000002,-1.5038259999999999,2.148553,1.2314075,1.9124830000000004,1.7284289999999998,0.068786619,0.8777934999999999,2.5092499999999997e-05,3.7407059e-06,3.7866674200000005e-06,4.54861425e-06,6.8242966e-06,9.470072100000001e-06,1.3240381999999999e-05,2.7436154e-05,0.9456302999999998,0.08931447,0.00015683203999999998,81.78777,59.46055,6.880595e-05,6.216946,0.02096292,22.190019,0.0012738842000000002,0.000115935577,0.04186552,83.87486,0.0012738842000000002,0.000115935577,0.006432634999999999,29.124324,0.0012738842000000002,0.000115935577,0.0027907780000000003,28.7816868,0.0012738842000000002,0.000115935577,0.004873674,7.530957e-06,2.9437010000000004e-05,0.1645729965,28.581202840000003,0.022666990499999998,-0.0011466952000000002,-0.0020050834,4.2552238e-06,3.8382989999999994e-05
73,1606953000,4.7089799999999995,4.709000999999999,0.003758086,-1.2375812000000002,3.750376,1.79755,3.2346600000000003,2.930078,0.16752415,2.2268359999999996,2.938874e-05,9.315904e-06,9.9219468e-06,1.2373694e-05,1.8549941999999998e-05,2.8535129000000003e-05,4.2827801999999996e-05,8.986867600000001e-05,2.2129836000000003,0.1408299,0.0004582194,74.14650000000002,55.286109999999994,0.0001564711,6.449120000000001,0.03199495,50.12596,0.00560093345,0.0005122346010000001,0.06610668,195.09148,0.00560093345,0.0005122346010000001,0.00824034,104.99926300000001,0.00560093345,0.0005122346010000001,0.004997823,106.72523899999999,0.00560093345,0.0005122346010000001,0.0052132,1.9534591e-05,4.1543850000000004e-05,0.064644839,116.91800770000002,0.061854907,0.0013632432,-0.00041164963000000013,2.20117747e-05,0.00023034295999999998
73,1606953600,12.417965,12.417981,-0.00624545,-0.7498726,6.44056,2.76294,5.899417,5.1759450000000005,0.42994620999999994,5.3096119999999996,3.5356319999999994e-05,1.63521877e-05,1.6244348999999997e-05,2.0906195e-05,3.2129724000000004e-05,4.4790242999999994e-05,7.249319699999998e-05,0.00015942666000000002,5.26881,0.9387791,0.0010097082999999999,87.37725,67.50014999999999,0.00041251350000000005,6.087315,0.05242775000000001,132.21186999999998,0.0082784085,0.0007572657,0.10422223,466.6552,0.0082784085,0.0007572657,0.010499445999999999,199.59384,0.0082784085,0.0007572657,0.007379985,200.38823,0.0082784085,0.0007572657,0.005661858999999999,2.9716479999999998e-05,5.207457999999999e-05,0.0033645897000000023,62.90959300000001,0.0799621,0.003314815,0.0003640976,2.4145167e-05,0.00026539832
73,1606954200,11.155587,11.155607,0.0025832526999999997,-0.49430310000000005,6.510648999999999,2.463515,5.770264,4.855836,0.30143090499999997,4.846805000000001,4.9426929999999995e-05,3.0146701e-05,3.149349499999999e-05,3.7248623e-05,4.9136912999999996e-05,6.255181e-05,9.509993999999999e-05,0.00018123369999999999,4.293578,1.282799,0.0008998868000000002,93.91884999999999,79.06384,0.00037014190000000003,6.412984999999999,0.04820479999999999,118.64996999999998,0.020439175099999998,0.00187190614,0.09035325999999999,380.5396,0.020439175099999998,0.00187190614,0.011767036000000002,359.78765000000004,0.020439175099999998,0.00187190614,0.008727474,369.32075,0.020439175099999998,0.00187190614,0.005696274,3.093131e-05,5.3181400000000006e-05,-0.004912870000000004,64.96341600000001,0.07484202,0.0032065480600000002,-2.371350000000005e-05,1.9957676999999997e-05,0.00018756308999999999
73,1606954800,16.852426,16.852453,1.671206000000004e-05,-0.8478743,7.6042950000000005,3.3030920000000004,6.859298,5.842528999999999,0.49836395,7.445774,4.285873e-05,2.4799532999999996e-05,2.478976e-05,3.1126213e-05,4.4656650000000006e-05,5.7757100999999986e-05,9.333154999999999e-05,0.00018751509999999998,6.7641529999999985,1.6604429999999997,0.0011248588000000001,91.75393999999999,73.55197000000001,0.0005600817,6.181817,0.06177547,178.80659000000003,0.03301157019999999,0.0030238361400000005,0.11650603000000001,595.8956999999999,0.03301157019999999,0.0030238361400000005,0.014443869000000002,565.8486399999999,0.03301157019999999,0.0030238361400000005,0.011370288,581.3781200000001,0.03301157019999999,0.0030238361400000005,0.006713515000000001,5.748807000000001e-05,8.028652e-05,-0.04887146,42.76689499999999,0.10223692,0.006681139,0.002897724,3.6068384e-05,0.00034813107
73,1606955400,10.588986,10.588999000000001,-0.0035873819,-0.8737611000000001,6.181653,2.600213,5.2810250000000005,4.497885999999999,0.43402886,5.040772,5.222178e-05,3.2068032999999995e-05,3.4251221e-05,3.9996514e-05,5.181429000000001e-05,6.900674e-05,9.947043999999998e-05,0.00018080161999999998,3.306541,1.9862568,0.0011480514000000001,99.29601999999998,93.97673,0.0003513431,6.4267009999999996,0.0486413,112.43984,0.020058071900000002,0.0018371509699999997,0.07901479,290.1662,0.020058071900000002,0.0018371509699999997,0.011183519,351.187204,0.020058071900000002,0.0018371509699999997,0.008344049,360.50335400000006,0.020058071900000002,0.0018371509699999997,0.0063841409999999986,4.641714e-05,6.898253000000001e-05,-0.023451279999999998,25.4209654,0.07954648,0.005427505000000001,0.002578042,2.0208834000000002e-05,0.00019355173999999997
73,1606956000,12.857721999999999,12.857733999999999,-0.003911672999999999,-0.6729537,6.535773999999999,2.865975,5.984657,5.260886,0.4538477399999999,5.897829,3.620624e-05,1.6588729e-05,1.7381786e-05,2.1918264999999997e-05,3.31882e-05,4.6882199999999996e-05,7.935714999999999e-05,0.00016259359000000002,5.0377149999999995,1.389518,0.0012240995000000001,92.99705,73.32759,0.0004269694,6.330322,0.05542670000000001,136.0784,0.029667515300000002,0.00271765345,0.10187349000000001,443.37789999999995,0.029667515300000002,0.00271765345,0.01339756,529.78301,0.029667515300000002,0.00271765345,0.010379030000000001,543.5883799999999,0.029667515300000002,0.00271765345,0.006161137,3.96686e-05,6.242121e-05,0.014626147200000003,23.852008200000004,0.057722010000000004,0.004761970999999999,0.002156948,1.4623183e-05,0.0001437031
73,1606956600,13.534569999999999,13.534600000000001,-0.0013578408,-0.9293678,6.771545000000001,3.164216,6.245852999999999,5.326477,0.09823788,5.529012,3.776487e-05,1.8846972e-05,1.9457112e-05,2.5035573e-05,3.58262e-05,5.2607052e-05,8.445275000000001e-05,0.00016509900999999997,5.020121999999999,1.74557,0.0011785506999999998,95.4539,75.70083,0.00044936050000000006,6.303426,0.05706843,143.2922,0.043242717,0.0039619793,0.10376149999999999,441.9906,0.043242717,0.0039619793,0.01573316,755.9067,0.043242717,0.0039619793,0.012845882999999999,775.9295,0.043242717,0.0039619793,0.006393086000000001,4.40373e-05,6.682123999999999e-05,0.0037293500000000006,20.427000999999997,0.06117533000000001,0.005517500999999999,0.0026643190000000005,1.4445073e-05,0.00013210897
73,1606957200,11.352827,11.352853,0.0012062837,-1.0086678,6.427697,2.8169220000000004,5.2871369999999995,4.394983000000001,0.44152195,5.449791,4.5211139999999994e-05,2.5025891e-05,2.8070780999999997e-05,3.420049e-05,4.8554740999999997e-05,6.773717e-05,0.00011058505,0.00021309104,3.6763710000000005,1.9980820000000001,0.0014087679,98.43733,91.32917999999998,0.00037664349999999997,6.4258120000000005,0.04967726,122.94470000000001,0.03544221460000001,0.003247262091,0.08280654,327.0565,0.03544221460000001,0.003247262091,0.013959097999999998,629.5943299999999,0.03544221460000001,0.003247262091,0.011127078,645.0834659999999,0.03544221460000001,0.003247262091,0.006625956,5.866749000000001e-05,8.135809999999998e-05,0.04422148,97.07831499999999,0.11984315999999999,0.005812347,0.0028433493,4.0999284e-05,0.00038906839
73,1606957800,13.313222000000001,13.313262,-0.0075123358000000005,-0.55862,7.121168,2.833749,6.324343,5.050578,1.3339352899999999,6.502866,4.1564929999999994e-05,2.2736262e-05,2.3720201999999996e-05,2.8841084e-05,4.1820737e-05,5.483904000000001e-05,8.917945e-05,0.00018187212,5.3952364,1.2597334999999998,0.0011694616,91.34639,75.86605,0.00044217150000000005,6.4723489999999995,0.05369777,143.06389000000001,0.021160311,0.0019377319000000001,0.09999402,477.58095000000003,0.021160311,0.0019377319000000001,0.013367982,401.62598,0.021160311,0.0019377319000000001,0.010234618000000001,409.76585000000006,0.021160311,0.0019377319000000001,0.006228241,4.755997e-05,7.042993e-05,0.023160003,120.62061999999999,0.14736903,0.005286277000000001,0.00197972,4.7100623e-05,0.0005025590600000001
73,1606958400,8.35422,8.354242000000001,0.00126749,-1.0108633,5.397391000000001,2.397253,4.804647,3.879569,0.04524234,3.396757,3.620334e-05,1.5003004999999999e-05,1.7085614e-05,2.0748741e-05,2.7841699999999998e-05,3.874372e-05,5.854826e-05,9.635733e-05,2.1292649999999997,2.046463,0.0010876891000000002,105.65513000000001,99.07557,0.00027730439999999995,6.489032,0.04300206999999999,89.97022,0.037073407999999995,0.0033970872,0.06750624000000001,187.83679999999998,0.037073407999999995,0.0033970872,0.013184986000000001,602.64602,0.037073407999999995,0.0033970872,0.010593554000000002,621.68791,0.037073407999999995,0.0033970872,0.0067372460000000006,5.1996409999999996e-05,7.455162e-05,-0.0032085140000000013,3.357633,0.0432047,0.006660054,0.0033574969999999997,1.0630049999999998e-05,6.953586999999998e-05
73,1606959000,8.134720999999999,8.134746000000002,0.001762731,-0.9769604,5.4190640000000005,2.356441,4.76422,3.85433,0.06984287,3.3361399999999994,2.847152e-05,3.0513291999999996e-05,0.00015931913999999998,0.00022115021099999998,0.00017033856,0.00018063347000000002,0.00014417348999999998,0.00015245821,1.9573050000000003,2.106462,0.002518988,100.53079,101.87553,0.00026987649999999996,6.793661,0.04828777,117.71175000000001,0.02164419201,0.001982996981,0.06576838,184.23420000000002,0.02164419201,0.001982996981,0.011468339999999999,389.702541,0.02164419201,0.001982996981,0.0102745,400.031618,0.02164419201,0.001982996981,0.022266297999999997,0.00129127982,0.0013137794299999997,0.009466618,4.972338400000001,0.09759991000000001,0.042145108,0.029828024,0.000225465554,0.00109318466
73,1606959600,12.317999,12.318024000000001,0.00043309050000000013,-0.9211864999999999,6.632226,2.8765409999999996,5.722488,4.745807000000001,0.71392557,5.741865,3.88234e-05,2.0116952000000003e-05,2.8048834e-05,3.5554544e-05,4.6295889e-05,6.695477000000001e-05,9.865515e-05,0.00018494161,4.480632,1.6764020000000002,0.0014624235,96.64650999999999,82.95358,0.0004089176,6.451728,0.05140918,133.71629000000001,0.02234873821,0.0020472669969999998,0.09192217,397.44680000000005,0.02234873821,0.0020472669969999998,0.012717281,417.17748,0.02234873821,0.0020472669969999998,0.009865594,426.8186199999999,0.02234873821,0.0020472669969999998,0.007782382,0.00011298133,0.00013560663,-0.03541383,52.404683,0.13970790000000002,0.008711901,0.00484268,8.5916138e-05,0.00062221189
73,1606960200,8.462951,8.462973999999999,0.00060807919,-0.729484,5.812228000000001,2.353368,5.038615999999999,4.167465,0.16605063,3.590217,3.034828e-05,9.281627e-06,1.1561538000000002e-05,1.5084012000000003e-05,2.4532616e-05,4.379972e-05,6.297413e-05,0.00011631263000000001,2.5672489999999994,1.662801,0.0011317962,94.652,89.70501999999999,0.00028096349999999997,6.328734,0.04344271,91.22792000000001,0.014151703000000002,0.0012958313999999998,0.07258395,223.8542,0.014151703000000002,0.0012958313999999998,0.011652654,297.48635,0.014151703000000002,0.0012958313999999998,0.00880703,301.83266999999995,0.014151703000000002,0.0012958313999999998,0.007173063,6.827579e-05,9.094101e-05,0.04938165000000001,49.511541,0.09733243999999999,0.0075841699999999995,0.00430077,3.8707185999999996e-05,0.00038504676
73,1606960800,19.951145000000004,19.951176000000004,-0.001730279487,-1.1414686,8.049283,3.911443,6.884273,6.133425000000001,0.67446468,9.289670999999998,5.20636e-05,3.5468646e-05,3.7759729e-05,4.830456e-05,7.297805000000001e-05,0.0001017775,0.00016396753999999998,0.0003500286,8.413807,1.5590069999999998,0.0019181129999999997,83.8779,67.19408000000001,0.0006623641,6.456060000000001,0.06589049999999999,211.71030000000002,0.0342621029,0.00313810299,0.13208495,742.4098999999999,0.0342621029,0.00313810299,0.015841164999999997,657.0785199999999,0.0342621029,0.00313810299,0.012652759,670.48779,0.0342621029,0.00313810299,0.007215402,6.778143000000001e-05,9.048234e-05,0.013784956000000004,34.775192,0.09831387,0.008003784,0.004411413,3.5809199999999996e-05,0.00036688908
73,1606961400,18.598779999999998,18.59882,-0.0007213688000000001,-1.1353050999999998,8.020518999999998,3.8097440000000007,6.850408999999999,6.016235,0.66394862,8.493088,6.332679000000001e-05,4.6039747e-05,4.9098435e-05,5.923131299999999e-05,8.344337999999999e-05,0.00011041881000000001,0.00017568775,0.00035818888,7.709672,1.586869,0.0019230970000000003,87.99512999999999,67.22794,0.0006171382,6.576086999999999,0.06466662,197.98520000000002,0.024829313800000002,0.0022738557199999997,0.1282386,681.5579,0.024829313800000002,0.0022738557199999997,0.013094273,457.86010999999996,0.024829313800000002,0.0022738557199999997,0.009938274,467.51302000000004,0.024829313800000002,0.0022738557199999997,0.006967295,6.352082e-05,8.662204e-05,-0.041198342,52.32649,0.11826142000000002,0.007177045,0.003692078,3.845026e-05,0.00039903127999999996
73,1606962000,19.46566,19.465700000000002,-0.00069402044,-1.140779,7.94293,3.917057,7.134480999999999,6.241466,0.27631236000000003,8.116323999999999,4.2179200000000004e-05,2.4307837000000003e-05,2.6163013000000002e-05,3.3924335e-05,5.663273999999999e-05,8.163427599999999e-05,0.00013767281,0.00029980703,8.108367,1.6217089999999998,0.002072596,85.94125999999999,66.7655,0.0006461871,6.40801,0.0649356,206.8846,0.029915255999999994,0.0027397348,0.13187850000000004,716.6890999999999,0.029915255999999994,0.0027397348,0.014789239999999999,562.34772,0.029915255999999994,0.0027397348,0.011659677,574.7647399999998,0.029915255999999994,0.0027397348,0.007136025999999999,6.120559e-05,8.466342e-05,0.016669875,17.862276,0.06647687,0.007585673000000001,0.004156096000000001,1.6343713e-05,0.00014635707
73,1606962600,20.07433,20.07434,-0.00039894320000000003,-1.117039,7.93588,3.967982,7.355812,6.430657999999999,0.04467062000000001,8.056336,6.834898e-05,5.143955400000001e-05,5.3935573000000005e-05,6.406363e-05,8.657563e-05,0.00011474892,0.00017244583,0.0003322939,8.308235999999999,1.726372,0.0016271943,88.82450000000001,67.24950000000001,0.0006666860999999999,6.357612999999999,0.06484681,211.35550000000003,0.04053318639000001,0.0037133307240000005,0.13329549999999998,729.2071,0.04053318639000001,0.0037133307240000005,0.015236009999999998,714.27661,0.04053318639000001,0.0037133307240000005,0.012161352999999998,731.9541000000002,0.04053318639000001,0.0037133307240000005,0.006956341999999999,5.618509e-05,7.93355e-05,-0.011293346999999999,2.699614,0.041128929999999994,0.007292421,0.003764473,1.0355552e-05,7.298872e-05
73,1606963200,24.13113,24.131169999999997,-1.3145968999999984e-05,-1.1257379,8.691299,4.284575000000001,7.839913,6.868971999999999,0.8342155400000001,11.195447999999999,9.035497000000001e-05,7.5017869e-05,7.8796093e-05,9.444677000000001e-05,0.00012426136,0.000152978336,0.00023129422000000001,0.00044154824,10.468409,1.5942580000000002,0.0016139994000000002,85.29771,64.89014,0.0008017159000000001,6.130883,0.07178851,253.32,0.0359980154,0.00329693305,0.1463652,916.3870999999999,0.0359980154,0.00329693305,0.015955525,693.55565,0.0359980154,0.00329693305,0.012626218,706.4158,0.0359980154,0.00329693305,0.007698574999999999,8.047674e-05,0.00010398213000000002,-0.022499670899999998,46.2897928,0.11692205999999998,0.00888976,0.005220292,4.0268394e-05,0.00041131596
73,1606963800,20.81578,20.81581,-0.0025580945899999997,-1.2359187999999999,8.330022,4.042984,6.931374,6.144788,0.64699827,9.497145,0.00069730155,9.1552144e-05,8.720130599999999e-05,7.520033700000001e-05,9.582511e-05,0.00013091506000000003,0.00017837533,0.0003636934,8.903410000000001,1.4967580999999999,0.006022485,86.88163999999999,65.73751999999999,0.0006908654,6.567732000000001,0.06978071,223.4517,0.09042944709999998,0.008294157780000002,0.1363803,785.9798999999999,0.09042944709999998,0.008294157780000002,0.015794138000000003,579.256873,0.09042944709999998,0.008294157780000002,0.012122154999999999,554.923587,0.09042944709999998,0.008294157780000002,0.007749151,0.00162508398,0.00164628272,2.189574937,77.33931480000001,0.43091871,0.007371657000000001,0.004140537,0.0038123205609999996,0.035882707720000004
73,1606964400,19.73604,19.7361,-0.0019030033000000002,-1.206419,7.925228999999999,3.9609100000000006,7.107556,6.178465,0.42263161999999993,8.950243,8.071313000000001e-05,6.3874821e-05,6.714575799999999e-05,7.8913257e-05,0.00010642818,0.00014047264,0.00021329018999999999,0.00041624712,8.120535,1.744519,0.0018188114999999998,84.61354000000001,68.04469999999999,0.0006553694000000001,6.555871000000001,0.06661499,210.11860000000001,0.015237134250000001,0.001394629354,0.13144050000000002,720.5113,0.015237134250000001,0.001394629354,0.013872559000000001,380.39063,0.015237134250000001,0.001394629354,0.010680315000000001,381.71639,0.015237134250000001,0.001394629354,0.0067633660000000016,5.11154e-05,7.441949000000001e-05,-0.084841672,20.9366231,0.05674789,0.006568003,0.0034223730000000003,1.2666949000000001e-05,0.00011560906999999999
73,1606965000,34.922109999999996,34.922129999999996,-0.0036960660000000005,-1.3877749,9.19116,5.249270999999999,8.612173,7.840025999999999,0.5598684199999999,14.321897000000002,7.618007e-05,6.452355e-05,6.5219865e-05,8.156830400000001e-05,0.00012504003999999998,0.00017018728000000002,0.00026441504,0.0005799252499999999,16.379015999999996,1.0779729999999998,0.0026445268,76.47047,57.61139000000001,0.0011605927,6.269717,0.09052276000000001,370.75930000000005,0.0315860625,0.00289159604,0.1834007,1449.2322,0.0315860625,0.00289159604,0.01756286,661.7279900000001,0.0315860625,0.00289159604,0.013522982999999999,670.1788399999999,0.0315860625,0.00289159604,0.008345300000000002,8.838417e-05,0.00011234209000000001,0.014101767000000001,4.247226500000001,0.057777800000000004,0.010301954999999998,0.006661464000000001,1.5632043e-05,0.00016114930000000002
73,1606965600,14.110750000000001,14.110774000000001,-0.0032093021,-1.2645009999999999,6.589027,3.370243,5.500630999999999,4.895436,0.6407696900000001,6.439882,4.254236e-05,2.2541788999999998e-05,2.3191002e-05,2.8183612e-05,4.004275e-05,5.958625e-05,8.296435e-05,0.0001559771,5.369476,1.6843340000000002,0.0011292577999999997,93.72132,74.62357,0.0004686906,5.990118,0.058131579999999995,150.6963,0.0160107163,0.00146566525,0.10435628,471.78099999999995,0.0160107163,0.00146566525,0.011482500000000001,276.71677,0.0160107163,0.00146566525,0.008390961999999998,283.93356000000006,0.0160107163,0.00146566525,0.007265298000000001,6.467696e-05,8.821100000000001e-05,0.0933540059,32.3386391,0.08763909,0.007485061000000001,0.00455955,1.9998199000000005e-05,0.00018684698
73,1606966200,12.385336999999998,12.385364,-0.0059458441,-1.1441914000000002,6.325956,3.016131,5.397803,4.660306,0.5014303099999999,5.989096999999999,3.674343e-05,1.6510645000000004e-05,1.7897552e-05,2.2839932e-05,3.6331620999999994e-05,6.814838e-05,0.00010043782,0.00018081733,4.397724999999999,1.792812,0.0016665690000000001,94.81528,83.80693,0.00041091980000000004,6.521772,0.05446331,133.72015,0.028240532000000002,0.0025869118999999998,0.09264094999999999,389.1964,0.028240532000000002,0.0025869118999999998,0.013885542,515.91994,0.028240532000000002,0.0025869118999999998,0.010990384,528.62308,0.028240532000000002,0.0025869118999999998,0.007555506000000001,7.240259e-05,9.562914000000001e-05,0.057579215,24.164721399999998,0.08963768999999999,0.008234399,0.005275539,3.2577325e-05,0.00033639938000000003
73,1606966800,9.172135,9.172158,0.0005620705,-0.9947769000000001,5.63736,2.535905,5.087293,4.138889000000001,0.04405754,3.7290529999999995,3.15776e-05,1.0258423999999999e-05,1.1088834e-05,1.3876867999999998e-05,2.0604439999999998e-05,4.4771489999999996e-05,5.0372480000000005e-05,8.550126e-05,2.5460279999999997,2.038647,0.001144827,106.00348000000001,94.72897999999999,0.000304531,6.3536019999999995,0.044686569999999995,98.65284,0.02174918988,0.001992364834,0.07349783,222.779,0.02174918988,0.001992364834,0.012151207,404.70425000000006,0.02174918988,0.001992364834,0.009456855,413.69473,0.02174918988,0.001992364834,0.006975243000000001,5.434969e-05,7.737695000000001e-05,0.015815012,1.2392649,0.03659701,0.006912962,0.004102748000000001,9.087816e-06,6.773759e-05
73,1606967400,9.612004,9.612027000000001,0.00041481274,-0.9089052000000001,5.912844000000001,2.5874180000000004,5.267375,4.3654329999999995,0.07780403999999999,3.9584360000000003,3.405938e-05,1.3053963000000003e-05,1.4412434000000002e-05,1.827406e-05,2.5822151999999997e-05,4.238461e-05,6.301815e-05,0.00011484917000000002,2.952642,1.85188,0.0011722431,101.13928999999999,88.59997000000001,0.0003189747,6.369974,0.04609932,103.40417,0.018743711,0.0017166957899999997,0.07933989,258.96389999999997,0.018743711,0.0017166957899999997,0.012303265,371.9846600000001,0.018743711,0.0017166957899999997,0.009571155,378.68933000000004,0.018743711,0.0017166957899999997,0.006522399,5.1069920000000005e-05,7.375097999999999e-05,-0.04436890800000001,54.643648,0.09159769999999999,0.0056095550000000004,0.0029163419999999997,2.8927576999999998e-05,0.00028962173
73,1606968000,14.834744,14.834757,0.0005020274999999999,-1.3462605,6.271464999999999,3.3077270000000007,5.324412000000001,4.8488240000000005,0.47983042,6.9807060000000005,3.809771e-05,1.9947848e-05,1.9809710999999998e-05,2.5857467e-05,4.3776705e-05,6.0444329999999995e-05,9.724359999999999e-05,0.00021131938000000001,7.107792000000002,0.30800041,0.0010763484000000001,74.71099000000001,56.49521,0.0004930554,6.257809,0.057154,156.64057999999997,0.025427724699999994,0.0023285599300000006,0.11678488000000001,624.5287,0.025427724699999994,0.0023285599300000006,0.013698665999999998,454.23616000000004,0.025427724699999994,0.0023285599300000006,0.01035976,464.95430999999996,0.025427724699999994,0.0023285599300000006,0.006749425000000001,5.751828e-05,8.068792e-05,0.008674008000000006,59.514388999999994,0.11505353,0.005942256999999999,0.0033334416999999997,2.6540220000000005e-05,0.00027328882999999994
73,1606968600,3.450038,3.4500610000000003,0.0040001,-1.4826629999999998,3.101644,1.6878040000000003,2.6797560000000002,2.506239,0.049783070000000006,1.510272,3.0719120000000003e-05,9.2617339e-06,9.7609455e-06,1.2494199e-05,1.7891761e-05,2.4573059999999997e-05,4.2007924e-05,7.791632e-05,1.676154,0.048301180000000006,0.0003618628,71.89683,52.84176,0.00011463390000000001,6.248975,0.028922210000000004,36.85964,0.00195580872,0.00017816518299999996,0.05985448,147.18580000000003,0.00195580872,0.00017816518299999996,0.007327832000000001,47.903969000000004,0.00195580872,0.00017816518299999996,0.004069110999999999,47.539072,0.00195580872,0.00017816518299999996,0.005257447,2.020588e-05,4.282884e-05,0.008656660000000002,44.275710000000004,0.052285420000000006,0.0006433003000000001,-0.0007543475,1.2453326000000001e-05,9.879759e-05
73,1606969200,15.422138,15.422172,-0.000662064,-1.4375458,6.010384999999999,3.410991,5.3921019999999995,5.071168000000001,0.85944428,7.242394,4.05963e-05,2.3779724e-05,2.4415206900000004e-05,3.2814697e-05,5.2913060000000004e-05,7.5744848e-05,0.00012971813,0.00028449653,7.6738349999999995,0.03526656,0.0013307751,66.09110000000001,50.87707,0.0005125943999999999,6.336457,0.059770119999999996,164.01116,0.012407295199999998,0.0011350443,0.12293855000000002,678.2607,0.012407295199999998,0.0011350443,0.012284488999999999,274.69453000000004,0.012407295199999998,0.0011350443,0.008820620999999999,277.2513,0.012407295199999998,0.0011350443,0.006256456999999998,5.0189469999999996e-05,7.279793000000001e-05,0.02178696,94.772322,0.12393932999999999,0.0046957768,0.0021923368000000003,4.1954923e-05,0.00040389138
73,1606969800,16.615450000000003,16.615479999999998,-0.00211843131,-1.406174,6.598515000000001,3.6144240000000005,5.9117180000000005,5.312074000000001,0.66340716,7.522159,4.2768089999999994e-05,2.5499517999999998e-05,2.5388784e-05,3.351631e-05,5.1364510999999996e-05,7.365138999999999e-05,0.00012359165999999998,0.0002593226,8.106966000000002,0.19896229999999998,0.0011842761,70.90176000000001,53.0514,0.0005522609,6.1742919999999994,0.06388371,177.62470000000002,0.0077374344,0.0007068072999999999,0.1304259,718.6203,0.0077374344,0.0007068072999999999,0.011931516999999999,192.67166,0.0077374344,0.0007068072999999999,0.008532510999999998,192.77872999999997,0.0077374344,0.0007068072999999999,0.0062852690000000004,4.752765e-05,7.055736e-05,-0.10445880999999999,55.122790800000004,0.09176123000000001,0.005062706,0.002335081,3.2124363999999995e-05,0.00031945944
73,1606970400,26.708,26.70804,-0.0034049009999999997,-1.3925139999999998,8.458010999999999,4.619712000000001,7.678171999999999,6.833046,0.9313453699999998,11.612301,4.8971210000000004e-05,3.351206799999999e-05,3.2653352e-05,4.1764224e-05,6.656577000000001e-05,9.389235e-05,0.00015238509000000002,0.00031739547999999997,12.147179,1.2041691,0.0018979006000000003,81.00542,61.294,0.0008878479999999999,6.094494,0.07719933999999999,279.8365,0.045512576900000004,0.0041687157200000005,0.15669909999999998,1065.4236999999998,0.045512576900000004,0.0041687157200000005,0.017817951000000002,833.0072400000001,0.045512576900000004,0.0041687157200000005,0.014325636,853.45175,0.045512576900000004,0.0041687157200000005,0.007925331,8.320568000000001e-05,0.00010662379000000001,-0.022199984000000002,14.324123600000002,0.08046713,0.009444146,0.005902269,2.3218588e-05,0.00022519240999999997
73,1606971000,14.877726999999998,14.877768999999997,-0.002394866,-1.2992452999999997,6.4713840000000005,3.4677909999999996,5.799552,5.093556,0.19203628,6.119898,4.189068e-05,2.2405586e-05,2.3753383e-05,3.0058108999999997e-05,4.5627540000000006e-05,7.705384000000001e-05,0.00010370008,0.00019412588999999998,5.816167,1.6205939999999999,0.0015904905000000001,94.3992,73.88309999999998,0.0004940646,6.479595999999999,0.06002042,159.60053000000002,0.020617586,0.0018878564,0.11025479,513.8896,0.020617586,0.0018878564,0.013227588000000002,414.38369,0.020617586,0.0018878564,0.010221753,420.15342,0.020617586,0.0018878564,0.008201164,8.805540000000001e-05,0.00011162251999999998,-0.002520986,17.1911322,0.09291321,0.009808889999999999,0.00646827,2.6642002e-05,0.00025903259
73,1606971600,13.38613,13.38615,-0.00257052,-1.3979652999999999,6.23513,3.3214549999999994,5.292875,4.896825000000001,0.17665933,5.527590000000001,3.853115e-05,1.854695e-05,2.0023797e-05,2.6443480000000004e-05,4.197891e-05,7.154159e-05,9.334951e-05,0.0001802847,4.960153,1.73062,0.0017999029999999998,96.61456000000001,76.16413,0.00044426520000000007,6.541439,0.05838194000000001,144.3178,0.032257179999999996,0.002954973,0.10317709000000001,439.52609999999993,0.032257179999999996,0.002954973,0.0149234,599.5037,0.032257179999999996,0.002954973,0.012016566000000001,612.8507999999999,0.032257179999999996,0.002954973,0.008234612,8.659682e-05,0.00010999669999999999,-0.0227305461,6.3452668,0.07147232,0.009929928000000001,0.006604779,1.546176e-05,0.00012584186
73,1606972200,17.754640000000002,17.75467,-0.002478897,-1.458836,6.539,3.8088049999999996,5.999471,5.291072999999999,0.5835957100000001,7.807416999999999,3.368682e-05,1.4864437e-05,1.4857736000000002e-05,1.9996741e-05,3.740816e-05,5.7810239999999994e-05,8.129982000000001e-05,0.00017517672,7.498448000000001,1.3768636,0.0015663154999999997,89.40104,68.68117000000001,0.0005901103,6.192888,0.06725868000000002,190.2113,0.013991224000000002,0.0012805395699999997,0.12296624,663.1006,0.013991224000000002,0.0012805395699999997,0.013016347000000001,359.96806000000004,0.013991224000000002,0.0012805395699999997,0.00971319,360.50461,0.013991224000000002,0.0012805395699999997,0.008009237,7.985792e-05,0.00010315183,0.030701739999999998,2.8198923000000002,0.06634675999999999,0.009423822,0.006151906,1.5615511e-05,0.00014672374
73,1606972800,13.62425,13.624279999999999,-0.0014944706,-1.3788566,6.168862,3.3297420000000004,5.413066000000001,4.962791,0.30721126,5.7531930000000004,4.548861e-05,2.6122973e-05,2.7797686999999998e-05,3.4417836e-05,5.1936190000000005e-05,8.217995e-05,0.00011104661000000001,0.00022411514,5.166523,1.643451,0.0015675182999999998,88.82575999999999,74.44871,0.000452199,6.507988999999999,0.05802874,144.8307,0.014539236899999999,0.0013309793599999998,0.10456638,454.14040000000006,0.014539236899999999,0.0013309793599999998,0.011790127000000001,311.50395,0.014539236899999999,0.0013309793599999998,0.008793351000000001,315.93497,0.014539236899999999,0.0013309793599999998,0.007554561999999999,7.274721e-05,9.592719999999999e-05,0.004264260999999996,24.691383799999997,0.09993448,0.0082441,0.005185818,3.4021678e-05,0.00035640711999999995
73,1606973400,21.894190000000002,21.894209999999998,-0.00063088799,-1.59715,7.290297,4.2996490000000005,6.326256,5.805401000000001,1.20065774,10.536139,7.233602000000001e-05,5.656769000000001e-05,5.988410999999999e-05,7.372619999999999e-05,0.00010856677,0.0001527371,0.00023391633,0.00046738399,9.708282,1.2353483,0.0022532999999999997,82.80293999999999,63.551199999999994,0.000726831,6.668786,0.07405969999999999,232.28979999999996,0.0322776656,0.0029560067400000003,0.1404546,856.3791000000001,0.0322776656,0.0029560067400000003,0.01585304,659.1939,0.0322776656,0.0029560067400000003,0.012449578999999999,669.48576,0.0322776656,0.0029560067400000003,0.007725585,7.667958e-05,0.00010007135000000001,-0.025853230000000012,27.334872,0.11303075999999998,0.008676936,0.005572346000000001,2.6149308000000002e-05,0.00026505571
73,1606974000,20.06173,20.061749999999996,-0.0014469260999999999,-1.4980449999999998,7.112091000000001,4.0714879999999996,6.315079999999999,5.638634000000001,1.02678527,9.122927999999998,6.245800999999999e-05,4.3925484e-05,4.4998466e-05,5.3533352e-05,7.608754e-05,0.00010562363,0.00014291129999999998,0.00027915268,8.497024999999999,1.5316811000000001,0.0013762951,86.19784000000001,67.51494,0.0006665048000000001,6.166928,0.06986955,212.339,0.034237851400000005,0.0031363336999999996,0.1312975,747.7634,0.034237851400000005,0.0031363336999999996,0.014652783999999999,624.39842,0.034237851400000005,0.0031363336999999996,0.011389873,638.8191299999999,0.034237851400000005,0.0031363336999999996,0.007736858000000001,7.424084e-05,9.756037000000002e-05,-0.021776827000000006,9.2344009,0.07486257,0.008622464,0.005583814000000001,2.0421902e-05,0.00020910602999999996
73,1606974600,28.956670000000003,28.956690000000002,-0.0018637018000000002,-1.613327,8.177313000000002,4.973920999999999,7.37055,6.7120310000000005,0.9067926599999998,12.564505999999998,8.589836e-05,7.1879647e-05,7.460888000000001e-05,9.020233000000001e-05,0.00013069777,0.00018135803999999998,0.00026313959000000004,0.0005303256,13.226158000000002,1.2483396,0.002417196,82.42473,59.67854,0.0009614992999999999,6.427318,0.08499157,305.1985,0.05606824079999999,0.0051370601,0.16630240000000002,1163.6749000000002,0.05606824079999999,0.0051370601,0.018573779999999998,1007.86062,0.05606824079999999,0.0051370601,0.014862941000000001,1031.9183899999998,0.05606824079999999,0.0051370601,0.00862482,9.815453e-05,0.00012184309,0.022032018,9.178768299999998,0.09345794,0.010743045,0.00725184,2.5795007e-05,0.00026725257
73,1606975200,13.948215999999999,13.948248000000001,0.000508644014,-1.4775869999999998,5.794977,3.411727,5.2735590000000006,4.963013999999999,0.26136874,5.904369,3.52737e-05,1.4715824999999999e-05,1.5255328000000001e-05,2.0428432e-05,3.6480980000000004e-05,6.595927e-05,7.092211999999999e-05,0.00015096693000000002,5.13523,1.8370090000000001,0.0014900449999999997,94.32297,77.06881999999999,0.0004630682,6.356014,0.05893555,149.45972,0.018085031999999997,0.0016558319000000003,0.10406481999999999,452.9985,0.018085031999999997,0.0016558319000000003,0.012926316000000002,358.14566,0.018085031999999997,0.0016558319000000003,0.009949712000000001,365.14067,0.018085031999999997,0.0016558319000000003,0.008337128000000001,9.058084e-05,0.00011391850999999998,-0.0036412079999999986,12.4038283,0.08057511,0.010128274000000001,0.006782463,2.8340108999999998e-05,0.00027930132
73,1606975800,13.707000000000003,13.70701,0.0021823262,-1.5426090000000001,5.688809999999999,3.422277,5.169007,4.807798,0.07480564,5.585037999999999,3.834259e-05,1.8561349000000002e-05,1.9894385e-05,2.5626337e-05,4.572261000000001e-05,7.067109000000001e-05,9.158178e-05,0.00018885735999999998,5.058957,1.7924820000000001,0.001573515,91.75704999999999,76.48967999999999,0.0004549195000000001,6.334173000000001,0.05932672,146.07500000000002,0.01271075865,0.001163558749,0.10391518,444.81659999999994,0.01271075865,0.001163558749,0.011614588999999998,302.60423099999997,0.01271075865,0.001163558749,0.008648810000000002,304.699129,0.01271075865,0.001163558749,0.008136313000000001,8.348409e-05,0.0001065534,0.0060710140000000004,3.6566138,0.058425899999999996,0.009752445,0.0064493599999999995,1.786448e-05,0.00015714830000000001
73,1606976400,19.44163,19.441650000000003,0.00047008620000000016,-1.2220118999999998,7.584232,3.8254840000000003,6.700817000000001,6.012596,0.7112682,8.994297,5.922035000000001e-05,4.2089857e-05,4.4079139e-05,5.431879e-05,8.088146e-05,0.00011070745,0.00016616876,0.00033044822,8.398145,1.3202021,0.0015954024,81.21699,66.89180999999999,0.0006459045,6.284439,0.06793023000000001,204.76590000000002,0.028342074499999998,0.00259580158,0.13028046,735.5125,0.028342074499999998,0.00259580158,0.014353252,522.9435300000001,0.028342074499999998,0.00259580158,0.011057576,534.74541,0.028342074499999998,0.00259580158,0.007849762,8.352360000000001e-05,0.00010642543999999999,0.054010829999999996,25.3774697,0.11437110000000002,0.009193334000000001,0.005825272,3.5439308999999996e-05,0.00034790001
73,1606977000,25.13079,25.130830000000003,-0.001461194709,-1.4071669999999998,7.980132,4.527886,7.332223000000001,6.498873999999999,1.05643019,11.102891,3.571008e-05,1.8626854000000004e-05,1.5454897000000002e-05,1.9755431e-05,3.7767060000000004e-05,4.419988e-05,6.478311999999999e-05,0.00015067160999999998,11.438521,1.1254243000000002,0.0010746532,86.10555000000001,60.40948999999999,0.0008359525,5.958291000000001,0.07931811999999999,265.8043,0.0478268352,0.00438090422,0.1533176,1007.7042000000001,0.0478268352,0.00438090422,0.017094346,837.860304,0.0478268352,0.00438090422,0.013501664,859.8838140000001,0.0478268352,0.00438090422,0.007518558999999999,7.13815e-05,9.454584e-05,-0.05604659300000001,15.265752999999998,0.09108409999999999,0.008263466,0.005165249,2.44804e-05,0.00024945128
73,1606977600,18.2145,18.214529999999996,-0.001689344,-1.5314462,6.410410000000001,3.8672910000000003,5.824565,5.377813999999999,0.26471724,7.647909,5.045484e-05,3.2863317e-05,3.3098424999999996e-05,4.1258197e-05,6.0300425e-05,8.965181000000002e-05,0.00013131086999999998,0.00027111917000000003,7.868566999999999,1.2365188999999999,0.0014772765,89.37376,66.06861,0.0006049206000000001,6.222009,0.06670021,192.39259999999996,0.05136647000000001,0.0047060576,0.12609889999999999,692.4037999999999,0.05136647000000001,0.0047060576,0.01642458,863.499,0.05136647000000001,0.0047060576,0.013195538999999997,887.6099999999999,0.05136647000000001,0.0047060576,0.006941841999999999,5.440447000000001e-05,7.788936000000001e-05,-0.047644444999999994,10.843573000000001,0.06329025,0.006773113,0.0039784650000000005,1.5968105999999997e-05,0.00016509585
73,1606978200,12.917323,12.917336,-0.0007045947999999998,-1.4778493999999998,5.637358,3.285351,5.202684,4.637054999999999,0.26025054999999997,5.500651,5.1299180000000004e-05,3.1104221000000004e-05,3.2343041000000004e-05,3.7879497999999997e-05,5.128487000000001e-05,7.723817e-05,9.880666e-05,0.00018625389999999998,5.065989,1.391117,0.0010096190000000002,91.82079,71.85542000000001,0.0004288157,6.405503,0.05684433,137.12111,0.0275060722,0.00251951199,0.10374037,446.2414,0.0275060722,0.00251951199,0.012187298,469.93753,0.0275060722,0.00251951199,0.009175568,483.3323200000001,0.0275060722,0.00251951199,0.006935479,5.484267e-05,7.799386e-05,-0.056223032500000006,18.7687965,0.06417668000000001,0.006701708000000001,0.004098698,1.9175235e-05,0.00019613232
73,1606978800,13.38761,13.387629999999998,-0.0021570837000000004,-1.5102543000000002,5.888427999999999,3.3795409999999997,5.247048,4.6910940000000005,0.08953805999999999,5.46828,4.718429e-05,2.8280149e-05,2.89662313e-05,3.4361726e-05,5.0470992e-05,7.108052e-05,9.3953243e-05,0.00018409823999999996,5.423769999999999,1.2685706,0.0009508314,89.84700000000001,69.00438999999999,0.00044461960000000003,6.144856,0.058435100000000004,142.34609999999998,0.0283245601,0.00259445676,0.1078289,477.7456,0.0283245601,0.00259445676,0.013381150999999999,513.94305,0.0283245601,0.00259445676,0.010322238000000001,525.7763,0.0283245601,0.00259445676,0.007050357,5.709688999999999e-05,8.024597e-05,-0.035998579,14.735076980000002,0.06482773,0.00697999,0.004357349,1.8632885999999997e-05,0.00019937063999999997
73,1606979400,13.990680000000001,13.990720000000001,-0.0025512060000000003,-1.5628369000000002,5.835065999999999,3.461824,5.250985,4.748209000000001,0.08413608000000002,5.658220999999999,2.703405e-05,7.0937529999999995e-06,5.9907992e-06,8.930864000000001e-06,2.1149354e-05,3.125247e-05,4.155958500000001e-05,9.893878000000001e-05,5.738459,1.2557958,0.000864404,89.94345999999999,68.11224,0.0004653041,5.716811,0.0594056,149.1924,0.0326752901,0.0029932466099999995,0.11113769999999998,508.3098,0.0326752901,0.0029932466099999995,0.013704702,562.01406,0.0326752901,0.0029932466099999995,0.010665718000000001,577.47657,0.0326752901,0.0029932466099999995,0.006918274,5.2637439999999995e-05,7.577630000000001e-05,-0.016116455000000002,4.5967793,0.04517248,0.006695411,0.004101973,9.07396e-06,9.118682e-05
73,1606980000,19.11794,19.117960000000004,-0.00930186,-0.8827838100000001,7.728049,3.642217,7.066228,6.103837,1.1285744799999997,8.781291999999999,4.2253870000000003e-05,2.4657370999999996e-05,2.4244306e-05,3.0258719000000004e-05,4.817256e-05,6.281783000000001e-05,0.00010408809999999998,0.00022349186,8.572858,0.9842080000000001,0.0013602392,83.53414000000001,61.75336,0.0006353569,6.244452000000001,0.06765762,203.99650000000003,0.0187646492,0.0017177457600000001,0.13139446999999999,760.5467,0.0187646492,0.0017177457600000001,0.013469527,377.86181000000005,0.0187646492,0.0017177457600000001,0.010026740000000001,383.79718,0.0187646492,0.0017177457600000001,0.006529322999999999,4.953135e-05,7.261549000000002e-05,-0.008780594000000003,45.666525199999995,0.10199454000000001,0.0059681230000000005,0.002997273,3.1001841e-05,0.00030742706
73,1606980600,22.908799999999996,22.908799999999996,-0.0018943388999999998,-1.554126,7.449713999999998,4.373384,6.6131020000000005,6.051261000000001,0.5981631599999999,10.100107,7.202201999999998e-05,5.5584844999999986e-05,5.7814873e-05,6.961971800000002e-05,9.713470999999999e-05,0.00013572215,0.00020131634,0.00040068782,9.87874,1.5726300000000002,0.0019579524999999995,85.85789000000001,67.41274999999999,0.0007607373,6.291543,0.07458947,243.3665,0.05362512479999999,0.0049128159999999995,0.1416923,873.2873,0.05362512479999999,0.0049128159999999995,0.016996884,905.61295,0.05362512479999999,0.0049128159999999995,0.013700152999999998,931.0730299999999,0.05362512479999999,0.0049128159999999995,0.007192517999999999,6.014866e-05,8.369077e-05,-0.044582359,5.0419888,0.05358386,0.007580551,0.0045012410000000004,1.3613204000000001e-05,0.00012836177000000003
73,1606981200,13.081844999999998,13.081857000000003,-0.0022571351000000004,-1.4189517999999999,5.808477000000001,3.2777530000000006,5.292610999999999,4.781845,0.30260271000000005,5.578083,5.2488010000000004e-05,3.2181929e-05,3.3928098e-05,4.0090739999999995e-05,5.378185999999999e-05,7.079939000000001e-05,0.00010666215,0.00020049488000000002,4.781791,1.756952,0.0016018980000000003,96.15008999999999,77.87061,0.0004340399,6.474498,0.05668116999999999,139.0685,0.020579687,0.0018845766,0.09969483999999999,419.88809999999995,0.020579687,0.0018845766,0.013445390000000002,405.2115,0.020579687,0.0018845766,0.010490985,412.5862,0.020579687,0.0018845766,0.00635627,4.482584e-05,6.803551e-05,0.11854107920000001,40.79289000000001,0.08064449,0.005141356000000001,0.002436555,2.2321637999999997e-05,0.00021832671
73,1606981800,14.28706,14.28708,-0.0020906839999999998,-1.6335969999999995,5.751064,3.5359229999999995,5.228522,4.635255,0.05782748,5.781761,4.673349e-05,2.7493980000000003e-05,2.8130866000000006e-05,3.481754e-05,5.022547000000001e-05,6.898675e-05,0.00010476109000000002,0.00021705688999999997,5.972137,1.1690943000000003,0.001725894,88.53643,66.40713,0.0004742556,6.4249160000000005,0.060300900000000004,152.1382,0.02133516519,0.0019537985269999997,0.1133597,527.5581999999999,0.02133516519,0.0019537985269999997,0.012503418999999998,387.55987999999996,0.02133516519,0.0019537985269999997,0.009421533,396.81413999999995,0.02133516519,0.0019537985269999997,0.0064501,4.422661e-05,6.732065e-05,-0.033658881800000005,8.281267,0.052120639999999996,0.005377551999999999,0.002869421,1.0907089000000001e-05,8.938267e-05
73,1606982400,13.625499999999999,13.62554,-0.002432045,-1.5452238,5.876092,3.425025,5.1924079999999995,4.707069,0.06499021,5.53254,3.300929e-05,1.3357066e-05,1.3366357e-05,1.8327358000000002e-05,2.984527e-05,4.3671359999999994e-05,6.729999e-05,0.00014987745000000002,5.478448,1.3324023999999999,0.001542127,94.80894,69.58346999999999,0.00045244530000000004,6.336596000000001,0.058617430000000005,145.96349999999998,0.0211657392,0.0019382621600000003,0.1087119,485.9607,0.0211657392,0.0019382621600000003,0.012708846,396.66209,0.0211657392,0.0019382621600000003,0.009660741,404.6795,0.0211657392,0.0019382621600000003,0.006600475,4.963652e-05,7.261647e-05,0.027693355999999995,13.635589999999999,0.06701461,0.005836595,0.0030883860000000003,1.7493079000000003e-05,0.00015706236
73,1606983000,20.523940000000003,20.52395,-0.00235974,-1.4520762,7.114717000000001,4.073661,6.260104,5.6020330000000005,0.96793961,9.229828,6.884455999999999e-05,5.1396806000000005e-05,5.3494812e-05,6.128203e-05,8.996182999999999e-05,0.00011926832,0.00016404525,0.00034368236,9.145805999999999,1.1136422000000001,0.0015871832000000003,81.84241999999999,63.408069999999995,0.000681853,6.316686,0.07055339,216.4208,0.029961520999999998,0.0027437489099999997,0.13544309999999998,803.3143,0.029961520999999998,0.0027437489099999997,0.014230371,524.3068799999999,0.029961520999999998,0.0027437489099999997,0.010857614000000002,536.97001,0.029961520999999998,0.0027437489099999997,0.007420695000000001,7.499719e-05,9.787691999999998e-05,0.125353189,47.5176276,0.13476401,0.007894420000000001,0.004828453,4.1097948e-05,0.00041085096
73,1606983600,13.624047999999998,13.624061999999999,0.0002451455,-1.349762,6.148313999999999,3.294186,5.433840999999999,4.7651580000000004,0.41734350000000003,5.738080000000001,3.946652e-05,2.0374219e-05,2.0791033999999998e-05,2.6163754000000003e-05,3.9208462e-05,6.374206e-05,8.540758e-05,0.00017017801,5.584624,1.2251922,0.0017189009999999997,89.33718,70.3064,0.00045244200000000006,6.377628,0.05724885,146.03272,0.025443463499999996,0.00233030272,0.10649545999999999,494.66720000000004,0.025443463499999996,0.00233030272,0.013521038999999999,460.84776,0.025443463499999996,0.00233030272,0.010436392000000001,470.83872999999994,0.025443463499999996,0.00233030272,0.007125457,6.409907e-05,8.727576e-05,0.048217759,52.322165299999995,0.11636270000000001,0.007060421999999999,0.004386969999999999,3.2912175000000005e-05,0.00034731101
73,1606984200,14.77551,14.77553,0.0020756810000000002,-1.5686139999999997,6.1659,3.5900169999999996,5.630421,4.905486999999999,0.04216761,5.9447790000000005,6.010232000000001e-05,4.1653064000000004e-05,4.399572e-05,5.300433e-05,7.394483000000001e-05,0.00011412297000000002,0.00015168312,0.0002916331,6.114203999999999,1.2705300000000002,0.002207291,85.74188,67.24960000000002,0.0004903634999999999,6.606813,0.059821860000000004,157.34120000000001,0.02490361466,0.002280920636,0.11461170000000001,539.6144000000002,0.02490361466,0.002280920636,0.013320737999999999,476.0026,0.02490361466,0.002280920636,0.010251101,484.98870999999997,0.02490361466,0.002280920636,0.007491832999999999,6.586352e-05,8.898765e-05,-0.004248412000000001,0.9476899,0.04098629,0.00817907,0.0052671210000000005,1.0272925e-05,7.852490999999999e-05
73,1606984800,14.682939999999999,14.682970000000001,0.0020510840000000003,-1.592816,6.086924000000001,3.585387,5.5725940000000005,4.8568109999999995,0.0333651,5.908030999999999,5.721429e-05,3.807755999999999e-05,4.0015066e-05,4.7975128000000004e-05,6.676807999999999e-05,9.505950000000001e-05,0.00013512311000000004,0.00026259311000000003,6.188789,1.150009,0.001940966,80.16866999999999,65.70043000000001,0.00048776449999999997,6.463973,0.060455020000000005,158.3954,0.0159358362,0.00145876059,0.1159827,552.5905,0.0159358362,0.00145876059,0.012385166999999999,344.50138,0.0159358362,0.00145876059,0.009264604000000001,349.15828999999997,0.0159358362,0.00145876059,0.006691303,4.817359e-05,7.1378e-05,-0.01221505,1.8753420000000003,0.0372515,0.006117438,0.0035237060000000006,8.216827e-06,6.032384e-05
73,1606985400,10.66265,10.662674999999998,0.0010728568000000001,-1.2161743,5.774577,2.8467049999999996,5.148232,4.334421,0.27432195000000004,4.5424929999999994,3.999769999999999e-05,1.9436181e-05,2.008976e-05,2.4980283999999998e-05,3.62665e-05,4.8949330000000005e-05,7.10294e-05,0.0001376594,3.626188,1.703482,0.0012661217,97.76933,84.83631999999999,0.00035385790000000005,6.357348,0.04959727,114.53718999999998,0.0144664451,0.00132454854,0.08633115,321.3522,0.0144664451,0.00132454854,0.010400529,267.372393,0.0144664451,0.00132454854,0.007465557,273.092338,0.0144664451,0.00132454854,0.006464832000000001,4.834177e-05,7.155861999999998e-05,0.058829960000000014,36.187939,0.09280305000000001,0.005194423000000001,0.0027215040000000005,2.4554641000000003e-05,0.00024283151
73,1606986000,13.051811,13.051822999999999,-0.0007884195999999999,-0.9904162,6.5482249999999995,2.9986669999999997,5.886068,4.914261,0.674774,5.751068,3.934762e-05,1.8505924e-05,1.9567695000000002e-05,2.4220782999999997e-05,3.6667373999999996e-05,4.7562028999999996e-05,7.8930456e-05,0.00016564798,4.661376000000001,1.8627690000000001,0.0013498053,98.52622,84.50831,0.0004331883,6.329809,0.05234569,138.85781,0.02108695909,0.0019312319759999998,0.09425066,411.66459999999995,0.02108695909,0.0019312319759999998,0.011852926,357.45619999999997,0.02108695909,0.0019312319759999998,0.00887651,367.52714000000003,0.02108695909,0.0019312319759999998,0.006085639,3.9505299999999996e-05,6.270253000000001e-05,-0.0028217349999999997,48.089703,0.08753103,0.004124282000000001,0.0014745846399999997,2.8648494999999998e-05,0.00029127430999999996
73,1606986600,15.562748,15.562786,-0.0019035419999999998,-1.01168146,7.084193000000001,3.3261719999999997,5.899604999999999,5.032279000000001,0.95315102,7.422994,3.641516e-05,1.7423933e-05,1.7854482e-05,2.3181509e-05,3.7116475e-05,5.015849e-05,8.715956000000001e-05,0.00018679778,6.46926,1.3103875999999999,0.0012855772,88.58592000000002,75.93253999999999,0.0005170354,6.287424,0.06022749000000001,165.79231000000001,0.0160147026,0.00146698387,0.10850157999999999,572.3878000000001,0.0160147026,0.00146698387,0.012806646000000001,359.85179000000005,0.0160147026,0.00146698387,0.009570249,363.57035,0.0160147026,0.00146698387,0.006219854,4.5169899999999996e-05,6.810404e-05,0.022818650000000003,64.30074600000002,0.11424107000000001,0.004542212,0.0019743092400000004,3.6635281e-05,0.00037890816
73,1606987200,14.262781,14.262805,-0.009815873,-0.8754191,6.89376,3.0146089999999997,6.057672000000001,5.372451,0.41007730000000003,6.372732,5.180313000000001e-05,3.2637845e-05,3.363912e-05,3.9939613e-05,5.5444494e-05,7.903969e-05,0.00011289876999999999,0.00022865196999999996,5.949050000000001,1.1803027,0.0014209217,88.37567,70.63408000000001,0.00047349340000000004,6.358202,0.057495609999999996,150.09414,0.03578225349999999,0.0032779704199999995,0.10929672000000001,522.4448,0.03578225349999999,0.0032779704199999995,0.014693683000000003,622.30744,0.03578225349999999,0.0032779704199999995,0.011608851,638.7096799999999,0.03578225349999999,0.0032779704199999995,0.006371917,4.359975e-05,6.67692e-05,0.052792763,27.515751599999998,0.07344883999999999,0.005237528,0.0027133850000000004,1.9385638e-05,0.00020828363999999996
73,1606987800,4.739968,4.739987999999999,-0.008131130500000002,-0.9292885,4.033322,1.795768,3.5969229999999994,3.012168,0.34694035999999995,2.244704,2.8136319999999998e-05,6.752625e-06,7.4470437e-06,9.458653e-06,1.4824381000000001e-05,2.889869e-05,3.795145e-05,6.692996e-05,1.6994479999999998,0.66973112,0.0006252744,94.31442,80.6469,0.00015736260000000002,6.287796999999999,0.033954319999999996,51.84429,0.014739410830000002,0.001350169534,0.05741339000000001,150.77599,0.014739410830000002,0.001350169534,0.009747709,250.97737,0.014739410830000002,0.001350169534,0.006598461,257.56059500000003,0.014739410830000002,0.001350169534,0.0057912,3.733898e-05,5.970305e-05,-0.061800589,47.57997,0.07300303999999999,0.003217929,0.0012791799,2.8076109e-05,0.00022082118000000002
73,1606988400,4.520791000000001,4.520811,-0.007312089499999999,-1.277575,3.355977,1.757506,2.988765,2.7491340000000006,0.282803602,2.2001850000000003,2.5645680000000003e-05,4.8035239e-06,4.5939839e-06,6.253200999999999e-06,1.1082236e-05,2.6313559999999995e-05,2.6241667e-05,5.105593e-05,2.183719,0.07613622,0.0004042933,75.73514,54.40792000000001,0.00015034324,6.165223,0.03168256,48.060050000000004,0.00640279969,0.000585700221,0.06293783,191.4992,0.00640279969,0.000585700221,0.008337519000000002,115.32064999999997,0.00640279969,0.000585700221,0.004987675,117.63317000000002,0.00640279969,0.000585700221,0.005923191,3.8334980000000003e-05,6.087013e-05,-0.03356798800000001,33.493498,0.07414076,0.0034764690000000003,0.0017173735000000003,2.7192495999999997e-05,0.00026757334999999996
73,1606989000,2.3313800000000002,2.3314,-0.00973492,-1.3193300000000001,2.576667,1.356408,2.298482,2.132616,0.020326997000000003,0.9695250999999999,2.6158350000000003e-05,5.0634795e-06,5.5266740000000005e-06,6.800047999999999e-06,1.0440694000000002e-05,2.4328529999999998e-05,3.0008134e-05,3.991448e-05,1.115491,0.04974644,0.00032348399999999997,76.77346,54.316340000000004,7.747275e-05,6.334118999999999,0.02501412,25.837020000000003,0.00239680538,0.00021867937899999997,0.04902347,98.62158000000001,0.00239680538,0.00021867937899999997,0.006958541,44.812239,0.00239680538,0.00021867937899999997,0.003564534,45.066477,0.00239680538,0.00021867937899999997,0.005651315,2.960983e-05,5.184728e-05,-0.008341685999999996,9.176893999999999,0.04131312,0.002763502,0.0011966235,9.761274999999999e-06,6.638283e-05
73,1606989600,2.420567,2.420588,-0.0034798600000000013,-1.1663258,2.663443,1.2513821,2.2927829999999996,2.0193600000000003,0.299891568,1.2664772,2.5165349999999998e-05,3.7203880000000005e-06,4.1159867000000005e-06,5.853175e-06,9.87455e-06,1.7095209e-05,2.9893490000000004e-05,5.014116e-05,1.1728090000000002,0.03696194,0.0003859606,76.12393999999999,55.07409,8.042594999999999e-05,6.6273740000000005,0.022740189999999997,27.093310000000002,0.0019389579000000001,0.000176710529,0.045550740000000006,104.04885999999999,0.0019389579000000001,0.000176710529,0.007097110999999999,43.531364,0.0019389579000000001,0.000176710529,0.0034860039999999996,43.48751,0.0019389579000000001,0.000176710529,0.005367318,2.781462e-05,5.025492e-05,-0.0007565600000000117,108.32131999999999,0.09259713,0.0011402837999999998,-0.0001723188,3.198192199999999e-05,0.00031305332999999997
73,1606990200,3.368844,3.3688650000000004,0.016148085,-0.887187,3.198022,1.4129438,2.458313,2.250369,0.313988929,2.0690394000000003,2.9294660000000003e-05,8.1644299e-06,8.8800508e-06,1.13566808e-05,1.6506206e-05,2.2182724e-05,3.7100334e-05,7.254749999999999e-05,1.6528462000000002,0.031037409999999998,0.0003522254,72.63713999999999,53.78621,0.00011197283999999998,6.166122,0.02503636,36.81021,0.0023762269599999996,0.000216685061,0.05197475,146.64911,0.0023762269599999996,0.000216685061,0.0075438729999999996,54.715734999999995,0.0023762269599999996,0.000216685061,0.003961263,54.613599,0.0023762269599999996,0.000216685061,0.005246086,2.454877e-05,4.669716e-05,-0.14695548,179.84864,0.09003167,-0.00013264260000000002,-0.0015703813000000001,2.7444588000000002e-05,0.00024068616
73,1606990800,1.5514377777777777,1.55146,0.01894389211111111,-1.0591586666666666,2.4711177777777777,1.0639917777777779,1.9278499999999998,1.77593,0.0812696188888889,0.8001623333333333,2.7113344444444442e-05,5.849689222222223e-06,6.653413444444445e-06,8.485468888888888e-06,1.189378e-05,1.697425777777778e-05,3.040897777777778e-05,4.797676666666667e-05,0.740805,0.03447392222222222,0.00030665111111111116,74.03404444444445,54.6868,5.1500933333333334e-05,6.4816666666666665,0.018935977777777776,17.14893333333334,0.0008665060333333333,7.853745322222223e-05,0.03952014444444445,65.42276666666666,0.0008665060333333333,7.853745322222223e-05,0.006331756666666667,20.966551888888887,0.0008665060333333333,7.853745322222223e-05,0.0027081777777777775,20.431638777777778,0.0008665060333333333,7.853745322222223e-05,0.005227107777777778,2.134346666666667e-05,4.3455022222222214e-05,-0.0024429666666666633,90.5414111111111,0.0639461,-0.00018079,-0.0013969698888888888,2.205747e-05,0.00019036265555555558
73,1606991400,1.4172609999999999,1.417283,0.011456528,-1.2273530000000001,2.27628,1.0439166999999998,1.851733,1.693703,0.022131341000000002,0.6001625,2.3635819999999996e-05,2.2166089e-06,2.4993601e-06,3.708391e-06,6.2101550000000005e-06,9.009070999999999e-06,1.6281678e-05,2.897674e-05,0.6720729999999999,0.03626185,0.00022475080000000002,75.70509999999999,55.24062,4.708942999999999e-05,6.363719,0.01808573,15.33269,0.0015596902600000001,0.000142070884,0.0378678,59.016540000000006,0.0015596902600000001,0.000142070884,0.006714849,32.151501,0.0015596902600000001,0.000142070884,0.0030768260000000004,32.028923000000006,0.0015596902600000001,0.000142070884,0.005094096,1.5033359999999998e-05,3.712452e-05,0.027887079999999998,48.073240000000006,0.042740089999999994,-0.001307062,-0.0023519386,1.0356337e-05,7.011391e-05
73,1606992000,1.160562,1.160586,0.022271660000000002,-1.2202819999999999,2.103065,0.9526988000000001,1.6983519999999999,1.548049,0.011180679,0.48752200000000007,2.516568e-05,3.3062011e-06,3.8191708e-06,5.101898e-06,7.377402e-06,1.0755005e-05,2.0377940000000003e-05,2.9373129999999997e-05,0.540589,0.039353530000000005,0.0002553924,77.7743,56.806529999999995,3.8556320000000004e-05,6.5481799999999994,0.01650397,13.075669999999999,0.0015969752599999999,0.00014549343700000003,0.034119550000000005,47.86841,0.0015969752599999999,0.00014549343700000003,0.006633722999999999,30.551864000000002,0.0015969752599999999,0.00014549343700000003,0.0028905549999999995,30.451467999999995,0.0015969752599999999,0.00014549343700000003,0.005141279,1.6261459999999997e-05,3.8428129999999994e-05,-0.012235253999999996,42.61649,0.04234978,-0.0009134285,-0.0019446421000000001,9.613074e-06,5.607003e-05
73,1606992600,1.1073017,1.1073238,0.025064259999999998,-1.175506,2.091326,0.9214679,1.6693640000000003,1.52506,0.011675902999999998,0.46663630000000006,2.3849519999999997e-05,2.3424421e-06,2.8053615e-06,4.010458e-06,5.913368e-06,8.994599e-06,1.7964211e-05,2.2400768000000003e-05,0.5141808999999999,0.03915003,0.0002509121,79.23517,57.11147000000001,3.6805870000000004e-05,6.221347,0.016091039999999997,12.49892,0.0008835386499999999,8.0109182e-05,0.03333582,45.666959999999996,0.0008835386499999999,8.0109182e-05,0.006181758,18.199051,0.0008835386499999999,8.0109182e-05,0.002447238,17.774503000000003,0.0008835386499999999,8.0109182e-05,0.00517953,1.782798e-05,3.9851220000000004e-05,0.11077414,38.957679999999996,0.04174336,-0.0005933418000000001,-0.0016706301,1.0276233000000002e-05,6.325635999999999e-05
73,1606993200,1.0282286,1.0282501999999998,0.02434956,-1.310795,1.960484,0.9090235,1.570284,1.4329939999999999,0.011961846000000002,0.4354816,2.340451e-05,1.8223977999999998e-06,2.1983111999999997e-06,3.3585109999999998e-06,5.487644e-06,8.451385e-06,1.4688835e-05,2.5506999999999998e-05,0.47778660000000006,0.03598526,0.00027852490000000003,80.84587000000002,57.067730000000005,3.412748e-05,6.664606000000001,0.01546119,11.303709999999999,0.0014433010199999998,0.000131418731,0.031934489999999996,41.88445,0.0014433010199999998,0.000131418731,0.006620045000000001,28.251479999999997,0.0014433010199999998,0.000131418731,0.002872942,28.162010999999996,0.0014433010199999998,0.000131418731,0.0050657969999999995,1.446959e-05,3.6328720000000005e-05,-0.11508273800000002,51.88652,0.04149995,-0.001677,-0.0025194764,1.0216348e-05,6.254775e-05
73,1606993800,1.3151550000000003,1.3151789999999999,0.015170709999999995,-1.534261,2.0592999999999995,1.0582293999999999,1.655751,1.5184600000000001,0.013126714000000001,0.5503923,2.765228e-05,6.374458999999999e-06,7.203402999999999e-06,8.7084e-06,1.1766578e-05,1.8138466e-05,2.9032480000000006e-05,4.25409e-05,0.6148984000000001,0.04223981,0.0003083046,76.09251,56.527049999999996,4.364104e-05,6.700312000000001,0.01814292,14.714009999999998,0.0019989365399999998,0.000182343002,0.03638585,54.427330000000005,0.0019989365399999998,0.000182343002,0.006567327,35.107217,0.0019989365399999998,0.000182343002,0.0029280110000000003,35.443741,0.0019989365399999998,0.000182343002,0.005200532,1.825154e-05,4.0143899999999994e-05,0.040821470000000006,35.641733,0.04077015,-0.00025339560000000005,-0.0013712158000000001,9.407447999999999e-06,5.4080380000000003e-05
73,1606994400,1.2107899999999998,1.2108150000000002,0.022927950000000002,-1.5424710000000001,2.0095359999999998,1.0137152999999999,1.5895229999999998,1.469894,0.011537025000000001,0.5096189,2.521874e-05,3.963777599999999e-06,4.522857399999999e-06,5.764493e-06,8.363788e-06,1.2271088999999998e-05,2.2487454e-05,3.165965e-05,0.5706315,0.03434759,0.00032258289999999995,76.95370999999999,55.74136,4.0201759999999996e-05,6.569385,0.01742288,13.53662,0.0012167706600000002,0.00011066065799999999,0.03501309,50.39752,0.0012167706600000002,0.00011066065799999999,0.006259530000000001,23.113892999999997,0.0012167706600000002,0.00011066065799999999,0.002581209,22.962632,0.0012167706600000002,0.00011066065799999999,0.005183971999999999,1.8296809999999998e-05,4.016043e-05,-0.006268709999999999,38.322347,0.04096368,-0.0006031610000000002,-0.0015965391999999998,1.0159015e-05,6.0364260000000005e-05
73,1606995000,1.5122769999999999,1.512299,0.01872013,-1.4135810000000002,2.266007,1.113535,1.836693,1.6976390000000001,0.018941392999999997,0.6360897,2.525683e-05,3.9629155e-06,4.3001237e-06,5.615582e-06,8.188166000000001e-06,1.1531258999999999e-05,1.8621367999999997e-05,3.18044e-05,0.7171244,0.03864341,0.0002823083,77.65272,55.151469999999996,5.025005e-05,6.40105,0.01906662,16.533289999999997,0.00197706987,0.00018029463099999998,0.039308470000000005,63.52331999999999,0.00197706987,0.00018029463099999998,0.007067760000000001,40.705059,0.00197706987,0.00018029463099999998,0.003482415,40.676340999999994,0.00197706987,0.00018029463099999998,0.0050931150000000005,1.534432e-05,3.730417e-05,-0.0949795194,44.34915,0.040564710000000004,-0.001253078,-0.0022147547000000004,1.0249619e-05,6.33539e-05
73,1606995600,1.5961150000000002,1.596139,0.02073749,-1.3111909999999998,2.358034,1.125766,1.941209,1.7820919999999998,0.016956952000000004,0.6740165999999999,2.620297e-05,4.953528099999999e-06,5.4206220999999995e-06,6.828713500000001e-06,9.953224e-06,1.5172088e-05,2.2983191e-05,3.865812e-05,0.7569182999999999,0.040722209999999995,0.00030853149999999997,74.11937,55.17996000000001,5.301468e-05,6.370076,0.01935202,17.45515,0.0011000692,9.988853e-05,0.040306419999999996,66.72234999999999,0.0011000692,9.988853e-05,0.0065393560000000005,25.811847,0.0011000692,9.988853e-05,0.002970672,25.380291,0.0011000692,9.988853e-05,0.005174711,1.760599e-05,3.950253e-05,-0.018359847,37.28958300000001,0.038963929999999994,-0.0005486073,-0.001665762,9.478822e-06,5.465042e-05
73,1606996200,1.311488,1.3115100000000002,0.02158605,-1.3117329999999998,2.1770169999999998,1.0242564,1.772267,1.6183990000000001,0.010041178,0.5440284999999999,2.315793e-05,1.6575116e-06,2.0272364e-06,2.8729553000000003e-06,5.299001999999999e-06,9.449518999999999e-06,1.5418006000000004e-05,2.2216104e-05,0.6112985,0.044072889999999997,0.00031170320000000005,80.97545,56.82354,4.357984e-05,6.326690999999999,0.017465210000000002,14.363320000000002,0.0009169719199999999,8.3232562e-05,0.03619315,53.77928000000001,0.0009169719199999999,8.3232562e-05,0.0063198279999999996,21.222182999999998,0.0009169719199999999,8.3232562e-05,0.002686438,20.819900999999998,0.0009169719199999999,8.3232562e-05,0.0051705779999999995,1.7404019999999996e-05,3.9301289999999995e-05,0.08408884,36.955902,0.039868039999999993,-0.0005213609999999999,-0.0015504972000000001,9.209473e-06,5.4210680000000005e-05
73,1606996800,1.404096,1.404116,0.019905460000000003,-1.4157760000000004,2.175218,1.0760669999999997,1.7911670000000002,1.6356880000000005,0.011795984,0.5860704999999999,2.425209e-05,2.7591902e-06,3.0839517999999997e-06,4.2940277e-06,6.726089e-06,9.860116000000001e-06,1.6784483e-05,2.9606651999999998e-05,0.6585822,0.043082709999999996,0.0003070619,77.65496,56.22489,4.6646350000000004e-05,6.459179999999999,0.0182436,15.22542,0.00116603752,0.000105976693,0.037539329999999996,57.89685000000001,0.00116603752,0.000105976693,0.006301252,23.687869,0.00116603752,0.000105976693,0.002680157,23.400001,0.00116603752,0.000105976693,0.005058427,1.400374e-05,3.593904e-05,0.06903815100000002,44.8505,0.03882957,-0.0013273789999999998,-0.0022496803,9.627394e-06,5.709014e-05
73,1606997400,1.299453,1.299475,0.022280139999999997,-1.345683,2.1502040000000004,1.027803,1.7618040000000001,1.5960870000000003,0.01133431,0.5426675000000001,2.433252e-05,2.9319976000000002e-06,3.3326830000000005e-06,4.3262010000000004e-06,6.524178000000001e-06,1.0612886e-05,1.6872057e-05,2.6433090000000005e-05,0.601287,0.048063770000000006,0.0003009341,81.70289,57.44762000000001,4.316125e-05,6.382468,0.017462520000000002,14.29134,0.0019045155199999997,0.000173693026,0.03589604,52.90866000000001,0.0019045155199999997,0.000173693026,0.006596530000000001,34.39172599999999,0.0019045155199999997,0.000173693026,0.002944852,34.60807,0.0019045155199999997,0.000173693026,0.005148768000000001,1.601594e-05,3.8056630000000006e-05,0.10279137,38.070728,0.0381903,-0.0008169653999999998,-0.0018103245,8.855652999999999e-06,5.044710000000001e-05
73,1606998000,1.545536,1.54556,0.02205884,-1.31069,2.3291220000000004,1.1141590000000001,1.934158,1.7509270000000001,0.013331364000000002,0.6415382,2.3825279999999996e-05,2.2717134e-06,2.5678414e-06,3.5026376999999997e-06,5.736721e-06,9.169397e-06,1.6141166e-05,2.1471122000000002e-05,0.718815,0.05361783,0.0002712325,83.05324,57.03031,5.137096e-05,6.2231819999999995,0.018933460000000003,16.891669999999998,0.00158654386,0.000144500581,0.039191920000000005,63.193380000000005,0.00158654386,0.000144500581,0.006602028,31.896576,0.00158654386,0.000144500581,0.0030179160000000003,31.812981999999998,0.00158654386,0.000144500581,0.005191652,1.7554100000000002e-05,3.964701e-05,-0.00843496999999999,34.620513,0.0400771,-0.00035900000000000005,-0.0014872374,9.366292e-06,5.6279779999999995e-05
73,1606998600,1.559017,1.5590389999999998,0.02075514,-1.3349309999999999,2.319859,1.1202640000000001,1.912785,1.752766,0.013864911000000002,0.6517085,2.4669199999999998e-05,3.0434725000000004e-06,3.3565536e-06,4.5923061e-06,7.003928999999999e-06,1.0431014e-05,1.8236551e-05,3.2544314000000004e-05,0.7285344,0.05063092,0.0002608853,79.32072000000001,56.539139999999996,5.177926e-05,6.496106,0.01907809,16.88771,0.0020350572000000003,0.000185602703,0.039561479999999996,64.26506,0.0020350572000000003,0.000185602703,0.007035757000000001,40.855,0.0020350572000000003,0.000185602703,0.0034447730000000004,40.9334,0.0020350572000000003,0.000185602703,0.005054447,1.3588370000000001e-05,3.564354e-05,0.058119050000000005,41.813849999999995,0.03767845,-0.0012649660000000002,-0.0022477837,8.613250000000001e-06,4.947138e-05
73,1606999200,1.384704,1.3847279999999997,0.009312104,-1.293999,2.2064909999999998,1.049638,1.8152789999999996,1.6591630000000002,0.011870532,0.5781949,2.4368250000000005e-05,3.0193928000000004e-06,3.4434476999999993e-06,4.425032000000001e-06,6.9672439999999995e-06,1.1857897e-05,1.7615408000000003e-05,2.811544e-05,0.6454149,0.04658598,0.0002737396,78.88898,56.78013,4.599932e-05,6.571972,0.01790221,15.161829999999998,0.00140797313,0.000128151122,0.03716994999999999,56.69321,0.00140797313,0.000128151122,0.006397061,27.511474,0.00140797313,0.000128151122,0.002793144,27.381098,0.00140797313,0.000128151122,0.005142532,1.5922750000000003e-05,3.785070000000001e-05,-0.03850305499999998,37.093014000000004,0.0376555,-0.000712078,-0.0017989821999999998,8.775727e-06,5.286237e-05
73,1606999800,1.270844,1.2708670000000002,0.023634419999999996,-1.235857,2.182228,1.0020453999999999,1.7831799999999998,1.613674,0.011516902999999998,0.5335533,2.3836e-05,2.3553752999999997e-06,2.7678058e-06,3.8833971e-06,6.00864e-06,1.096912e-05,1.8250549e-05,2.7443395999999998e-05,0.5830749999999999,0.052009190000000004,0.0002638964,79.32264,58.2518,4.2196329999999997e-05,6.525031,0.017135240000000003,14.081479999999999,0.00198002058,0.00018066857960000003,0.03538103,51.43858,0.00198002058,0.00018066857960000003,0.006672602,37.447924,0.00198002058,0.00018066857960000003,0.0030295540000000003,37.569498499999995,0.00198002058,0.00018066857960000003,0.005162922,1.642438e-05,3.831981e-05,-0.060533729999999994,35.073034,0.0364805,-0.000490736,-0.0015438096000000001,8.107278e-06,4.774024999999999e-05
73,1607000400,1.3801109999999999,1.380135,0.014367896,-1.405306,2.1967410000000003,1.06803,1.7851290000000002,1.6176479999999998,0.010649928,0.5731959,2.422011e-05,2.9645651999999995e-06,3.3008145000000003e-06,4.5484209999999995e-06,6.908557000000001e-06,1.0445058000000001e-05,1.7404035999999996e-05,3.171381e-05,0.6372633,0.0525062,0.0002069565,78.09557000000001,57.69978000000001,4.583947e-05,6.561558000000001,0.01804185,14.91674,0.0021478144499999996,0.00019603686599999997,0.03691033,55.95354999999999,0.0021478144499999996,0.00019603686599999997,0.006777256,39.20087,0.0021478144499999996,0.00019603686599999997,0.003160648,39.492048,0.0021478144499999996,0.00019603686599999997,0.005024994,1.325326e-05,3.5012880000000003e-05,0.13156775599999998,45.31947,0.03981821,-0.001344742,-0.0022896487,8.675626e-06,5.537790000000001e-05
73,1607001000,1.1708140000000002,1.1708349999999998,0.020012389999999998,-1.388061,2.0681889999999994,0.9870616,1.6698530000000003,1.491233,0.009412711,0.48679870000000003,2.4116619999999997e-05,2.6174569e-06,2.9855048999999996e-06,3.951106e-06,6.3042880000000004e-06,1.087678e-05,1.692859e-05,2.7742227e-05,0.5243239,0.060785219999999994,0.0002239295,82.08778999999998,60.445460000000004,3.8855409999999995e-05,6.511050999999999,0.016654469999999998,12.92517,0.00159492089,0.000145303109,0.0335511,46.254360000000005,0.00159492089,0.000145303109,0.006698440000000002,32.615038,0.00159492089,0.000145303109,0.003008568,32.516618,0.00159492089,0.000145303109,0.005124892,1.517569e-05,3.704228e-05,-0.17074088,42.480102,0.03865299,-0.0009745160000000001,-0.0019364569999999997,8.186772000000001e-06,4.738458e-05
73,1607001600,1.089997,1.0900180000000002,0.030755249999999994,-1.167269,2.049212,0.9274100000000001,1.703827,1.505599,0.009613446,0.4535793999999999,2.251607e-05,1.3642419999999999e-06,1.7530052000000002e-06,2.5784402e-06,4.473319e-06,9.390341e-06,1.384336e-05,1.8802538e-05,0.4759418999999999,0.06875057,0.00025311859999999997,85.98523,62.68354999999999,3.6197e-05,6.393358,0.01560287,12.05093,0.00227892018,0.000208028171,0.03191067,41.85041,0.00227892018,0.000208028171,0.006958768999999999,42.861893,0.00227892018,0.000208028171,0.003268641,43.160357000000005,0.00227892018,0.000208028171,0.005189636,1.782218e-05,3.948036e-05,0.0015638199999999935,38.675237,0.04118453,-0.0001849480000000001,-0.0014586411000000001,9.694168000000002e-06,6.289676999999999e-05
73,1607002200,0.9966765000000001,0.9966984999999999,0.026932519999999998,-1.157689,1.961123,0.8865877999999998,1.632688,1.4370059999999998,0.011432213,0.41820700000000005,2.390807e-05,2.5147821e-06,2.8931091e-06,3.795967e-06,5.714806e-06,8.021229999999999e-06,1.3180566999999999e-05,2.1706538e-05,0.43395410000000006,0.06414932000000001,0.00017476310000000001,82.71803000000001,62.97283,3.309789e-05,6.480118,0.01472874,10.765612999999998,0.00083293491,7.5591938e-05,0.03037683,37.92958,0.00083293491,7.5591938e-05,0.0060695110000000005,18.250397,0.00083293491,7.5591938e-05,0.0023295079999999997,17.898994,0.00083293491,7.5591938e-05,0.004955069000000001,1.1373552999999999e-05,3.2989460000000004e-05,-0.23286742,61.190099999999994,0.03816266,-0.0017150490000000002,-0.0025736094000000003,8.510897e-06,5.490567e-05
73,1607002800,0.8786950000000001,0.8787167,0.02750571,-0.9567114999999999,1.9483720000000002,0.8077833,1.5810849999999999,1.38818,0.009605450000000001,0.37466340000000004,2.387415e-05,2.8489715999999996e-06,3.0709612999999997e-06,4.006726999999999e-06,6.138130000000001e-06,2.4784649999999997e-05,1.5663058e-05,2.16234e-05,0.37302270000000004,0.06596666000000001,0.0002778921,82.70102,65.09432999999999,2.915217e-05,6.741819000000001,0.014366890000000002,10.499644,0.0013045529299999998,0.000118764954,0.0282401,32.88179,0.0013045529299999998,0.000118764954,0.006529148,26.773055,0.0013045529299999998,0.000118764954,0.002850091,26.673131,0.0013045529299999998,0.000118764954,0.005884277,3.372538999999999e-05,5.5543979999999994e-05,-0.04009423599999999,4.336623000000001,0.039489449999999995,0.003597509,0.0022543479999999998,8.568748e-06,6.32862e-05
73,1607003400,0.9457823999999999,0.9458036000000002,0.03364149,-1.0931255,1.931833,0.8445738,1.580185,1.42808,0.010320820000000001,0.39843459999999997,2.228146e-05,1.3514918e-06,1.4900675e-06,2.425377e-06,5.237980999999999e-06,2.449943e-05,1.1252770999999999e-05,2.011099e-05,0.4295152000000001,0.04296921,0.00033940369999999997,81.29855,59.1178,3.138931e-05,6.754757,0.01502835,11.15049,0.00155844386,0.00014198321799999998,0.030288100000000002,37.65856,0.00155844386,0.00014198321799999998,0.006639969000000001,29.605423000000002,0.00155844386,0.00014198321799999998,0.003018858,29.619960999999996,0.00155844386,0.00014198321799999998,0.006147921999999999,3.847094e-05,6.009115e-05,-0.00013598999999999694,3.1069866999999998,0.039739279999999995,0.004185068,0.002932697,8.454785999999999e-06,6.862441e-05
73,1607004000,0.9169123000000001,0.9169340000000001,0.0384285,-1.054699,1.908098,0.8301666000000001,1.5786470000000004,1.410118,0.011431218,0.38912599999999997,2.2831740000000003e-05,1.7890592e-06,1.8194752999999995e-06,2.5908643999999997e-06,5.329445e-06,2.3181410000000002e-05,8.664058999999998e-06,1.5377448000000004e-05,0.4104985,0.047588790000000006,0.0003085241,84.73027,60.532680000000006,3.045809e-05,6.684475000000001,0.01470071,10.697325000000001,0.0016774688,0.00015289713,0.02959155,35.97802,0.0016774688,0.00015289713,0.006593654,30.405303999999994,0.0016774688,0.00015289713,0.002946794,30.624567000000003,0.0016774688,0.00015289713,0.006103313000000001,3.6103649999999994e-05,5.766244e-05,0.013120359000000003,2.24470566,0.03946021,0.004223449999999999,0.002956862,7.113368999999999e-06,6.291638999999999e-05
73,1607004600,1.0554873,1.0555109999999999,0.024736249999999998,-1.0388758,1.993336,0.8759705,1.673039,1.5121600000000002,0.015019622,0.45478690000000005,2.323834e-05,1.9748021999999996e-06,2.0647364999999997e-06,2.8623386e-06,5.913324e-06,2.3978069999999998e-05,9.902857e-06,1.8351662000000002e-05,0.4867668,0.04064325,0.0002674099,81.30801,57.96801000000001,3.506e-05,6.754346000000001,0.015678179999999996,12.00065,0.00160830704,0.000146545926,0.03205888999999999,42.3771,0.00160830704,0.000146545926,0.006817551,32.401231,0.00160830704,0.000146545926,0.0031850740000000004,32.32013,0.00160830704,0.000146545926,0.006165207000000001,3.655068e-05,5.830341e-05,0.022699065999999997,0.8322209999999999,0.03567748,0.004325429,0.0030959390000000002,5.709938999999999e-06,5.554675999999999e-05
73,1607005200,0.9895023000000001,0.9895230999999999,0.027697530000000005,-0.8415744999999999,1.9204709999999998,0.8144279000000001,1.674577,1.498695,0.014687200000000001,0.4217073,2.290177e-05,1.6084996999999997e-06,1.5989904000000002e-06,2.4193041e-06,5.30414e-06,2.3420789999999997e-05,7.822637e-06,1.4684085e-05,0.44823530000000006,0.04620057,0.00025685349999999993,83.3339,59.83846,3.287540000000001e-05,6.659498999999999,0.01510466,11.180128999999999,0.00110113785,0.000100112649,0.0306074,38.79756,0.00110113785,0.000100112649,0.006298415,21.956777000000002,0.00110113785,0.000100112649,0.0026542700000000002,21.714409,0.00110113785,0.000100112649,0.0061906389999999995,3.6771429999999994e-05,5.857543e-05,0.0008153812,0.19219175000000005,0.03269377699999999,0.004342405,0.00317507,4.675426e-06,5.170281e-05
73,1607005800,0.8823586999999999,0.8823812,0.027771220000000003,-1.027248,1.7634180000000002,0.8088149000000001,1.545721,1.3824429999999999,0.010124226,0.37416130000000003,2.321905e-05,1.743242e-06,1.8127765000000001e-06,2.4328993e-06,5.751953e-06,2.259907e-05,6.410598e-06,1.1769121e-05,0.39490549999999996,0.04598865,0.00023134830000000003,85.08825,60.78956000000001,2.9316900000000004e-05,6.624615,0.01431374,10.059138,0.00121183972,0.0001102713692,0.02884224,34.27383,0.00121183972,0.0001102713692,0.006481961999999999,24.940687999999998,0.00121183972,0.0001102713692,0.002760326,24.707581999999995,0.00121183972,0.0001102713692,0.006252916,3.717955e-05,5.895567e-05,0.005429344000000001,-0.5965758,0.025103575,0.004444412,0.0033367890000000006,3.4118419999999996e-06,4.613459e-05
73,1607006400,0.8108280000000001,0.8108495999999998,0.024734590000000004,-1.0716452,1.6878510000000002,0.7835544,1.472669,1.313516,0.009571857,0.3408063,2.2800549999999996e-05,1.5285842999999999e-06,1.6355213e-06,2.1696714e-06,3.927808e-06,8.603247e-06,7.124457e-06,1.4827126999999998e-05,0.3556493,0.04956404,0.00015941851,82.56565,62.77109,2.6920140000000003e-05,6.629018,0.01314007,8.736799000000001,0.0016057776999999999,0.00014633575000000003,0.02743044,31.095090000000006,0.0016057776999999999,0.00014633575000000003,0.006561427,28.668743999999997,0.0016057776999999999,0.00014633575000000003,0.002748879,28.777058,0.0016057776999999999,0.00014633575000000003,0.0050803870000000004,1.1156703e-05,3.27103e-05,-0.008734437000000003,48.164331,0.0202268204,-0.00064616,-0.001393974,2.7343758000000003e-06,2.8893329999999995e-05
73,1607007000,0.8342065999999999,0.8342278999999999,0.002013918,-1.3197749999999997,1.531321,0.8252294000000001,1.41398,1.265663,0.009047801,0.3468663,2.263034e-05,1.6568028999999997e-06,1.6376796999999996e-06,2.0399733e-06,3.3526127000000006e-06,9.4807601e-06,6.306797800000001e-06,1.2305547e-05,0.36889209999999995,0.04798873,0.0001840357,82.35578000000001,61.705999999999996,2.7707080000000003e-05,6.471226999999999,0.01370964,8.975107,0.0008257425,7.492962809999999e-05,0.028013350000000003,32.269670000000005,0.0008257425,7.492962809999999e-05,0.0060238819999999995,17.470287,0.0008257425,7.492962809999999e-05,0.0022574120000000003,17.0570411,0.0008257425,7.492962809999999e-05,0.005006943,1.068423e-05,3.203289e-05,1.3839728880000002,55.412666,0.016405953000000004,-0.00022975000000000008,-0.0010728670000000001,2.4577471999999995e-06,2.518454e-05
73,1607007600,0.7443827,0.7444041,-0.007949591,-0.9018074,1.5547959999999998,0.7345699000000001,1.442106,1.2788639999999998,0.008805042,0.3114935,2.32112e-05,1.9870260999999996e-06,2.1281613e-06,2.6138019e-06,3.7073600000000004e-06,6.166094e-06,8.060623e-06,1.6064803999999997e-05,0.313154,0.058821309999999995,0.0001726965,86.89717,65.87228999999999,2.4690269999999998e-05,6.767869999999999,0.012279149999999999,7.909111999999999,0.00189158881,0.0001726248402,0.025902059999999998,27.54144,0.00189158881,0.0001726248402,0.006570052,33.800887,0.00189158881,0.0001726248402,0.0027214670000000004,34.043366000000006,0.00189158881,0.0001726248402,0.0047185379999999996,3.5456779999999996e-06,2.5002460000000004e-05,0.11454029000000002,8.205594600000001,0.00758804285,-0.002084526,-0.0027459650000000004,1.1658671e-06,1.3878090000000001e-05
73,1607008200,0.5812657000000001,0.5812876,-0.02763197,-0.5636464,1.4416939999999998,0.601723,1.331627,1.157546,0.008728907000000001,0.2474078,2.2496040000000002e-05,8.541463e-07,8.4063155e-07,1.0621808e-06,1.8786215000000002e-06,5.8805469e-06,3.167403e-06,6.0693029999999995e-06,0.23298899999999997,0.057435440000000004,0.00018688359999999998,92.39313999999999,70.19030000000001,1.930016e-05,6.4460560000000005,0.011008746,6.354280000000001,0.00072137241,6.54235216e-05,0.02226732,20.556910000000002,0.00072137241,6.54235216e-05,0.005698257,13.792211599999998,0.00072137241,6.54235216e-05,0.0017309453,13.437561630000001,0.00072137241,6.54235216e-05,0.004940763000000001,7.7543703e-06,2.9532750000000003e-05,0.027155959,0.9102596999999999,0.0035255929,-0.0011515009999999999,-0.0018882876,1.6063035000000002e-06,1.5529929999999997e-05
73,1607008800,0.48047130000000005,0.48049320000000006,-0.045064759999999995,-0.34312,1.3546909999999999,0.5062378,1.2451130000000004,1.075045,0.006741387,0.2066509,2.2361680000000002e-05,7.597547e-07,7.5102824e-07,9.584472e-07,1.9859634000000003e-06,1.02958149e-05,3.659909699999999e-06,5.802638e-06,0.1852125,0.054768460000000005,0.0002295119,94.82057999999999,72.93611999999999,1.5940860000000002e-05,6.6073450000000005,0.010637391999999999,5.507963999999999,0.0008117567600000001,7.372004270000001e-05,0.01989316,16.25061,0.0008117567600000001,7.372004270000001e-05,0.005849864,15.3067429,0.0008117567600000001,7.372004270000001e-05,0.0018784620999999998,15.0409428,0.0008117567600000001,7.372004270000001e-05,0.005190413,1.43432958e-05,3.6131169999999995e-05,-0.007877981000000003,4.3815376,0.0097043248,0.000581102,-0.00046219599999999995,2.2259061000000003e-06,2.108799e-05
73,1607009400,0.4608689999999999,0.4608905,-0.04450061,-0.35446560000000005,1.320754,0.4985709,1.218298,1.052959,0.005571779,0.19594389999999998,2.2469080000000003e-05,9.6426871e-07,1.00413936e-06,1.2054055299999999e-06,1.6630367999999999e-06,3.2870295000000003e-06,3.5769679999999998e-06,6.2070649999999995e-06,0.17718240000000002,0.053046130000000004,0.0001871227,92.70645999999999,73.17976999999999,1.530199e-05,6.531522,0.009873433000000001,4.8600639999999995,0.00076345725,6.9216433e-05,0.0194062,15.45307,0.00076345725,6.9216433e-05,0.005875955,14.424815,0.00076345725,6.9216433e-05,0.0018499813000000004,14.108552499999998,0.00076345725,6.9216433e-05,0.004723147999999999,2.9463908000000004e-06,2.458363e-05,0.072345333,3.7032719999999997,0.0050875901,-0.0025121820000000004,-0.003046524,1.1668115e-06,1.4948369999999997e-05
73,1607010000,0.4501119,0.45013370000000014,0.006937149999999999,-0.31640309999999994,1.341641,0.4897467000000001,1.213987,1.0442569,0.008819054000000002,0.1984538,2.1879390000000002e-05,4.4349146e-07,4.0523527000000004e-07,5.2623123e-07,1.0056119e-06,5.249605099999999e-06,1.7917732000000001e-06,3.1474915999999995e-06,0.1703684,0.0545163,0.00015776753,97.60355,75.26259,1.4952409999999998e-05,6.2036359999999995,0.010187328999999998,4.953312,0.0006730941699999999,6.0953899599999986e-05,0.01890998,14.932849000000001,0.0006730941699999999,6.0953899599999986e-05,0.005811576000000001,13.001769,0.0006730941699999999,6.0953899599999986e-05,0.0017742294,12.591931999999998,0.0006730941699999999,6.0953899599999986e-05,0.004916105999999999,7.4973256e-06,2.9097029999999998e-05,0.05016606199999999,20.107484300000003,0.006293558799999999,-0.001236776,-0.0019362480000000002,1.6742392000000003e-06,1.6608139999999997e-05
73,1607010600,0.32154689999999997,0.32156840000000003,0.0256514,-0.3240164,1.1686480000000001,0.4274991,1.0426829999999998,0.8834144,0.005274396999999999,0.14134870000000002,2.1944669999999998e-05,5.6884711e-07,6.0806696e-07,7.8846437e-07,1.5483006000000001e-06,6.461340100000001e-06,2.6389182e-06,3.9936247999999995e-06,0.10514165,0.05549539,0.00011886518999999998,97.71302,84.82266999999999,1.0668583e-05,6.722055,0.008873525,3.632473,0.0008563116000000001,7.7746681e-05,0.01492647,9.162587000000002,0.0008563116000000001,7.7746681e-05,0.00597985,16.475935999999997,0.0008563116000000001,7.7746681e-05,0.0019197761,16.216988000000004,0.0008563116000000001,7.7746681e-05,0.004962961,9.2922798e-06,3.0738089999999996e-05,0.007184017999999998,3.3272731,0.007608467699999999,-0.0007419170000000001,-0.0014641378,2.1182754000000002e-06,2.0944890000000003e-05
73,1607011200,0.31735189999999996,0.3173731999999999,0.029477490000000002,-0.2637835,1.148285,0.4211043,1.0438459999999998,0.8821396,0.005599026,0.1366853,2.170778e-05,4.0281224999999995e-07,4.5348589999999997e-07,5.3501168e-07,8.535309e-07,2.02550214e-06,2.1823503e-06,3.5197651e-06,0.10546022,0.05312734,7.805599e-05,98.76619000000001,83.74215000000001,1.0535668e-05,6.4335700000000005,0.008568773,3.4232889999999996,0.0010673535,9.704196e-05,0.015031679999999997,9.309028000000001,0.0010673535,9.704196e-05,0.006214015,19.524279999999997,0.0010673535,9.704196e-05,0.0021038920000000004,19.418224000000002,0.0010673535,9.704196e-05,0.004689047,2.5492028e-06,2.3943950000000003e-05,-0.0018359269999999994,1.8797139999999994,0.0041849541,-0.0027345810000000003,-0.0031774410000000005,1.1845872e-06,1.5181140000000002e-05
73,1607011800,0.34692409999999996,0.3469455,0.026480349999999996,-0.2391949,1.191075,0.43808749999999996,1.095669,0.9292784999999999,0.005232611,0.147063,2.183888e-05,7.203943699999999e-07,7.2264176e-07,8.321742799999999e-07,1.2603226e-06,5.438342730000001e-06,2.6674457e-06,4.0264186e-06,0.1181902,0.05516215,9.265317e-05,97.62001000000001,81.94501,1.1517770000000001e-05,6.444396,0.009126213000000001,3.9088689999999993,0.00032548791,2.91619573e-05,0.01594873,10.458323,0.00032548791,2.91619573e-05,0.005346760000000001,6.9280456,0.00032548791,2.91619573e-05,0.0012814475,6.4146513,0.00032548791,2.91619573e-05,0.00481291,6.2250345e-06,2.748589e-05,-0.0026252750000000024,1.4093923000000002,0.0035971165999999994,-0.0015011300000000003,-0.0021558448,1.5210076000000002e-06,1.4507849999999999e-05
73,1607012400,0.3634345,0.36345600000000006,0.02175775,-0.2608205,1.2221259999999998,0.4476475,1.116147,0.9437161999999999,0.005945785,0.1604432,2.195201e-05,7.0445791e-07,7.332941e-07,8.042773999999999e-07,1.3684257999999999e-06,5.5506276e-06,3.1973066999999996e-06,4.098039e-06,0.12644640000000001,0.05515189,0.00010076804999999998,97.86217,80.63334,1.206194e-05,6.677182999999999,0.009344948,4.097465000000001,0.0008221810500000001,7.4568532e-05,0.01647355,11.192805,0.0008221810500000001,7.4568532e-05,0.005900272000000001,14.575194999999999,0.0008221810500000001,7.4568532e-05,0.001846022,14.387364999999999,0.0008221810500000001,7.4568532e-05,0.004846035,6.934604899999999e-06,2.8337860000000002e-05,0.0008255929999999981,2.5099533000000003,0.006118614400000001,-0.001481797,-0.0020788499999999997,1.287641e-06,1.4817619999999998e-05
73,1607013000,0.3485007,0.3485222,0.026380210000000005,-0.24214559999999996,1.210088,0.4365772,1.094882,0.9259787000000002,0.0065084669999999996,0.1505959,2.206034e-05,7.066382e-07,7.677552e-07,8.757977000000001e-07,1.2228861000000002e-06,2.5279585e-06,2.953328e-06,4.527191e-06,0.12012569000000002,0.05403293,7.716982e-05,95.5601,81.42134999999999,1.156744e-05,6.5050870000000005,0.008938101,3.757235,0.00108339344,9.852961600000001e-05,0.01602247,10.616299999999999,0.00108339344,9.852961600000001e-05,0.006098238,19.801961000000002,0.00108339344,9.852961600000001e-05,0.0019979193,19.6551152,0.00108339344,9.852961600000001e-05,0.004689284,2.5702154e-06,2.397674e-05,0.084055345,19.5472785,0.0043037179,-0.002703109,-0.0031622609999999995,1.0932775999999998e-06,1.426881e-05
73,1607013600,0.41655299999999995,0.4165744,0.02299228,-0.3353428,1.313628,0.48346429999999996,1.182148,1.0119694,0.006845169000000001,0.18101319999999999,2.1849e-05,8.161789000000002e-07,7.798971e-07,9.821231e-07,2.5501679999999997e-06,1.9443749999999998e-05,3.521162e-06,4.0687417e-06,0.1496298,0.05843556,0.00017812849999999998,96.71676,78.23889999999999,1.382431e-05,6.7542670000000005,0.010697439999999999,5.306364,0.00079928759,7.253090259999999e-05,0.017897970000000003,13.175310000000001,0.00079928759,7.253090259999999e-05,0.005819578,14.380255000000002,0.00079928759,7.253090259999999e-05,0.00193002,14.1207596,0.00079928759,7.253090259999999e-05,0.00580693,2.9306299999999998e-05,5.0705469999999995e-05,-0.0044830810999999995,-1.1118625000000002,0.009456613999999999,0.003630672,0.002587453,2.128863e-06,2.5957580000000002e-05
73,1607014200,0.4045202,0.40454160000000006,0.01873649,-0.492192,1.262401,0.49906680000000003,1.146185,0.9762674,0.005567526,0.17296899999999998,2.194289e-05,6.052915e-07,6.482452e-07,1.1379692e-06,3.857542e-06,2.014253e-05,2.6996337e-06,4.847041400000001e-06,0.1451718,0.0568688,0.00018451779999999998,95.03222000000001,78.32885999999999,1.34104e-05,6.728254,0.010765260000000002,5.280304,0.00056799181,5.1307196999999994e-05,0.01765311,12.818700000000002,0.00056799181,5.1307196999999994e-05,0.005715682000000001,11.1569727,0.00056799181,5.1307196999999994e-05,0.0017815605999999997,10.7677497,0.00056799181,5.1307196999999994e-05,0.006200693,3.5982389999999996e-05,5.7411859999999995e-05,0.002743633,-1.250362,0.010254027999999998,0.004272008,0.003338735,1.8731390000000001e-06,2.855413e-05
73,1607014800,0.42995769999999994,0.4299794,0.017275099999999998,-0.626377,1.269302,0.5327275,1.162534,0.9910807,0.005839988,0.18189280000000002,2.22356e-05,8.484692000000002e-07,8.984030999999999e-07,1.4581232e-06,5.486168e-06,1.8229769999999997e-05,2.9785748000000002e-06,5.104648999999999e-06,0.15916550000000002,0.0556075,0.0001700736,89.97583,76.48897,1.4277270000000001e-05,6.624179,0.01108935,5.495810999999999,0.0006233940800000001,5.6373610000000006e-05,0.018325559999999998,13.88654,0.0006233940800000001,5.6373610000000006e-05,0.005808236999999999,13.444987000000001,0.0006233940800000001,5.6373610000000006e-05,0.0018558493000000002,13.0582805,0.0006233940800000001,5.6373610000000006e-05,0.006250375,3.662032000000001e-05,5.811403000000001e-05,-0.0012153854,-1.2193224999999999,0.010127078000000001,0.004326076,0.003382094,2.2684870000000002e-06,2.8729500000000003e-05
73,1607015400,0.4257702,0.4257918,0.01736,-0.5794208,1.2920269999999998,0.5210440999999999,1.155786,0.9858316,0.009900032999999999,0.1945773,2.210483e-05,7.238456e-07,7.839969e-07,1.3256698e-06,5.566325e-06,1.718197e-05,2.6469707000000003e-06,4.8149632e-06,0.15762171,0.05505065,0.00017866559999999999,97.21068,77.05521,1.4122817e-05,6.82684,0.010999824,5.462047,0.0009251592999999999,8.40894026e-05,0.01821545,13.902849000000003,0.0009251592999999999,8.40894026e-05,0.0058547370000000005,16.6921504,0.0009251592999999999,8.40894026e-05,0.0018997910999999999,16.5440312,0.0009251592999999999,8.40894026e-05,0.006215761,3.60414e-05,5.75181e-05,-0.005943391,-0.9892580000000001,0.014316506999999997,0.004250307,0.003291729,2.3443759999999997e-06,3.1951640000000004e-05
73,1607016000,0.29130770000000006,0.29132910000000006,0.02236376,-0.6247375,1.071332,0.4328728,0.9620167000000001,0.8058246,0.0044738090000000005,0.12347709999999998,2.184563e-05,5.357196000000001e-07,6.307849e-07,1.1933721e-06,5.735725e-06,1.7075020000000003e-05,1.9969366999999996e-06,3.1701587e-06,0.09091636,0.05453771,0.0001686952,98.08861999999999,87.66046999999999,9.667219e-06,6.875815,0.009468294999999998,4.094543,0.00073080717,6.6224006e-05,0.01392834,7.979569,0.00073080717,6.6224006e-05,0.005921582,14.023781,0.00073080717,6.6224006e-05,0.001909594,13.673561999999999,0.00073080717,6.6224006e-05,0.006289783,3.754308e-05,5.894805e-05,-0.0010236857,-1.285536,0.01013416,0.004330289,0.003436829,1.7654989999999998e-06,2.842834e-05
73,1607016600,0.3194587,0.3194801,0.02164226,-0.6409096999999999,1.1374100000000003,0.4548324,0.9959553,0.8408507000000001,0.006725812,0.1421739,2.187804e-05,6.63056e-07,7.896945999999999e-07,1.4345778000000004e-06,6.9183360000000005e-06,1.7097009999999996e-05,2.7632209999999996e-06,5.0253246e-06,0.10433820999999999,0.05517369,0.0001816842,93.33352999999998,84.89320000000001,1.0582271999999999e-05,6.838479000000001,0.009896737000000001,4.461041000000001,0.00100134344,9.1004427e-05,0.01496656,9.249139000000001,0.00100134344,9.1004427e-05,0.006036399,18.219215000000002,0.00100134344,9.1004427e-05,0.002029254,18.075467,0.00100134344,9.1004427e-05,0.006345516,3.8537879999999994e-05,5.985513e-05,0.0024921837999999997,-1.2827680000000004,0.010894013,0.004456483999999999,0.0035417919999999998,1.898499e-06,2.9796669999999997e-05
73,1607017200,0.31491,0.3149315,0.022915569999999996,-0.553393,1.1110459999999998,0.4477963,1.0115563,0.8470384000000001,0.004791802,0.13586789999999999,2.2049990000000003e-05,5.7667235e-07,6.277470499999999e-07,8.733883700000001e-07,2.28737516e-06,5.84080766e-06,2.0695221e-06,4.031762199999999e-06,0.1052441,0.05210075000000001,9.327572e-05,97.60866,83.35448,1.0449655000000001e-05,6.455315999999999,0.009099678,3.60636,0.0009259780299999999,8.4110191e-05,0.014980450000000001,9.242192,0.0009259780299999999,8.4110191e-05,0.0059863170000000005,16.690020999999998,0.0009259780299999999,8.4110191e-05,0.001881365,16.471279000000003,0.0009259780299999999,8.4110191e-05,0.005092109,1.08712363e-05,3.2327749999999996e-05,0.007436498,0.8802875,0.0030334245999999996,-0.001016188,-0.001558087,1.6411027000000003e-06,1.6771280000000002e-05
73,1607017800,0.29324089999999997,0.2932624,0.02246563,-0.6620759,1.0675065,0.43808870000000005,0.9613795999999999,0.8030497000000001,0.005300044,0.1264726,2.175009e-05,3.9334712000000005e-07,3.6901577e-07,5.370695299999999e-07,1.14500304e-06,7.1020795600000005e-06,1.72628608e-06,2.7819479e-06,0.09400192,0.052498829999999996,0.00010499994999999997,100.61580000000001,85.99654999999998,9.730342e-06,6.346071,0.008875274,3.4215910000000003,0.00051541096,4.6457198e-05,0.01418664,8.27682,0.00051541096,4.6457198e-05,0.005746919,10.548088,0.00051541096,4.6457198e-05,0.0016541779999999999,10.114678,0.00051541096,4.6457198e-05,0.005042586999999999,1.07246354e-05,3.225604e-05,-0.005000164,0.35107809999999995,0.00493594623,-0.0006787050000000002,-0.0012953149999999998,1.7671528e-06,1.7122670000000003e-05
73,1607018400,0.31414640000000005,0.314168,0.02187245,-0.5494695999999999,1.11487,0.447738,1.0088569,0.8477134,0.005787443,0.13808360000000003,2.2072629999999998e-05,4.3035942e-07,4.289596699999999e-07,5.2884348e-07,7.736259e-07,2.30148947e-06,1.6208371999999998e-06,2.8993914e-06,0.10565263,0.05133972,7.117127999999999e-05,100.18858,82.90553,1.0431772e-05,6.014169,0.008908461000000001,3.3787570000000002,0.0003785378,3.394966e-05,0.015025729999999998,9.290027,0.0003785378,3.394966e-05,0.005585197,8.855903,0.0003785378,3.394966e-05,0.001420345,8.37012,0.0003785378,3.394966e-05,0.004729183,2.7530963e-06,2.44449e-05,0.0743990485,24.0575301,0.0063118474999999995,-0.0027343829999999995,-0.003176239,1.1490686e-06,1.509592e-05
73,1607019000,0.3363384,0.33636039999999995,0.01418738,-1.174941,1.0632715000000001,0.5121031,0.9370787,0.7899992,0.005884540000000001,0.146677,2.240052e-05,5.324113500000001e-07,5.149268e-07,6.520728999999999e-07,1.1711043e-06,6.2613211999999995e-06,1.9350272e-06,3.3880076e-06,0.11697591,0.051082539999999996,9.560624000000001e-05,99.61729,80.57054000000001,1.1166136e-05,6.5574699999999995,0.009545379000000001,3.798101999999999,0.00074884256,6.7841089e-05,0.01579232,10.272302999999999,0.00074884256,6.7841089e-05,0.005808985,13.580034999999999,0.00074884256,6.7841089e-05,0.001678536,13.311094999999998,0.00074884256,6.7841089e-05,0.005002974,8.7143984e-06,3.066611e-05,0.07607206400000002,7.0729272000000005,0.005450107419999999,-0.001314497,-0.0018667039999999998,1.3544011e-06,1.602071e-05
73,1607019600,0.3536438,0.3536654,0.01732658,-0.8964817000000002,1.1256730000000001,0.5064336,1.0175560000000001,0.8520260000000001,0.005463971,0.15077480000000001,2.241206e-05,8.373631e-07,8.467196799999999e-07,9.8289912e-07,1.6453558e-06,7.8786446e-06,2.9844679e-06,4.352412900000001e-06,0.1250896,0.05160893999999999,0.00010273529999999999,93.97321999999998,79.39093,1.1742913e-05,6.50458,0.009824209,4.089418,0.00081853863,7.42716063e-05,0.016388730000000004,11.062135999999999,0.00081853863,7.42716063e-05,0.005856884,14.965564,0.00081853863,7.42716063e-05,0.0017707609999999998,14.6845471,0.00081853863,7.42716063e-05,0.005038142,1.0431964399999999e-05,3.226898e-05,-0.014032241999999997,0.41709969999999996,0.0061391843,-0.0007575870000000002,-0.001385235,1.749502e-06,2.015858e-05
73,1607020200,0.33546360000000003,0.3354857,0.02339239,-0.47948179999999996,1.147122,0.4541525,1.0490190000000001,0.8878020999999998,0.005305397,0.14272020000000002,2.2260399999999998e-05,4.7382418000000007e-07,4.6990349e-07,5.6256121e-07,8.007999000000001e-07,2.40684254e-06,1.6666232000000002e-06,2.7951207999999998e-06,0.1169796,0.050671390000000004,7.123207999999999e-05,100.19385000000001,80.42969,1.1148083e-05,6.262657,0.009125903000000001,3.6015170000000003,0.00054651928,4.9343907999999995e-05,0.01578409,10.23958,0.00054651928,4.9343907999999995e-05,0.005744427000000001,10.905359,0.00054651928,4.9343907999999995e-05,0.0016022007,10.4546392,0.00054651928,4.9343907999999995e-05,0.004743485,2.8499686e-06,2.4682920000000002e-05,0.023747423000000004,5.490779900000001,0.005041312,-0.002698518,-0.0031502229999999997,1.082684e-06,1.4788789999999999e-05
73,1607020800,0.3559626,0.3559843,0.025070910000000002,-0.4236777,1.1913369999999996,0.4588156,1.08142,0.9245908,0.0054199650000000005,0.1532292,2.244791e-05,7.23192e-07,7.155709999999999e-07,8.586003000000001e-07,1.6574975999999998e-06,8.2059535e-06,2.903485e-06,4.754962299999999e-06,0.1255075,0.052341769999999996,0.00011092869999999999,93.64506000000002,79.62732,1.1810219999999999e-05,6.552891000000001,0.009547443,4.078894,0.0008112286099999999,7.3551902e-05,0.01641609,11.093354,0.0008112286099999999,7.3551902e-05,0.0059696869999999996,15.113641999999999,0.0008112286099999999,7.3551902e-05,0.0018718282,14.804314300000001,0.0008112286099999999,7.3551902e-05,0.005075560000000001,1.09140622e-05,3.281784e-05,-0.016455655000000003,0.40731599999999996,0.0030930804,-0.0006807439999999998,-0.001330373,1.5112862e-06,1.69417e-05
73,1607021400,0.3279003,0.3279222,0.02749133,-0.4477805999999999,1.157473,0.44492069999999995,1.0427965000000001,0.8800018,0.005646077000000001,0.14244419999999997,2.2172600000000002e-05,5.918333099999999e-07,5.696813499999999e-07,6.8796724e-07,1.3197953e-06,7.324359399999999e-06,2.4732944e-06,3.339355e-06,0.11157502999999999,0.05225099,0.00010723387,95.38967,82.05997,1.0890094e-05,6.519709000000001,0.009198847999999999,3.7580280000000004,0.0006545342999999999,5.9196482000000006e-05,0.01542106,9.781245000000002,0.0006545342999999999,5.9196482000000006e-05,0.005760006,11.877313000000001,0.0006545342999999999,5.9196482000000006e-05,0.001675561,11.552635999999998,0.0006545342999999999,5.9196482000000006e-05,0.005018072,1.01605981e-05,3.193857999999999e-05,0.021619104999999996,12.996420599999999,0.0089111576,-0.000807885,-0.0014516530000000002,1.5391583e-06,1.757941e-05
73,1607022000,0.3421749,0.3421968,0.02484756,-0.4074606,1.172552,0.4496955000000001,1.070058,0.9052026,0.005398209,0.14921939999999997,2.231227e-05,5.1866326e-07,5.339795000000001e-07,6.519961999999999e-07,9.683906000000001e-07,2.3948139000000004e-06,2.0630479e-06,3.8438285e-06,0.12054830000000001,0.05045211000000001,7.555225e-05,96.13994000000001,79.69672,1.136103e-05,6.452159,0.009125267999999999,3.651023,0.0008654401199999998,7.858017169999999e-05,0.01603269,10.573288000000002,0.0008654401199999998,7.858017169999999e-05,0.005992068000000001,16.007258,0.0008654401199999998,7.858017169999999e-05,0.0018423069,15.7484801,0.0008654401199999998,7.858017169999999e-05,0.0047412109999999995,2.5612127e-06,2.4451539999999997e-05,0.034905135,2.747342,0.0051345008,-0.002725632,-0.003204846,1.0934029999999999e-06,1.334672e-05
73,1607022600,0.3985051,0.39852689999999996,0.023341809999999998,-0.5904472,1.243162,0.5070425999999999,1.1194829999999998,0.9626922,0.005342749,0.1693609,2.249438e-05,7.923988999999998e-07,8.164576000000001e-07,1.1692025000000001e-06,3.314177e-06,1.944199e-05,3.362357e-06,5.487663e-06,0.144602,0.054434130000000004,0.0001801104,89.58902,77.45612,1.321783e-05,6.767151,0.01069032,5.121101,0.0004245558000000001,3.82444767e-05,0.01764279,12.77477,0.0004245558000000001,3.82444767e-05,0.005583378,9.185417000000001,0.0004245558000000001,3.82444767e-05,0.0016063727999999998,8.6869383,0.0004245558000000001,3.82444767e-05,0.005970553,3.169128e-05,5.359602e-05,-0.0019903437,-1.213776,0.008638019,0.0037537269999999997,0.0028171779999999996,1.803346e-06,2.6374150000000002e-05
73,1607023200,0.3607412,0.3607634,0.02344127,-0.493499,1.188224,0.47209889999999993,1.0857689999999998,0.9218909,0.0036073110000000006,0.1503911,2.248113e-05,3.315838e-07,3.765817e-07,9.125636999999999e-07,5.333165e-06,1.6406390000000002e-05,1.6994614e-06,3.0436465000000005e-06,0.1260505,0.05411388,0.0001778524,98.13486,80.20923,1.1969009999999999e-05,6.616598000000001,0.01029122,4.823975,0.001009408,9.1706854e-05,0.0164061,11.064041999999999,0.001009408,9.1706854e-05,0.006075117999999999,18.284599,0.001009408,9.1706854e-05,0.002001526,18.146613000000002,0.001009408,9.1706854e-05,0.006251100999999999,3.636687e-05,5.853722000000001e-05,0.00017050827000000005,-1.2769590000000002,0.01024538,0.004136848,0.003226627,1.7821580000000002e-06,2.9287630000000003e-05
73,1607023800,0.3322462,0.33226849999999997,0.023930100000000003,-0.48464860000000004,1.158486,0.44985929999999996,1.0395318999999998,0.8836767999999999,0.005295807,0.1432967,2.2815249999999998e-05,6.392943e-07,7.318388e-07,1.3455401e-06,7.065685e-06,1.5693599999999998e-05,2.2967436e-06,3.887802000000001e-06,0.11277024999999999,0.05314099,0.0001794346,98.33903000000001,82.22229,1.1016285e-05,6.864098,0.009888222,4.483126,0.000997123,9.0575702e-05,0.015545710000000004,9.944354999999998,0.000997123,9.0575702e-05,0.006149794,18.413958,0.000997123,9.0575702e-05,0.002045618,18.225737000000002,0.000997123,9.0575702e-05,0.0063267409999999994,3.751795e-05,5.9782519999999994e-05,-0.0004929957999999999,-1.27245,0.010795708000000001,0.004239022,0.0033307619999999997,2.140969e-06,2.9330129999999998e-05
73,1607024400,0.3306135,0.3306359,0.02619957,-0.4433165,1.1657249999999997,0.44605820000000007,1.0429439999999999,0.8840144999999999,0.006453972999999999,0.1511978,2.293343e-05,8.6617895e-07,9.0911979e-07,1.2591467999999999e-06,3.359748400000001e-06,6.917847e-06,2.6272152999999996e-06,4.7127576e-06,0.11403786,0.051136400000000005,0.0001108475,99.37449000000001,81.09204,1.0967879999999999e-05,6.733376,0.009276949,3.854418,0.00115771792,0.000105297605,0.01565527,10.083831,0.00115771792,0.000105297605,0.006185751000000001,20.314923,0.00115771792,0.000105297605,0.002012717,20.238205,0.00115771792,0.000105297605,0.005274077,1.37605157e-05,3.5943739999999995e-05,0.032738776000000004,13.446755,0.0119332881,-0.000359919,-0.0010549659999999998,2.2332377e-06,2.446093e-05
73,1607025000,0.3410615,0.34108360000000004,0.024399080000000004,-0.4018996,1.1728469999999998,0.4456705,1.0607199999999999,0.905015,0.005369666,0.148216,2.276411e-05,8.485746999999999e-07,8.7537396e-07,1.0663062000000001e-06,1.7978804999999998e-06,6.2293977e-06,2.8438470000000004e-06,4.875821200000001e-06,0.12009132,0.050323049999999994,9.637894e-05,95.57685000000001,79.86325,1.1314622e-05,6.5923419999999995,0.009239914,3.8241570000000005,0.00030001261999999996,2.6966510100000002e-05,0.016005059999999998,10.558333,0.00030001261999999996,2.6966510100000002e-05,0.005397704999999999,6.562588700000001,0.00030001261999999996,2.6966510100000002e-05,0.0012443490999999999,6.02277308,0.00030001261999999996,2.6966510100000002e-05,0.004989688,8.3121347e-06,3.0340180000000003e-05,0.12366026299999999,2.3493054,0.00691532892,-0.001340182,-0.0019030359999999999,1.7767187999999999e-06,1.938759e-05
73,1607025600,0.3596039,0.3596263,0.031036529999999996,-0.3250756,1.210312,0.4457706,1.101108,0.9418410000000002,0.005451933000000001,0.15602719999999998,2.2563410000000002e-05,3.8426104999999997e-07,3.7974362e-07,4.869716199999999e-07,7.229467e-07,9.142014e-07,1.527476e-06,3.2743843999999997e-06,0.1305209,0.04920247,7.050819e-05,96.9267,77.76618999999998,1.1939550000000002e-05,6.40132,0.009156685,3.78983,0.00049002851,4.419527e-05,0.01666239,11.441277,0.00049002851,4.419527e-05,0.005709052000000001,10.323272,0.00049002851,4.419527e-05,0.0015225884,9.857754000000002,0.00049002851,4.419527e-05,0.004708441,8.104012e-07,2.296986e-05,-0.07180600499999999,9.204438999999999,0.0023989871299999995,-0.0032694180000000005,-0.0036708640000000002,9.133719e-07,1.2102350000000001e-05
73,1607026200,0.35468310000000003,0.35470499999999994,0.03700175000000001,-0.31632160000000004,1.2004130000000002,0.44344020000000006,1.093083,0.9335913,0.00517159,0.15123649999999997,2.253056e-05,7.1603194e-07,7.207059300000001e-07,8.661663399999999e-07,1.5065535e-06,5.807007800000001e-06,2.8023691e-06,4.5355317e-06,0.12586029999999998,0.05136201,9.976991e-05,93.37611999999999,79.18398999999998,1.177329e-05,6.455064,0.009283055000000002,3.9898289999999994,0.0005861917400000001,5.302965079999999e-05,0.016427610000000002,11.114738,0.0005861917400000001,5.302965079999999e-05,0.005691539000000001,11.505367099999999,0.0005861917400000001,5.302965079999999e-05,0.0015689413,11.1283628,0.0005861917400000001,5.302965079999999e-05,0.004935925999999999,7.497116399999999e-06,2.9455250000000002e-05,-0.012562057519999998,2.1455639,0.005675423899999999,-0.0014120390000000001,-0.0020183710000000006,1.5946672000000002e-06,1.5836130000000005e-05
73,1607026800,0.42275490000000004,0.4227766,0.035340790000000004,-0.3655062,1.3015149999999998,0.48590009999999995,1.1754339999999999,1.0196545,0.0077284287000000005,0.1815273,2.267468e-05,1.2976462500000001e-06,1.24876169e-06,1.37831204e-06,1.9555936e-06,1.059172927e-05,4.3169155e-06,6.002039599999999e-06,0.15862410000000002,0.052604420000000006,0.00011972856,93.99317,75.40831,1.403237e-05,6.455529,0.010247593,4.858413,0.00049115536,4.4239942e-05,0.018401759999999996,14.03603,0.00049115536,4.4239942e-05,0.00553767,9.096160999999999,0.00049115536,4.4239942e-05,0.0015374173,8.685953099999999,0.00049115536,4.4239942e-05,0.005052551000000001,1.1516157199999999e-05,3.3300630000000006e-05,0.028953834,0.984013,0.00934387701,-0.00022215299999999984,-0.0010044103,1.5742327000000001e-06,1.8758779999999996e-05
73,1607027400,0.4237581,0.42378020000000005,0.03132545,-0.3935911,1.3104779999999998,0.4911983999999999,1.1654974,1.0101312,0.008491002000000001,0.18559160000000002,2.2725950000000002e-05,8.1934922e-07,8.2042361e-07,1.11477508e-06,2.4539451e-06,1.2860598999999997e-05,3.0683825e-06,5.548532499999999e-06,0.15943093999999997,0.05228086,0.00013858854,93.99387,75.87942,1.4058714999999999e-05,6.483572,0.010403931,5.041877000000001,0.0004941746,4.450882e-05,0.01828336,14.035666,0.0004941746,4.450882e-05,0.005669787000000001,10.312771000000001,0.0004941746,4.450882e-05,0.0016308178,9.828373500000001,0.0004941746,4.450882e-05,0.005490741,1.98753282e-05,4.185133999999999e-05,-0.0115076294,5.512932600000001,0.0106332223,0.0010044579999999997,0.0002787190000000001,1.6585239000000002e-06,2.3609760000000003e-05
73,1607028000,0.3340312,0.3340533,0.036770699999999996,-0.3122882,1.1912249999999998,0.43262789999999995,1.067806,0.9052026,0.006006146299999999,0.1446316,2.2850080000000002e-05,9.145084000000001e-07,9.569376200000002e-07,1.1421037999999999e-06,1.7901366999999997e-06,6.6624761e-06,2.8357667e-06,4.9471634e-06,0.116756,0.0501447,9.424568e-05,95.32925,80.17827,1.1080869999999999e-05,6.532255000000001,0.009046572,3.7673949999999996,0.0010171064,9.240889000000001e-05,0.015804569999999997,10.273151000000002,0.0010171064,9.240889000000001e-05,0.006044132,17.508280000000003,0.0010171064,9.240889000000001e-05,0.001909582,17.397835000000004,0.0010171064,9.240889000000001e-05,0.005023688,8.791402099999999e-06,3.0918439999999995e-05,-0.010798911999999997,1.1797440000000001,0.006045590210000001,-0.0013137370000000002,-0.00187335,1.6318411000000002e-06,1.8775970000000002e-05
73,1607028600,0.3668598,0.36688200000000004,0.024857610000000002,-0.3063378,1.2189739999999998,0.4488932,1.112619,0.9530539000000001,0.0052587910000000005,0.1558901,2.2507230000000002e-05,6.6025933e-07,6.7471532e-07,8.184191000000001e-07,1.3941440999999998e-06,5.8521112e-06,2.8579304e-06,5.026044e-06,0.1324735,0.050837600000000004,0.00010012309,94.41454,77.85659000000001,1.21713e-05,6.711646,0.009408209999999998,4.09476,0.00061128369,5.53519499e-05,0.0168599,11.67928,0.00061128369,5.53519499e-05,0.005693949,11.624569,0.00061128369,5.53519499e-05,0.0015759519999999998,11.226325,0.00061128369,5.53519499e-05,0.004930532,7.202484500000001e-06,2.9237669999999998e-05,0.010553776,1.1245072,0.0051631059,-0.0014883070000000001,-0.0020821,1.7121907000000002e-06,1.797235e-05
73,1607029200,0.3521022,0.35212410000000005,0.01919617,-0.28276500000000004,1.205101,0.43763929999999995,1.091732,0.9362536,0.0063629,0.15444719999999998,2.249034e-05,5.22127e-07,5.369577199999999e-07,6.720718e-07,9.046678000000001e-07,1.16244046e-06,1.8413658999999998e-06,3.7997120000000006e-06,0.12696590000000002,0.04901378000000001,6.117558000000001e-05,96.97695,77.96325999999999,1.168785e-05,6.277665000000001,0.009009666000000001,3.7283589999999998,0.00042278893,3.8005236e-05,0.016525760000000004,11.221523999999999,0.00042278893,3.8005236e-05,0.005604781,8.875595,0.00042278893,3.8005236e-05,0.0014314155999999999,8.3503674,0.00042278893,3.8005236e-05,0.004685813,7.632556e-07,2.271617e-05,0.018464247,2.8591670000000002,0.0010795084,-0.0032896169999999995,-0.003676169,8.532235000000001e-07,1.142452e-05
73,1607029800,0.3667974,0.3668191,0.01856407,-0.3426945,1.228875,0.4535446,1.104858,0.9452165000000001,0.0067184540000000004,0.1643789,2.26459e-05,9.646662e-07,1.0132509e-06,1.2014010999999998e-06,1.7814779999999996e-06,6.7308705999999994e-06,3.7931169e-06,6.1440870000000005e-06,0.1330729,0.05021141,9.161194e-05,89.11449999999999,77.72202,1.2179609999999998e-05,6.55522,0.009506223999999999,4.118313,0.00059276635,5.362981540000001e-05,0.016853479999999997,11.728834999999998,0.00059276635,5.362981540000001e-05,0.005822475,12.600760900000001,0.00059276635,5.362981540000001e-05,0.0017192478,12.1913169,0.00059276635,5.362981540000001e-05,0.004942377,7.891208e-06,2.9759890000000002e-05,0.054647670950000005,3.8218445,0.0055694586,-0.001401338,-0.001993941,1.4821324e-06,1.7057380000000002e-05
73,1607030400,0.4087428,0.40876460000000003,0.01622743,-0.3500441,1.273688,0.47289060000000005,1.165836,1.0006803999999998,0.0061206640000000005,0.1731193,2.2585760000000004e-05,8.1085945e-07,8.0538769e-07,9.560968e-07,1.7235279e-06,6.179053120000001e-06,2.6885286e-06,4.2851022e-06,0.1542356,0.050028260000000005,8.896107e-05,94.79986,74.60087999999999,1.3577119999999999e-05,6.16568,0.009945143,4.5643720000000005,0.00035883818000000004,3.21640343e-05,0.01819225,13.5888,0.00035883818000000004,3.21640343e-05,0.005482754000000001,7.5651494999999995,0.00035883818000000004,3.21640343e-05,0.0014018206,7.0786625,0.00035883818000000004,3.21640343e-05,0.004945085,7.933394799999999e-06,2.9882200000000003e-05,-0.021614844999999994,3.0662532,0.008978894410000002,-0.001343111,-0.001970273,1.6175816000000001e-06,1.958196e-05
73,1607031000,0.37202369999999996,0.37204589999999993,0.01943048,-0.2800386,1.2240749999999998,0.44623860000000004,1.121733,0.9595797999999999,0.006711394,0.1597626,2.2567989999999997e-05,6.225875900000001e-07,6.431549100000001e-07,7.8439269e-07,1.0483002e-06,1.3299403e-06,2.1073697e-06,4.3175748e-06,0.13732799999999998,0.048607939999999995,6.374494e-05,95.92924,76.50981999999999,1.2351419999999998e-05,6.412819999999999,0.009104204999999999,3.9396770000000005,0.0008767627599999999,7.960553729999999e-05,0.01714419,12.143585,0.0008767627599999999,7.960553729999999e-05,0.005923680000000001,15.330597500000001,0.0008767627599999999,7.960553729999999e-05,0.0017740336000000002,15.100258199999999,0.0008767627599999999,7.960553729999999e-05,0.004686743,7.864479e-07,2.2742829999999997e-05,0.03314211600000001,5.615297,0.0021442924999999996,-0.0032670790000000004,-0.003667671,8.403916e-07,1.140262e-05
73,1607031600,0.3578916,0.35791360000000005,0.01644176,-0.4325666,1.1896120000000001,0.4616556,1.0834080000000001,0.9226032,0.006192202999999999,0.1550008,2.244105e-05,6.1722264e-07,6.0771789e-07,7.273466e-07,1.40705e-06,5.9739560999999995e-06,2.5861816e-06,4.0330006e-06,0.1291584,0.04967842,9.221398999999998e-05,92.77502000000001,77.96326,1.1883560000000001e-05,6.350090000000001,0.009420137999999998,3.9891199999999998,0.0004883699,4.4072041e-05,0.01659765,11.334109999999999,0.0004883699,4.4072041e-05,0.005582575,9.5583072,0.0004883699,4.4072041e-05,0.0014614679000000002,9.09380496,0.0004883699,4.4072041e-05,0.004947554000000001,7.744344e-06,2.978964e-05,-0.052607892,4.9160618,0.005625947399999999,-0.0014278350000000001,-0.002036454,1.4683231e-06,1.6483099999999998e-05
73,1607032200,0.42326299999999994,0.42328479999999996,0.012407972,-0.7801107,1.227937,0.54518,1.1264589999999999,0.9682807,0.006377987999999999,0.1786257,2.2347510000000003e-05,6.083942999999999e-07,6.1133292e-07,7.172056e-07,1.3565681000000002e-06,5.850306400000001e-06,2.7793915e-06,4.339143e-06,0.1619936,0.04952099,9.977739999999999e-05,96.92298,73.56585000000001,1.4047929999999998e-05,6.497387000000001,0.010577807,4.7159759999999995,0.00096656013,8.78185924e-05,0.018640610000000002,14.284690000000001,0.00096656013,8.78185924e-05,0.006144018,18.769022,0.00096656013,8.78185924e-05,0.0020791710000000003,18.499041,0.00096656013,8.78185924e-05,0.004912604,7.3918395000000015e-06,2.926379e-05,0.0032835549,2.1714811000000003,0.0057100609,-0.0014232149999999998,-0.002025657,1.5104004000000002e-06,1.82152e-05
73,1607032800,0.36119840000000003,0.3612198999999999,0.01612567,-0.43226000000000003,1.198013,0.4601136,1.0829590000000002,0.9284532999999999,0.005966336,0.1578144,2.2120990000000003e-05,5.6558977e-07,5.893725000000001e-07,7.3951112e-07,1.0086841000000001e-06,1.3048051999999998e-06,2.0738339e-06,4.3073470000000005e-06,0.1310371,0.04948281,6.796345e-05,95.03528000000001,77.49665999999999,1.198909e-05,6.298746,0.009329526000000001,3.8485620000000003,0.0008829864600000001,8.02148516e-05,0.01683394,11.642360000000002,0.0008829864600000001,8.02148516e-05,0.005928994,16.519433,0.0008829864600000001,8.02148516e-05,0.0017988266000000003,16.2504543,0.0008829864600000001,8.02148516e-05,0.004648391,7.852846e-07,2.2380560000000004e-05,-0.050155291000000005,9.236659999999999,0.0029477527999999995,-0.003241132,-0.003640511,8.712182e-07,1.206116e-05
73,1607033400,0.37282040000000005,0.3728422,0.017526319999999998,-0.294755,1.238251,0.45238569999999995,1.121471,0.9577418999999999,0.007385595999999999,0.15979320000000002,2.197563e-05,5.1604921e-07,5.183071999999998e-07,5.9669377e-07,1.1677291e-06,5.599274900000001e-06,2.6798868e-06,3.6743763000000003e-06,0.13573029999999997,0.050562960000000004,0.00010143738000000001,98.5458,77.3322,1.236974e-05,6.558286000000001,0.009467532999999998,4.207111,0.0007819497600000001,7.10026305e-05,0.01707436,12.02236,0.0007819497600000001,7.10026305e-05,0.005876245,15.108977999999999,0.0007819497600000001,7.10026305e-05,0.0018050791999999999,14.7964856,0.0007819497600000001,7.10026305e-05,0.0048772089999999995,7.1159624e-06,2.8752519999999998e-05,0.011498930400000001,2.3994724,0.0067656886999999995,-0.001430977,-0.002114383,1.8960394999999999e-06,2.059623e-05
73,1607034000,0.33301949999999997,0.3330414,0.02156999,-0.26734700000000006,1.172735,0.4289835,1.0632329999999999,0.9020149,0.006872827000000001,0.1455645,2.1881389999999996e-05,3.6199428e-07,3.967422699999999e-07,4.5935510000000007e-07,1.0327249e-06,4.78259239e-06,2.4533199199999997e-06,3.3284752e-06,0.11478390000000001,0.051615749999999995,9.659897000000001e-05,98.86272,81.42357999999999,1.1051236999999998e-05,6.397287,0.008892308,3.7364399999999995,0.0007124953500000001,6.458165e-05,0.0156735,10.160345,0.0007124953500000001,6.458165e-05,0.005903358,14.036008,0.0007124953500000001,6.458165e-05,0.0018075069999999999,13.691376000000002,0.0007124953500000001,6.458165e-05,0.004857344,6.6742991999999986e-06,2.8293070000000007e-05,-0.014316764000000006,26.274572999999997,0.010947315499999999,-0.0015079219999999996,-0.002132661,1.9272498e-06,2.124737e-05
73,1607034600,0.3324274,0.332449,0.024295080000000004,-0.27020159999999993,1.1674499999999999,0.42417629999999995,1.058506,0.9083154,0.004156245000000001,0.14055299999999998,2.219345e-05,5.455852699999999e-07,5.601447099999999e-07,6.8191209e-07,9.443843e-07,1.19947566e-06,1.84969786e-06,3.8506825e-06,0.1144075,0.05173635,5.9114020000000005e-05,99.88757,81.25403000000001,1.103394e-05,6.141831000000001,0.008626746000000001,3.52465,0.0007832859599999998,7.110090699999999e-05,0.01568079,10.099452,0.0007832859599999998,7.110090699999999e-05,0.005970454,15.322962999999998,0.0007832859599999998,7.110090699999999e-05,0.0018029813999999999,14.989035999999999,0.0007832859599999998,7.110090699999999e-05,0.004663001999999999,7.462241e-07,2.248316e-05,-0.012182004000000001,2.7497879999999997,0.00057772001,-0.003285052,-0.0036660720000000003,9.067614000000001e-07,1.1394310000000001e-05
73,1607035200,0.31395490000000004,0.3139767,0.026490359999999998,-0.27555230000000003,1.159984,0.4167206,1.0299694,0.8760643,0.005916414,0.13464210000000004,2.1976210000000002e-05,4.2507704e-07,4.8914774e-07,4.6657969e-07,8.526352000000001e-07,4.69774596e-06,3.0899658899999994e-06,2.2031231999999996e-06,0.10527998000000001,0.05160073,8.413454e-05,103.00199,83.03756999999999,1.042997e-05,6.243133,0.008376755999999999,3.5744920000000002,0.00073019047,6.62137504e-05,0.01499033,9.27082,0.00073019047,6.62137504e-05,0.005821939999999999,13.859232,0.00073019047,6.62137504e-05,0.001728122,13.514893,0.00073019047,6.62137504e-05,0.004866651999999999,7.057213300000001e-06,2.8741310000000003e-05,0.009077407999999999,1.4299683,0.00629394863,-0.001129281,-0.0019984191,1.7364786e-06,1.6705860000000003e-05
73,1607035800,0.37282809999999994,0.37284969999999995,0.021698569999999997,-0.4537293,1.2387009999999998,0.4707552,1.0898573000000003,0.9367786,0.008677648,0.1662141,2.232918e-05,7.730445599999999e-07,8.955721799999998e-07,8.809399400000002e-07,1.3984034e-06,6.049733240000001e-06,4.8368021999999995e-06,4.282708100000001e-06,0.13797972,0.04831204,0.00010243925000000002,93.62303,77.26932,1.2383057e-05,6.395968999999999,0.008919442000000001,4.247927,0.00057866383,5.2251144e-05,0.016988919999999998,12.164047,0.00057866383,5.2251144e-05,0.005859801,12.194239,0.00057866383,5.2251144e-05,0.001809158,11.717631,0.00057866383,5.2251144e-05,0.0049177280000000006,8.6049464e-06,3.032229e-05,2.7180304407,126.8470446,0.0167302652,-0.0006467793,-0.001611707,2.6403947000000004e-06,2.3409919999999996e-05
73,1607036400,0.4750914,0.47511369999999997,0.02386228,-0.7368171000000001,1.2976509999999999,0.5693699000000001,1.1842479999999997,1.0354435000000002,0.008613245,0.2023133,2.2645570000000003e-05,6.899911999999999e-07,7.0207504e-07,9.0120233e-07,1.3305681000000001e-06,1.6993892000000002e-06,2.778455e-06,6.0218484e-06,0.1891302,0.048324469999999994,7.609354000000002e-05,92.45109,70.80599000000001,1.577943e-05,6.36975,0.009612372000000001,5.021046,0.00070333354,6.364511499999999e-05,0.020073519999999997,16.698439999999998,0.00070333354,6.364511499999999e-05,0.005964213,14.092639,0.00070333354,6.364511499999999e-05,0.0018771670000000001,13.658802,0.00070333354,6.364511499999999e-05,0.004695982999999999,1.0132789e-06,2.30581e-05,0.019405031000000003,4.6656379999999995,0.00194775238,-0.003045247,-0.0034906190000000004,8.262401e-07,1.154255e-05
73,1607037000,0.5949746,0.5949964,0.019821619999999998,-0.9141000000000001,1.420095,0.6597804,1.304777,1.1459219999999999,0.00721963,0.24958999999999998,2.297088e-05,1.2671859e-06,1.3787606e-06,1.5728228999999999e-06,2.4901948999999996e-06,6.455461400000001e-06,6.1787491999999996e-06,9.260876999999998e-06,0.24893359999999998,0.04841201,0.00011191106,86.48186000000001,66.37555,1.9754559999999996e-05,6.421245999999999,0.011205090000000001,6.466762,0.00117121192,0.00010653914100000001,0.023055620000000002,21.838029999999996,0.00117121192,0.00010653914100000001,0.006315998000000001,21.619531000000002,0.00117121192,0.00010653914100000001,0.002365979,21.523074,0.00117121192,0.00010653914100000001,0.0048929180000000004,7.067942e-06,2.9053690000000002e-05,0.002389898738999999,5.7254125,0.007911331900000002,-0.0009094464999999999,-0.0018503303,1.9253878e-06,1.83432e-05
73,1607037600,0.5795407000000001,0.5795625999999999,0.022210720000000003,-0.9829407000000001,1.3785800000000001,0.6576527,1.2732780000000001,1.119786,0.006883554,0.2430707,2.2760380000000002e-05,1.2140462e-06,1.3648261800000001e-06,1.4889131500000001e-06,2.2678787e-06,5.7334417e-06,6.1912106999999995e-06,8.051403e-06,0.24219809999999997,0.0474396,0.000105061,84.74809,66.48131,1.9246790000000003e-05,6.3204839999999995,0.011140569999999999,6.342416999999999,0.0007507225200000001,6.8017753e-05,0.022833170000000003,21.436259999999997,0.0007507225200000001,6.8017753e-05,0.00600641,15.109861,0.0007507225200000001,6.8017753e-05,0.002032798,14.748535999999998,0.0007507225200000001,6.8017753e-05,0.004850863,6.479245e-06,2.8285149999999998e-05,0.022101050000000004,1.1136024,0.0056618497,-0.0010323068,-0.0019658914,1.8706075999999998e-06,1.834317e-05
73,1607038200,1.3923157,1.3923371,0.013854112000000002,-1.1040692,1.875806,0.9305325,1.712563,1.5057450000000003,0.10287357,0.6820508,2.2918439999999997e-05,1.583998e-06,1.491716e-06,1.9588983e-06,3.308841e-06,4.245439e-06,7.393942e-06,1.7533525e-05,0.6523024000000001,0.04367852999999999,0.00013782797,78.22533,61.07455000000001,4.6274559999999996e-05,6.378062,0.01567158,14.468646000000001,0.0006617205200000001,5.9827913e-05,0.03278371,57.030809999999995,0.0006617205200000001,5.9827913e-05,0.006048296,18.367137,0.0006617205200000001,5.9827913e-05,0.002210496,17.6600586,0.0006617205200000001,5.9827913e-05,0.004712334,3.7924569999999996e-06,2.564444e-05,-0.15427929499999998,101.72918999999999,0.02303255388,-0.0022833243,-0.0029654890000000004,6.767122e-06,7.677902e-05
73,1607038800,7.291265,7.291287,-0.006625468,-1.3850959999999999,4.127489,2.3712290000000005,3.891457,3.6554990000000003,0.20665381,3.1448859999999996,3.185069e-05,1.2052582e-05,1.16492485e-05,1.4691538599999997e-05,2.3285211e-05,3.36804728e-05,4.9745668000000006e-05,0.00010890137,3.6196619999999995,0.025191039999999998,0.0005140765900000001,65.39687,50.807770000000005,0.0002424646,5.983047000000001,0.04164205,76.64748999999999,0.005947529700000001,0.0005436364900000001,0.08712604999999998,318.7608,0.005947529700000001,0.0005436364900000001,0.009382268000000001,122.44451,0.005947529700000001,0.0005436364900000001,0.006259742,123.69743000000001,0.005947529700000001,0.0005436364900000001,0.005239425000000001,1.5850539999999996e-05,3.808633e-05,0.035310592999999994,2.0404688,0.018759152,0.0020565225,0.00020862220000000004,2.6211552999999996e-06,3.2468109999999996e-05
73,1607039400,8.017413,8.017432000000001,-0.0029789050000000004,-1.1804127000000002,4.767709,2.430538,4.229567,3.906794,0.21758320000000003,3.6344609999999995,3.089738e-05,1.1537140000000001e-05,1.14346222e-05,1.41349618e-05,2.2323866999999998e-05,3.4311705e-05,4.6963135e-05,9.622247e-05,3.775498,0.23241247999999998,0.0005407669,74.68933,58.538,0.0002666664,5.96394,0.04262713,83.99028999999999,0.00504296878,0.000460792731,0.08759357999999999,330.27369999999996,0.00504296878,0.000460792731,0.009651241000000001,124.92952,0.00504296878,0.000460792731,0.006580564999999999,124.92286000000001,0.00504296878,0.000460792731,0.005819014000000001,3.215855e-05,5.444627999999999e-05,-0.042134922000000005,45.060782,0.06508874,0.003762785,0.0015278799099999998,1.7000966e-05,0.00017248545
73,1607040000,7.871122,7.871145000000001,0.003982806,-0.9574695000000002,5.292048,2.3439129999999997,4.724695,3.828155,0.048480800000000004,3.2181470000000005,2.9186150000000005e-05,7.708197e-06,8.373265e-06,1.0733481e-05,1.6217716e-05,2.1264898999999998e-05,3.4832232e-05,7.167217e-05,2.163675,1.7707799999999998,0.0009245986,103.17607000000001,94.75713,0.0002613337,6.322827,0.04124759,84.14929000000001,0.023483830230000002,0.0021514322260000004,0.06835231,193.01949999999997,0.023483830230000002,0.0021514322260000004,0.012058576,421.2042399999999,0.023483830230000002,0.0021514322260000004,0.009280491000000002,431.80863,0.023483830230000002,0.0021514322260000004,0.005381099,2.031407e-05,4.267606e-05,-0.023474366000000003,14.594242,0.038966020000000004,0.0018442709999999998,-0.0005127472999999999,7.417681000000001e-06,5.3810289999999995e-05
73,1607040600,8.96827,8.96829,1.1941800000000322e-06,-0.8783046000000001,5.750463,2.441076,5.104394000000001,4.132064,0.08274561999999999,3.706805,3.448086e-05,1.2945026999999998e-05,1.3838259999999998e-05,1.6989711e-05,2.4265277e-05,3.4169347999999996e-05,5.191986e-05,9.929267999999999e-05,2.3530140000000004,2.129771,0.0010769010000000001,103.29542000000001,97.84675000000001,0.00029752369999999997,6.430460999999999,0.04424889,96.20902999999998,0.019384796000000003,0.0017755889000000003,0.07086356999999999,208.64679999999998,0.019384796000000003,0.0017755889000000003,0.011413586,339.63678,0.019384796000000003,0.0017755889000000003,0.008730348999999998,348.15209999999996,0.019384796000000003,0.0017755889000000003,0.005762771,3.031184e-05,5.293666000000001e-05,0.024053543999999996,57.207304,0.06535634,0.003200103,0.0006999899999999999,1.5528775e-05,0.00014669884000000002
73,1607041200,9.489577,9.489605999999998,-0.00100812771,-0.8853563000000001,5.863341,2.511237,5.227208,4.285481000000001,0.07277953000000001,3.893654,3.0321660000000002e-05,9.28177e-06,1.6851222e-05,1.5950154e-05,6.4827399e-05,0.000124158601,6.752867999999999e-05,0.00020121066000000003,2.6028239999999996,2.1397969999999997,0.0016528489999999996,105.70099,95.42985999999999,0.0003149187999999999,6.6040589999999995,0.04742715,110.36760999999998,0.0268248714,0.00245754976,0.07455354,230.62359999999998,0.0268248714,0.00245754976,0.012071188,447.41848,0.0268248714,0.00245754976,0.009514778000000002,460.98388000000006,0.0268248714,0.00245754976,0.00975534,0.00025363750999999994,0.00027618295,-0.048025599,13.472894499999999,0.07034916,0.015581188000000001,0.0082207784,0.00010955026599999999,0.00047087816
73,1607041800,8.999105,8.99913,-0.0004647252,-1.0005811999999998,5.6345459999999985,2.484967,4.964962999999999,4.0614110000000005,0.06715416999999999,3.741802,2.9152880000000005e-05,8.126770000000001e-06,8.939955e-06,1.1622464e-05,1.7301607e-05,2.4079412999999997e-05,4.3758839999999995e-05,7.353055e-05,2.306776,2.1914179999999996,0.0011490104,107.80466000000001,98.85528000000001,0.0002986302,6.394436,0.045442079999999996,96.98664,0.0260643346,0.0023878961000000005,0.07047276,205.52399999999997,0.0260643346,0.0023878961000000005,0.012637546,488.76224299999996,0.0260643346,0.0023878961000000005,0.009929752000000002,500.251843,0.0260643346,0.0023878961000000005,0.005937593,3.514298e-05,5.776425e-05,-0.04179288478,28.548071,0.06672120000000001,0.003987594999999999,0.001454342,1.998793e-05,0.00020109624000000004
73,1607042400,9.636593999999999,9.636624000000001,0.0008782094,-0.9997942999999998,5.7930269999999995,2.597269,5.212885,4.210592,0.05313131,3.9248189999999994,2.74886e-05,6.759320999999999e-06,7.1869379999999995e-06,8.569678e-06,1.3934150999999999e-05,3.089545e-05,3.723512e-05,5.448781000000001e-05,2.64866,2.168429,0.0010368595000000002,106.43456,95.0895,0.00032015570000000005,5.642303,0.04607049,104.01893,0.020805595399999998,0.0019058966099999998,0.07559907,235.45589999999999,0.020805595399999998,0.0019058966099999998,0.013005283000000001,423.27290000000005,0.020805595399999998,0.0019058966099999998,0.010351635,431.247,0.020805595399999998,0.0019058966099999998,0.006647115,4.813892e-05,7.050873e-05,-0.007133555500000001,2.052168,0.038600520000000006,0.006082781000000001,0.003604255,8.547425e-06,6.281728e-05
73,1607043000,10.406748,10.406780000000001,-0.00017547573999999994,-0.9963215999999999,6.164962,2.7396439999999997,5.376690000000001,4.437962000000001,0.08288057,4.274405,3.531855e-05,1.5923942e-05,1.6594210000000002e-05,2.0697872e-05,3.0444590000000003e-05,5.949636e-05,6.967776e-05,0.00013183956,3.2377750000000005,1.9638209999999998,0.0014157889,97.53182999999999,87.85681,0.00034536180000000003,6.425724,0.04840287,112.90365,0.0157782119,0.0014448831799999998,0.08368415,288.78959999999995,0.0157782119,0.0014448831799999998,0.011055672999999999,303.40411,0.0157782119,0.0014448831799999998,0.008388293000000002,309.72142,0.0157782119,0.0014448831799999998,0.006977003999999999,5.8889719999999994e-05,8.102538e-05,-0.03633826,16.405801000000004,0.07757215999999999,0.0069832359999999994,0.004213662,2.3030049e-05,0.00023027098999999998
73,1607043600,12.366921999999999,12.366938,0.00021784450000000006,-1.1049527,6.388694,3.0175550000000007,5.606084,4.798196,0.23065254,5.220752,5.1723039999999995e-05,3.2520499e-05,3.4115742e-05,3.9540503e-05,5.4303562e-05,8.660341e-05,0.00010710283,0.00019342759,4.103396,2.078196,0.0012805814,97.32647999999999,86.21775,0.00041051280000000003,6.324637000000001,0.05168634,132.5157,0.013936385300000001,0.0012760949200000002,0.09152675999999998,362.10299999999995,0.013936385300000001,0.0012760949200000002,0.011825524,323.20348,0.013936385300000001,0.0012760949200000002,0.009031245000000002,326.07187000000005,0.013936385300000001,0.0012760949200000002,0.007081102000000001,5.9129830000000006e-05,8.129733e-05,-0.05875482099999999,3.5837358000000004,0.04838865,0.007278339,0.004513141,1.1275081000000001e-05,9.139190999999999e-05
73,1607044200,34.552589999999995,34.552609999999994,-0.0015280731999999999,-1.434296,9.474587000000001,5.319704,8.554348999999998,7.812538999999999,0.40386723,14.724047999999996,5.660137000000001e-05,4.377435e-05,4.4478946000000005e-05,5.6693638e-05,9.995588000000001e-05,0.00014064747,0.00020878475,0.00047271270000000005,16.102772,1.1697792999999999,0.0026155519999999997,80.64558,58.30321,0.0011482839999999998,6.264270000000001,0.08957744000000001,364.5654,0.048103993,0.004405425300000001,0.1834441,1418.1647999999998,0.048103993,0.004405425300000001,0.019129470000000003,906.7459999999999,0.048103993,0.004405425300000001,0.01534317,926.122,0.048103993,0.004405425300000001,0.00844191,0.00010576541999999999,0.00012843648,0.00548553,2.6238677,0.06483131,0.010748233,0.006790198,3.4584329e-05,0.00020448437
73,1607044800,33.51161999999999,33.511630000000004,-0.0026812529999999998,-1.59489,8.683126,5.341092000000001,8.043583000000002,7.373475000000001,0.23594316,13.72397,3.991849e-05,2.6551545e-05,2.3717724e-05,3.236021e-05,5.933919999999999e-05,8.272721e-05,0.00013613827999999997,0.00031627704999999997,15.80892,0.9441065,0.0020714821999999996,81.06407,55.75777999999999,0.0011140605000000002,6.031785,0.09093530000000001,352.30310000000003,0.0364213256,0.003334612370000001,0.1834946,1392.661,0.0364213256,0.003334612370000001,0.017950110000000002,709.9490099999999,0.0364213256,0.003334612370000001,0.013956689,721.88745,0.0364213256,0.003334612370000001,0.008025217999999999,8.037895000000001e-05,0.00010361287000000002,0.021179989999999996,1.8059252999999997,0.05318479,0.009771394,0.006251524,1.1289824e-05,9.468722e-05
73,1607045400,25.60253,25.60255,-0.0019392120000000003,-1.694209,7.216119999999999,4.711702,6.499174000000001,6.083737999999999,0.37712493999999996,10.942638,8.298606e-05,6.794579299999999e-05,7.1497443e-05,8.4215567e-05,0.00012137526899999999,0.00016450488,0.00023866388000000002,0.00048327199,11.627608,1.1703127000000002,0.0020421261000000005,79.33479,60.934720000000006,0.0008504197999999999,6.160738,0.08084666999999998,271.4896,0.040564851500000006,0.003715947829999999,0.15559589999999995,1026.5836,0.040564851500000006,0.003715947829999999,0.01636976,788.104799,0.040564851500000006,0.003715947829999999,0.012728096,803.458989,0.040564851500000006,0.003715947829999999,0.00798213,8.005006e-05,0.00010346239,-0.023167369,9.954184,0.06779483,0.009310996,0.006146361,2.1898113999999998e-05,0.00022717676000000002
73,1607046000,14.257710000000003,14.257740000000002,-0.002352702,-1.507665,5.894392000000001,3.495954,5.462828,4.935112999999999,0.10665051,5.846088999999999,3.3481909999999996e-05,2.6472801e-05,0.000115498753,0.000141646632,0.00011317986,0.00014516809,0.00014312495,0.0002125025,5.493520999999999,1.632067,0.0023499619999999997,92.64072,72.91192,0.0004733017999999999,6.616850000000001,0.06331091,170.7253,0.0182756277,0.001673354359,0.10956729999999999,496.6187,0.0182756277,0.001673354359,0.012058512,355.092996,0.0182756277,0.001673354359,0.00989913,362.085156,0.0182756277,0.001673354359,0.017498829,0.0008132701400000001,0.0008360395300000001,0.022085538000000002,2.0195654,0.07704507000000001,0.029208593999999997,0.023021952000000002,0.000146799399,0.00068706663
73,1607046600,18.89965,18.89967,-0.003329725,-1.4385125,7.084903,3.9196109999999997,6.235315,5.606271,0.7046842,8.462676,6.682684e-05,7.417239e-05,0.00024616916,0.00028795337999999997,0.00023958794999999998,0.00025717664,0.00028133098,0.0004101402,7.942801,1.5024849,0.0026764996,83.43801,68.29711999999999,0.0006276531000000001,6.459114,0.07207285,230.42039999999997,0.031872123999999995,0.002919105,0.12799670000000002,710.9855,0.031872123999999995,0.002919105,0.014806193,598.86982,0.031872123999999995,0.002919105,0.013049081,612.5682599999999,0.031872123999999995,0.002919105,0.025834261000000004,0.0014433023,0.0014661625000000002,0.026317754999999998,5.291756,0.15246597999999997,0.057794375999999995,0.040279012999999995,0.0004148689000000001,0.0016925240000000002
73,1607047200,9.542136,9.542179,-0.0046907994,-0.8951096,5.82314,2.5302100000000003,4.820170999999999,4.082824,0.34477079,4.404936,2.996923e-05,9.7094883e-06,1.3549874999999999e-05,1.878954e-05,3.296525299999999e-05,3.7418650000000005e-05,6.477787e-05,0.00011935005,3.1985147,1.5708579999999999,0.0013956793999999998,101.44395999999999,95.46234,0.00031652270000000004,6.621714,0.045579999999999996,103.86226000000002,0.029783008500000003,0.0027286023199999997,0.07396874,283.51915,0.029783008500000003,0.0027286023199999997,0.013074175999999998,517.7704,0.029783008500000003,0.0027286023199999997,0.010097089,531.21408,0.029783008500000003,0.0027286023199999997,0.007431441000000001,8.642279000000001e-05,0.00010925111000000001,1.15419922,43.544567900000004,0.08905461,0.007621657999999999,0.004473924999999999,6.177749300000001e-05,0.00050890615
73,1607047800,5.6074150000000005,5.607435000000001,-0.006350542000000001,-0.6800149000000001,4.7289699999999995,1.9168699999999999,4.146876000000001,3.325676,0.08421217,2.3194150000000002,2.630146e-05,4.5514830000000005e-06,5.57209e-06,7.875351e-06,1.5439612e-05,2.290227e-05,3.2787420000000005e-05,5.130099e-05,1.0708889,1.731786,0.0008871785,107.86434,111.96589999999999,0.00018606400000000003,6.39649,0.03710495,61.56372,0.015611088300000001,0.0014299411,0.047776269999999996,95.14385,0.015611088300000001,0.0014299411,0.010457977,283.15696999999994,0.015611088300000001,0.0014299411,0.0075299250000000015,290.00266999999997,0.015611088300000001,0.0014299411,0.006687779,5.0984329999999994e-05,7.341568e-05,-0.042316586999999996,24.343935299999995,0.061876,0.006145881000000001,0.003614726,1.3899274e-05,0.00012280655
73,1607048400,7.95954,7.959560999999999,0.0040575868,-0.40331700000000004,5.840091,2.266602,5.194546,4.153891,0.1389958,3.3331910000000002,2.7736e-05,6.141637000000001e-06,7.101799e-06,9.474426e-06,1.690199e-05,3.0931789999999993e-05,3.355196e-05,6.003132e-05,1.5806419999999999,2.397932,0.0010212182,109.07551000000001,110.5459,0.0002642626,6.226452,0.042128149999999996,86.50062,0.031549158400000006,0.00289080305,0.05791907,139.892,0.031549158400000006,0.00289080305,0.013111227999999999,552.8310800000002,0.031549158400000006,0.00289080305,0.010540337,568.0638899999999,0.031549158400000006,0.00289080305,0.007042499000000001,5.831885e-05,8.077040999999999e-05,-0.005022169999999999,14.8565143,0.06183664999999999,0.007092343999999999,0.004375986,1.6874210000000003e-05,0.00016280458
73,1607049000,7.539734,7.539757,0.004077562,-0.4819494,5.596107000000001,2.210197,4.960539,4.017911999999999,0.08195725000000001,3.138356,3.0449610000000005e-05,8.603704199999998e-06,9.869651e-06,1.2417167e-05,1.7557241e-05,3.0155406000000002e-05,4.0431e-05,7.177277e-05,1.4947761999999998,2.2736490000000003,0.0012369991,111.89360000000002,110.83779999999999,0.000249995,6.615245,0.04086129,81.40446,0.021744968,0.0019921574399999996,0.05615517999999999,132.71439,0.021744968,0.0019921574399999996,0.011196455000000001,366.85296999999997,0.021744968,0.0019921574399999996,0.008476161000000001,377.66345,0.021744968,0.0019921574399999996,0.006297966,4.0630510000000004e-05,6.311641999999999e-05,-0.012023229,15.052026399999999,0.042838799999999996,0.00509565,0.0025180132000000004,1.2174018e-05,0.00010877181000000001
73,1607049600,9.078824000000001,9.078840000000001,0.005000685,-0.7004634,5.886968000000001,2.5063310000000003,4.956826,4.202229000000001,0.56960549,4.498220000000001,2.9294420000000003e-05,8.341348e-06,9.165953e-06,1.3902269999999999e-05,2.1334445e-05,3.0629260999999995e-05,4.4289987e-05,9.57164e-05,2.741492,1.796509,0.0011770247,102.81847,93.77447,0.0003013627,6.520798999999999,0.045108770000000006,98.12973,0.02501022954,0.002291322987,0.07298364,242.68890000000002,0.02501022954,0.002291322987,0.012329099999999999,445.00256,0.02501022954,0.002291322987,0.009471246000000001,455.99518,0.02501022954,0.002291322987,0.006927318,5.84943e-05,8.119153e-05,0.029987939999999998,38.0129375,0.09395221000000001,0.006704231000000001,0.003916252,3.0369076e-05,0.00030548937000000003
73,1607050200,17.26619,17.266219999999997,-0.013120088000000002,-0.789337,7.530342999999999,3.3396069999999995,6.941726,6.18814,0.33749032999999995,7.229937,4.163621e-05,2.4234717e-05,2.5317895e-05,3.3235001e-05,5.543513e-05,7.179517e-05,0.00012383716,0.00027369354000000005,7.6880440000000005,0.9426973000000002,0.0017242482,82.80939000000001,61.78243,0.0005734020000000001,6.40103,0.06372516,182.25420000000003,0.023215707,0.0021257117,0.1274739,677.8707,0.023215707,0.0021257117,0.014845919999999999,476.8468000000001,0.023215707,0.0021257117,0.011669372,484.19569999999993,0.023215707,0.0021257117,0.006819768000000001,5.251178e-05,7.511612999999999e-05,-0.012030975,6.2242601,0.055492770000000004,0.0069697330000000005,0.0037081380000000006,1.3324702e-05,0.00013175688999999998
73,1607050800,18.413034,18.413076999999998,-0.005847729999999999,-1.1098102,7.3447499999999994,3.679817000000001,6.5996369999999995,5.847105,0.80131354,8.410019,7.656306e-05,6.0724929e-05,6.3575803e-05,7.547886e-05,9.901641e-05,0.00012822571999999998,0.00019814302000000002,0.0003883873,7.682997,1.5208839,0.0015636077999999997,84.73528999999999,69.81966000000001,0.0006112458999999999,6.530514999999999,0.06743886,196.78774,0.0241560454,0.00221203817,0.12518648999999998,682.1438,0.0241560454,0.00221203817,0.013741873999999998,475.70646,0.0241560454,0.00221203817,0.010528688,483.92205299999995,0.0241560454,0.00221203817,0.006315382,4.703288e-05,6.955986000000001e-05,-0.028697049999999995,58.182691,0.10738139,0.005505999,0.002529366,3.9484549000000005e-05,0.00042394395
73,1607051400,21.73909,21.7391,-0.0030871889999999997,-1.5836679999999999,6.9720249999999995,4.274836,6.316505000000001,5.727212,0.16607338,9.350972,7.825907e-05,6.0811517999999995e-05,6.3575381e-05,7.4891905e-05,0.00010122710300000001,0.00012655009100000003,0.00019687241999999998,0.00039199971999999997,8.846548,2.0204319999999996,0.0014918583,85.13574,72.11734,0.0007220584,6.165835,0.07396845999999999,231.5194,0.0374134659,0.00342702057,0.1343753,784.1222,0.0374134659,0.00342702057,0.014972103,672.078029,0.0374134659,0.00342702057,0.011716919,689.01187,0.0374134659,0.00342702057,0.0067210249999999985,4.876098e-05,7.175633999999999e-05,0.011633385999999999,7.4735031,0.044479689999999995,0.006405210999999999,0.003601395999999999,8.498658000000002e-06,7.975557e-05
73,1607052000,15.228920000000002,15.228930000000002,-0.004224319,-0.9871226,7.052128000000001,3.315539,6.253539,5.576534,0.34504032,6.627573000000001,4.558966e-05,2.6568452e-05,2.7825717e-05,3.4177599e-05,5.0224509e-05,6.6940778e-05,0.00010568244,0.00021653957999999998,5.484922,2.1276819999999996,0.0012920375000000002,89.60009,79.53968,0.0005056812000000001,6.015942000000001,0.06078024,162.35070000000002,0.05449137229999999,0.0049930341900000005,0.10677269,483.907,0.05449137229999999,0.0049930341900000005,0.015764649999999998,907.9766000000002,0.05449137229999999,0.0049930341900000005,0.012868333000000001,935.2164200000001,0.05449137229999999,0.0049930341900000005,0.006443709000000001,4.7283350000000005e-05,7.010458000000002e-05,0.033845943,58.272355100000006,0.096776,0.005604451,0.0027554479999999998,2.5091051e-05,0.00026758941000000003
73,1607052600,12.060207,12.060226,-0.0005524440000000002,-1.278726,5.753201000000001,3.023344,5.199007,4.650217,0.11850978999999999,4.938739,3.6222930000000004e-05,1.5325933999999998e-05,1.5671453000000002e-05,1.8815591000000002e-05,2.5563942e-05,3.2638792e-05,5.326089e-05,9.646085000000001e-05,3.6579750000000004,2.370585,0.0012663365,106.06528,91.08599000000001,0.0004003985,6.3300089999999996,0.05347046,128.0837,0.0459011362,0.00420599094,0.08705348,321.7877,0.0459011362,0.00420599094,0.014251399000000001,757.80953,0.0459011362,0.00420599094,0.011519834999999997,780.47132,0.0459011362,0.00420599094,0.005860086,2.9883059999999996e-05,5.260644000000001e-05,-0.018611461,2.8476419999999996,0.034219740000000005,0.003961121,0.001682442,5.402697e-06,4.5476179999999995e-05
73,1607053200,10.301773,10.301787000000001,0.00042888399999999993,-1.0075490999999999,5.852652999999999,2.658922,5.2140450000000005,4.4300489999999995,0.0965659,4.2222159999999995,3.774259e-05,1.6796676e-05,1.7723241999999998e-05,2.0671972e-05,2.8483414999999997e-05,3.9769470000000004e-05,5.5316110000000005e-05,9.696084e-05,2.9287720000000004,2.2206140000000003,0.0012057318,103.74168,93.59437000000001,0.00034195780000000005,6.169811,0.04834282,110.3069,0.027664782049999996,0.002534569497,0.07865778,256.778,0.027664782049999996,0.002534569497,0.012731619,483.91910000000007,0.027664782049999996,0.002534569497,0.010013339999999999,497.0205799999999,0.027664782049999996,0.002534569497,0.006309157,4.190972e-05,6.454674999999999e-05,-0.007230204000000004,28.874890299999997,0.06100141,0.005150961999999999,0.002531473,1.3700164e-05,0.00013540227999999998
73,1607053800,11.064535000000001,11.064539,0.003884072,-0.8484904,6.47131,2.737227,5.67006,4.665555,0.40758796999999997,5.258446999999999,3.0775479999999996e-05,1.0109666999999999e-05,1.1320527e-05,1.5080833e-05,2.5447528e-05,4.067792e-05,6.198577e-05,0.00012727093,3.258795,2.271666,0.0014949791,101.30753999999999,91.39130000000002,0.00036714029999999995,6.297757000000001,0.04870497,118.2542,0.0321410768,0.00294496588,0.08250244,286.5715,0.0321410768,0.00294496588,0.013552093000000001,572.25697,0.0321410768,0.00294496588,0.010898458000000001,587.0650699999999,0.0321410768,0.00294496588,0.006698922,5.2190470000000006e-05,7.45269e-05,0.0290624,15.060814299999999,0.07452456999999998,0.006329662,0.0034711190000000004,1.9009361e-05,0.00019315905
73,1607054400,14.517493000000002,14.517501999999999,0.0033382789999999996,-0.9054801299999999,6.986801,3.183826,5.814663999999999,4.912051,1.3510982999999999,7.836377000000001,4.317928e-05,2.573947e-05,2.6558732000000005e-05,3.3995793000000005e-05,5.3116359999999996e-05,7.706101e-05,0.00011809761,0.00025232497000000003,6.838878000000001,0.41802922000000003,0.0012250483,74.92886000000001,59.662,0.0004823826,6.427772999999999,0.05605494000000001,152.28951,0.0138804143,0.00127030854,0.11330026,596.2981,0.0138804143,0.00127030854,0.012453362999999999,284.57509999999996,0.0138804143,0.00127030854,0.009091052999999998,288.07794,0.0138804143,0.00127030854,0.006973176,6.56078e-05,8.826364000000001e-05,0.052246480000000005,43.505657,0.11992180000000001,0.006776764,0.0037192099999999997,3.935771e-05,0.00039212722
73,1607055000,3.120182,3.1202010000000002,0.0044190913,-1.4552030000000002,3.038006,1.573772,2.5212019999999997,2.299569,0.091918707,1.4326228,3.085031e-05,1.0365495e-05,1.1576931e-05,1.4710913e-05,2.4466459000000005e-05,4.1724859999999995e-05,4.9515110000000004e-05,9.582300000000001e-05,1.4946409999999999,0.06464424,0.0005468839999999999,76.01518000000002,54.81487,0.00010359085000000001,6.748612,0.027454069999999997,34.75462,0.0048566738800000005,0.000444117124,0.05529438000000001,131.7481,0.0048566738800000005,0.000444117124,0.008058705000000001,89.089633,0.0048566738800000005,0.000444117124,0.004803922,90.47368000000002,0.0048566738800000005,0.000444117124,0.006713102,5.352101e-05,7.566427e-05,0.010727359999999998,11.970823,0.054895769999999997,0.00582024,0.003491859,1.4115443000000001e-05,0.00010560381999999999
73,1607055600,7.2323830000000005,7.232406,0.000847981,-1.3978054,4.369670000000001,2.395995,3.7530769999999998,3.5054950000000007,0.2024705,3.295277,4.3959000000000004e-05,2.4099219999999996e-05,2.5787821999999994e-05,3.1383096e-05,4.620203e-05,6.482431e-05,9.197734e-05,0.00017241913,3.5457209999999995,0.06933695,0.0006555597,68.52532000000001,52.1121,0.00024035480000000003,6.308477,0.04168728000000001,76.86845000000001,0.0070927873,0.00064862632,0.08558452999999999,310.1051,0.0070927873,0.00064862632,0.009622869999999999,142.88403,0.0070927873,0.00064862632,0.006539631,144.83905,0.0070927873,0.00064862632,0.006926633999999999,6.381864000000001e-05,8.609782e-05,0.053587512999999996,57.69486099999999,0.08818858,0.006537418000000001,0.0037674809999999996,4.3691084e-05,0.00043716924
73,1607056200,12.799907,12.799922,-0.0012408314,-1.63795,5.2591589999999995,3.2246269999999995,4.628691,4.273816999999999,0.41143077000000006,6.003658,3.822036e-05,2.1006384000000002e-05,2.2249208999999998e-05,2.9959376e-05,4.805720999999999e-05,6.971608e-05,0.00011482996,0.00022754630000000001,6.151172000000001,0.24702856999999998,0.0012037499,72.75979,53.82839,0.0004252921,6.345745,0.05570867,135.97883,0.01035209922,0.0009474234500000001,0.11079968,540.0342999999999,0.01035209922,0.0009474234500000001,0.011075498999999999,205.09672999999998,0.01035209922,0.0009474234500000001,0.007911106000000001,208.191357,0.01035209922,0.0009474234500000001,0.007398383,7.432676e-05,9.659828e-05,-0.015145220000000001,14.543825000000002,0.08085354,0.008026519,0.0045281819999999995,2.206413e-05,0.00019931937
73,1607056800,22.715369999999997,22.71541,-0.0043340497,-0.9244258000000001,8.761807000000001,3.955021,7.602683000000001,6.7580420000000005,1.44288866,11.105865999999999,7.058696999999999e-05,5.612338900000001e-05,5.7887858e-05,7.0393964e-05,0.00010274760999999999,0.0001346668,0.00021559830000000003,0.00043783681,10.624637,0.7300816,0.0018551307,75.9989,56.72052,0.0007546187000000001,6.270681000000001,0.07348190000000002,238.90349999999998,0.0275019509,0.0025179991499999998,0.1486514,931.9781999999999,0.0275019509,0.0025179991499999998,0.0154143,518.4407100000001,0.0275019509,0.0025179991499999998,0.011938398,530.4729500000001,0.0275019509,0.0025179991499999998,0.007760968,8.206883e-05,0.00010472212,-0.024424161,24.602374900000004,0.1227599,0.009312645000000001,0.00563487,3.2495272000000004e-05,0.00034765086
73,1607057400,18.19849,18.198529999999998,-0.00098841095,-1.5793839,6.540650000000001,3.9448570000000003,6.027634999999999,5.314137,0.10726382999999999,7.330055,5.065674e-05,3.344627599999999e-05,3.4354678e-05,4.1816506000000005e-05,6.517963000000001e-05,9.031333e-05,0.00013329273,0.00024917966,7.743235,1.3535357000000001,0.0017634749999999998,87.13999,65.25523,0.0006045954999999999,6.087402,0.06929187,194.5807,0.035930515,0.00329121199,0.1286904,683.6366,0.035930515,0.00329121199,0.014226671,606.1210279999999,0.035930515,0.00329121199,0.011048101999999999,622.5975340000001,0.035930515,0.00329121199,0.008161861000000001,8.688654e-05,0.00010954769999999998,0.013638676999999998,3.9333049000000004,0.05760289,0.01016392,0.006402242000000001,1.5367490000000004e-05,0.00013368464999999997
73,1607058000,15.74561,15.745649999999998,-0.00186144373,-1.457988,6.346204999999999,3.6413649999999995,5.836602999999999,5.231483999999999,0.07058396,6.385174,7.76541e-05,5.943545599999999e-05,6.2471856e-05,7.3780068e-05,9.737539e-05,0.00013239262000000002,0.00019250462,0.00034431944,6.112242,1.7575679999999998,0.001963271,87.69908000000001,72.48256999999998,0.0005225624,6.496761000000001,0.06442624999999999,168.2644,0.0351110051,0.003216498353,0.1145181,539.2501,0.0351110051,0.003216498353,0.013534860000000001,597.953235,0.0351110051,0.003216498353,0.010552251,614.949194,0.0351110051,0.003216498353,0.007537535999999999,6.981811e-05,9.280828000000002e-05,-0.020146863,1.6453864,0.04272848,0.008423914000000001,0.0051254609999999996,1.0793812e-05,8.439228e-05
73,1607058600,19.008069999999996,19.00809,-0.0023901127,-1.4313471000000002,7.0739540000000005,3.915223,6.154463,5.581182,0.9067454400000001,8.840056,4.9479950000000004e-05,3.2051075e-05,3.2435668e-05,4.0245928e-05,6.332842999999999e-05,8.860868e-05,0.00012482603000000002,0.00025632971000000005,7.769063,1.732309,0.0019703969999999996,87.39944,70.40984,0.0006315788999999999,6.17731,0.06880618000000001,202.5346,0.009242911270000001,0.000846315236,0.12501367000000002,684.4303000000001,0.009242911270000001,0.000846315236,0.011127756,212.70824,0.009242911270000001,0.000846315236,0.007879437999999999,214.34186,0.009242911270000001,0.000846315236,0.008125378999999999,8.781592000000001e-05,0.00011097207999999999,-0.013449869,8.1616378,0.08211650000000001,0.009771149000000002,0.00620608,2.5887763e-05,0.00025390845
73,1607059200,18.42961,18.429650000000002,-0.008092133,-0.9253298000000001,8.026558000000001,3.581209,7.007315,6.180114,0.5433210799999999,8.147355000000001,6.414701000000001e-05,4.7310648000000005e-05,5.0434889e-05,6.188096300000001e-05,8.900296e-05,0.00012238789,0.00019534329,0.0003831458,7.926823999999999,1.2847627,0.0022256869999999996,83.91634,64.15956000000001,0.0006115233,6.580522,0.06729610999999999,195.2964,0.0291086635,0.00266617214,0.1296871,697.8825999999999,0.0291086635,0.00266617214,0.014788774000000001,541.07521,0.0291086635,0.00266617214,0.011560905,553.30791,0.0291086635,0.00266617214,0.007614832,7.463063e-05,9.759109e-05,0.0108817571,20.129199699999997,0.08844482,0.008707406000000001,0.005342322,3.0414143e-05,0.00031546255
73,1607059800,8.865435,8.865474,-0.006018752800000001,-1.2593429999999999,5.183972,2.6155250000000003,4.526275,4.038574,0.53698952,4.59616,4.3769329999999997e-05,2.4068074e-05,2.5494303e-05,3.2110719e-05,4.6619186999999993e-05,7.607131e-05,0.0001052292,0.00020019952,3.9289199999999993,0.5021524,0.0011164558000000002,82.90982,61.94571,0.00029427770000000004,6.537124,0.04745655,95.52435,0.0128221467,0.001173925034,0.0893341,344.65389999999996,0.0128221467,0.001173925034,0.01012326,223.902538,0.0128221467,0.001173925034,0.007020609,228.49628990000002,0.0128221467,0.001173925034,0.00733658,6.868901e-05,9.168287000000001e-05,0.036212454000000005,10.828897000000001,0.07355209,0.007747668999999999,0.004529509,1.9237894e-05,0.00016395711
73,1607060400,12.757844,12.757872,-0.010006982999999999,-1.0405098,6.371105000000001,2.95211,5.5360689999999995,4.729758,1.4126690499999999,7.137783999999999,4.684099e-05,2.9082117e-05,3.0005563999999998e-05,3.7946756e-05,5.7450899999999996e-05,8.305616e-05,0.00011612632999999999,0.00022716542,6.150136,0.2270137,0.0011736807,75.00819,55.57949,0.0004240578,6.276981,0.053484279999999995,136.60251,0.013250345100000002,0.001212583586,0.10905172999999999,542.1954,0.013250345100000002,0.001212583586,0.012047761,269.787216,0.013250345100000002,0.001212583586,0.008820264,273.726548,0.013250345100000002,0.001212583586,0.007691655,8.136119000000001e-05,0.00010391262,0.010091995999999997,30.637589000000002,0.11317870000000001,0.008727344,0.0054539359999999995,4.0147075e-05,0.00038642383
73,1607061000,16.231813,16.231851,-0.003940313198000001,-1.4084882,6.337917,3.586537,5.579233,5.014391,0.75539334,7.681272,3.2164349999999996e-05,1.3312757e-05,1.3280618000000002e-05,2.1795976e-05,3.766536e-05,5.397996e-05,7.174939000000001e-05,0.00015754628999999998,7.07996,1.0342677000000002,0.0013094661,89.92577,65.67697,0.0005395194,6.0806309999999995,0.06261649,171.23685,0.023662091899999998,0.0021670067099999997,0.11795277,618.7139999999999,0.023662091899999998,0.0021670067099999997,0.013687916,482.01098,0.023662091899999998,0.0021670067099999997,0.010454910000000001,489.50834,0.023662091899999998,0.0021670067099999997,0.008526686999999998,9.607815999999998e-05,0.00011895989999999999,0.016791940999999998,6.1459809,0.07858773999999999,0.010800849,0.0071452550000000005,2.3353619999999997e-05,0.00023325652
73,1607061600,13.330620000000001,13.33065,-0.004866989,-1.293192,6.196314,3.2675620000000003,5.719263,4.749033,0.06017376000000001,5.373165,3.833019e-05,1.8160962e-05,1.9744657e-05,2.8780379e-05,4.30482e-05,6.313768000000001e-05,8.51599e-05,0.00016653995,4.4860120000000006,2.1773900000000004,0.0014658442,96.28271,82.74648,0.0004423595,6.391150999999999,0.05922335000000001,143.35250000000002,0.031176913400000006,0.00285627157,0.09827477,396.5903,0.031176913400000006,0.00285627157,0.013419253,561.07367,0.031176913400000006,0.00285627157,0.010562027999999998,574.76699,0.031176913400000006,0.00285627157,0.008035752000000002,8.036987000000001e-05,0.00010326659,0.048665455,1.096225,0.04641303,0.009460227,0.0062178730000000005,1.2815354e-05,0.00010238004
73,1607062200,12.267213000000002,12.267241,-0.009431907,-0.8801147000000002,6.779083,2.873103,5.581070000000001,4.69218,0.9382441000000001,6.492072,3.7389759999999996e-05,1.7652045000000003e-05,1.8491771e-05,2.8176482e-05,3.748669e-05,5.7564199999999993e-05,7.432608e-05,0.00015164058,4.660122,1.4718946000000002,0.0011858696,90.54955000000001,78.88509,0.0004072715,6.291339000000001,0.05372332,131.38421,0.0233247856,0.00213629062,0.09398576,409.58601,0.0233247856,0.00213629062,0.013718724999999998,456.576671,0.0233247856,0.00213629062,0.010679283,465.764923,0.0233247856,0.00213629062,0.007698366,7.786797000000002e-05,0.00010042997,0.07663931900000001,29.4169419,0.1237662,0.008687793,0.005675782,3.5686713e-05,0.00037646453
73,1607062800,8.368444,8.368463,-0.010260390000000003,-1.0305712,5.270072999999999,2.484426,4.78012,3.987647,0.18019093000000003,3.579097,3.668221e-05,1.6070374e-05,1.7080743e-05,2.3095895e-05,3.345813e-05,5.163494e-05,6.248391999999999e-05,0.00011229973999999999,2.9707529999999998,1.2120720000000003,0.0010578865000000002,97.7765,79.78512,0.0002776536,6.246118000000001,0.04630726,89.84173000000001,0.019754689,0.0018093849000000001,0.07905994,262.0595,0.019754689,0.0018093849000000001,0.011213593,341.52967,0.019754689,0.0018093849000000001,0.008296828,350.7753100000001,0.019754689,0.0018093849000000001,0.007323761,6.370500000000001e-05,8.597225999999999e-05,0.0082012963,1.9795196000000002,0.04799932,0.007883182999999998,0.005008422,1.2025163000000002e-05,9.796818e-05
73,1607063400,17.339574000000002,17.339608,-0.005496295,-1.0931970000000002,7.0348749999999995,3.441024,6.339681000000001,5.55197,0.83796961,7.613631,5.025603000000001e-05,3.3497957999999995e-05,3.4032035e-05,4.0788822e-05,6.0371378e-05,8.356286e-05,0.00012250255,0.00024700374,7.6256767,1.0421594,0.0012919186,87.48243,70.77090999999999,0.0005762170000000001,6.2535929999999995,0.06310038999999999,184.14791,0.0182649419,0.0016719417699999999,0.11911450000000001,672.0930999999999,0.0182649419,0.0016719417699999999,0.012690225,320.44915000000003,0.0182649419,0.0016719417699999999,0.009413501,328.24442,0.0182649419,0.0016719417699999999,0.006796369000000001,5.955085000000001e-05,8.190711000000001e-05,0.0010964654999999976,46.4450497,0.11613608,0.006493348,0.003712567,4.1896660000000006e-05,0.00045362283000000003
73,1607064000,16.96235,16.962400000000002,-0.0033185897,-1.2274459000000002,7.220057,3.584874,6.313917,5.561007,0.52484865,7.561638999999998,4.926097e-05,3.1192179e-05,4.1030178e-05,4.396076800000001e-05,0.00019745546,0.00036554291000000005,0.00015232171,0.00037563671000000003,7.0358339999999995,1.4419865,0.0021134992,87.1606,69.45125,0.000563389,6.211454000000001,0.06596799,201.61939999999998,0.03241554777999999,0.002969494156,0.12011676,618.9168000000001,0.03241554777999999,0.002969494156,0.014389125,612.352049,0.03241554777999999,0.002969494156,0.011448495,627.0260529999999,0.03241554777999999,0.002969494156,0.017890826999999998,0.0006816710400000001,0.0007044411799999999,-0.03770358000000001,6.967420049999999,0.09462266999999999,0.033057614,0.024188259999999996,0.000120402301,0.00061321529
73,1607064600,22.59016,22.590200000000003,-0.003532387,-1.230921,8.421071000000001,4.261519000000001,7.509454000000001,6.605638999999999,0.34807573999999997,9.606794,7.763116e-05,6.111691e-05,6.549832e-05,7.5587294e-05,0.00014181766,0.00020437266000000002,0.00019734448,0.00041860058999999996,9.533115,1.7588560000000002,0.0018812307,87.28197999999999,65.82731,0.0007499371,6.323169999999999,0.07133121,243.7108,0.029963441400000002,0.0027439201,0.1422247,836.1278,0.029963441400000002,0.0027439201,0.015759399999999996,576.7394200000001,0.029963441400000002,0.0027439201,0.012492092,587.87525,0.029963441400000002,0.0027439201,0.009867618,0.00022677218000000002,0.00024966769000000003,0.10431280200000001,8.8164153,0.08491744999999999,0.015510721000000002,0.008836959000000002,0.000110725146,0.00057276241
73,1607065200,23.289309999999997,23.289340000000003,-0.0028036779,-1.196844,8.361443,4.280334,7.705135999999999,6.818834,0.36464522,9.683350999999998,6.465358e-05,4.7776671e-05,5.5205229000000004e-05,6.2561725e-05,0.00020243743000000004,0.00034316686,0.00017988441,0.0004271907,9.812084,1.8289649999999997,0.0022313596,89.28696,65.86334000000001,0.0007734802999999999,6.392327,0.07376838999999999,263.3681,0.0385955454,0.00353508346,0.1447848,863.4421,0.0385955454,0.00353508346,0.01598138,725.37213,0.0385955454,0.00353508346,0.012817410999999997,739.6248600000001,0.0385955454,0.00353508346,0.015133378,0.00056363812,0.00058658281,0.027793531,6.906870144000001,0.11553209999999998,0.030241152,0.019690937999999998,0.00021442879800000002,0.00101785839
73,1607065800,21.62859,21.628610000000002,-0.002898436,-1.2344241999999999,8.080746999999999,4.163167,7.360424999999999,6.385882999999999,0.2411891,9.005847,3.751553e-05,1.9927122000000005e-05,2.3727372e-05,3.2728077e-05,0.00011450354000000001,0.00019450096000000002,0.00013969358,0.00033429481,8.982558,1.8285779999999998,0.0022762547,86.86512,67.37763,0.0007184960000000001,6.360255,0.07130782,238.05540000000002,0.0261808913,0.00239774139,0.1381576,791.0451,0.0261808913,0.00239774139,0.014628009,511.54857999999996,0.0261808913,0.00239774139,0.011403732000000001,521.39174,0.0261808913,0.00239774139,0.011207686,0.00033426248999999993,0.00035729079999999996,0.004984448,29.020135019999998,0.08714712,0.018014515000000002,0.012571288,8.8482851e-05,0.00039097931
73,1607066400,17.564960000000003,17.565,-0.0017324045,-1.2775357,7.307960999999999,3.745075,6.373019,5.59851,0.44785651,8.13926,6.153725e-05,4.4167615e-05,4.607124900000001e-05,5.5082012e-05,7.745889e-05,9.7652357e-05,0.00015243347,0.00030127746,7.124855999999999,1.65534,0.0014606108,85.97795,69.22322999999999,0.0005832308999999999,6.161458999999999,0.065149,186.3453,0.028544535,0.0026142507999999997,0.12311399999999999,627.8992000000001,0.028544535,0.0026142507999999997,0.01492934,551.7627,0.028544535,0.0026142507999999997,0.011855676999999998,562.5317,0.028544535,0.0026142507999999997,0.006464019999999999,4.9407690000000004e-05,7.21982e-05,0.027756719999999995,40.762010000000004,0.08956709000000002,0.005735700000000001,0.002774159,2.6815326000000002e-05,0.00025927230000000006
73,1607067000,14.903559999999999,14.90358,0.0007857879000000001,-1.148583,6.92886,3.378537,6.201153,5.300261,0.24807006,6.267815000000001,3.949244e-05,1.9631061e-05,2.0180230000000002e-05,2.5626172e-05,3.820114e-05,5.082132e-05,8.495171999999999e-05,0.00017675655,5.432112,2.017689,0.001531578,92.88958,79.09575,0.0004949819999999999,6.40634,0.056241570000000005,158.2605,0.035085086200000004,0.0032142346500000003,0.10612927999999999,479.3477,0.035085086200000004,0.0032142346500000003,0.013853015,620.07149,0.035085086200000004,0.0032142346500000003,0.010985767,636.28998,0.035085086200000004,0.0032142346500000003,0.006220429,3.9946319999999995e-05,6.267143999999999e-05,0.005696850000000006,8.964638,0.050580059999999996,0.00499711,0.002100774,1.0760826e-05,8.668747e-05
73,1607067600,11.41553,11.41556,0.0008570070000000001,-1.0032171,6.212929000000001,2.889498,5.643132999999999,4.723006,0.02990146,4.6088,3.946402e-05,1.9063137000000002e-05,1.9605525000000002e-05,2.3757842999999996e-05,3.4101536e-05,4.2635338000000006e-05,6.549059e-05,0.00013070415,3.712941,1.9930720000000002,0.0013936773,101.19934,84.98289000000001,0.00037894679999999996,6.335189999999999,0.05004153,121.88640000000001,0.034080329,0.0031224038800000005,0.0892146,327.5177,0.034080329,0.0031224038800000005,0.013418813000000002,581.26775,0.034080329,0.0031224038800000005,0.010675921,597.99593,0.034080329,0.0031224038800000005,0.0060958620000000005,3.8472509999999995e-05,6.109478e-05,-0.112257957,69.8844579,0.07067173,0.004310823,0.0017388968,2.5049799000000003e-05,0.00025147902999999997
73,1607068200,17.069229999999997,17.06926,0.00020048319999999998,-1.0528954000000001,7.259435000000001,3.4893479999999997,6.547887,5.543908,0.6061036900000001,7.451969000000001,4.62973e-05,2.6957932000000002e-05,2.7284778000000003e-05,3.2718737e-05,4.8436847e-05,5.8725134e-05,9.660522e-05,0.00019012403,6.663638999999999,1.86907,0.0013991825999999999,95.28751,78.01049,0.0005670187999999999,6.241103,0.06052418,181.975,0.024668066,0.00225912779,0.11292463000000001,590.5896,0.024668066,0.00225912779,0.013715989999999997,477.29356999999993,0.024668066,0.00225912779,0.010665012999999997,486.33901000000003,0.024668066,0.00225912779,0.006464405000000001,4.970127e-05,7.237864e-05,0.09312884999999999,77.0810031,0.10274212,0.005525728999999999,0.0027393664999999998,2.888773e-05,0.00029175398
73,1607068800,11.97502,11.975040000000002,0.0010163561000000002,-1.1951610000000001,6.170177000000001,3.0483450000000003,5.591196,4.627754999999999,0.04976064,4.858318,3.532509e-05,1.5088029999999999e-05,1.5820543e-05,1.9869009e-05,2.903181e-05,4.04096e-05,6.593790000000001e-05,0.00014152941,3.9042679999999996,2.081379,0.0015063407,98.56170999999999,84.81259,0.0003975175,6.18544,0.05144014,127.27060000000002,0.015901547,0.0014559778999999999,0.09164908,345.4384,0.015901547,0.0014559778999999999,0.012443998000000001,335.48822,0.015901547,0.0014559778999999999,0.009650107,340.32118,0.015901547,0.0014559778999999999,0.005845472,3.122308e-05,5.386745e-05,0.008523639999999999,7.459415999999999,0.043214369999999995,0.0037371039999999993,0.0011640562,8.838258000000002e-06,6.317513e-05
73,1607069400,10.337971999999999,10.338016,0.00016650110000000009,-0.9686814,6.132937,2.7057359999999995,5.236022,4.358606,0.23467283,4.463476,3.9040609999999994e-05,1.8193376e-05,1.8807002999999996e-05,2.4115645e-05,3.759915e-05,4.327471e-05,6.84724e-05,0.00013740469,3.2881425999999996,1.879006,0.0014610307,99.83673,89.19284999999999,0.0003429549,6.402818000000001,0.04774085,111.49448,0.0202261205,0.0018525799500000001,0.08155286,290.9348,0.0202261205,0.0018525799500000001,0.011482236,360.703621,0.0202261205,0.0018525799500000001,0.008623193000000001,369.06149999999997,0.0202261205,0.0018525799500000001,0.006559536,6.264891000000001e-05,8.547697e-05,-2.5945808959999996,248.48988300000002,0.12053954,0.0049826493,0.0025747103,7.9835341e-05,0.0008381749900000001
73,1607070000,14.636288000000002,14.636306000000001,0.00048408209999999997,-0.9210599000000002,6.923423,3.079869,6.178502999999999,5.249487,0.70979319,6.616375,3.050542e-05,1.1438296e-05,1.1542158999999999e-05,1.6937301999999997e-05,3.0315686e-05,4.2291314999999994e-05,7.789093599999999e-05,0.00017716829,5.83317,1.483018,0.0015693779000000001,94.11572,76.49352,0.00048604830000000004,6.338308,0.05684458999999999,156.41552,0.026885437,0.00246244581,0.10601891,518.4255,0.026885437,0.00246244581,0.013642008,494.04013999999995,0.026885437,0.00246244581,0.010549773999999998,505.38722999999993,0.026885437,0.00246244581,0.005896876,3.836943000000001e-05,6.106285e-05,0.04274918199999998,122.084555,0.11919693999999999,0.0037990550000000004,0.000566067,3.5107466e-05,0.00035526997999999995
73,1607070600,7.283131,7.283150999999999,0.000716293,-1.1296481,5.020577,2.257269,4.179728,3.715202,0.18604823799999998,3.0832,2.683181e-05,5.8461895999999996e-06,6.403932000000001e-06,8.4558112e-06,1.2864908e-05,1.7249036999999998e-05,2.9694796999999997e-05,6.473340999999999e-05,2.1447475,1.493588,0.0030701362999999995,104.82489000000001,93.2312,0.00024166800000000006,6.375247,0.04139724,78.75934,0.018893266,0.0017305837000000002,0.06639771,191.74002000000002,0.018893266,0.0017305837000000002,0.011794223,334.4025,0.018893266,0.0017305837000000002,0.008874555,343.4227,0.018893266,0.0017305837000000002,0.005333661,3.7075038e-05,5.944879e-05,2.8911883200000004,320.900096,0.15245249,0.0013406714,-0.0010061045,6.946876200000001e-05,0.00071432407
73,1607071200,4.567657,4.5676760000000005,-0.0026421079999999998,-0.8657299,4.592503,1.7519707,3.2327489999999997,2.797473,0.43239667,2.7760456000000002,2.932638e-05,8.477075999999998e-06,9.158368999999999e-06,1.1736295999999999e-05,1.6824500999999997e-05,2.3509482e-05,4.022405999999999e-05,8.961292999999999e-05,1.6441244000000002,0.6388272799999999,0.0006658844,89.42401,79.03903999999999,0.0001515821,6.675921,0.03200609,50.62794000000001,0.015296646340000001,0.0014012893170000003,0.055847860000000006,147.03322,0.015296646340000001,0.0014012893170000003,0.009580064,259.639654,0.015296646340000001,0.0014012893170000003,0.006335633,266.664241,0.015296646340000001,0.0014012893170000003,0.005262318,2.42194e-05,4.624672e-05,0.21334154,194.2002,0.10028009,0.0007191625200000001,-0.0011973448000000002,4.1704991000000003e-05,0.00042579075999999995
73,1607071800,2.7419546,2.7419773000000003,0.008430489000000001,-1.1973023,2.730946,1.3309207,2.369547,2.1510670000000003,0.35234584999999996,1.4372224,2.3978649999999998e-05,2.7103395e-06,2.8243156e-06,4.3235662e-06,7.92382e-06,1.1369947e-05,2.1768937999999998e-05,4.8773359999999993e-05,1.3001792,0.0702883,0.0004023892,81.7196,60.19154000000001,9.110592e-05,6.651846999999999,0.02300676,30.119,0.0015410605,0.000140279543,0.04644522,115.88016999999999,0.0015410605,0.000140279543,0.006752489,32.53250799999999,0.0015410605,0.000140279543,0.003139737000000001,32.30696,0.0015410605,0.000140279543,0.0050607939999999995,1.788753e-05,3.980281e-05,0.15650944000000003,207.202925,0.08691647999999999,-0.0008569156000000002,-0.0021235219999999996,3.0826718e-05,0.00030234147
73,1607072400,1.0433313,1.043353,0.0065902815000000005,-1.6384560000000001,1.790828,0.9552353,1.3479420000000002,1.269151,0.018378016000000004,0.46212770000000003,2.24019e-05,1.2253273000000003e-06,1.4015877000000001e-06,2.297238e-06,4.045183999999999e-06,6.446696999999999e-06,1.0243692e-05,2.0964518999999998e-05,0.4553718,0.06603676,0.0002088997,85.41403,63.10218999999999,3.464786999999999e-05,6.399707999999999,0.016490079999999997,11.617909999999998,0.0004989976499999999,4.4925845e-05,0.031209960000000002,40.30779,0.0004989976499999999,4.4925845e-05,0.006118742,16.946451999999997,0.0004989976499999999,4.4925845e-05,0.0023796050000000003,16.342045,0.0004989976499999999,4.4925845e-05,0.004988464,1.2892449999999999e-05,3.4389999999999994e-05,-0.05776401,50.7541,0.04014616,-0.0018755059999999997,-0.002637454,9.460850999999999e-06,5.723802999999999e-05
73,1607073000,1.1065062,1.1065292000000002,0.0065209149999999995,-1.7744030000000002,1.6071490000000002,0.9973253,1.3050779999999997,1.242938,0.009739083,0.4627561000000001,2.497194e-05,4.0111706e-06,4.391030399999999e-06,5.590495e-06,8.077111e-06,1.1587516e-05,1.7704285e-05,3.132411e-05,0.5110041,0.04200617,0.0001563922,76.32158,57.647850000000005,3.674583999999999e-05,6.612887000000001,0.017380539999999996,12.235180000000001,0.0010932950500000002,9.94743479e-05,0.033117839999999996,45.057860000000005,0.0010932950500000002,9.94743479e-05,0.006051663,23.335512,0.0010932950500000002,9.94743479e-05,0.002325367,22.996673599999998,0.0010932950500000002,9.94743479e-05,0.004984419,1.2930419999999999e-05,3.4391710000000006e-05,-0.2462018,50.89215,0.03785273,-0.0019926759999999996,-0.0026669790000000003,9.433224999999998e-06,5.3738190000000006e-05
73,1607073600,1.2305979999999999,1.23062,0.004705274000000001,-1.7609,1.749577,1.0478758000000001,1.38278,1.308678,0.015792105,0.5178279,2.484515e-05,3.6599353e-06,4.003338e-06,5.228716e-06,7.861248e-06,1.1228207e-05,1.7703399999999997e-05,3.258607e-05,0.5746643,0.04037646,0.0001731183,74.05715000000001,56.624289999999995,4.086681e-05,6.567908,0.018113380000000002,13.419480000000002,0.0014942440499999998,0.000136092238,0.03508905,50.613910000000004,0.0014942440499999998,0.000136092238,0.0063550889999999995,29.873008999999996,0.0014942440499999998,0.000136092238,0.002667198,29.762822999999997,0.0014942440499999998,0.000136092238,0.005005344,1.311904e-05,3.478753e-05,-0.04636550900000001,48.335899999999995,0.037961089999999996,-0.001849481,-0.002616063,9.432891000000001e-06,5.1095639999999995e-05
73,1607074200,1.2153589999999999,1.2153800000000001,0.002398821,-1.759226,1.7867800000000003,1.042563,1.3909559999999999,1.296789,0.012117155,0.5101204,2.3967309999999997e-05,2.7607374e-06,3.0427912e-06,4.1283167e-06,6.573715e-06,9.451901999999999e-06,1.5071360999999996e-05,2.8413000000000007e-05,0.5670563,0.040368,0.000182797,78.69309,56.701060000000005,4.0359670000000004e-05,6.490262999999999,0.01780983,13.08624,0.00078095536,7.075368400000001e-05,0.034778989999999996,49.639700000000005,0.00078095536,7.075368400000001e-05,0.006041408,20.17376,0.00078095536,7.075368400000001e-05,0.0023685850000000003,19.622307,0.00078095536,7.075368400000001e-05,0.004963152,1.1948480000000001e-05,3.346384e-05,-0.10982767,51.657560000000004,0.03853309,-0.001935386,-0.0025936649999999998,9.069165e-06,5.590836999999999e-05
73,1607074800,1.169285,1.169306,0.0045637726,-1.753429,1.741666,1.0229858,1.3850310000000001,1.276089,0.012306009,0.49072709999999997,2.306822e-05,1.7759127999999996e-06,1.9734115e-06,2.963758e-06,5.172464e-06,7.786211e-06,1.2920409e-05,2.5986834999999996e-05,0.5404912,0.04389565,0.00019497340000000003,79.13116,57.57989000000001,3.883301e-05,6.554289,0.01746616,12.61252,0.0010692297,9.723482500000001e-05,0.03399938,47.44445,0.0010692297,9.723482500000001e-05,0.006120618,23.817930999999998,0.0010692297,9.723482500000001e-05,0.0024058099999999995,23.364445999999997,0.0010692297,9.723482500000001e-05,0.004974288,1.117934e-05,3.294064e-05,-0.10186750600000001,48.88226,0.03566352,-0.0020003210000000002,-0.002657726,8.002505e-06,4.665286e-05
73,1607075400,1.2160199999999999,1.216043,0.010611648999999999,-1.7396159999999998,1.8065800000000003,1.039356,1.4108300000000003,1.317264,0.010238936999999998,0.5093996,2.468323e-05,3.2484766000000006e-06,3.4501409e-06,4.5318857e-06,6.835760000000001e-06,9.564151e-06,1.4630357999999998e-05,2.7775522000000002e-05,0.5720174,0.03572265,0.0001960854,75.96486,55.91893,4.040206e-05,6.2977050000000006,0.01785756,13.181299999999998,0.00090134462,8.184517800000001e-05,0.03504851,50.397369999999995,0.00090134462,8.184517800000001e-05,0.006171902,23.656872,0.00090134462,8.184517800000001e-05,0.0024583070000000003,23.007513,0.00090134462,8.184517800000001e-05,0.004992782,1.159164e-05,3.344326e-05,0.10132148,47.01948,0.03627457,-0.0019146360000000002,-0.00260647,8.385686000000002e-06,4.694891e-05
73,1607076000,1.1630479999999999,1.163068,0.0048596709,-1.208789,2.0420879999999997,0.9346344,1.654288,1.526934,0.017625718,0.49934310000000004,2.420518e-05,2.8307509000000003e-06,3.1470881e-06,4.3226859e-06,6.867957e-06,9.742585e-06,1.5783771e-05,2.9527539999999997e-05,0.5564157,0.02479346,0.00023903469999999997,72.96121,54.39564,3.863905e-05,6.50976,0.01663193,12.843599999999999,0.0008695233,7.880806499999999e-05,0.03457001,49.29066999999999,0.0008695233,7.880806499999999e-05,0.006269829,19.128894000000003,0.0008695233,7.880806499999999e-05,0.002549316,18.770491,0.0008695233,7.880806499999999e-05,0.005025547,1.301184e-05,3.485120000000001e-05,0.047157740000000004,50.261070000000004,0.039291559999999996,-0.0018275,-0.002740352,9.493476000000001e-06,5.459528e-05
73,1607076600,1.0619404,1.0619608,0.0030188559999999994,-1.033302,2.0281,0.8695269,1.659914,1.5135830000000001,0.012899395999999999,0.4507885,2.564614e-05,4.371608200000001e-06,4.7682159e-06,5.950797000000001e-06,8.716648000000002e-06,1.1798349e-05,1.8452621e-05,3.328793e-05,0.4998221000000001,0.03080489,0.0002506737,73.14338,55.90136,3.525848e-05,6.583318,0.01550292,11.581909999999999,0.0011933088,0.00010849997999999999,0.032720160000000005,43.99422,0.0011933088,0.00010849997999999999,0.006523493,24.805950000000003,0.0011933088,0.00010849997999999999,0.0028153769999999996,24.58491,0.0011933088,0.00010849997999999999,0.004975514,1.18357e-05,3.338035e-05,0.09921314299999999,50.50126,0.03672047,-0.0019585279999999997,-0.0029050660000000004,8.472081000000001e-06,4.545619e-05
73,1607077200,0.7924553999999999,0.7924768,0.007606842999999999,-1.1012084,1.7987409999999997,0.7705584999999999,1.424894,1.291051,0.013870462,0.3417381,2.3113020000000002e-05,1.8720868000000002e-06,2.1192678e-06,2.9909941e-06,4.770385999999999e-06,7.127524999999999e-06,1.1545158000000001e-05,2.1279868999999998e-05,0.36195459999999996,0.03396748,0.000250192,78.28828000000001,58.71038,2.6319860000000002e-05,6.513131,0.01340287,8.918283999999998,0.0007704280600000001,6.979045400000001e-05,0.0279329,32.16049,0.0007704280600000001,6.979045400000001e-05,0.006125689,16.149838,0.0007704280600000001,6.979045400000001e-05,0.00228164,15.796766,0.0007704280600000001,6.979045400000001e-05,0.004960531,1.1004363999999999e-05,3.2558500000000003e-05,-0.026848850000000014,56.39194,0.03678985,-0.002275857,-0.0030748320000000004,8.641916e-06,5.399895999999999e-05
73,1607077800,0.7643592,0.7643807,0.00032113791000000004,-1.0231228,1.800843,0.7542756,1.4229799999999997,1.280776,0.011584635,0.3292178,2.211789e-05,8.740404999999999e-07,1.0471774e-06,1.7075205e-06,3.2071020000000007e-06,5.025555e-06,8.272912999999999e-06,1.5328102999999998e-05,0.33812,0.043827969999999994,0.0001943353,84.26827,61.56909999999999,2.539492e-05,6.421148,0.01282579,8.464502999999999,0.00035591229,3.19772128e-05,0.026898670000000003,29.72726,0.00035591229,3.19772128e-05,0.005571255999999999,8.748735,0.00035591229,3.19772128e-05,0.0017138840000000002,8.167641,0.00035591229,3.19772128e-05,0.004974419000000001,1.155037e-05,3.3111510000000004e-05,-0.015910497000000006,55.00806,0.03740481,-0.0022520910000000003,-0.0030919850000000002,8.997257000000002e-06,5.2868230000000005e-05
73,1607078400,0.5582255,0.5582471,-0.0007289110999999999,-1.0585812999999997,1.5925239999999998,0.6530751,1.2170989999999997,1.0764340000000001,0.009588375,0.24327700000000002,2.2476889999999997e-05,9.756288e-07,1.1755884e-06,1.8312742999999999e-06,3.210706e-06,5.1516829999999995e-06,8.057581e-06,1.3525999e-05,0.23616170000000003,0.0427443,0.0001703795,88.33142999999998,65.60718999999999,1.85355e-05,6.509568,0.010959554,6.339377999999999,0.00067592681,6.12697399e-05,0.022422160000000003,20.750780000000002,0.00067592681,6.12697399e-05,0.00586844,14.135879,0.00067592681,6.12697399e-05,0.0019021284999999998,13.7298875,0.00067592681,6.12697399e-05,0.004966035,1.0615263e-05,3.2250090000000004e-05,0.0037359200000000037,56.66618,0.035784880000000005,-0.0025456460000000004,-0.0032339929999999997,8.672922e-06,5.313688e-05
73,1607079000,0.7049347000000001,0.7049565,-0.002484165,-1.089889,1.732104,0.7335648000000001,1.354654,1.2121499999999998,0.011813692,0.3069039,2.2913599999999997e-05,1.3078332999999999e-06,1.4944966e-06,2.2206117e-06,3.769815e-06,5.668084e-06,8.948463000000001e-06,1.5482973e-05,0.31086090000000005,0.04139945,0.0001649312,81.85804,62.00652,2.3425359999999998e-05,6.396751999999999,0.012435419999999999,7.9074360000000015,0.0006208093899999999,5.619658299999999e-05,0.025739460000000002,27.325520000000004,0.0006208093899999999,5.619658299999999e-05,0.0058121069999999995,13.706776,0.0006208093899999999,5.619658299999999e-05,0.001908982,13.198527199999997,0.0006208093899999999,5.619658299999999e-05,0.00498179,1.115878e-05,3.2858240000000006e-05,-0.06836083999999998,54.23147,0.03601317,-0.0023477209999999997,-0.003094206,8.628375e-06,5.547097e-05
73,1607079600,0.7059851,0.7060070999999999,0.016519290000000002,-1.0823203000000001,1.7271150000000002,0.7320283,1.3624550000000002,1.2240000000000002,0.012053703,0.3063811,2.2593240000000002e-05,9.817398e-07,1.1803177e-06,1.917629e-06,3.499852e-06,5.454792e-06,8.835962e-06,1.6371905999999998e-05,0.3131449,0.039650990000000004,0.00015550559999999997,85.09751,61.56509,2.3434179999999995e-05,6.565348,0.01242141,7.914457000000001,0.0014366702,0.000130837555,0.025793359999999998,27.458709999999996,0.0014366702,0.000130837555,0.006433960000000001,25.878022000000005,0.0014366702,0.000130837555,0.002541069,25.846855999999995,0.0014366702,0.000130837555,0.005007286,1.127511e-05,3.3188309999999996e-05,-0.21594478,53.57455,0.03519193999999999,-0.0023793969999999997,-0.003147871,8.569017e-06,4.4989070000000004e-05
73,1607080200,0.6749547,0.6749764,0.0218039,-1.2110090000000002,1.6875520000000002,0.7349968,1.317154,1.167111,0.011574270000000001,0.2931381999999999,2.253355e-05,9.535547999999998e-07,1.1146769999999999e-06,1.8057856999999997e-06,3.232267e-06,5.0473800000000005e-06,8.109617e-06,1.3612488999999999e-05,0.2936251,0.043665539999999996,0.0001505517,87.44181,63.02647999999999,2.2432890000000003e-05,6.444592,0.01228827,7.530421,0.00111780553,0.000101651379,0.02502935,25.77323,0.00111780553,0.000101651379,0.006198873000000001,21.996696,0.00111780553,0.000101651379,0.0022996469999999997,21.749416999999998,0.00111780553,0.000101651379,0.004977982000000001,1.090634e-05,3.2643629999999996e-05,-0.03975019,56.321709999999996,0.03593866,-0.002428316,-0.003121448,8.484531e-06,4.9640360000000004e-05
73,1607080800,0.6526431,0.652665,0.04500714000000001,-1.438094,1.6172369999999998,0.7432411,1.246425,1.106207,0.008910063,0.280648,2.2693099999999998e-05,1.0626276e-06,1.2261717999999998e-06,1.9099769e-06,3.167947e-06,5.026236999999999e-06,7.731227e-06,1.4439181e-05,0.2833401,0.0426468,0.0002987452,87.73669999999998,63.18646,2.167666e-05,6.549174000000001,0.012452260000000001,7.251223,0.00055838335,5.0420346399999995e-05,0.024574350000000002,24.830669999999998,0.00055838335,5.0420346399999995e-05,0.005976185,13.696421,0.00055838335,5.0420346399999995e-05,0.002053166,13.228916000000002,0.00055838335,5.0420346399999995e-05,0.004949926,9.771109e-06,3.154114e-05,0.10265362000000003,59.32189999999999,0.03466339,-0.0025110669999999996,-0.0031203260000000005,7.640596000000002e-06,4.422896e-05
73,1607081400,0.6856218999999999,0.6856439000000001,0.05385377,-1.326321,1.6420250000000003,0.7505421,1.3127280000000001,1.1694360000000001,0.008041513,0.2951893,2.228047e-05,6.394328e-07,7.869115e-07,1.3817281000000001e-06,2.535014e-06,3.887413999999999e-06,6.251669e-06,1.1314514000000001e-05,0.3036664,0.03881221,0.0003044606,87.21869,61.498360000000005,2.2783509999999997e-05,6.564437,0.012651260000000001,7.651452999999999,0.00064377875,5.828514809999999e-05,0.02556097,26.92873,0.00064377875,5.828514809999999e-05,0.005921084,14.396368999999998,0.00064377875,5.828514809999999e-05,0.0019733733,13.9648403,0.00064377875,5.828514809999999e-05,0.004930828,9.240458e-06,3.112125e-05,-0.67211839,71.99271999999999,0.032819100000000004,-0.002520571,-0.0031296839999999998,7.638144000000001e-06,4.513365e-05
73,1607082000,0.7422597,0.7422815999999999,0.04423662,-1.414886,1.6574379999999997,0.7886143999999999,1.33234,1.192987,0.008462748,0.315884,2.289425e-05,1.4300821e-06,1.5813552e-06,2.2569932e-06,3.597622e-06,4.999235e-06,7.752629e-06,1.4181118999999999e-05,0.3308816,0.03994867,0.0002620689,84.73109,60.88161,2.4653290000000003e-05,6.416176,0.013236359999999999,8.141767999999999,0.00131638009,0.00011988053590000002,0.02666525,29.253180000000004,0.00131638009,0.00011988053590000002,0.006326906,24.439042999999998,0.00131638009,0.00011988053590000002,0.002446639,24.315540000000002,0.00131638009,0.00011988053590000002,0.004877279,8.154555e-06,2.986492e-05,-0.45420699999999997,78.42823000000001,0.03592516,-0.00247159,-0.00307751,7.513535e-06,5.020357e-05
73,1607082600,0.9239494999999998,0.9239713,0.04792138,-1.354803,1.886009,0.8673747,1.494571,1.3548399999999998,0.0101179,0.39178959999999996,2.3620790000000002e-05,2.0553321e-06,2.2130643999999996e-06,2.9953161e-06,4.635496e-06,6.482861999999999e-06,9.853579e-06,1.8572675e-05,0.4290101,0.032606210000000004,0.0003084647,80.9271,57.11989,3.068798e-05,6.363142,0.01466403,10.01502,0.0009129068499999999,8.2880848e-05,0.03028919,37.727470000000004,0.0009129068499999999,8.2880848e-05,0.006145029,18.366327000000002,0.0009129068499999999,8.2880848e-05,0.0023396420000000003,18.006362000000003,0.0009129068499999999,8.2880848e-05,0.004899024,8.917627e-06,3.072674e-05,-0.5298474,77.0976,0.03789426,-0.0022784930000000004,-0.0029456289999999995,8.187070000000001e-06,5.9442760000000003e-05
73,1607083200,0.8624636000000001,0.8624856,0.04083054,-1.3075700000000001,1.787528,0.8308462000000001,1.450394,1.317453,0.007299417,0.36208260000000003,2.3029399999999997e-05,1.528883e-06,1.7003902e-06,2.4186277e-06,3.996327e-06,5.6784129999999994e-06,9.202358e-06,1.7657095e-05,0.40133279999999993,0.02958886,0.00026597649999999997,81.81343999999999,56.93026999999999,2.8644640000000003e-05,6.664022,0.014142580000000002,9.425666,0.0011315072,0.00010294634,0.029385130000000002,35.458510000000004,0.0011315072,0.00010294634,0.006239656,22.123146999999996,0.0011315072,0.00010294634,0.0023942370000000004,21.933284,0.0011315072,0.00010294634,0.0048933940000000006,8.568128000000002e-06,3.0371319999999996e-05,-0.28459031,75.62352,0.037286959999999994,-0.0023226600000000003,-0.0030012009999999998,7.462042000000001e-06,4.722138e-05
73,1607083800,0.7574507,0.7574725,0.03279293999999999,-1.118587,1.754528,0.7588386,1.40138,1.2717370000000001,0.011479225999999999,0.3242272,2.2908189999999998e-05,1.2502721000000001e-06,1.449743e-06,2.1889710000000004e-06,3.6457810000000004e-06,5.441795999999999e-06,8.610862000000002e-06,1.6306682e-05,0.3453653,0.03310497,0.00021431229999999997,83.16202000000001,58.82478,2.514621e-05,6.4480260000000005,0.01294737,8.332339000000001,0.0015911267700000002,0.00014504230799999997,0.02722985,30.45153,0.0015911267700000002,0.00014504230799999997,0.006588126,29.037468,0.0015911267700000002,0.00014504230799999997,0.0027056929999999995,29.103602000000002,0.0015911267700000002,0.00014504230799999997,0.004932857,9.310393999999998e-06,3.123142000000001e-05,-0.6804596999999999,75.89984,0.0363892,-0.0024034860000000003,-0.0030747490000000003,7.746475999999999e-06,4.7788079999999996e-05
73,1607084400,0.6233139999999999,0.6233358,0.0285449,-1.0157076,1.653201,0.6770031999999999,1.2953649999999999,1.1668869999999998,0.0101079,0.27209,2.303668e-05,1.4619018e-06,1.6469659e-06,2.3073569e-06,3.684591e-06,5.289720000000001e-06,8.25328e-06,1.5456039e-05,0.2792845,0.0321525,0.0001797094,83.17351,60.43651,2.069039e-05,6.58823,0.01163726,6.907120000000001,0.00067229442,6.0845626e-05,0.024460759999999998,24.60894,0.00067229442,6.0845626e-05,0.005986063000000001,14.515741,0.00067229442,6.0845626e-05,0.0020309179999999996,14.091945,0.00067229442,6.0845626e-05,0.004902641,8.387451e-06,3.0196640000000004e-05,-0.19064470000000003,76.46198,0.03470885,-0.002585619,-0.0032196309999999997,7.600197999999999e-06,4.558844000000001e-05
73,1607085000,0.5685298999999999,0.5685515999999999,0.03409247,-0.9624435,1.587461,0.6430186,1.256101,1.122671,0.011167964,0.2515884,2.2993359999999996e-05,1.3561397e-06,1.5248517000000001e-06,2.1272585e-06,3.2746399999999994e-06,4.675287e-06,7.415914e-06,1.3753698999999997e-05,0.2533137,0.03072454,0.0001902393,82.48127,60.897209999999994,1.887474e-05,6.690144999999999,0.011045590000000001,6.22955,0.0005905800399999999,5.34033464e-05,0.023321849999999998,22.378950000000003,0.0005905800399999999,5.34033464e-05,0.005685231000000001,11.4691491,0.0005905800399999999,5.34033464e-05,0.0017050496999999997,11.0610811,0.0005905800399999999,5.34033464e-05,0.004836562,6.452725e-06,2.821486e-05,-0.259662679,91.94997,0.03432484,-0.002679584,-0.003267578,5.8674590000000005e-06,4.297904e-05
73,1607085600,0.6898614000000001,0.6898827999999999,0.03536367,-1.17799,1.665949,0.7352154,1.340856,1.196213,0.00831364,0.29571729999999996,2.2511189999999998e-05,1.2842115e-06,1.4047170000000003e-06,1.9105637e-06,2.9586814e-06,4.13366e-06,6.504351e-06,1.2203545e-05,0.30876699999999996,0.03592475,0.00020712309999999998,84.77076,60.5274,2.291683e-05,6.299568000000001,0.01228237,7.401242000000001,0.00078681979,7.136627130000001e-05,0.025666480000000002,27.06324,0.00078681979,7.136627130000001e-05,0.006004552999999999,16.441678,0.00078681979,7.136627130000001e-05,0.0021211310000000005,16.047218,0.00078681979,7.136627130000001e-05,0.004778006,5.8033719999999994e-06,2.724139e-05,-0.020939496000000012,93.17878999999999,0.03371996,-0.0025393100000000004,-0.003148671,5.849806e-06,4.611227e-05
73,1607086200,0.7418154,0.7418370999999999,0.03216941,-1.399359,1.7026270000000001,0.7850438000000001,1.315239,1.193212,0.008205654,0.3137063,2.259711e-05,1.2719364e-06,1.4688038e-06,2.228101e-06,3.853755999999999e-06,5.726614e-06,9.291235e-06,1.6991956e-05,0.3354026,0.03522049,0.00024124130000000005,83.297,59.583749999999995,2.462721e-05,6.6016710000000005,0.01322754,8.182672,0.0017888835,0.00016312775999999997,0.026831050000000002,29.57801,0.0017888835,0.00016312775999999997,0.006721713999999999,32.845901,0.0017888835,0.00016312775999999997,0.002872396,32.952133999999994,0.0017888835,0.00016312775999999997,0.0049273120000000005,1.0276682e-05,3.18244e-05,-0.01519985,67.07282000000001,0.04043694,-0.002397894,-0.003046384,8.578923e-06,4.9942780000000004e-05
73,1607086800,0.9239555000000002,0.9239779,0.02271153,-1.435597,1.7768810000000002,0.8811220000000001,1.461083,1.306841,0.009911574000000001,0.3857688,2.33968e-05,2.0940938000000004e-06,2.2354705e-06,2.8869695e-06,4.3363863e-06,5.9797636e-06,9.333478000000001e-06,1.7963113000000003e-05,0.4125249,0.04920972,0.0001964248,80.88113,60.765150000000006,3.0692100000000004e-05,6.452484,0.01470391,9.873777,0.0010414954600000003,9.471889500000001e-05,0.029725240000000003,36.33091,0.0010414954600000003,9.471889500000001e-05,0.006154522,21.915947,0.0010414954600000003,9.471889500000001e-05,0.002358557,21.638954000000002,0.0010414954600000003,9.471889500000001e-05,0.0047790079999999995,5.980396e-06,2.746282e-05,-0.20746859000000004,82.42836,0.03402044,-0.002356686,-0.002979457,5.692633e-06,4.445256e-05
73,1607087400,0.7739888,0.7740103,0.0199766,-1.5568920000000002,1.583149,0.8185794000000002,1.294089,1.14461,0.007256432,0.3245772,2.2717549999999997e-05,1.4717708000000002e-06,1.5293938e-06,1.9189507e-06,2.8490038e-06,3.7333084e-06,5.739132e-06,1.1120177000000001e-05,0.33634569999999997,0.05046784,0.0001509276,85.29072,63.11001,2.572489e-05,6.137649000000001,0.0136925,8.243209,0.00101867913,9.2599843e-05,0.026872919999999995,29.64936,0.00101867913,9.2599843e-05,0.006068408,20.921392700000006,0.00101867913,9.2599843e-05,0.0022062517000000005,20.611492399999996,0.00101867913,9.2599843e-05,0.0047349160000000005,4.261391999999999e-06,2.5773940000000003e-05,0.24925644,99.29834000000001,0.03188018,-0.002535475,-0.0030891620000000003,4.390405e-06,3.631665e-05
73,1607088000,0.8375765999999999,0.8375979000000001,0.02728929,-1.56461,1.6202729999999999,0.8536959000000002,1.355405,1.203899,0.005906276,0.3470161,2.2218559999999998e-05,1.1597204e-06,1.1458224000000003e-06,1.5298795e-06,2.3433274e-06,3.1330522e-06,5.1770629000000005e-06,1.0559836e-05,0.3704275,0.0481286,0.000205114,84.64760000000001,61.588499999999996,2.783556e-05,6.168734000000001,0.01419087,8.859823,0.00075154022,6.81792894e-05,0.02816937,32.60158,0.00075154022,6.81792894e-05,0.005953514000000001,16.72903,0.00075154022,6.81792894e-05,0.002131107,16.344067,0.00075154022,6.81792894e-05,0.00468571,3.4176869999999998e-06,2.4741339999999996e-05,-0.16448399900000002,101.56492999999998,0.02924385,-0.0024918320000000002,-0.003060576,3.536045e-06,3.270576e-05
73,1607088600,0.8503502,0.8503717999999999,0.02750497,-1.564938,1.6658750000000002,0.8571526,1.35503,1.2144759999999999,0.0067019969999999995,0.35446999999999995,2.319385e-05,1.8865758999999999e-06,1.9822913e-06,2.5158624e-06,3.6623237999999996e-06,5.025579999999999e-06,7.894513000000001e-06,1.5811108999999996e-05,0.3796611,0.045275899999999994,0.00019774140000000003,79.39069,60.73857,2.825575e-05,6.345796,0.01429758,8.986692000000001,0.0006625952299999999,6.0051521399999996e-05,0.028465639999999993,33.24571,0.0006625952299999999,6.0051521399999996e-05,0.005882513,14.898634000000001,0.0006625952299999999,6.0051521399999996e-05,0.0020615760000000003,14.456330099999999,0.0006625952299999999,6.0051521399999996e-05,0.004720842,4.117248e-06,2.5562130000000003e-05,0.31054335999999994,92.37507000000001,0.03126834,-0.00249027,-0.0030555419999999996,4.202404000000001e-06,3.722911e-05
73,1607089200,0.7317148,0.7317366000000001,0.02879564,-1.4949109999999997,1.5646610000000003,0.791833,1.298852,1.1376719999999998,0.007861332,0.3059740999999999,2.3279440000000002e-05,1.9319e-06,2.0511131099999996e-06,2.5375199e-06,3.5860401000000003e-06,4.7541649e-06,7.2321505999999995e-06,1.4171514e-05,0.3136014,0.052040750000000004,0.0001764338,83.07156,64.31303,2.430219e-05,6.280178000000001,0.01312933,7.723693,0.00047810859,4.3051778999999996e-05,0.025915889999999997,27.57115,0.00047810859,4.3051778999999996e-05,0.005799734,13.981944000000002,0.00047810859,4.3051778999999996e-05,0.001894336,13.376166999999999,0.00047810859,4.3051778999999996e-05,0.004726315,3.5625150000000004e-06,2.51742e-05,0.19680134,93.7475915,0.027093249200000002,-0.002653635,-0.003188224,3.828896000000001e-06,3.167439e-05
73,1607089800,0.8149335000000001,0.8149551,0.03210534999999999,-1.341568,1.6869140000000002,0.8196294999999999,1.419044,1.2560660000000001,0.010406028,0.3449611,2.281514e-05,1.5374649e-06,2.3132373e-06,2.2595835000000002e-06,3.1434509999999998e-06,4.218975e-06,6.7827430000000004e-06,1.36494e-05,0.35277800000000004,0.05445142000000001,0.0002018578,84.57207,63.494659999999996,2.7070989999999998e-05,6.495352,0.013539030000000002,8.662034,0.00147419059,0.0001343795367,0.02741561,30.924799999999998,0.00147419059,0.0001343795367,0.006253422999999999,27.553511000000004,0.00147419059,0.0001343795367,0.0024214469999999997,27.504913,0.00147419059,0.0001343795367,0.004752863,6.238448e-06,2.7769189999999998e-05,0.213541156,141.25842,0.043698020000000004,-0.002550366,-0.003135347,1.5043402999999997e-05,0.00015264445
73,1607090400,0.7269416000000001,0.7269628,0.03282778,-1.277443,1.6872529999999997,0.7670395,1.354768,1.206826,0.007145199,0.3070274,2.217001e-05,9.840151999999999e-07,1.1130147e-06,1.6827394999999997e-06,2.971683e-06,4.310345e-06,7.329273e-06,1.3920172999999999e-05,0.3210085,0.042235060000000005,0.000193708,85.86708,61.69385,2.4139729999999997e-05,6.550592,0.01285051,7.944239000000001,0.0015546199800000001,0.0001417359627,0.026255849999999997,28.333430000000003,0.0015546199800000001,0.0001417359627,0.00641794,27.72147,0.0015546199800000001,0.0001417359627,0.0025690630000000003,27.826371,0.0015546199800000001,0.0001417359627,0.00483102,7.634355999999999e-06,2.900073e-05,0.44529910000000006,77.5806,0.0352794,-0.0024826500000000003,-0.00309993,6.733035999999999e-06,4.347496e-05
73,1607091000,0.6804984,0.6805194,0.01917717,-1.163124,1.664527,0.7315208,1.3350039999999999,1.18515,0.0075718140000000005,0.2894711,2.242089e-05,1.4078103e-06,1.5697557000000002e-06,2.2466190999999996e-06,3.4784826000000002e-06,4.8731020000000005e-06,7.834198e-06,1.4113012000000001e-05,0.2994739,0.040617520000000004,0.00012083682000000001,82.84712999999999,62.033640000000005,2.2607070000000004e-05,6.39719,0.01213874,7.349678999999999,0.00036953715,3.32215182e-05,0.0252083,26.094759999999997,0.00036953715,3.32215182e-05,0.0056609550000000005,10.050976,0.00036953715,3.32215182e-05,0.0018058309999999997,9.448542,0.00036953715,3.32215182e-05,0.004833565,7.831625999999999e-06,2.915112e-05,0.57058553,77.64772,0.036330020000000005,-0.0025392719999999995,-0.0031548149999999996,6.659997000000001e-06,4.310008000000001e-05
73,1607091600,0.7248694,0.7248905999999999,0.01524054,-1.166367,1.592973,0.7531594,1.3672910000000003,1.2180750000000002,0.011742698,0.3094345,2.288252e-05,1.9009519000000003e-06,1.98914954e-06,2.4471473e-06,3.3697334e-06,4.4587124e-06,7.0255143e-06,1.39806e-05,0.31718250000000003,0.04513017999999999,8.487588e-05,82.78497,62.579420000000006,2.407349e-05,6.484165,0.01235909,7.5561750000000005,0.00144702089,0.000131888058,0.025896379999999997,27.68933,0.00144702089,0.000131888058,0.006368819,26.833683999999998,0.00144702089,0.000131888058,0.0025207020000000005,26.797676000000003,0.00144702089,0.000131888058,0.004644948,2.333168e-06,2.355882e-05,0.2660715618,61.9327115,0.0182982775,-0.002692739,-0.00324469,2.5084735e-06,2.4009230000000003e-05
73,1607092200,0.7818873,0.7819086000000002,0.007987896,-1.0785144,1.7291779999999999,0.7750522,1.44717,1.279166,0.012052417999999999,0.3563332,3.3479859999999995e-05,1.59518731e-05,1.1917466e-05,9.2350383e-06,8.052275499999999e-06,7.812279600000002e-06,9.4114889e-06,1.5658595e-05,0.3402786,0.05046213999999999,0.0001125924,86.50796,63.112019999999994,2.5966440000000002e-05,6.459045999999999,0.01279219,9.651297,0.0011634965000000001,0.0001181971349,0.026871620000000002,29.979699999999998,0.0011634965000000001,0.0001181971349,0.0060092010000000005,18.393697,0.0011634965000000001,0.0001181971349,0.0021978209000000004,18.261401499999998,0.0011634965000000001,0.0001181971349,0.004805927999999999,0.00010563315200000001,0.00012698024999999998,-3.7744002921999993,255.21841769999997,0.0475361456,-0.0025961259999999994,-0.0032026400000000005,0.0005357224110000001,0.005740938209999999
73,1607092800,0.8147582999999999,0.8147796999999999,0.019495400000000003,-1.090915,1.595374,0.7851404,1.470232,1.314414,0.009166154999999999,0.3391699,2.302525e-05,1.958939e-06,2.028452e-06,2.466241e-06,3.43973e-06,4.466023e-06,7.028882999999999e-06,1.457098e-05,0.3653336,0.04190133,0.00010633697,82.09338,60.68868999999999,2.705584e-05,6.545758999999999,0.013053829999999999,8.493997,0.00120583297,0.00010969229499999998,0.02783593,32.04699,0.00120583297,0.00010969229499999998,0.006388340000000001,23.914711000000004,0.00120583297,0.00010969229499999998,0.002569136,23.796985000000003,0.00120583297,0.00010969229499999998,0.004624934000000001,1.752913e-06,2.3023399999999997e-05,-0.13728861000000003,29.205147500000002,0.008472059189999999,-0.002636304,-0.003208253,1.4347455e-06,1.76027e-05
73,1607093400,0.7869797999999999,0.7870011,0.02006187,-0.8848718,1.5893349999999997,0.7411441999999999,1.482797,1.321691,0.010194746,0.3313205,2.3463619999999998e-05,2.2758687999999996e-06,2.3497702999999998e-06,2.7952395e-06,3.645758e-06,4.611900000000001e-06,6.993921999999999e-06,1.3928461999999998e-05,0.34808859999999997,0.04526726,9.482872999999999e-05,81.13328,62.02844,2.614497e-05,6.480316999999999,0.012701770000000001,8.164413,0.0005379813000000001,4.8469357e-05,0.02709298,30.433209999999995,0.0005379813000000001,4.8469357e-05,0.005942937,12.189994000000002,0.0005379813000000001,4.8469357e-05,0.002100241,11.738240999999999,0.0005379813000000001,4.8469357e-05,0.004627396,1.3096847000000001e-06,2.271995e-05,-0.008205593300000001,1.2448545999999998,0.0008786694200000001,-0.002720883,-0.003291309,7.688415e-07,1.101379e-05
73,1607094000,0.43317880000000003,0.4332001,0.03569166,-0.3633386,1.299265,0.47828350000000003,1.199474,1.0385564999999999,0.005680907000000001,0.1841915,2.16201e-05,4.2468352e-07,4.2578625e-07,5.684272e-07,8.765492000000001e-07,1.1248656e-06,1.9104594e-06,4.4209287e-06,0.1708245,0.045673620000000005,8.051061999999999e-05,93.40849,71.18556,1.4391220000000002e-05,6.0547,0.009723084000000002,4.586247999999999,0.00092788422,8.43747628e-05,0.01919187,15.137030000000001,0.00092788422,8.43747628e-05,0.005915425,17.192097999999998,0.00092788422,8.43747628e-05,0.0018752434,17.015738,0.00092788422,8.43747628e-05,0.004613402,8.670066e-07,2.214816e-05,-0.01179307,2.3396730000000003,0.0006265782699999999,-0.003107721,-0.0035328520000000004,8.028472e-07,1.09329e-05
73,1607094600,0.45893170000000005,0.458953,0.02732157,-0.42077680000000006,1.3525189999999998,0.49320640000000004,1.222613,1.0624829999999998,0.006264789,0.1981929,2.2087219999999996e-05,9.389357100000001e-07,9.5721207e-07,1.14417945e-06,1.5371532000000001e-06,1.9651451999999997e-06,3.0987011000000003e-06,6.364442e-06,0.1874881,0.041885870000000006,7.4796e-05,88.48639,68.65270000000001,1.5242529999999997e-05,6.373145,0.010005982,4.757366,0.0005333919400000001,4.815976700000001e-05,0.01993628,16.35757,0.0005333919400000001,4.815976700000001e-05,0.005573061,10.3341,0.0005333919400000001,4.815976700000001e-05,0.0015541073999999998,9.8857157,0.0005333919400000001,4.815976700000001e-05,0.004619585000000001,1.0227333e-06,2.231904e-05,1.2308291556,48.370261,0.0064480111,-0.003069244,-0.0035103109999999995,1.1502151000000002e-06,1.5263359999999997e-05
73,1607095200,0.49758329999999995,0.4976046,0.02958019,-0.4618372,1.362154,0.5144850000000001,1.265101,1.105382,0.006117742,0.20919849999999998,2.209517e-05,9.233156999999999e-07,1.00918476e-06,1.1617261699999999e-06,1.5588629999999996e-06,2.0158801e-06,3.2502687999999995e-06,7.000416000000001e-06,0.2071631,0.041519799999999996,9.095596000000001e-05,88.54524,66.83351,1.6527050000000003e-05,6.584359999999999,0.01037589,5.114936999999999,0.00038046082,3.4093421e-05,0.020918250000000003,17.933070000000004,0.00038046082,3.4093421e-05,0.005638181000000001,8.868157,0.00038046082,3.4093421e-05,0.0016510634999999999,8.331255,0.00038046082,3.4093421e-05,0.00462649,1.4903488999999999e-06,2.280704e-05,0.9703229480000001,59.13813019999999,0.0081273857,-0.0029757739999999996,-0.0034404229999999993,2.0244553e-06,2.3979729999999995e-05
73,1607095800,0.4413711,0.4413926999999999,0.03312089,-0.41570989999999997,1.30369,0.4907635,1.202887,1.043695,0.005708062,0.1867327,2.2684800000000003e-05,1.2110835e-06,1.2702373999999999e-06,1.5170396e-06,1.9874512e-06,2.5727701e-06,3.988460999999999e-06,7.917713e-06,0.17580210000000002,0.04477255,8.905604e-05,89.37051,70.47497999999999,1.4653110000000001e-05,6.675847999999999,0.009658597,4.561847000000001,0.00109314641,9.95147333e-05,0.01928742,15.26849,0.00109314641,9.95147333e-05,0.006058583,19.946246999999996,0.00109314641,9.95147333e-05,0.0020210805000000004,19.835803000000006,0.00109314641,9.95147333e-05,0.004641999999999999,9.23902e-07,2.246282e-05,-0.027602329999999998,5.115767,0.0023061335,-0.003093994,-0.0035289790000000002,8.215797e-07,1.1382370000000001e-05
73,1607096400,0.42863249999999997,0.42865390000000003,0.030490269999999996,-0.3602926,1.2905250000000001,0.4868746,1.1981629999999999,1.0293704000000001,0.004586128,0.179714,2.2412229999999997e-05,1.2145210000000001e-06,1.2729928e-06,1.5348548000000003e-06,2.0180931e-06,2.6858260000000005e-06,4.1815769999999995e-06,8.284353999999999e-06,0.1622909,0.05191796,8.454812e-05,84.90250999999998,74.39441000000001,1.4223720000000002e-05,6.513226,0.009352709,4.464025,0.0008002930600000001,7.2564966e-05,0.018574499999999997,14.1637,0.0008002930600000001,7.2564966e-05,0.005916506,15.421555000000001,0.0008002930600000001,7.2564966e-05,0.0018891379999999998,15.100634000000003,0.0008002930600000001,7.2564966e-05,0.004615741,8.669375e-07,2.217185e-05,-0.010454782999999999,1.321993,-0.00026008149999999996,-0.003102911,-0.00352385,8.117875000000001e-07,1.099355e-05
73,1607097000,0.43383380000000005,0.4338552,0.02604865,-0.3618746,1.3003890000000002,0.4915522,1.20435,1.033681,0.004878319999999999,0.1833606,2.183472e-05,3.736219e-07,4.4046876000000003e-07,5.007228299999999e-07,7.663896000000001e-07,9.9561441e-07,1.7089685e-06,4.0385820000000005e-06,0.16439149999999997,0.05241934,9.546874e-05,96.16011999999999,74.2752,1.441283e-05,6.092147,0.009515185,4.608270999999999,0.0007841075499999999,7.11357314e-05,0.01883235,14.5733,0.0007841075499999999,7.11357314e-05,0.0057751320000000005,14.115991400000002,0.0007841075499999999,7.11357314e-05,0.0017013188999999997,13.85562956,0.0007841075499999999,7.11357314e-05,0.004644661,1.0619793e-06,2.2585239999999998e-05,-0.29458739450000004,32.557707,0.0031638546999999996,-0.0031297559999999996,-0.0035620280000000005,1.6762025000000001e-06,2.1287379999999997e-05
73,1607097600,0.4305066999999999,0.43052809999999997,0.027059469999999995,-0.36256619999999995,1.2878640000000001,0.4828871,1.1913359999999997,1.0328940000000002,0.004680749999999999,0.18136599999999997,2.2357149999999997e-05,9.6821948e-07,1.0228842300000002e-06,1.2306971600000002e-06,1.5392061000000001e-06,1.9662804700000002e-06,2.95515353e-06,5.8536324e-06,0.1635188,0.051621360000000005,9.611364999999998e-05,92.92094,74.07685,1.42982e-05,6.24099,0.009517185000000001,4.5790049999999995,0.00090307363,8.2013645e-05,0.01880486,14.547609999999997,0.00090307363,8.2013645e-05,0.006038293,17.260202,0.00090307363,8.2013645e-05,0.0019719028000000005,17.042133999999997,0.00090307363,8.2013645e-05,0.004637547,9.755917e-07,2.2476339999999996e-05,0.029391773000000003,2.6179722,0.0015470171000000002,-0.003027811,-0.0034724509999999992,8.140261000000001e-07,1.1225740000000001e-05
73,1607098200,0.34424509999999997,0.3442665,0.0402273,-0.2841695000000001,1.188226,0.4366541,1.086933,0.9245157,0.005269283999999999,0.14737460000000002,2.167138e-05,2.9983327e-07,2.9637096e-07,3.9432415000000007e-07,5.107321e-07,6.219366999999999e-07,9.475319999999999e-07,2.1205841e-06,0.12133020000000001,0.05070555,8.055196e-05,101.62239000000001,79.61663,1.1437560000000001e-05,6.285027,0.008460654999999997,3.676916,0.00060273775,5.4509279199999996e-05,0.016191570000000002,10.790293000000002,0.00060273775,5.4509279199999996e-05,0.005785225,11.95207,0.00060273775,5.4509279199999996e-05,0.0016611770999999998,11.565732,0.00060273775,5.4509279199999996e-05,0.0046358779999999995,8.667897e-07,2.235609e-05,-0.025935074000000002,1.5672063999999999,0.00016686239999999996,-0.0031418500000000003,-0.003523996,8.288506999999999e-07,1.109009e-05
73,1607098800,0.32213220000000004,0.32215360000000004,0.04702535,-0.2557029,1.1662489999999999,0.4191161,1.0552069999999998,0.8957899000000001,0.004461983,0.1394975,2.220068e-05,8.1267027e-07,8.577402200000001e-07,1.02329119e-06,1.2942193e-06,1.7018634e-06,2.5172607e-06,4.844120900000001e-06,0.11040421,0.05057011,7.761829e-05,96.7187,81.64167,1.0693303e-05,6.5601,0.008340856000000002,3.3742849999999995,0.0004409650399999999,3.97447946e-05,0.015300959999999999,9.626676,0.0004409650399999999,3.97447946e-05,0.005544161000000001,9.09728,0.0004409650399999999,3.97447946e-05,0.0014092978000000002,8.6186836,0.0004409650399999999,3.97447946e-05,0.004632052999999999,8.773055000000001e-07,2.232714e-05,-1.5200000000006874e-06,3.848372799999999,0.0009710682199999999,-0.003129986,-0.0035038630000000003,8.964063e-07,1.171254e-05
73,1607099400,0.322056,0.32207749999999996,0.04768243,-0.3425555,1.148472,0.4329148,1.0472964999999999,0.8807143,0.00633939,0.1406307,2.190422e-05,4.9926424e-07,5.3751645e-07,7.0265513e-07,9.012750799999999e-07,1.23926914e-06,1.9622215400000002e-06,4.1013905e-06,0.10932096999999999,0.051617840000000005,7.872656e-05,97.25082,82.77477000000002,1.069113e-05,6.342435,0.008723198,3.3926760000000002,0.00043163293,3.8799315e-05,0.0151871,9.565293,0.00043163293,3.8799315e-05,0.005629314999999999,9.068197000000001,0.00043163293,3.8799315e-05,0.0014912696,8.572588,0.00043163293,3.8799315e-05,0.004628864999999999,8.404004e-07,2.2252530000000003e-05,0.06465454600000001,18.725715299999997,0.0029727092,-0.003191464,-0.003556387,8.423521000000001e-07,1.149176e-05
73,1607100000,0.3765825,0.37660360000000004,0.016820984,-0.3653212,1.2330019999999997,0.4628221,1.120497,0.9555296,0.005880041000000001,0.1649878,2.190246e-05,8.569364200000001e-07,8.882117399999998e-07,1.0499753999999998e-06,1.3994626000000002e-06,1.7807484000000002e-06,2.6951382000000003e-06,5.3924514999999994e-06,0.1369804,0.05124494,5.0748890000000004e-05,90.38515000000001,77.46725,1.251121e-05,6.282392,0.009421773000000001,3.9442860000000004,0.00086140542,7.8174296e-05,0.01708012,12.000956,0.00086140542,7.8174296e-05,0.005905005,15.976407999999998,0.00086140542,7.8174296e-05,0.001843506,15.784470999999996,0.00086140542,7.8174296e-05,0.004600933,8.487710000000001e-07,2.200803e-05,0.034627946,6.6857572,0.0022440029699999997,-0.003115364,-0.0035257319999999993,8.275564e-07,1.14149e-05
73,1607100600,0.25725889999999996,0.2572798,0.009074886,-0.3433847,1.0327069999999998,0.3877236999999999,0.9319410000000001,0.7793111999999999,0.003799879,0.11222054000000001,2.150727e-05,3.6217901e-07,3.8340283e-07,4.8890223e-07,6.385886000000001e-07,8.651791799999999e-07,1.3494112000000001e-06,2.7565236e-06,0.07984300000000001,0.0487374,4.168377e-05,99.70781,88.15875000000001,8.543473e-06,6.234193,0.0078084420000000005,2.7135109999999996,0.0006444248500000001,5.835951730000001e-05,0.01304043,6.996697,0.0006444248500000001,5.835951730000001e-05,0.005724084000000001,12.189581199999997,0.0006444248500000001,5.835951730000001e-05,0.001573188,11.84727996,0.0006444248500000001,5.835951730000001e-05,0.004598906,6.451987e-07,2.178839e-05,0.0032835800000000025,5.5709488,0.0014966731,-0.0033143039999999997,-0.003652385,8.427246000000001e-07,1.134863e-05
73,1607101200,0.2763641,0.27638520000000005,0.014618001,-0.40552109999999997,1.0475590000000001,0.405603,0.9621668000000001,0.8054121000000001,0.00333765,0.1181228,2.146084e-05,3.2606114999999993e-07,3.4142811000000003e-07,4.3491461e-07,6.266470300000001e-07,8.0298563e-07,1.21527414e-06,2.5421927e-06,0.08869563,0.04942964,4.9950920000000005e-05,102.07895,85.99616,9.179402e-06,6.360385,0.008172911,2.9193480000000003,0.0008462457999999999,7.678987e-05,0.013743479999999999,7.7624830000000005,0.0008462457999999999,7.678987e-05,0.005968094999999999,15.262194,0.0008462457999999999,7.678987e-05,0.0018348869999999999,15.032288,0.0008462457999999999,7.678987e-05,0.004593259000000001,7.906278999999999e-07,2.18775e-05,-0.025343344799999994,4.752798,0.0007333623999999999,-0.003215656,-0.0035834719999999994,8.924048e-07,1.182549e-05
73,1607101800,0.27062279999999994,0.270644,0.02087538,-0.44399730000000004,1.0368315,0.4025958,0.9448037000000001,0.7951368,0.003238941,0.1138534,2.166261e-05,4.095171e-07,4.1564651999999997e-07,5.1952376e-07,7.51085e-07,9.056063e-07,1.2702039999999998e-06,2.5943932000000004e-06,0.08570152,0.049550659999999996,5.178861e-05,102.04572,86.74024999999999,8.983327e-06,6.334332,0.008149565000000001,2.884263,0.0008780369,7.969769e-05,0.01360267,7.599003999999999,0.0008780369,7.969769e-05,0.005991357,15.975187,0.0008780369,7.969769e-05,0.0018308950000000001,15.789630999999996,0.0008780369,7.969769e-05,0.004618846,8.248312e-07,2.2155450000000005e-05,0.020872608000000004,1.0499323,-0.0001860804,-0.003163585,-0.0035278909999999996,7.991433999999999e-07,1.10343e-05
73,1607102400,0.26591509999999996,0.2659364,0.02115168,-0.3985516,1.0381079999999998,0.3971927,0.9426287,0.7909366999999999,0.0040636760000000004,0.11373845,2.1718300000000002e-05,4.8164476e-07,5.008326899999999e-07,6.276916699999999e-07,8.172043599999999e-07,1.1487254e-06,1.64140028e-06,3.3148421e-06,0.08448523,0.04841229,5.088635e-05,97.26532999999999,86.76098999999999,8.831716000000001e-06,6.258777,0.007964506,2.7830719999999998,0.0006597352999999998,5.9690960000000006e-05,0.01336467,7.345119000000001,0.0006597352999999998,5.9690960000000006e-05,0.005780623,12.302628,0.0006597352999999998,5.9690960000000006e-05,0.0016322286,11.970856999999999,0.0006597352999999998,5.9690960000000006e-05,0.004605896,8.156870000000001e-07,2.203013e-05,0.015372016999999998,0.6470952999999999,-0.00043125545899999997,-0.003153219,-0.0034955819999999997,8.217940000000001e-07,1.115914e-05
73,1607103000,0.26982,0.269841,0.01883766,-0.3417336,1.0515329999999998,0.3966728,0.9579668,0.8036119000000002,0.00455487,0.11699459999999999,2.143375e-05,2.6951682000000005e-07,2.9098832999999996e-07,3.9638438999999994e-07,6.231261e-07,8.440978e-07,1.3303554e-06,2.9512478999999995e-06,0.08636132999999999,0.04848935,5.147083999999999e-05,100.03927999999999,86.05974,8.953643999999999e-06,6.283923,0.008054499,2.865986,0.00102693625,9.334915899999999e-05,0.01361511,7.622106,0.00102693625,9.334915899999999e-05,0.006126745,18.75214,0.00102693625,9.334915899999999e-05,0.0019848023,18.597498,0.00102693625,9.334915899999999e-05,0.004607198,8.403980999999999e-07,2.205407e-05,0.037377101999999995,11.738504299999999,0.0028365781999999994,-0.0031601209999999997,-0.0035076499999999997,8.168114e-07,1.155186e-05
73,1607103600,0.2505482,0.2505693,0.02059831,-0.38853210000000005,1.0193559,0.3861986,0.9202781,0.7651734,0.0041309350000000005,0.10994382999999999,2.165626e-05,4.979052299999999e-07,5.1589654e-07,6.3083283e-07,8.415703e-07,1.0807314e-06,1.52761254e-06,3.0438075e-06,0.07663052000000001,0.048583289999999994,5.081333999999999e-05,101.49369,88.93010000000001,8.309493e-06,6.398154,0.007769872999999999,2.6465009999999998,0.00039013883,3.4997182e-05,0.012812109999999998,6.745374,0.00039013883,3.4997182e-05,0.005477855,7.324716,0.00039013883,3.4997182e-05,0.0013048344,6.883806100000001,0.00039013883,3.4997182e-05,0.004600622,7.797706999999999e-07,2.194422e-05,0.012430626000000002,0.8819367999999999,0.0001911609,-0.003178732,-0.003517979,8.381787000000001e-07,1.093969e-05
73,1607104200,0.31014949999999997,0.31017079999999997,0.022399679999999998,-0.431848,1.111007,0.42926070000000005,1.0165064000000001,0.8569013,0.004268025999999999,0.1332574,2.176955e-05,6.641970999999999e-07,6.877467899999999e-07,8.3841762e-07,1.1241867e-06,1.4536028000000001e-06,2.1580465e-06,4.2868582e-06,0.10562860999999998,0.04938283,5.118101e-05,91.78616,82.02804,1.030015e-05,6.350035,0.00867089,3.2613929999999995,0.0006889855,6.248696860000001e-05,0.015015700000000002,9.257560999999999,0.0006889855,6.248696860000001e-05,0.005700871000000001,12.5326797,0.0006889855,6.248696860000001e-05,0.0015792326000000003,12.228972699999998,0.0006889855,6.248696860000001e-05,0.004600194,8.292186999999999e-07,2.198785e-05,0.013635003599999997,2.690284,0.0006311961000000001,-0.0031400589999999997,-0.0035003049999999996,8.231397e-07,1.1079729999999999e-05
73,1607104800,0.2874789,0.28750010000000004,0.03210613999999999,-0.40879750000000004,1.070958,0.4113688,0.9787047,0.8288503,0.003959303999999999,0.1212538,2.19082e-05,4.823576e-07,5.1890164e-07,6.232023e-07,8.678929000000001e-07,1.2014603e-06,1.8295832000000003e-06,3.7644539999999997e-06,0.09502256,0.04864986,5.70938e-05,95.93795,84.00362,9.540702e-06,6.5370550000000005,0.008329910999999999,3.032896,0.00085179174,7.735727500000001e-05,0.014243559999999999,8.328089,0.00085179174,7.735727500000001e-05,0.0059247349999999996,16.185749500000004,0.00085179174,7.735727500000001e-05,0.001763065,15.900037299999997,0.00085179174,7.735727500000001e-05,0.004635679,8.433724999999998e-07,2.2328679999999997e-05,0.033129425000000004,2.7434683,0.0008981099999999999,-0.003158486,-0.003513545,8.785588e-07,1.113015e-05
73,1607105400,0.26102359999999997,0.26104510000000003,0.03285692,-0.4041736,1.0297450000000001,0.3930581000000001,0.9372286000000001,0.7847864,0.0034744199999999998,0.11008749999999998,2.16696e-05,2.5724289e-07,2.9483566e-07,3.5121159999999996e-07,5.026427000000001e-07,6.740983e-07,1.0221588e-06,2.210016e-06,0.08232872,0.04812421,5.297473e-05,100.85437999999999,86.98434,8.662626e-06,6.466410000000001,0.007902775,2.736266,0.00054580281,4.9260360999999993e-05,0.01326361,7.212725000000001,0.00054580281,4.9260360999999993e-05,0.0056527140000000005,10.316201000000001,0.00054580281,4.9260360999999993e-05,0.0014656641999999998,9.904535899999999,0.00054580281,4.9260360999999993e-05,0.004619773000000001,7.726731999999999e-07,2.211527e-05,-0.009997299999999997,0.6579904,-0.0007972950999999999,-0.0031934,-0.0035387220000000002,7.786368999999999e-07,1.087081e-05
73,1607106000,0.26381940000000004,0.26384130000000006,0.028410050000000003,-0.47522640000000005,1.0253575,0.40182799999999996,0.9367034999999999,0.7802488000000001,0.004508028,0.11234440000000001,2.1981179999999997e-05,4.669391299999999e-07,4.4407223999999995e-07,5.5804338e-07,7.025525e-07,9.605285e-07,1.3583636e-06,2.6125296000000006e-06,0.08454880000000001,0.04730737,4.596487000000001e-05,101.00095999999999,86.08505,8.761178e-06,6.36539,0.008026919,2.7687180000000002,0.00064410809,5.825218000000001e-05,0.01340576,7.3889439999999995,0.00064410809,5.825218000000001e-05,0.005903136,12.929595999999998,0.00064410809,5.825218000000001e-05,0.0017194844,12.578591999999999,0.00064410809,5.825218000000001e-05,0.004642245000000001,7.627518e-07,2.231342e-05,0.018390604999999997,0.7191017,-0.0004789082,-0.0032242229999999996,-0.003573047,8.600513999999998e-07,1.114317e-05
73,1607106600,0.2939298,0.2939514,0.030720099999999993,-0.4316702,1.075158,0.4189558,0.9916796000000001,0.8360504000000001,0.00386735,0.12374940000000001,2.16639e-05,3.3042518e-07,3.4366993e-07,4.914512000000001e-07,6.729851e-07,9.558852999999999e-07,1.5483573000000002e-06,3.3430711e-06,0.09982215,0.04707807,5.688592e-05,99.19915999999999,82.29064000000001,9.755007e-06,6.374755,0.008445335000000002,3.092135,0.00064205673,5.8167114400000006e-05,0.01456461,8.718135,0.00064205673,5.8167114400000006e-05,0.005918582,13.663445000000001,0.00064205673,5.8167114400000006e-05,0.0017641528000000004,13.2831108,0.00064205673,5.8167114400000006e-05,0.004622796,8.570887000000001e-07,2.221719e-05,-0.05066744999999999,15.304892799999996,0.0021212072599999998,-0.0031519939999999995,-0.0035188960000000005,9.067733000000002e-07,1.171523e-05
73,1607107200,0.31255160000000004,0.3125733,0.017814410000000003,-0.5460355000000001,1.115772,0.44623750000000006,1.0020315,0.846626,0.00501523,0.1362553,2.199558e-05,4.4670585e-07,4.6819405999999997e-07,6.157754200000001e-07,8.848184e-07,1.2450574000000002e-06,2.00085605e-06,4.3267256e-06,0.10763467,0.0485674,6.299689e-05,95.6489,81.2711,1.0370964000000001e-05,6.514131999999999,0.008794647,3.2761070000000005,0.00044833747000000006,4.0338362099999994e-05,0.01513235,9.410777999999999,0.00044833747000000006,4.0338362099999994e-05,0.005649958,9.491748,0.00044833747000000006,4.0338362099999994e-05,0.0014726963,8.991758999999998,0.00044833747000000006,4.0338362099999994e-05,0.004649403000000001,7.799932e-07,2.2388e-05,-0.011046749999999998,6.3545368,0.0015183333999999999,-0.003235379,-0.0035980859999999995,8.181057e-07,1.159499e-05
73,1607107800,0.3093233,0.3093451,0.014934969999999997,-0.5330909,1.090833,0.4416138,1.0008324,0.8453132,0.0038807710000000003,0.1322419,2.198106e-05,3.241241e-07,3.1816682e-07,4.1165206999999995e-07,5.737446e-07,7.497930100000001e-07,1.1489613600000002e-06,2.4657933e-06,0.10647685,0.04812703,5.145668e-05,99.56042999999998,81.32663,1.0281039e-05,5.965336000000001,0.008719414,3.23067,0.00043000630999999993,3.86881255e-05,0.015033699999999997,9.273492000000001,0.00043000630999999993,3.86881255e-05,0.005719732,9.697116000000001,0.00043000630999999993,3.86881255e-05,0.0015438510000000002,9.232054100000003,0.00043000630999999993,3.86881255e-05,0.0046522790000000005,7.076551999999999e-07,2.2351889999999998e-05,0.005733302000000001,0.9988601999999999,-0.00048238369999999993,-0.0032933910000000005,-0.003642567,8.620754e-07,1.121081e-05
73,1607108400,0.35572990000000004,0.3557513,0.017959950000000002,-0.47862779999999994,1.169886,0.46514430000000007,1.0719693,0.9161906,0.005531311,0.1540276,2.213563e-05,7.570606499999999e-07,7.8815256e-07,9.6152747e-07,1.2638904e-06,1.61315176e-06,2.4910629000000003e-06,4.9859725e-06,0.13019788,0.04759316000000001,5.966647e-05,96.71468,77.42644,1.1805373e-05,6.551057,0.009292400999999999,3.7425699999999993,0.00080022236,7.2563548e-05,0.01660961,11.436635,0.00080022236,7.2563548e-05,0.005886309,14.435296999999997,0.00080022236,7.2563548e-05,0.0017612888,14.164946,0.00080022236,7.2563548e-05,0.004626179,7.501008999999999e-07,2.2149130000000003e-05,0.0246210824,1.8668398,0.00042903380000000005,-0.0032212530000000003,-0.0036087380000000002,8.092968000000001e-07,1.088822e-05
73,1607109000,0.3438047,0.34382599999999996,0.01530643,-0.5106493999999999,1.157661,0.46300220000000003,1.0540825,0.8964273,0.0055496009999999995,0.14937640000000002,2.1792550000000002e-05,5.451538e-07,5.685054e-07,7.202222000000001e-07,9.971242e-07,1.3479872000000002e-06,2.1411698999999996e-06,4.539925e-06,0.124528,0.047307039999999995,5.5958700000000003e-05,93.45737,77.78592,1.1412911e-05,6.581649999999999,0.009197045000000001,3.618249,0.0007962189000000001,7.219677199999999e-05,0.01630586,10.947379000000002,0.0007962189000000001,7.219677199999999e-05,0.005784732000000001,14.494470999999999,0.0007962189000000001,7.219677199999999e-05,0.0016552364,14.1993,0.0007962189000000001,7.219677199999999e-05,0.004623697,7.340782e-07,2.210955e-05,0.006588285000000001,2.9868882,0.0005796828000000001,-0.00323398,-0.003615275,8.056911000000001e-07,1.1162590000000001e-05
73,1607109600,0.28679289999999996,0.2868142,0.019368259999999998,-0.4902951,1.073957,0.4199808,0.96723,0.8192124,0.005171904,0.12750659999999997,2.188069e-05,5.259094e-07,5.446232700000001e-07,6.7594562e-07,8.869265000000001e-07,1.15365707e-06,1.81599719e-06,3.6754403000000005e-06,0.09614509,0.04719175,4.9496800000000004e-05,97.73136000000001,83.06577,9.520130000000001e-06,6.2463809999999995,0.008422375,3.030445,0.00047080268999999994,4.237865399999999e-05,0.014367650000000001,8.482724999999999,0.00047080268999999994,4.237865399999999e-05,0.005572242999999999,9.406648,0.00047080268999999994,4.237865399999999e-05,0.0014054101999999998,8.9639391,0.00047080268999999994,4.237865399999999e-05,0.004617535,6.124451e-07,2.193052e-05,-0.015201712999999992,5.832975000000001,0.0005177636000000001,-0.003358008,-0.003707502,8.038541e-07,1.126726e-05
73,1607110200,0.27309419999999995,0.2731155,0.01863282,-0.45644809999999997,1.063308,0.40644359999999996,0.9481413999999999,0.7980993000000001,0.004419419,0.1230902,2.155849e-05,3.9011236e-07,3.9934968000000004e-07,5.0628349e-07,6.6167565e-07,8.6594461e-07,1.34574881e-06,2.7758307000000006e-06,0.09008756,0.046405470000000004,4.6648459999999996e-05,101.27185,84.11102,9.064986e-06,6.285316,0.008174441000000001,2.87753,0.00083433139,7.569848100000001e-05,0.01386009,7.888048,0.00083433139,7.569848100000001e-05,0.005872775000000001,15.163838000000002,0.00083433139,7.569848100000001e-05,0.0017200005999999997,14.9608719,0.00083433139,7.569848100000001e-05,0.004611343,6.501255e-07,2.19001e-05,0.06608060400000001,23.472730600000002,0.00310223414,-0.003349965,-0.003691134,8.503686e-07,1.15774e-05
73,1607110800,0.26425489999999996,0.26427609999999996,0.0215493,-0.4140694,1.0225450000000003,0.3967489,0.9400413000000001,0.7887617,0.0035262890000000006,0.1110461,2.173025e-05,4.3437301000000006e-07,4.5252122000000006e-07,5.590546e-07,7.159424000000001e-07,8.870886000000002e-07,1.3458325e-06,2.6722895e-06,0.08620627,0.04587028,4.316308e-05,100.36519000000001,84.87868,8.774306e-06,6.269295,0.008007703000000001,2.784773,0.0007067997000000001,6.40012e-05,0.013580039999999998,7.571535999999999,0.0007067997000000001,6.40012e-05,0.005862028,13.133366,0.0007067997000000001,6.40012e-05,0.0016965790000000001,12.824045000000002,0.0007067997000000001,6.40012e-05,0.004615958999999999,6.012056e-07,2.190381e-05,0.04323667199999999,6.393615,0.0004804096000000001,-0.0033730950000000004,-0.003710501,7.415443999999999e-07,1.080221e-05
73,1607111400,0.33204330000000004,0.3320646,0.019578030000000003,-0.48048520000000006,1.1332840000000002,0.4485083,1.0292942,0.8807902000000001,0.0062435089999999995,0.14290260000000002,2.175511e-05,5.3907367e-07,5.6324471e-07,7.191321e-07,1.0012724e-06,1.3536494999999998e-06,2.2016852e-06,4.628102800000001e-06,0.1201503,0.04579865,6.0860439999999994e-05,93.91517999999999,78.73594999999999,1.1021248e-05,6.4387039999999995,0.008936188000000001,3.468342,0.00073032883,6.62139435e-05,0.01585936,10.501937999999999,0.00073032883,6.62139435e-05,0.005856393999999999,13.7116971,0.00073032883,6.62139435e-05,0.0017432986999999997,13.411343589999998,0.00073032883,6.62139435e-05,0.004619168,6.995343e-07,2.2033380000000004e-05,-0.026263885999999997,3.8723960000000006,0.0003885538,-0.003275882,-0.003643835,8.286014e-07,1.105817e-05
73,1607112000,0.3820022,0.3820236,0.02024945,-0.48987990000000003,1.2032969999999998,0.48533589999999993,1.114274,0.9505037,0.005819590000000001,0.1615611,2.197567e-05,5.976062900000001e-07,6.132317499999999e-07,7.628593300000001e-07,1.0221322e-06,1.27427014e-06,1.99774979e-06,4.177244e-06,0.1448379,0.04609713,5.474611e-05,95.26807,74.73910000000001,1.26888e-05,6.208793,0.009613700999999999,3.9928340000000007,0.0009054938399999998,8.220280400000001e-05,0.01749564,12.671978,0.0009054938399999998,8.220280400000001e-05,0.005988907999999999,16.438975000000003,0.0009054938399999998,8.220280400000001e-05,0.0018919181999999999,16.238057900000005,0.0009054938399999998,8.220280400000001e-05,0.004630906,7.730512999999999e-07,2.2213459999999997e-05,0.0365539428,4.708655,0.0008813569999999999,-0.0032042670000000002,-0.0036066,8.077922e-07,1.174424e-05
73,1607112600,0.2985418,0.29856309999999997,0.021843130000000002,-0.6274201000000001,1.0789829999999998,0.4430593,0.9742423,0.82165,0.0042109140000000005,0.13122249999999996,2.174456e-05,2.7900082e-07,2.8393394e-07,3.819318199999999e-07,5.373962000000001e-07,6.9259897e-07,1.1590536e-06,2.5377508e-06,0.10319073000000001,0.046021530000000005,5.2138409999999996e-05,101.28502,80.92848,9.914254000000002e-06,6.1872489999999996,0.008671884,3.148179,0.0004409559999999999,3.963046e-05,0.014869160000000001,9.071959999999999,0.0004409559999999999,3.963046e-05,0.005647781,9.337826000000002,0.0004409559999999999,3.963046e-05,0.0014769470000000002,8.859193999999999,0.0004409559999999999,3.963046e-05,0.004637085000000001,6.885432000000001e-07,2.2178389999999997e-05,-0.08544848000000002,16.786063000000002,0.0024188068999999998,-0.003322171,-0.003673,8.307159e-07,1.17878e-05
73,1607113200,0.32043560000000004,0.32045700000000005,0.020604459999999998,-0.6836643,1.099345,0.46541460000000007,0.9987304000000001,0.849626,0.0037695950000000006,0.137457,2.1728140000000002e-05,3.5346547e-07,3.5985677e-07,4.705734500000001e-07,6.676709e-07,8.746901e-07,1.4142345000000002e-06,3.0911514e-06,0.11468479000000001,0.04546981,5.541147e-05,98.08084,78.53883,1.0636595999999998e-05,6.425088,0.009006693,3.3719050000000004,0.00043834059999999994,3.9405845000000005e-05,0.015668029999999996,10.071485,0.00043834059999999994,3.9405845000000005e-05,0.005717614,9.944067999999998,0.00043834059999999994,3.9405845000000005e-05,0.0015672679999999997,9.42652,0.00043834059999999994,3.9405845000000005e-05,0.004627832,6.747519999999999e-07,2.208589e-05,0.024628319999999995,5.221011500000001,0.0011290262400000001,-0.0033109900000000006,-0.00367269,8.189688999999999e-07,1.116731e-05
73,1607113800,0.2818078,0.28182910000000005,0.02332321,-0.5076320000000001,1.0532949999999999,0.4180776,0.9611167,0.8077372,0.004128647000000001,0.1203457,2.199464e-05,5.581309000000001e-07,5.8018365e-07,7.045796699999999e-07,9.222301e-07,1.181243e-06,1.7968525000000002e-06,3.6045252e-06,0.09425323999999999,0.04659154,4.9160800000000005e-05,94.41475,83.28678,9.358749e-06,6.268654,0.008341528,2.967999,0.0007351727499999999,6.664435500000001e-05,0.014181309999999999,8.2692,0.0007351727499999999,6.664435500000001e-05,0.005776142,13.659542300000002,0.0007351727499999999,6.664435500000001e-05,0.0016055943,13.356361700000003,0.0007351727499999999,6.664435500000001e-05,0.004626864,6.47341e-07,2.204641e-05,-0.056623556,15.9526552,0.0013017514,-0.0033560879999999993,-0.003693557,8.599280000000002e-07,1.188702e-05
73,1607114400,0.3180545,0.3180758,0.020289099999999997,-0.5151877,1.116146,0.44721829999999996,1.0172189,0.8633888000000001,0.005306053,0.1390632,2.16664e-05,2.6791193999999996e-07,2.6286993999999997e-07,3.667157e-07,5.294909e-07,6.860679e-07,1.1463476e-06,2.5877090000000003e-06,0.11254855999999999,0.04642052,5.118659e-05,99.26579000000001,79.32192,1.0560684e-05,6.495353,0.008904913999999998,3.3692699999999993,0.00060255602,5.4516800900000004e-05,0.01554608,9.928223,0.00060255602,5.4516800900000004e-05,0.005793496,11.841279,0.00060255602,5.4516800900000004e-05,0.0016410097999999998,11.463657200000002,0.00060255602,5.4516800900000004e-05,0.0046348100000000005,6.704497e-07,2.2150470000000002e-05,-0.0013400649999999997,1.96101,3.0423299999999977e-05,-0.0033105329999999996,-0.003669285,7.885263e-07,1.1164e-05
73,1607115000,0.3290451,0.3290666,0.020952770000000003,-0.43645310000000004,1.1383480000000001,0.4421532,1.039944,0.8863769000000001,0.004832090000000001,0.14148200000000002,2.190122e-05,3.8211355000000004e-07,3.9284872999999997e-07,5.1487721e-07,7.379904e-07,9.860821099999999e-07,1.58212141e-06,3.5043931000000002e-06,0.11860469999999998,0.04585900999999999,4.991367e-05,94.90486000000001,78.00399000000002,1.0927143e-05,6.279108,0.008924609,3.456779,0.0006625247999999999,6.004101569999999e-05,0.01593539,10.422490999999997,0.0006625247999999999,6.004101569999999e-05,0.005686086,12.061570999999999,0.0006625247999999999,6.004101569999999e-05,0.0015461141,11.762184999999999,0.0006625247999999999,6.004101569999999e-05,0.004634127,7.483847999999999e-07,2.2216539999999996e-05,-0.013108492,7.677763999999999,0.001398797,-0.003260101,-0.003635823,8.962148999999999e-07,1.1661189999999999e-05
73,1607115600,0.29803140000000006,0.29805249999999994,0.018466919999999998,-0.5424842,1.065633,0.4362289,0.9823807,0.8304628999999999,0.00333028,0.12476419999999999,2.146986e-05,3.2069214000000003e-07,3.2038665e-07,4.2633101e-07,5.955165999999999e-07,7.9084173e-07,1.27221197e-06,2.7690882e-06,0.10360251000000001,0.04535803,4.7675150000000004e-05,98.68624,80.53829999999999,9.895993e-06,6.326815,0.008649506,3.157056,0.00063269755,5.7277818599999994e-05,0.014941990000000002,9.168541,0.00063269755,5.7277818599999994e-05,0.005805823999999999,12.298604999999998,0.00063269755,5.7277818599999994e-05,0.0016731837999999998,11.937036,0.00063269755,5.7277818599999994e-05,0.00459925,6.977648e-07,2.185171e-05,0.017669689,1.0485482000000002,-0.000452753,-0.0032429760000000003,-0.003603863,8.456868e-07,1.0687589999999998e-05
73,1607116200,0.2867003,0.2867216,0.01836891,-0.4933655,1.0663826000000003,0.41931450000000003,0.9653925000000001,0.8170752,0.004504678999999999,0.1265375,2.1768649999999997e-05,5.6698732e-07,5.9999878e-07,7.439416200000001e-07,9.924148e-07,1.3281354000000001e-06,2.0521107e-06,4.1422933e-06,0.09716131,0.046127259999999996,5.019978e-05,93.43531,82.50522,9.515234999999999e-06,6.430783,0.008410614,3.033298,0.00054125047,4.8842342000000007e-05,0.014423970000000003,8.572753,0.00054125047,4.8842342000000007e-05,0.005751406999999999,11.140471999999999,0.00054125047,4.8842342000000007e-05,0.0015987504,10.727502,0.00054125047,4.8842342000000007e-05,0.004612567,7.413214e-07,2.2010429999999997e-05,-0.010218521999999997,5.125189300000001,0.00107282506,-0.003237396,-0.003586628,8.260157e-07,1.09134e-05
73,1607116800,0.2797732,0.2797943,0.015070239999999999,-0.4676751,1.0540075000000002,0.41246720000000003,0.9590542000000001,0.8072497000000001,0.003807446,0.1221177,2.1597140000000003e-05,5.316273e-07,5.654307999999999e-07,6.878220999999999e-07,9.117939999999999e-07,1.2281458999999998e-06,1.8282051999999997e-06,3.6318589e-06,0.09355752,0.0462718,4.727727e-05,97.12965999999999,83.29937,9.285867e-06,6.42239,0.008286856999999998,2.951191,0.0008226218399999998,7.4637289e-05,0.014118239999999999,8.190726000000002,0.0008226218399999998,7.4637289e-05,0.005889897,15.220291,0.0008226218399999998,7.4637289e-05,0.0017629184,14.973808,0.0008226218399999998,7.4637289e-05,0.004593954,7.822621000000001e-07,2.1872240000000003e-05,0.11689754799999999,16.4294668,0.0026622595,-0.003201101,-0.0035500599999999994,8.458759000000001e-07,1.206075e-05
73,1607117400,0.27864079999999997,0.2786620000000001,0.014846409999999999,-0.4967777,1.0399440000000002,0.41565820000000003,0.9563542,0.803462,0.00451975,0.1188366,2.129913e-05,2.4981962e-07,2.4790355e-07,3.2565116000000003e-07,4.6764120000000004e-07,5.8376686e-07,8.4167811e-07,1.8306763000000001e-06,0.09464526,0.04462836,4.1737400000000005e-05,104.14694,82.19474,9.255267999999998e-06,6.279838,0.008283879999999999,2.925647,0.0005553617,5.0219967299999995e-05,0.01423856,8.334285999999999,0.0005553617,5.0219967299999995e-05,0.005594565,10.941427000000001,0.0005553617,5.0219967299999995e-05,0.0014478651,10.542089800000001,0.0005553617,5.0219967299999995e-05,0.004591840999999999,7.639401000000001e-07,2.1847209999999997e-05,0.018619125,1.0307201999999998,0.00021802738000000003,-0.003182402,-0.003528262,8.271159000000001e-07,1.093101e-05
73,1607118000,0.2996609,0.29968199999999995,0.012390299999999998,-0.5781936,1.0680710000000002,0.43858099999999994,0.9748053000000001,0.8283253,0.004285167,0.1280781,2.1412690000000002e-05,3.2427412e-07,3.1883712999999993e-07,4.0697591e-07,5.685184e-07,7.489165000000001e-07,1.0189703099999998e-06,2.2166606e-06,0.104454,0.0453318,3.85426e-05,100.71789,80.44582000000001,9.957541999999999e-06,6.091258999999999,0.008634725999999999,3.1484630000000005,0.0006152846300000001,5.5629892e-05,0.01493454,9.155287999999999,0.0006152846300000001,5.5629892e-05,0.005841577,12.736642,0.0006152846300000001,5.5629892e-05,0.001713852,12.308657,0.0006152846300000001,5.5629892e-05,0.0045904430000000005,8.501647999999999e-07,2.1906910000000003e-05,0.043547529999999994,7.3852412,0.003978908299999999,-0.0031382089999999994,-0.0034855069999999997,8.215543e-07,1.182251e-05
73,1607118600,0.29445140000000003,0.2944725,0.016616890000000002,-0.4521223,1.069906,0.4249573,0.9884934000000001,0.8366503999999999,0.004402580999999998,0.12440550000000002,2.151969e-05,3.9338365e-07,3.9928577999999996e-07,5.141612000000001e-07,7.319933e-07,9.32001e-07,1.3965748e-06,2.9825897e-06,0.10073758,0.04643905,4.117116e-05,96.21068,81.62199000000001,9.778705e-06,6.25404,0.008542479,3.1142719999999997,0.0006372755700000001,5.7698829399999996e-05,0.01470768,8.887967,0.0006372755700000001,5.7698829399999996e-05,0.005769285000000001,12.553985,0.0006372755700000001,5.7698829399999996e-05,0.001631461,12.176671,0.0006372755700000001,5.7698829399999996e-05,0.004596744,7.985841e-07,2.192932e-05,-0.0008546209999999999,0.7779048000000001,-0.00025423120000000007,-0.003154273,-0.003506641,8.007045000000001e-07,1.0943190000000002e-05
73,1607119200,0.2537501999999999,0.2537715,0.019914209999999995,-0.43734460000000003,1.0050690000000002,0.38955360000000006,0.9177281,0.7697487000000001,0.0032964317,0.1101131,2.1678759999999997e-05,4.104647e-07,4.2936189999999993e-07,5.4520007e-07,7.520264e-07,9.922274999999998e-07,1.4969666e-06,3.2048246e-06,0.08097179,0.045849100000000004,4.560241e-05,101.00991,86.24585000000002,8.419489999999999e-06,6.560383,0.007874094,2.684399,0.00057833043,5.235618710000001e-05,0.01322602,7.183441999999999,0.00057833043,5.235618710000001e-05,0.005612001,11.124553,0.00057833043,5.235618710000001e-05,0.0014266770000000001,10.7239901,0.00057833043,5.235618710000001e-05,0.004610808,7.363609e-07,2.19967e-05,-0.00951638836,0.8419532000000001,-0.0005379985999999999,-0.0032340069999999997,-0.003562576,8.050874e-07,1.098971e-05
73,1607119800,0.260784,0.26080509999999996,0.030315220000000004,-0.5419382,1.0225063999999997,0.40431540000000005,0.9240282000000001,0.7741736,0.003496875,0.11248941999999999,2.1568059999999998e-05,3.6547261000000005e-07,3.773528e-07,4.8323698e-07,6.709164999999999e-07,8.507806599999999e-07,1.31200814e-06,2.8084388e-06,0.08549397,0.04484196,4.8488e-05,101.49409999999999,84.52926000000001,8.655822999999999e-06,6.427892999999999,0.008095851,2.78005,0.00036093438,3.2386284900000006e-05,0.013567459999999998,7.561894,0.00036093438,3.2386284900000006e-05,0.005394185000000001,7.0305267,0.00036093438,3.2386284900000006e-05,0.0012133831,6.5405457,0.00036093438,3.2386284900000006e-05,0.004612247,6.791155e-07,2.19512e-05,-0.008595067,1.193194,-0.00020342849999999994,-0.0032801469999999998,-0.0036123499999999994,7.763544e-07,1.0922419999999999e-05
73,1607120400,0.25396209999999997,0.25398319999999996,0.03366266,-0.6753530999999999,0.9917551000000001,0.4102508,0.8993524,0.7481104000000001,0.004638556,0.1122339,2.141032e-05,3.0197416e-07,3.1808154000000003e-07,4.1922529000000004e-07,5.6551771e-07,7.6628998e-07,1.1745383e-06,2.6177447e-06,0.08232555000000001,0.04460017,4.8467520000000004e-05,98.70935,85.30169000000001,8.433285e-06,6.198117999999999,0.008042503,2.707181,0.00059069788,5.3373188999999996e-05,0.01328697,7.267455000000001,0.00059069788,5.3373188999999996e-05,0.005666961000000001,10.626712000000001,0.00059069788,5.3373188999999996e-05,0.0015078745000000001,10.298027000000001,0.00059069788,5.3373188999999996e-05,0.004593448,7.259526000000001e-07,2.1802029999999998e-05,-0.07218217,24.933808899999995,0.004008050050000001,-0.003265812,-0.0035945350000000003,9.945629e-07,1.329349e-05
73,1607121000,0.2621483,0.2621695,0.03331304,-0.7282712,0.9913808,0.4203652,0.9004775,0.7602606,0.003062048,0.11004509,2.1701629999999998e-05,5.1792206e-07,5.305774700000001e-07,6.4843228e-07,8.035925e-07,1.01699862e-06,1.4766182e-06,2.9476180000000004e-06,0.08589095,0.04512428,4.982984999999999e-05,100.59355000000001,84.60661,8.701742e-06,6.268504,0.008189262,2.7925329999999997,0.00044745391,4.03005802e-05,0.01357951,7.582364,0.00044745391,4.03005802e-05,0.005508905000000001,8.525922099999999,0.00044745391,4.03005802e-05,0.0013397951,8.099067419999999,0.00044745391,4.03005802e-05,0.004610723,6.532943e-07,2.191211e-05,-0.004530529,1.0024312,-0.00042017551000000003,-0.003301353,-0.0036352570000000002,8.145448999999999e-07,1.09807e-05
73,1607121600,0.28440666666666664,0.2844279999999999,0.02976732222222222,-0.7636670000000001,1.027241111111111,0.44223366666666664,0.9301116666666667,0.7893574444444446,0.004176797777777777,0.12045477777777777,2.1727533333333335e-05,3.924543666666667e-07,4.038083222222222e-07,5.335175888888889e-07,7.357520000000001e-07,9.796309666666668e-07,1.5888034333333335e-06,3.5257820000000005e-06,0.09673219999999999,0.04540652222222222,5.5507233333333336e-05,95.34097777777778,82.0738,9.439347777777777e-06,6.342985555555555,0.00850305,2.9965422222222227,0.0004632912111111112,4.1782354444444444e-05,0.014374877777777779,8.480709999999998,0.0004632912111111112,4.1782354444444444e-05,0.00547794,9.118481333333333,0.0004632912111111112,4.1782354444444444e-05,0.0013259001111111108,8.653430555555556,0.0004632912111111112,4.1782354444444444e-05,0.004617814444444444,6.846144444444444e-07,2.200908888888889e-05,0.0036410811111111108,0.9670679999999999,-0.0006411113333333334,-0.00327016,-0.0036183488888888887,8.604483333333333e-07,1.1119255555555553e-05
73,1607122200,0.3001889,0.30021050000000005,0.03478817,-0.5733165,1.0808579999999999,0.43897840000000005,0.9851931,0.8323378,0.005330358,0.12885370000000002,2.1880389999999997e-05,2.9379680000000004e-07,2.9433188e-07,3.7642470000000003e-07,5.2918199e-07,6.7587631e-07,1.05113007e-06,2.349808e-06,0.10376611,0.04627041,5.2041200000000006e-05,100.02827999999998,81.07732,9.977806000000001e-06,6.006152,0.008627139,3.1453029999999997,0.00042762188000000005,3.8464269e-05,0.01484437,9.062065,0.00042762188000000005,3.8464269e-05,0.005467736,8.119875,0.00042762188000000005,3.8464269e-05,0.0012744811,7.678064999999999,0.00042762188000000005,3.8464269e-05,0.004653967,6.718507e-07,2.2331460000000002e-05,-0.008902915599999998,1.196848,-0.0005374729,-0.003326833,-0.003677031,7.857828000000001e-07,1.081008e-05
73,1607122800,0.3168494,0.31687079999999995,0.03737886,-0.36511780000000005,1.128523,0.4264526,1.0345064000000002,0.8781267999999999,0.0042270929999999995,0.1334243,2.1793269999999998e-05,4.4872675000000004e-07,4.6448194e-07,5.8848845e-07,8.116670000000001e-07,1.0774694000000002e-06,1.7072505999999999e-06,3.6930981000000006e-06,0.11101731,0.04734024,5.7533000000000006e-05,95.64549,80.22565999999999,1.0520086000000001e-05,6.42667,0.008359607,3.3227920000000006,0.00074855252,6.79148085e-05,0.015372180000000003,9.735685,0.00074855252,6.79148085e-05,0.0057819609999999995,14.082097,0.00074855252,6.79148085e-05,0.0016530178,13.775987200000003,0.00074855252,6.79148085e-05,0.004622734,7.187477e-07,2.2081479999999997e-05,-0.0019987629999999993,5.9559109999999995,0.0012222154999999998,-0.0032626999999999995,-0.003636689,8.574802e-07,1.1315810000000002e-05
73,1607123400,0.4323294,0.43235080000000004,0.025997379999999997,-0.4716322,1.2853910000000002,0.5013744,1.175735,1.0219058,0.005385239,0.1877571,2.240184e-05,9.452945800000001e-07,9.8037274e-07,1.1761098199999999e-06,1.5883961e-06,2.0349670999999997e-06,3.13493342e-06,6.515771399999999e-06,0.17030879999999998,0.0457838,5.3308909999999994e-05,92.43288,71.60903,1.4355570000000002e-05,6.150821,0.009353949,4.552889,0.00067813186,6.14502694e-05,0.01905604,15.004140000000001,0.00067813186,6.14502694e-05,0.005845038000000001,13.479191600000002,0.00067813186,6.14502694e-05,0.0017858394,13.1247299,0.00067813186,6.14502694e-05,0.004640191,8.923251000000001e-07,2.2409319999999997e-05,-0.032800733000000006,7.059696,0.0029873866000000005,-0.0031113520000000004,-0.0035561129999999996,8.430343e-07,1.145137e-05
73,1607124000,0.6827188000000002,0.6827398,0.02503027,-0.5726321000000001,1.548761,0.6189388,1.453657,1.2857650000000003,0.007350603999999999,0.28401339999999997,2.229816e-05,1.1674594e-06,1.1753431e-06,1.4230844e-06,2.0366609e-06,2.5666761e-06,4.0456865e-06,8.780552e-06,0.29470999999999997,0.046554240000000004,7.236489e-05,86.9179,63.71395,2.2688109999999998e-05,6.2670140000000005,0.01229222,7.251668,0.0011042714000000001,0.00010039467,0.025230419999999996,26.15702,0.0011042714000000001,0.00010039467,0.006322926999999999,21.69165,0.0011042714000000001,0.00010039467,0.0024224010000000002,21.452904,0.0011042714000000001,0.00010039467,0.004614327,1.21505e-06,2.2487800000000002e-05,-0.02952511,9.709511,0.0044582942,-0.002804487,-0.0033835690000000003,8.807714e-07,1.2086950000000001e-05
73,1607124600,0.4520392999999999,0.4520608000000001,0.031925720000000005,-0.5269839999999999,1.2924010000000001,0.5229013,1.1944489999999999,1.0341698,0.0069967910000000005,0.1923375,2.210438e-05,7.1288637e-07,7.1821266e-07,8.775707500000001e-07,1.2578174e-06,1.5903986999999996e-06,2.5673829999999995e-06,5.436867e-06,0.1814206,0.04452125,6.365516000000001e-05,90.67972,70.67171,1.5017670000000002e-05,6.363887,0.009496018,4.784827000000001,0.0006569614899999998,5.95882516e-05,0.019573530000000002,16.04547,0.0006569614899999998,5.95882516e-05,0.005740924,12.610665,0.0006569614899999998,5.95882516e-05,0.0016932251000000003,12.2510087,0.0006569614899999998,5.95882516e-05,0.004637146,8.547942999999999e-07,2.2340530000000003e-05,0.062286642,11.554415,0.0038413559999999998,-0.0031466439999999997,-0.0036116460000000005,8.620014000000001e-07,1.250329e-05
73,1607125200,0.6221739,0.6221955,0.023136801,-1.1571757000000003,1.230151,0.6867557,1.142661,1.0381433,0.007715271000000001,0.25798109999999996,2.214862e-05,7.357559e-07,6.949211800000001e-07,8.3641111e-07,1.2698156999999999e-06,1.5085033500000001e-06,2.35309607e-06,5.3959106e-06,0.271276,0.03973364,6.374977e-05,88.31487999999999,64.91538,2.068985e-05,5.802601000000001,0.011938687,6.618281999999999,0.00094176876,8.5501802e-05,0.02364537,24.07295,0.00094176876,8.5501802e-05,0.005992756,17.173015,0.00094176876,8.5501802e-05,0.0020232903,16.965348000000002,0.00094176876,8.5501802e-05,0.004642366,1.0343823e-06,2.258625e-05,0.0015015199999999995,0.70168352,-0.000548589734,-0.002932141,-0.003380354,7.871577999999999e-07,1.109173e-05
73,1607125800,0.8445388999999999,0.8445604,0.004565186000000001,-1.759499,1.2477740000000002,0.8705563,1.1749869999999998,1.086294,0.007691985000000001,0.3483849,2.2639139999999998e-05,1.3831864e-06,1.3848193e-06,1.6924249000000004e-06,2.4898104e-06,3.1432185e-06,5.0560201e-06,1.0960905e-05,0.38629379999999996,0.03588194,6.630943e-05,80.23974,58.53984999999999,2.8072859999999997e-05,6.1825980000000005,0.014805359999999998,8.888126999999999,0.00068767941,6.230333199999999e-05,0.02880413,34.06427,0.00068767941,6.230333199999999e-05,0.005785598,14.354521,0.00068767941,6.230333199999999e-05,0.0019318750999999998,13.959011899999998,0.00068767941,6.230333199999999e-05,0.004636290999999999,1.351624e-06,2.284711e-05,0.015729998000000002,-0.012376023999999998,-0.00016829300999999998,-0.0026180110000000004,-0.003096325,8.054184999999999e-07,1.1302179999999999e-05
73,1607126400,0.841723,0.8417445000000001,0.005393199999999999,-1.758111,1.2551619999999999,0.8673633000000001,1.175474,1.0830320000000002,0.0049549469999999995,0.3459757,2.3419249999999998e-05,2.1016670000000003e-06,2.1365646e-06,2.4944297000000004e-06,3.4207331e-06,4.2601932e-06,6.434716000000001e-06,1.2955167999999998e-05,0.38749799999999995,0.03326024,6.750859999999999e-05,78.39574999999999,57.920730000000006,2.797698e-05,6.301385999999999,0.01487492,8.99135,0.0010044423399999999,9.1265491e-05,0.028957709999999998,34.46022000000001,0.0010044423399999999,9.1265491e-05,0.006021495,19.200333,0.0010044423399999999,9.1265491e-05,0.0021556469999999997,19.004599199999998,0.0010044423399999999,9.1265491e-05,0.004637826,1.409154e-06,2.291062e-05,-0.006257736999999997,2.269630391,0.00183468842,-0.0025913259999999997,-0.0030798889999999997,9.089316e-07,1.205978e-05
73,1607127000,0.9095694,0.9095905999999999,0.004798422,-1.7592050000000001,1.314265,0.9013603,1.214513,1.124171,0.012010522999999999,0.3859882,2.19839e-05,6.504154e-07,5.3701268e-07,6.8233799e-07,1.242821e-06,1.37993447e-06,2.3120285e-06,5.864471e-06,0.4197098,0.03500587,5.569904e-05,82.73526,57.767680000000006,3.0259659999999995e-05,5.461622,0.01546801,9.74353,0.00118258979,0.00010761309589999999,0.03010252,37.38096,0.00118258979,0.00010761309589999999,0.006059895,21.719177999999996,0.00118258979,0.00010761309589999999,0.0022251429999999997,21.565509,0.00118258979,0.00010761309589999999,0.004635773,1.5097840000000001e-06,2.297931e-05,0.040033861000000004,6.888283932,0.004379292700000001,-0.0025434639999999996,-0.003037805,8.973103000000001e-07,1.3153779999999998e-05
73,1607127600,0.9560316,0.956053,0.0048119040000000005,-1.761014,1.3071769999999998,0.9241604999999999,1.2454880000000002,1.156985,0.006859749,0.39443829999999996,2.257571e-05,1.3758688999999999e-06,1.3414204100000001e-06,1.6793260400000002e-06,2.5608465e-06,3.26989295e-06,5.4211164e-06,1.2114955e-05,0.44310769999999994,0.03480225,7.690862e-05,80.15572999999999,57.29635,3.177821e-05,6.110421,0.01583314,10.150177000000001,0.00124494534,0.00011332122900000001,0.030938169999999997,39.300019999999996,0.00124494534,0.00011332122900000001,0.006050554,22.408578,0.00124494534,0.00011332122900000001,0.0022306720000000004,22.355121,0.00124494534,0.00011332122900000001,0.004648995,1.5098749999999999e-06,2.3122340000000003e-05,-0.0068133280000000004,0.07780593000000001,0.00022868557999999997,-0.002519009,-0.00303185,8.259018e-07,1.133975e-05
73,1607128200,0.9186686,0.9186905,0.004053031,-1.7745190000000002,1.265101,0.9063636,1.183237,1.131333,0.007545352000000001,0.3790261999999999,2.263712e-05,1.1401906e-06,1.1296498000000002e-06,1.4656015e-06,2.3783027e-06,3.1018688999999997e-06,5.375384500000001e-06,1.2269922999999999e-05,0.42605590000000004,0.03315922,9.111579e-05,79.42463,57.235569999999996,3.0529650000000003e-05,6.268715,0.01561942,9.779948,0.00092103934,8.371556799999999e-05,0.03035344,37.83753,0.00092103934,8.371556799999999e-05,0.005962703999999999,18.677089000000002,0.00092103934,8.371556799999999e-05,0.0021049510000000003,18.3654693,0.00092103934,8.371556799999999e-05,0.004666067,1.5804830000000001e-06,2.3319390000000002e-05,0.0212822827,17.453484318999998,0.00696032851,-0.002564744,-0.003067686,1.0675814e-06,1.504582e-05
73,1607128800,0.9749291,0.9749502,0.003263808,-1.7720040000000001,1.3665790000000002,0.9363532000000001,1.22235,1.17345,0.018904736999999998,0.4177263,2.29691e-05,1.5438948e-06,1.5503177e-06,1.9769581000000003e-06,3.0187953e-06,4.001112000000001e-06,6.744938000000001e-06,1.4806428e-05,0.45397239999999994,0.03335843,9.865119000000001e-05,81.313,56.89748999999999,3.2380880000000006e-05,6.440422000000001,0.016008679999999997,10.272341,0.00119150771,0.000108430491,0.031229529999999995,40.07445,0.00119150771,0.000108430491,0.006243434,25.803071,0.00119150771,0.000108430491,0.002419503,25.492873,0.00119150771,0.000108430491,0.0046656710000000014,1.7645079999999996e-06,2.3470399999999998e-05,0.10712368900000002,17.98577805,0.011908946899999998,-0.002463257,-0.002992277,1.1719600000000001e-06,1.620623e-05
73,1607129400,0.9352109000000001,0.9352324000000001,0.002710662,-1.778776,1.2947639999999998,0.9170137,1.1796,1.148922,0.008439533,0.3882071,2.368198e-05,2.2309902000000003e-06,2.2789365e-06,2.753808e-06,3.900287999999999e-06,4.9829953e-06,7.8306066e-06,1.6411300000000003e-05,0.4335881,0.033889199999999994,8.574615000000001e-05,76.54780000000001,57.270140000000005,3.1074389999999994e-05,6.384965,0.015794410000000002,9.943673999999998,0.0009942919400000002,9.0313736e-05,0.03059944,38.47124000000001,0.0009942919400000002,9.0313736e-05,0.006149103,21.35219,0.0009942919400000002,9.0313736e-05,0.00230859,21.000247199999997,0.0009942919400000002,9.0313736e-05,0.004660413,1.7094809999999998e-06,2.336576e-05,0.021235649999999995,15.60857244,0.0109465294,-0.0025016920000000002,-0.003010584,1.2219366e-06,1.7206849999999996e-05
73,1607130000,1.059069,1.0590899999999999,0.002595196,-1.779632,1.551572,0.9751626,1.245675,1.2201,0.007936464999999998,0.44137449999999995,2.476428e-05,3.869043e-06,4.112708000000001e-06,5.117243e-06,7.159582e-06,9.536834e-06,1.4511063e-05,2.633852e-05,0.49424809999999997,0.03508493,0.00012712702,75.73308,56.65265999999999,3.518085999999999e-05,6.542764,0.016908970000000002,11.505579999999998,0.0016356569700000001,0.000149100258,0.0326327,43.7332,0.0016356569700000001,0.000149100258,0.006279825000000001,29.796588000000003,0.0016356569700000001,0.000149100258,0.0025571419999999997,29.875694,0.0016356569700000001,0.000149100258,0.004845944,8.580869999999999e-06,2.9980800000000003e-05,-0.21768890000000002,73.91457,0.03682727,-0.002194191,-0.002777764,7.378466e-06,4.701219e-05
73,1607130600,1.0103762,1.0103967,0.0014307630999999999,-1.7780649999999998,1.6200869999999998,0.9537504,1.2336379999999998,1.188036,0.007833914,0.4193700999999999,2.313225e-05,2.0889239e-06,2.3207723999999997e-06,3.2415997e-06,5.333009e-06,7.769564e-06,1.2218739000000002e-05,2.2231600000000002e-05,0.4674938999999999,0.0374906,0.00014614090000000002,77.33452,57.46652,3.35772e-05,6.33398,0.016480349999999998,11.06287,0.00153705507,0.000140122967,0.031724890000000006,41.32647000000001,0.00153705507,0.000140122967,0.006355827999999999,30.409346,0.00153705507,0.000140122967,0.0026168109999999997,30.389285299999994,0.00153705507,0.000140122967,0.0049412810000000005,1.1507369999999999e-05,3.28291e-05,0.10279772999999999,53.21363,0.03991398,-0.002106116,-0.002737922,8.542113999999999e-06,5.1533479999999996e-05
73,1607131200,0.9430822000000001,0.9431034,0.0007510419000000001,-1.7672999999999999,1.6106749999999999,0.9208658999999999,1.2282760000000001,1.139959,0.009523684999999999,0.39612050000000004,2.247031e-05,1.4602622e-06,1.6682592e-06,2.4982759999999996e-06,4.2573229999999995e-06,6.4988570000000004e-06,1.0701212e-05,2.0747810000000002e-05,0.4341298,0.03718726,0.0001747977,79.62244999999999,57.96091,3.13112e-05,6.572533,0.01578886,10.244411000000001,0.00132255774,0.000120396208,0.030484310000000004,38.16216,0.00132255774,0.000120396208,0.006240567000000001,25.525416,0.00132255774,0.000120396208,0.0024931059999999997,25.470912,0.00132255774,0.000120396208,0.004896612999999999,1.0288938000000001e-05,3.1592809999999994e-05,0.20526339999999998,62.77805000000001,0.038270689999999996,-0.002217291,-0.0028315909999999996,8.339351e-06,5.2300770000000004e-05
73,1607131800,0.9729967000000002,0.9730187000000001,0.007352575,-1.7386009999999998,1.6271740000000001,0.9313708999999999,1.273876,1.191036,0.013368279,0.4121206,2.28958e-05,1.8799026999999998e-06,2.0144253e-06,2.7289366e-06,4.296082e-06,5.841853e-06,9.16931e-06,1.7170404000000002e-05,0.45352040000000005,0.0328065,0.00012670142,78.21461,56.80237999999999,3.2346829999999995e-05,6.236912,0.01581768,10.393241,0.00049581352,4.4779381500000006e-05,0.03102204,39.49991,0.00049581352,4.4779381500000006e-05,0.00576798,12.725196,0.00049581352,4.4779381500000006e-05,0.0020220050000000003,12.183451000000002,0.00049581352,4.4779381500000006e-05,0.0048718120000000005,9.1505e-06,3.058774e-05,-0.10354828999999999,68.41301,0.037105349999999995,-0.002212721,-0.002831542,7.900526e-06,4.986825e-05
73,1607132400,1.2445590000000002,1.24458,0.008858628,-1.7319699999999998,1.815281,1.0486303,1.4517440000000001,1.3452419999999998,0.023901221,0.531168,2.4691080000000003e-05,3.6191337e-06,3.9502889e-06,5.035733600000001e-06,7.534858e-06,1.0274077e-05,1.5915731999999995e-05,2.9825959000000003e-05,0.5868504,0.03519821,0.00015132665,74.16858,55.75175,4.133448000000001e-05,6.334230000000001,0.017892730000000003,13.309809999999999,0.00098293013,8.9379177e-05,0.0353351,51.411699999999996,0.00098293013,8.9379177e-05,0.006106173,23.57242,0.00098293013,8.9379177e-05,0.0024642419999999997,23.108453599999997,0.00098293013,8.9379177e-05,0.004919369000000001,1.1211645e-05,3.2615110000000006e-05,-0.26330575,58.779759999999996,0.03778182,-0.0019197180000000002,-0.0025867650000000004,9.091703e-06,5.4765620000000004e-05
73,1607133000,1.3457390000000002,1.3457589999999997,0.007289328,-1.7139030000000002,1.908248,1.0900120000000002,1.515796,1.412704,0.029752030000000002,0.5898415,2.3386119999999998e-05,2.8046432000000002e-06,3.0477154999999995e-06,4.1898776999999995e-06,6.668886e-06,9.684505e-06,1.5592771e-05,3.0927223999999997e-05,0.6400719,0.03254891,0.00017324409000000002,76.48938999999999,54.87737,4.470466e-05,6.498832,0.01857807,14.46548,0.0022673690200000003,0.00020702936,0.03688848000000001,55.90464999999999,0.0022673690200000003,0.00020702936,0.006651558,41.05640100000001,0.0022673690200000003,0.00020702936,0.0030747939999999996,41.433003,0.0022673690200000003,0.00020702936,0.004937002000000001,1.2246819999999999e-05,3.347297e-05,-0.053005988000000004,48.905800000000006,0.038924959999999995,-0.001729989,-0.0024527310000000005,9.083295e-06,5.793498999999999e-05
73,1607133600,1.3451160000000002,1.3451369999999998,0.006763094,-1.7369379999999999,1.859345,1.0879250000000003,1.4617200000000001,1.386867,0.025969127,0.5752710999999999,2.348786e-05,2.5669473000000004e-06,2.7634305999999997e-06,3.8272879999999994e-06,6.2094330000000005e-06,8.965818999999998e-06,1.4442483e-05,2.7654950000000002e-05,0.6432325000000001,0.029087419999999996,0.00016858123,74.78952,54.380430000000004,4.469071e-05,6.501678,0.01876333,14.518780000000001,0.0010960293,9.96471683e-05,0.037065289999999994,56.54344,0.0010960293,9.96471683e-05,0.006199944,24.055235,0.0010960293,9.96471683e-05,0.002596592,23.6846049,0.0010960293,9.96471683e-05,0.00493389,1.156232e-05,3.291596e-05,-0.20423923000000005,46.86952,0.03538806,-0.001772758,-0.002462101,8.474536e-06,4.979295e-05
73,1607134200,1.8159680000000002,1.815989,0.00310070402,-1.745094,2.025809,1.2676729999999998,1.660588,1.594588,0.017354130000000002,0.7630979,2.398912e-05,3.2287610999999994e-06,3.4765100000000004e-06,4.7134967e-06,7.862651e-06,1.1073113e-05,1.7894599999999996e-05,3.4910269999999995e-05,0.8747287,0.032969700000000005,0.00019938814,73.74231999999999,53.66763000000001,6.0355899999999996e-05,6.295537,0.02195366,19.48505,0.00141886019,0.000129233464,0.04331677,76.95034000000001,0.00141886019,0.000129233464,0.006374238,31.602736,0.00141886019,0.000129233464,0.0028972900000000003,31.2987183,0.00141886019,0.000129233464,0.004955366,1.275842e-05,3.414431e-05,0.18373464,44.93444,0.03957329,-0.00141159,-0.002167197,8.403122e-06,5.122522e-05
73,1607134800,1.791858,1.7918789999999998,0.008268532,-1.7302110000000002,2.091927,1.2564189999999997,1.7000389999999999,1.612512,0.015673578,0.7500935999999999,2.259841e-05,2.0862633e-06,2.2511165e-06,3.404622e-06,6.433964e-06,9.356569e-06,1.5781336e-05,3.311353e-05,0.8601478,0.03546717,0.00023904400000000002,75.45678000000001,54.02786999999999,5.953409000000001e-05,6.381112,0.02159675,19.18471,0.0013279049300000002,0.00012084636899999999,0.04289171,75.53115,0.0013279049300000002,0.00012084636899999999,0.0064329109999999995,28.569877,0.0013279049300000002,0.00012084636899999999,0.0029846669999999994,28.380805000000002,0.0013279049300000002,0.00012084636899999999,0.004923792,1.247943e-05,3.365478e-05,-0.07963788000000001,43.7528,0.03661137,-0.0014065619999999997,-0.002169881,8.560177e-06,4.7358020000000004e-05
73,1607135400,1.7276700000000003,1.727691,0.008688721,-1.7279629999999997,2.116865,1.235107,1.687363,1.587123,0.026088616,0.7410041,2.3028370000000003e-05,2.1277431e-06,2.2427513000000003e-06,3.3129779999999993e-06,5.909985e-06,8.434874e-06,1.3823120000000001e-05,2.8057499999999997e-05,0.822298,0.04125997000000001,0.0002109971,76.89027999999999,54.85028000000001,5.742137000000001e-05,6.348587,0.02124246,18.70449,0.0016545150799999997,0.000150838155,0.04198794,72.53342,0.0016545150799999997,0.000150838155,0.006572412999999999,35.017292000000005,0.0016545150799999997,0.000150838155,0.00306987,34.96691800000001,0.0016545150799999997,0.000150838155,0.004965294,1.3106669999999999e-05,3.449423e-05,-0.032496750000000005,45.34697,0.04021026,-0.001470567,-0.002223375,8.940086000000001e-06,5.055051999999999e-05
73,1607136000,1.7449400000000002,1.744961,0.003256979,-1.7667860000000002,2.0210490000000005,1.2488309999999998,1.624173,1.5477859999999999,0.011068273000000002,0.7192768,2.8291109999999998e-05,7.6488435e-06,8.156884399999999e-06,9.8918394e-06,1.3720341e-05,1.750899e-05,2.7158732999999998e-05,4.8186111999999995e-05,0.8285895,0.04355517999999999,0.0001857468,73.25851999999999,55.01643,5.797015e-05,6.337318999999999,0.02160586,18.894309999999997,0.0024144601900000003,0.0002205374312,0.04227963,73.31951999999998,0.0024144601900000003,0.0002205374312,0.006634884000000001,44.92097299999999,0.0024144601900000003,0.0002205374312,0.0031537250000000005,45.2279977,0.0024144601900000003,0.0002205374312,0.004943942,1.30299e-05,3.426797e-05,0.02704891,46.24239,0.03924760000000001,-0.0014427480000000002,-0.0022003160000000003,8.940426999999999e-06,5.430182999999999e-05
73,1607136600,1.5457309999999997,1.5457509999999999,0.0051187789999999995,-1.764799,1.9094460000000002,1.17217,1.521123,1.456769,0.012304045999999999,0.6479526999999999,2.423606e-05,3.4464049999999997e-06,3.627047700000001e-06,4.626961e-06,7.2057639999999995e-06,9.925354999999998e-06,1.5471404000000003e-05,2.84884e-05,0.7361419,0.03648546,0.00016230459999999998,74.8303,54.7405,5.137682e-05,6.274341000000001,0.02036838,16.941660000000002,0.00061513222,5.5612866999999994e-05,0.03983102,65.23155999999999,0.00061513222,5.5612866999999994e-05,0.005988675000000001,17.586821,0.00061513222,5.5612866999999994e-05,0.0024236720000000004,16.931947,0.00061513222,5.5612866999999994e-05,0.0049467059999999995,1.244847e-05,3.377118e-05,0.06572990000000001,45.16452,0.037883490000000006,-0.001561133,-0.0022757640000000004,8.470233e-06,4.7906690000000006e-05
73,1607137200,1.696284,1.696305,0.004820046,-1.7578120000000002,1.9603720000000002,1.226785,1.592147,1.536009,0.017845919,0.7100256,2.3696569999999997e-05,3.0703444e-06,3.2422746000000005e-06,4.3464886e-06,6.900721e-06,9.43764e-06,1.4523993e-05,2.764833e-05,0.8119657,0.0359285,0.000174703,75.96342000000001,54.27445,5.641255e-05,6.089881,0.0213619,18.50798,0.00222416117,0.000203030257,0.04180538,71.85549,0.00222416117,0.000203030257,0.006672663,42.25658600000001,0.00222416117,0.000203030257,0.0031803169999999998,42.497774199999995,0.00222416117,0.000203030257,0.004964011999999999,1.3423019999999998e-05,3.464851999999999e-05,0.10108267799999997,42.49274,0.03734104,-0.001397162,-0.002152037,9.104351999999999e-06,5.582827e-05
73,1607137800,1.819351,1.819373,0.0007953897000000001,-1.7353839999999998,1.9333719999999999,1.265105,1.6612640000000003,1.602947,0.011838145,0.7518751,2.431724e-05,3.8683854000000005e-06,3.9550188e-06,5.0088705e-06,7.466450000000001e-06,1.0083115e-05,1.5563877e-05,2.8205849999999997e-05,0.8804841,0.028943549999999995,0.0001709235,75.15700999999999,53.200649999999996,6.052251000000001e-05,6.058314999999999,0.022338160000000003,20.04244,0.0017559517599999997,0.000160136544,0.043728170000000004,78.58758,0.0017559517599999997,0.000160136544,0.006324991,34.519415,0.0017559517599999997,0.000160136544,0.00283857,34.537098,0.0017559517599999997,0.000160136544,0.004945395,1.28419e-05,3.407188e-05,0.033933536999999986,41.93811,0.03562369,-0.00136223,-0.0021486990000000004,8.274674999999999e-06,4.8406e-05
73,1607138400,1.8205390000000001,1.820561,-0.004525908,-1.7450320000000001,2.0020740000000004,1.265791,1.6286,1.594325,0.012970342000000001,0.7552087999999999,2.5470420000000004e-05,4.659763700000001e-06,5.025485199999999e-06,6.568546000000001e-06,1.0012203e-05,1.4027922e-05,2.2659249999999998e-05,4.458442e-05,0.8787922,0.030978550000000004,0.0003868844000000001,73.05976000000001,53.52280999999999,6.0464510000000004e-05,6.566319999999999,0.02192426,19.449630000000003,0.00254714018,0.000232543899,0.04331753000000001,77.0886,0.00254714018,0.000232543899,0.006771145000000001,45.175526000000005,0.00254714018,0.000232543899,0.0033321979999999993,45.667871100000006,0.00254714018,0.000232543899,0.004947592999999999,1.281221e-05,3.41309e-05,-0.13722789,45.407720000000005,0.03827949,-0.001414029,-0.002171169,8.988531e-06,5.926808e-05
73,1607139000,1.510695,1.510716,0.0040316698,-1.7181830000000002,1.9860600000000002,1.1533120000000001,1.5940230000000002,1.488795,0.019792833000000003,0.6378325,2.264245e-05,2.0307754999999997e-06,2.192363e-06,3.2527109e-06,5.756377e-06,8.632825e-06,1.4629334e-05,2.992359e-05,0.7182442,0.03671837,0.0003169422,76.53882000000002,54.96235,5.0177269999999996e-05,6.412198000000001,0.01963327,16.037080000000003,0.00170089535,0.000155086018,0.039009140000000005,62.608399999999996,0.00170089535,0.000155086018,0.006590079,34.875316000000005,0.00170089535,0.000155086018,0.003069787,34.82618,0.00170089535,0.000155086018,0.004920545,1.166609e-05,3.2893459999999997e-05,-0.107243939,44.12316,0.03498006,-0.001605291,-0.0023524460000000002,7.914538e-06,4.573777e-05
73,1607139600,1.3280930000000002,1.328114,0.009142197000000001,-1.6531939999999998,1.98381,1.075549,1.5833359999999999,1.466182,0.013315969,0.5539378,2.384241e-05,2.9366895e-06,3.2097985999999997e-06,4.3570346e-06,6.64485e-06,9.473556e-06,1.5255727999999999e-05,2.7889058999999998e-05,0.6307486999999999,0.03307101,0.00015467235,75.49689000000001,55.01429,4.41334e-05,6.3301050000000005,0.01833323,14.316430000000002,0.00136456653,0.00012426294,0.036757620000000005,55.445809999999994,0.00136456653,0.00012426294,0.006242164,28.298442,0.00136456653,0.00012426294,0.002642353,28.128425,0.00136456653,0.00012426294,0.00492412,1.2185993e-05,3.338870000000001e-05,-0.26522736,54.57337,0.0407657,-0.001749504,-0.0024915210000000004,9.274650000000001e-06,5.955995e-05
73,1607140200,1.0953117,1.0953320999999998,0.0058150630000000005,-1.7376049999999998,1.6807630000000002,0.9839741,1.342953,1.254902,0.009902919,0.45697600000000005,2.3870009999999997e-05,3.3035916000000005e-06,3.4588470999999996e-06,4.2840554e-06,6.0364989999999995e-06,7.954143e-06,1.1932128e-05,2.2921352000000003e-05,0.5200986999999999,0.02738752,0.00010678013,74.15375000000002,55.061980000000005,3.640913e-05,6.281699,0.01665278,11.43144,0.00141937509,0.0001293536307,0.033153150000000006,45.175689999999996,0.00141937509,0.0001293536307,0.006223998999999999,27.3832788,0.00141937509,0.0001293536307,0.002577916,27.2973475,0.00141937509,0.0001293536307,0.004745007000000001,6.568843e-06,2.7615020000000004e-05,-0.2601477,77.18492,0.032658690000000004,-0.002113668,-0.002721001,5.808498e-06,4.015153e-05
73,1607140800,1.1242237,1.1242448,0.0028198391000000002,-1.747412,1.656651,0.9971601999999999,1.3106640000000003,1.2543380000000002,0.016215372999999998,0.48213209999999995,2.2271500000000002e-05,1.3882082000000002e-06,1.4274154e-06,1.9625446999999998e-06,3.3346099999999997e-06,4.440708e-06,7.257873000000001e-06,1.4762782999999999e-05,0.5397402,0.02222657,0.00010985362999999998,75.54859,54.050920000000005,3.738408e-05,6.086569,0.017061720000000002,11.85064,0.00116227662,0.000105881167,0.03387978,47.18440999999999,0.00116227662,0.000105881167,0.006049703000000001,24.452527,0.00116227662,0.000105881167,0.002370026,24.2828253,0.00116227662,0.000105881167,0.0047577190000000005,6.524379e-06,2.7722769999999996e-05,-0.055821172499999995,75.96889999999999,0.032914,-0.0021398909999999997,-0.002726964,5.907601999999999e-06,4.43531e-05
73,1607141400,1.2341,1.23412,-0.0008322113999999998,-1.7522790000000001,1.587347,1.045298,1.3576549999999998,1.304103,0.012546263000000002,0.5167930999999999,2.45989e-05,3.8870809e-06,4.071479e-06,4.8939869e-06,6.7751350000000005e-06,8.717968e-06,1.3404162000000002e-05,2.6041559000000003e-05,0.5933743,0.02349244,0.00011102746999999998,71.83312,53.839,4.1009529999999996e-05,6.404836,0.01806624,13.04041,0.0016075973899999998,0.00014653647599999998,0.03566573,52.25372,0.0016075973899999998,0.00014653647599999998,0.006355165,30.477021,0.0016075973899999998,0.00014653647599999998,0.0027228570000000004,30.5248334,0.0016075973899999998,0.00014653647599999998,0.004679419,4.4576010000000006e-06,2.557209e-05,-0.068890396,56.13207912999999,0.022710396200000003,-0.002102325,-0.0026989650000000002,3.7858749999999996e-06,3.0376250000000002e-05
73,1607142000,1.331763,1.3317839999999999,0.00017903759999999988,-1.751951,1.4998960000000001,1.0868620000000002,1.417656,1.362492,0.018501057999999997,0.5602189,2.3030250000000002e-05,2.2301698e-06,2.1955373999999997e-06,2.6431004e-06,3.912241099999999e-06,4.8450193e-06,7.6865707e-06,1.6597091e-05,0.6382117,0.027537859999999997,8.949433999999999e-05,76.10884999999999,54.181819999999995,4.427081e-05,6.107139999999999,0.018719909999999996,13.97835,0.00211449119,0.0001930314857,0.037005460000000004,56.20838,0.00211449119,0.0001930314857,0.006420025,36.501281000000006,0.00211449119,0.0001930314857,0.0028153719999999996,36.8817842,0.00211449119,0.0001930314857,0.004595523,2.272097e-06,2.3353619999999997e-05,0.046833445,2.093963881,0.0071218691,-0.002035346,-0.0026422280000000004,8.875272e-07,1.2748440000000001e-05
73,1607142600,1.3358430000000001,1.335863,0.005440026,-1.7240199999999999,1.6382759999999998,1.087272,1.510321,1.4088040000000002,0.008392748,0.5512077,2.333294e-05,2.7594181e-06,2.8217216e-06,3.5886629e-06,5.2847151000000006e-06,7.2070455e-06,1.1973134199999998e-05,2.5543913e-05,0.6377591,0.02995527,0.00014553798999999997,72.70421000000002,54.52031000000001,4.437349e-05,6.3401760000000005,0.01850617,14.05634,0.00144095101,0.000131334418,0.03702198,56.24416,0.00144095101,0.000131334418,0.006322512999999999,30.095153,0.00144095101,0.000131334418,0.0027041599999999997,29.895941999999998,0.00144095101,0.000131334418,0.004608017,2.450263e-06,2.358738e-05,-0.040552859,22.28250378,0.013658956124000001,-0.0020365089999999997,-0.00265387,1.5627413000000002e-06,2.074384e-05
73,1607143200,1.3271549999999999,1.327175,0.006329828,-1.710282,1.6172739999999997,1.080069,1.529711,1.420842,0.011258487000000001,0.5494199,2.422878e-05,3.5234316000000007e-06,3.5938242000000003e-06,4.312246999999999e-06,5.975879999999999e-06,7.622141e-06,1.1841831e-05,2.4463706e-05,0.6305099000000001,0.03287624,0.00012609466,73.88341,54.98977,4.4100420000000004e-05,6.382982,0.018382890000000002,13.978620000000001,0.00070831139,6.423251530000001e-05,0.03680313,55.68134,0.00070831139,6.423251530000001e-05,0.0059670439999999995,18.443837999999996,0.00070831139,6.423251530000001e-05,0.00233381,17.887428,0.00070831139,6.423251530000001e-05,0.0046132989999999995,2.168015e-06,2.343848e-05,0.0113259818,1.0389098190000001,0.0036554247000000007,-0.0020626729999999997,-0.00268114,8.445683999999999e-07,1.242515e-05
73,1607143800,1.621744,1.621765,0.003872126,-1.7250999999999999,1.7257660000000001,1.195156,1.647014,1.5459480000000003,0.011282035,0.6697493999999999,2.5287650000000002e-05,4.5641041e-06,4.64663756e-06,5.41848166e-06,7.4435127e-06,9.232141600000001e-06,1.415403638e-05,2.777044e-05,0.7772354,0.03344995,0.00010912833000000001,75.33810000000001,54.14762999999999,5.3897569999999995e-05,5.9541249999999994,0.020424150000000002,17.06435,0.00222421723,0.00020300850600000003,0.04088683,68.56586,0.00222421723,0.00020300850600000003,0.006825777000000001,45.19677900000001,0.00222421723,0.00020300850600000003,0.0033102680000000003,45.309267999999996,0.00222421723,0.00020300850600000003,0.004600871,2.495629e-06,2.365967e-05,0.009587240099999996,-0.03019251,0.0013367428,-0.0018214670000000002,-0.00249109,8.372325999999999e-07,1.1672669999999999e-05
73,1607144400,1.552648,1.552669,0.004682557,-1.7261659999999999,1.6891640000000003,1.1695870000000002,1.6175749999999998,1.5159100000000003,0.007478732,0.6316875,2.360428e-05,2.8379725e-06,2.84490827e-06,3.4634751599999996e-06,5.204703200000001e-06,6.5623893e-06,1.0665955000000001e-05,2.2935609e-05,0.7428081000000001,0.03332712,0.00013178550000000002,75.44212999999999,54.31123,5.160974e-05,6.14837,0.020037910000000003,16.453310000000002,0.0015041682800000004,0.000137067491,0.0400302,65.79511,0.0015041682800000004,0.000137067491,0.006483539000000001,33.767759,0.0015041682800000004,0.000137067491,0.0029159940000000003,33.461639000000005,0.0015041682800000004,0.000137067491,0.004607915999999999,2.407868e-06,2.363936e-05,0.013591197999999999,-0.06974405,0.00050124978,-0.001880497,-0.002525807,8.154226e-07,1.15053e-05
73,1607145000,1.627608,1.627629,0.0014290072599999998,-1.753256,1.6423240000000003,1.201227,1.5769980000000001,1.5109219999999999,0.012571593999999997,0.6653688,2.373315e-05,2.8994778000000003e-06,2.82983507e-06,3.3969048000000005e-06,4.8993439e-06,5.9574655e-06,9.3518321e-06,1.9749629e-05,0.7786617,0.03497327,0.00011732329999999998,75.25365000000001,54.328970000000005,5.412606000000001e-05,5.913121,0.020535960000000002,16.970689999999998,0.00057615221,5.2037709e-05,0.04081733,68.34107,0.00057615221,5.2037709e-05,0.005863452,15.825206399999999,0.00057615221,5.2037709e-05,0.0023257940000000004,15.2197541,0.00057615221,5.2037709e-05,0.0046126990000000005,2.503138e-06,2.376499e-05,0.018433812,0.66623724,0.0029487622200000006,-0.0018318660000000001,-0.002492726,7.932761e-07,1.2247260000000001e-05
73,1607145600,1.443223,1.443243,-0.0007950392000000001,-1.756832,1.541185,1.1304469999999998,1.469407,1.417468,0.013628295000000002,0.5938389999999999,2.346151e-05,2.642801e-06,2.55343272e-06,2.99541072e-06,4.274757999999999e-06,5.0980866e-06,7.7228678e-06,1.6416900999999998e-05,0.690468,0.031008040000000004,9.142668000000001e-05,75.58887,54.354519999999994,4.800001e-05,5.706587,0.01953701,15.166250000000002,0.0017577288399999997,0.000160359549,0.03849272,60.929320000000004,0.0017577288399999997,0.000160359549,0.006433006,35.744464,0.0017577288399999997,0.000160359549,0.0028438169999999994,35.6821615,0.0017577288399999997,0.000160359549,0.004608449999999999,2.24961e-06,2.3485830000000003e-05,0.0010125280000000015,0.010301179999999993,0.0005810260099999999,-0.0019822979999999995,-0.002593739,8.017819e-07,1.170768e-05
73,1607146200,1.5150839999999999,1.5151050000000001,-0.0001704816,-1.7562530000000003,1.608837,1.1585729999999999,1.5062320000000002,1.446045,0.021435951999999998,0.6376656999999999,2.289841e-05,2.0803646e-06,2.0820427e-06,2.7368154e-06,4.446843e-06,5.8837469999999995e-06,1.0132358e-05,2.2974163000000003e-05,0.7242615000000001,0.033067250000000006,0.00016066243000000002,74.95460999999999,54.43693999999999,5.0352019999999996e-05,6.412675,0.01997363,15.89255,0.0017723754600000002,0.00016160197500000002,0.03930967,63.52031999999999,0.0017723754600000002,0.00016160197500000002,0.006525284000000001,34.980745999999996,0.0017723754600000002,0.00016160197500000002,0.002950792,35.035056999999995,0.0017723754600000002,0.00016160197500000002,0.004665497,3.288815e-06,2.471764e-05,0.023220126,3.4185237,0.0072108947,-0.001756928,-0.002422807,9.816814e-07,1.276656e-05
73,1607146800,1.594503,1.594524,0.00024966313,-1.749867,1.6494880000000003,1.187663,1.533121,1.4840699999999998,0.019239390000000002,0.6720420999999999,2.509654e-05,4.0138254e-06,4.080992299999999e-06,4.89262e-06,6.812799000000001e-06,8.711897e-06,1.3710474999999999e-05,2.8034841000000004e-05,0.7677683,0.02924081,0.00016756100000000002,72.09783000000002,53.720229999999994,5.299518e-05,6.33432,0.02037333,16.492839999999998,0.0015464511799999998,0.0001409686245,0.040462000000000005,67.14703999999999,0.0015464511799999998,0.0001409686245,0.006347608,31.798444,0.0015464511799999998,0.0001409686245,0.0028045299999999995,31.707379399999997,0.0015464511799999998,0.0001409686245,0.004663546,3.2467019999999994e-06,2.47138e-05,-0.034688282,4.4996430499999995,0.0074981086,-0.001716635,-0.0024079740000000002,1.0408074e-06,1.410025e-05
73,1607147400,1.5108749999999997,1.510896,0.002482369,-1.7500159999999998,1.58476,1.155638,1.4784069999999998,1.4479920000000002,0.011784188,0.6237217,2.352306e-05,2.3180217e-06,2.2743394999999997e-06,2.7183121e-06,4.1999626e-06,5.2462505000000005e-06,8.393791600000001e-06,1.834336e-05,0.7290713,0.02615822,0.0001626743,74.43463,53.50202,5.0249840000000004e-05,5.829855,0.01990325,15.756649999999999,0.00158897518,0.000144849814,0.03951739,64.05354,0.00158897518,0.000144849814,0.006441051000000001,31.570711000000006,0.00158897518,0.000144849814,0.002840366,31.497879,0.00158897518,0.000144849814,0.004676502000000001,2.870326e-06,2.4539320000000002e-05,0.022147319,1.40446893,0.0034225229500000004,-0.0018702250000000003,-0.002524509,9.38181e-07,1.239686e-05
73,1607148000,1.667905,1.6679279999999999,0.0018988911900000003,-1.7445150000000003,1.653124,1.2126519999999998,1.553185,1.52671,0.015753737,0.6988091999999999,2.4331590000000002e-05,3.1581739000000003e-06,3.1218542300000003e-06,3.76385042e-06,5.4717077e-06,6.8410789e-06,1.0965738700000001e-05,2.2877977e-05,0.80798,0.025756750000000002,0.00015750013,73.27852999999999,53.12245,5.544935e-05,5.875228,0.020884180000000002,17.386329999999997,0.0017987759399999998,0.0001640132,0.041573679999999995,70.89049,0.0017987759399999998,0.0001640132,0.006534297,33.977256999999994,0.0017987759399999998,0.0001640132,0.002978533,34.001368,0.0017987759399999998,0.0001640132,0.004666667,2.599099e-06,2.436064e-05,0.014974052000000002,0.22792817999999998,0.0027585724000000005,-0.00183644,-0.0025075880000000003,8.221498000000001e-07,1.212943e-05
73,1607148600,1.488833,1.4888540000000001,0.0027355961000000003,-1.7530479999999997,1.5509350000000002,1.147446,1.469894,1.442107,0.01615724,0.6211789000000001,2.405386e-05,3.04799e-06,3.0165486e-06,3.6907520999999998e-06,5.405926e-06,6.835678000000001e-06,1.0876983e-05,2.2968855000000003e-05,0.7179892,0.026207940000000002,0.0001607391,73.9709,53.591390000000004,4.9487420000000005e-05,6.290047,0.01969616,15.551850000000002,0.00220415713,0.00020120220230000004,0.03916518000000001,62.959649999999996,0.00220415713,0.00020120220230000004,0.00661882,39.428605,0.00220415713,0.00020120220230000004,0.003050612,39.753745499999994,0.00220415713,0.00020120220230000004,0.004674723,3.6062599999999994e-06,2.501191e-05,0.018871381,3.768177,0.008177503,-0.00168792,-0.002370466,9.951867000000003e-07,1.275844e-05
73,1607149200,1.385678,1.3857,0.008285428000000001,-1.7290109999999999,1.5642099999999999,1.105609,1.495507,1.429993,0.012025088,0.5772222,2.287609e-05,2.0115875e-06,1.985834e-06,2.5007901e-06,3.9304369e-06,5.1367291999999995e-06,8.552719399999999e-06,1.9208271e-05,0.6694046000000001,0.02320808,0.0001791853,74.13719,53.402480000000004,4.605545e-05,6.2804969999999996,0.01877612,14.348239999999999,0.00143643172,0.00013080937399999998,0.03777654,58.45874,0.00143643172,0.00013080937399999998,0.006427482,30.494113,0.00143643172,0.00013080937399999998,0.0028324070000000003,30.331922999999996,0.00143643172,0.00013080937399999998,0.004632223,2.5109980000000006e-06,2.385003e-05,0.000433177999999999,1.24049325,0.0035813905200000004,-0.0019563449999999995,-0.002595568,8.866229000000001e-07,1.2056009999999998e-05
73,1607149800,1.534072,1.534093,0.010530198000000001,-1.706419,1.6790010000000002,1.1580439999999999,1.609963,1.529445,0.011796507000000001,0.6331230000000001,2.482114e-05,3.9194315e-06,3.9924095e-06,4.7556057e-06,6.5173047e-06,8.341257200000002e-06,1.2893417499999999e-05,2.6344747e-05,0.7438530999999999,0.02294355,0.00016876539999999997,69.85163,53.017509999999994,5.0983389999999996e-05,6.113392999999999,0.019802900000000002,16.14188,0.00166646066,0.00015186676799999998,0.03998778,65.68959,0.00166646066,0.00015186676799999998,0.006462941,32.089563999999996,0.00166646066,0.00015186676799999998,0.002897529,32.12991699999999,0.00166646066,0.00015186676799999998,0.0046399760000000005,2.871398e-06,2.4213359999999998e-05,0.023804114999999997,1.563596441,0.00485632054,-0.0018057900000000003,-0.0024857740000000005,9.023120999999999e-07,1.2015529999999999e-05
73,1607150400,1.510241,1.5102619999999998,0.009612156,-1.7191979999999998,1.63445,1.148674,1.562484,1.4977209999999999,0.010541021,0.6199184000000001,2.48823e-05,4.3265028e-06,4.4697002000000005e-06,5.3648507e-06,7.533454999999999e-06,9.738948299999999e-06,1.5375363e-05,3.1493363000000005e-05,0.7319636,0.02287317,0.00020173219999999997,71.19076000000001,53.08767,5.017382e-05,6.377979,0.019581920000000003,15.61599,0.00093636587,8.5006671e-05,0.039474760000000005,63.86499,0.00093636587,8.5006671e-05,0.006277048,27.083221,0.00093636587,8.5006671e-05,0.002718016,26.423350000000006,0.00093636587,8.5006671e-05,0.00462215,2.776049e-06,2.4009030000000002e-05,0.0208585081,2.9631006299000004,0.00535099879,-0.0018156059999999998,-0.00248452,9.272068e-07,1.2493420000000001e-05
73,1607151000,1.370535,1.370557,0.006212638,-1.7510199999999998,1.515273,1.099692,1.4306290000000002,1.380042,0.012938567000000002,0.5670763,2.410606e-05,3.0867477000000007e-06,3.1485551e-06,3.7623391000000003e-06,5.388492000000001e-06,6.8224649e-06,1.07127113e-05,2.2611764e-05,0.6601119999999999,0.024938039999999998,0.000158779,72.58505,53.67899,4.5546679999999994e-05,6.228508,0.01891309,14.38809,0.0008302054600000001,7.541032600000001e-05,0.037625780000000004,58.12467,0.0008302054600000001,7.541032600000001e-05,0.005979091,18.541522899999997,0.0008302054600000001,7.541032600000001e-05,0.002337933,18.0987035,0.0008302054600000001,7.541032600000001e-05,0.004637096999999999,2.288819e-06,2.373489e-05,0.0057230580000000005,1.1610859500000001,0.0021551850400000007,-0.002032926,-0.0026544320000000004,8.689739999999999e-07,1.25349e-05
73,1607151600,1.325977,1.325998,0.004746554000000001,-1.75519,1.4740939999999998,1.081699,1.390992,1.3528930000000001,0.009719193999999999,0.5482213,2.294246e-05,1.9725375000000003e-06,1.92138159e-06,2.3278493999999996e-06,3.4531851e-06,4.2249563000000005e-06,6.626154e-06,1.4724583e-05,0.6380483,0.02478006,0.00012263123,75.37743999999999,53.77765000000001,4.410229e-05,5.670060000000001,0.018653020000000003,13.926579999999998,0.00152001873,0.00013855987769999999,0.03701001999999999,56.22133,0.00152001873,0.00013855987769999999,0.0062455869999999995,29.751959999999997,0.00152001873,0.00013855987769999999,0.002597183,29.656389,0.00152001873,0.00013855987769999999,0.004622975,2.1356699999999997e-06,2.3505649999999997e-05,0.0005611075999999993,-0.03358432,0.00086226878,-0.002083677,-0.0026825709999999995,8.057099e-07,1.1351609999999999e-05
73,1607152200,1.527809,1.52783,0.0017751290999999999,-1.749378,1.5423840000000002,1.161076,1.488233,1.454258,0.008919567,0.6225055,2.307201e-05,2.0427344000000002e-06,1.9362648499999998e-06,2.3185256399999997e-06,3.5538867000000004e-06,4.1807392e-06,6.57991086e-06,1.4573434000000001e-05,0.7380204,0.025738300000000002,0.00010891119999999999,74.18486,53.40436999999999,5.082706999999999e-05,5.402299,0.01998544,15.891150000000001,0.00126485278,0.00011519079600000003,0.03971995,64.73997,0.00126485278,0.00011519079600000003,0.006094695,26.673807999999998,0.00126485278,0.00011519079600000003,0.0025351210000000004,26.449863599999997,0.00126485278,0.00011519079600000003,0.004612995,2.4248290000000002e-06,2.3698380000000002e-05,0.022519702,0.20351261000000004,0.0016503194699999998,-0.0018905290000000002,-0.002546928,8.637273e-07,1.2216589999999999e-05
73,1607152800,1.475155,1.475177,0.002807001,-1.752808,1.4980220000000002,1.142412,1.454218,1.433593,0.007265157999999999,0.6011343,2.436884e-05,3.4202864e-06,3.49865693e-06,4.27079274e-06,6.0655117e-06,7.8468574e-06,1.259770208e-05,2.6592118000000005e-05,0.7125961999999999,0.024755759999999998,0.00015867467999999997,72.65037000000001,53.40849000000001,4.9012870000000004e-05,6.154213,0.019597430000000002,15.322309999999998,0.00226232841,0.000206492683,0.0390028,62.416239999999995,0.00226232841,0.000206492683,0.006642218,39.968402999999995,0.00226232841,0.000206492683,0.003052667,40.412451999999995,0.00226232841,0.000206492683,0.004639427999999999,2.2716079999999998e-06,2.3795780000000002e-05,0.013793872000000002,-0.09282384,0.000165759468,-0.001982598,-0.002607967,8.353216000000001e-07,1.1702629999999999e-05
73,1607153400,1.42827,1.428292,0.003509583,-1.7587899999999999,1.503909,1.126528,1.436893,1.4072669999999998,0.007942845,0.5860662000000001,2.3094949999999998e-05,2.0169032e-06,1.9009871999999998e-06,2.3433715e-06,3.6005586999999996e-06,4.361315700000001e-06,7.017851900000001e-06,1.5758477e-05,0.6870007,0.02697185,0.00012369406,74.35829,53.81152999999999,4.7495300000000006e-05,5.925939000000001,0.01935237,14.948659999999999,0.0018163109000000003,0.000165586856,0.03837787,60.42812,0.0018163109000000003,0.000165586856,0.0064855,33.577667999999996,0.0018163109000000003,0.000165586856,0.002880901,33.706338,0.0018163109000000003,0.000165586856,0.004631001,2.1619409999999997e-06,2.3599389999999996e-05,0.029432009999999998,0.32285719,0.0018771803700000003,-0.002015211,-0.00263837,8.022654e-07,1.191429e-05
73,1607154000,1.4416719999999998,1.441692,0.005739724,-1.764818,1.4930700000000001,1.1318620000000001,1.436143,1.414543,0.009240943,0.5904765000000001,2.280608e-05,1.689925e-06,1.6113326799999997e-06,2.0678746e-06,3.3412175000000003e-06,4.3055433e-06,7.3301419e-06,1.7160348e-05,0.6903509000000001,0.030279259999999995,0.00016647559000000002,76.08106000000001,54.24236,4.792822e-05,5.741404999999999,0.01947086,15.111319999999997,0.00116254322,0.00010587080999999998,0.0384855,60.781369999999995,0.00116254322,0.00010587080999999998,0.006277901999999999,28.707556,0.00116254322,0.00010587080999999998,0.002648315,28.347124,0.00116254322,0.00010587080999999998,0.004643634,2.22405e-06,2.3763620000000002e-05,0.05473771009999999,2.869716000000001,0.0049520421,-0.002032319,-0.0026376269999999996,9.224937000000002e-07,1.3324410000000001e-05
73,1607154600,1.321364,1.321387,0.004732747999999999,-1.7702749999999998,1.445068,1.084784,1.378393,1.351879,0.007482904000000001,0.5400971999999999,2.432278e-05,3.5652424999999993e-06,3.6080298099999995e-06,4.23082143e-06,5.6741361000000005e-06,7.052427069999999e-06,1.071828643e-05,2.1528263e-05,0.6287625,0.03172371,0.00013626935000000002,75.92737,54.84161,4.393261e-05,5.9065129999999995,0.018591439999999997,13.761370000000003,0.0022478254100000003,0.00020526591830000003,0.03666505,55.156090000000006,0.0022478254100000003,0.00020526591830000003,0.006478888,38.88638,0.0022478254100000003,0.00020526591830000003,0.002859966,39.317975000000004,0.0022478254100000003,0.00020526591830000003,0.00461359,2.037147e-06,2.331879e-05,0.00576133,0.10811254999999997,0.0010164011799999998,-0.0021082009999999997,-0.0026908690000000002,8.080234999999998e-07,1.1452580000000001e-05
73,1607155200,1.2733349999999999,1.2733560000000002,0.0029845698,-1.766804,1.4370049999999999,1.0642920000000002,1.368418,1.322739,0.009932227,0.5236422999999999,2.342039e-05,2.4572133e-06,2.4485180000000004e-06,2.9757393e-06,4.328691e-06,5.4797799e-06,8.821047000000001e-06,1.8912309e-05,0.6064277999999999,0.03007148,0.00011999467,75.7706,54.75461,4.232783e-05,6.142882,0.018257469999999998,13.32508,0.00120333454,0.0001096157296,0.03606169,53.38306,0.00120333454,0.0001096157296,0.006114450999999999,26.8850801,0.00120333454,0.0001096157296,0.0024651960000000002,26.568048700000002,0.00120333454,0.0001096157296,0.004603304000000001,1.950889e-06,2.3141550000000002e-05,0.009706590999999999,-0.05200406,0.00020897941999999998,-0.0021443160000000003,-0.0027250499999999997,7.770915e-07,1.1340259999999998e-05
73,1607155800,1.325285,1.325307,0.004307378,-1.7594439999999998,1.524497,1.086027,1.4394060000000004,1.3572409999999997,0.013677366000000002,0.5512176,2.231264e-05,1.5121844000000003e-06,1.44911599e-06,1.8637805500000002e-06,3.0257268e-06,3.85319864e-06,6.613785960000001e-06,1.5146755000000002e-05,0.6298434,0.0326456,0.00011881850000000001,77.13615,54.95236,4.405237e-05,5.874725,0.01861036,14.01027,0.00081281219,7.370739800000001e-05,0.03683013,55.74675,0.00081281219,7.370739800000001e-05,0.005970431,18.075977,0.00081281219,7.370739800000001e-05,0.002335425,17.642633,0.00081281219,7.370739800000001e-05,0.004605791,2.055971e-06,2.325907e-05,0.037673789,0.8292974799999999,0.0025850867,-0.0020874419999999997,-0.0026851400000000004,8.315953000000001e-07,1.173339e-05
73,1607156400,1.431826,1.431849,0.007362115000000001,-1.7006809999999999,1.6845890000000001,1.1230670000000003,1.595524,1.4836570000000002,0.014342862000000001,0.5961924,2.357532e-05,2.7409372999999997e-06,2.6967473e-06,3.239583899999999e-06,4.7123716e-06,5.8886089e-06,9.2456672e-06,1.9940335e-05,0.6824686000000001,0.033284770000000005,0.00010827885999999999,77.16044,54.68766999999999,4.759663e-05,6.10807,0.0190756,15.09118,0.0026694578,0.00024378918699999996,0.038280890000000005,60.233810000000005,0.0026694578,0.00024378918699999996,0.0070254129999999994,49.23409,0.0026694578,0.00024378918699999996,0.003441584,49.796791,0.0026694578,0.00024378918699999996,0.0046201260000000004,2.1849749999999998e-06,2.351845e-05,0.016185952,0.4961146760000001,0.00268482326,-0.002023268,-0.0026578049999999996,8.390356999999999e-07,1.1956699999999999e-05
73,1607157000,1.230394,1.2304140000000001,0.0039178096,-1.7429550000000003,1.472183,1.044,1.389942,1.334438,0.008368464,0.5045345,2.267213e-05,1.6453547e-06,1.6191552099999996e-06,2.08123089e-06,3.3223926000000004e-06,4.4208453e-06,7.4023303999999996e-06,1.6703164e-05,0.5869964999999999,0.028047990000000002,0.000113117,76.59119999999999,54.595090000000006,4.089597e-05,5.878533,0.0179316,13.002699999999999,0.0009168893399999999,8.317216499999999e-05,0.035568920000000004,51.926480000000005,0.0009168893399999999,8.317216499999999e-05,0.006042246,17.928831,0.0009168893399999999,8.317216499999999e-05,0.002348891,17.643846,0.0009168893399999999,8.317216499999999e-05,0.004627498,1.922347e-06,2.3325560000000003e-05,-0.013736238499999998,1.1837801999999997,0.00292640933,-0.00220376,-0.002779952,8.097094e-07,1.145123e-05
73,1607157600,1.2676079999999998,1.267628,0.007685965,-1.731428,1.5222820000000001,1.0555299999999999,1.420544,1.3507909999999999,0.008276242999999999,0.5191949,2.4163430000000002e-05,3.2084459e-06,3.26484447e-06,3.88009837e-06,5.3732641e-06,6.8110056000000005e-06,1.0500733799999999e-05,2.1544272e-05,0.6118417999999999,0.021793180000000002,0.00011099353,72.06342,53.4739,4.2138859999999995e-05,6.093477,0.0180207,13.208359999999999,0.0018084282399999999,0.00016498764620000001,0.03616257,53.69761,0.0018084282399999999,0.00016498764620000001,0.006434047000000001,32.204354,0.0018084282399999999,0.00016498764620000001,0.0028003019999999997,32.370574,0.0018084282399999999,0.00016498764620000001,0.004613333,2.105654e-06,2.334722e-05,0.018805556000000015,11.29867445,0.007550447459999998,-0.0021408470000000004,-0.0027203830000000003,1.1428857000000001e-06,1.572963e-05
73,1607158200,1.2459330000000002,1.2459529999999999,0.005255988,-1.742615,1.573248,1.0491160000000002,1.3869799999999999,1.330166,0.010965706,0.5175058,2.316097e-05,2.3925041999999995e-06,2.3922877999999997e-06,2.9637932000000002e-06,4.3917843e-06,5.6956568e-06,9.0514757e-06,1.8942058e-05,0.6012806,0.0215249,0.00011230741999999998,73.38203,53.49384,4.1416549999999996e-05,6.219286000000001,0.017990120000000002,13.12067,0.00119513093,0.00010876267300000001,0.03591707,52.954089999999994,0.00119513093,0.00010876267300000001,0.006229444,25.231050000000003,0.00119513093,0.00010876267300000001,0.0025750390000000003,25.053013999999997,0.00119513093,0.00010876267300000001,0.004660566,3.3500509999999996e-06,2.463396e-05,0.165063565,51.07574974,0.0214374962,-0.002110905,-0.002709735,2.8218066999999996e-06,2.734308e-05
73,1607158800,1.3532050000000002,1.3532259999999998,0.005818137,-1.7326519999999999,1.795591,1.090515,1.470605,1.3974430000000002,0.011467509,0.5646148,2.212822e-05,1.308398e-06,1.2988129000000002e-06,1.9054730000000001e-06,3.4292200000000003e-06,4.6585069999999995e-06,7.740682999999999e-06,1.7011726999999996e-05,0.6531788,0.023262369999999997,0.00012310221000000002,75.46696,53.4486,4.499291e-05,6.238573,0.018902239999999997,14.6125,0.0015542155,0.000141619067,0.03759236,58.102639999999994,0.0015542155,0.000141619067,0.006484474,32.096202,0.0015542155,0.000141619067,0.00286492,31.907420000000002,0.0015542155,0.000141619067,0.004746277,6.5052689999999996e-06,2.769887e-05,0.11960090000000001,72.21979000000002,0.03528596,-0.0018847589999999997,-0.002539573,5.314254e-06,4.0416430000000004e-05
73,1607159400,1.198266,1.198286,0.007316846,-1.757885,1.755016,1.0349519,1.3975179999999998,1.298326,0.015565297,0.5123392,2.186984e-05,9.242862999999999e-07,1.0955504e-06,2.0151260000000003e-06,3.865795000000001e-06,5.816934e-06,9.759834e-06,1.9193265000000002e-05,0.5597505,0.03918975,0.00014836835999999998,81.30028999999999,56.71988,3.982685e-05,6.446890999999999,0.01796118,13.37857,0.0017114140300000004,0.000156079057,0.03468328999999999,49.69909,0.0017114140300000004,0.000156079057,0.006392209,32.306413199999994,0.0017114140300000004,0.000156079057,0.002717058,32.385400600000004,0.0017114140300000004,0.000156079057,0.004983978,1.301532e-05,3.442546e-05,-0.4450240099999999,46.86529,0.03742289,-0.001657066,-0.0024233609999999997,9.287630000000001e-06,5.5091480000000005e-05
73,1607160000,1.34234,1.34236,0.005250814,-1.76144,1.8126939999999998,1.0924166,1.4394069999999999,1.370441,0.014224974000000001,0.5655704000000001,2.324587e-05,2.5776424e-06,2.7405127999999997e-06,3.7130222e-06,6.1865100000000015e-06,8.274347e-06,1.3766405999999999e-05,2.6807277999999996e-05,0.6305224,0.04042311,0.00015786083,77.57901,56.1357,4.460934e-05,6.387581,0.018917300000000005,14.65094,0.0017819633499999998,0.000162570282,0.0368494,55.99718,0.0017819633499999998,0.000162570282,0.006425447000000001,35.610918999999996,0.0017819633499999998,0.000162570282,0.002831692,35.695009,0.0017819633499999998,0.000162570282,0.004910637000000001,1.1568330000000001e-05,3.268161e-05,-0.04442678,47.799099999999996,0.03626817,-0.001732966,-0.002442761,8.354366000000001e-06,4.8535769999999995e-05
73,1607160600,1.3748619999999998,1.374882,0.00066182462,-1.7640920000000002,1.83868,1.1073559999999998,1.4571070000000002,1.371041,0.014732421,0.5778495,2.278254e-05,1.9564360999999997e-06,2.0208669e-06,2.8493586e-06,4.777889e-06,6.639501000000001e-06,1.0463229000000001e-05,1.92283e-05,0.65083,0.036406179999999996,0.00014460770000000001,79.09741000000001,55.34895,4.5711330000000006e-05,6.013266,0.01905325,14.871980000000002,0.0014746683,0.0001344191477,0.03727887999999999,57.11433999999999,0.0014746683,0.0001344191477,0.006256159999999999,30.478454,0.0014746683,0.0001344191477,0.002657871,30.230354,0.0014746683,0.0001344191477,0.00493969,1.1723070000000001e-05,3.311519e-05,0.094341503,48.892830000000004,0.03664078,-0.0017944570000000004,-0.0024692299999999998,8.322466e-06,4.916991e-05
73,1607161200,1.2516409999999998,1.251663,-0.00104762979,-1.749005,1.771254,1.0551575,1.4110939999999998,1.325629,0.01843473,0.5365972999999999,2.394255e-05,2.8290976000000003e-06,3.1090892999999997e-06,4.2007401000000005e-06,6.489218e-06,9.055544e-06,1.4118439e-05,2.6906697000000003e-05,0.5955138,0.030075360000000002,0.00016158427000000002,76.12162,54.84898,4.1588430000000005e-05,6.331988,0.018105279999999998,13.518619999999999,0.00176437204,0.000160944177,0.03569461,52.34284,0.00176437204,0.000160944177,0.006467575000000001,35.25420999999999,0.00176437204,0.000160944177,0.002832609,35.2938996,0.00176437204,0.000160944177,0.004953674,1.1883820000000001e-05,3.324491e-05,0.10762078000000001,44.96431,0.035820969999999994,-0.001751577,-0.002474078,7.989019e-06,4.522478e-05
73,1607161800,1.7462550000000001,1.7462769999999999,-4.301451e-05,-1.762407,1.952985,1.244873,1.5947730000000002,1.551009,0.02234497,0.7372092,2.605599e-05,5.275730699999999e-06,5.5927857e-06,7.061147900000001e-06,1.0192302e-05,1.3827648000000001e-05,2.1406233e-05,4.052981000000001e-05,0.8351141,0.03772783,0.0001778455,73.13640000000001,54.433679999999995,5.802735e-05,6.313635,0.021306589999999997,18.37397,0.00136527778,0.00012428112299999998,0.04202474,72.63307,0.00136527778,0.00012428112299999998,0.006364071000000001,30.056368100000004,0.00136527778,0.00012428112299999998,0.0028835110000000005,29.7425019,0.00136527778,0.00012428112299999998,0.004954218,1.238515e-05,3.3820080000000004e-05,-0.09265206000000001,41.66353,0.03638313,-0.0014442240000000002,-0.002186241,8.100633999999998e-06,4.967942e-05
73,1607162400,1.2941310000000001,1.294152,0.00946954426,-1.528967,1.9485590000000002,1.0387594,1.5751969999999997,1.4755949999999998,0.029985871000000004,0.5701378,2.354585e-05,2.7325219e-06,2.9001896e-06,3.856448999999999e-06,6.104076e-06,8.606338e-06,1.3603338e-05,2.5330330000000002e-05,0.6167985,0.03004199,0.0001592947,76.17768000000001,54.661950000000004,4.3023300000000005e-05,6.500515,0.01803198,14.3856,0.0009739686200000002,8.8469378e-05,0.03632748,54.8953,0.0009739686200000002,8.8469378e-05,0.006161595000000001,22.959452,0.0009739686200000002,8.8469378e-05,0.002494799,22.487959,0.0009739686200000002,8.8469378e-05,0.004953529999999999,1.179488e-05,3.32063e-05,0.0381668304,45.171980000000005,0.03522041,-0.001752579,-0.002537105,8.442934000000001e-06,4.922215e-05
73,1607163000,1.0759078999999998,1.0759292999999999,0.01791557,-1.399921,1.9136099999999998,0.9337126,1.547671,1.431381,0.017407113000000002,0.47256580000000004,2.284614e-05,1.8082605999999995e-06,1.9385035e-06,2.9660610999999994e-06,4.857983000000001e-06,7.374190999999999e-06,1.1510883e-05,2.2297085e-05,0.5158958,0.02183914,0.00016459909999999998,76.09585000000001,54.10539,3.576871e-05,6.489948999999998,0.01610192,11.780109999999999,0.0007821144199999999,7.0883508e-05,0.033264579999999995,45.46192,0.0007821144199999999,7.0883508e-05,0.0061437539999999995,17.730935,0.0007821144199999999,7.0883508e-05,0.002449817,17.334861,0.0007821144199999999,7.0883508e-05,0.004955357,1.208324e-05,3.342936999999999e-05,-0.007225980000000002,48.790279999999996,0.03657782,-0.0018641119999999998,-0.0026843360000000003,8.966441e-06,5.249998e-05
73,1607163600,1.2042749999999998,1.2042950000000001,0.01857938,-1.421889,2.0301229999999997,0.9885394,1.6197869999999999,1.508184,0.01779136,0.5220513,2.3146849999999997e-05,2.2281229e-06,2.4632173999999996e-06,3.3745924e-06,5.609637e-06,8.047203000000001e-06,1.3124799e-05,2.4451223e-05,0.5826519000000001,0.01924265,0.00017975989999999997,72.77095,53.25349,4.0027460000000007e-05,6.285494999999999,0.01708672,13.168610000000001,0.00050433799,4.544913e-05,0.035348819999999996,51.39985,0.00050433799,4.544913e-05,0.00582714,13.7129694,0.00050433799,4.544913e-05,0.002173542,13.194999300000001,0.00050433799,4.544913e-05,0.004953219,1.234978e-05,3.3649130000000005e-05,-0.036490315,48.54245,0.03815738,-0.0017583850000000001,-0.002624149,9.072325e-06,5.449231e-05
73,1607164200,1.1866219999999998,1.1866430000000001,0.017354180000000004,-1.374949,2.019437,0.9862292,1.66359,1.515724,0.012228488000000001,0.5030395999999999,2.3782889999999998e-05,2.6363554e-06,2.9145965e-06,4.048687e-06,6.289216999999999e-06,9.020839e-06,1.4798237000000001e-05,2.6372129999999996e-05,0.55553,0.037512830000000004,0.0001992133,79.11679000000001,56.373490000000004,3.940394e-05,6.488014,0.01670871,12.909809999999998,0.0017097526500000002,0.00015585140699999998,0.0344734,48.8339,0.0017097526500000002,0.00015585140699999998,0.006690491,33.954465000000006,0.0017097526500000002,0.00015585140699999998,0.003025962,33.954173000000004,0.0017097526500000002,0.00015585140699999998,0.004971219999999999,1.2357e-05,3.384063e-05,-0.11748291,51.045120000000004,0.03795881999999999,-0.0018926350000000002,-0.002720558,9.003176e-06,5.07257e-05
73,1607164800,1.0100471,1.0100684999999998,0.014941110000000002,-1.3713250000000001,1.932435,0.9095402,1.534021,1.393468,0.014893550000000002,0.43632989999999994,2.2755509999999997e-05,1.7882137e-06,1.9246232e-06,2.7815811000000002e-06,4.577288000000001e-06,6.617564999999998e-06,1.070115e-05,1.9571688999999998e-05,0.4633337,0.04147003,0.00016997930000000003,82.61857,58.317809999999994,3.356511e-05,6.275875,0.01539515,11.140915,0.00084482425,7.662940700000001e-05,0.03147967,40.75318,0.00084482425,7.662940700000001e-05,0.006285741,21.206124,0.00084482425,7.662940700000001e-05,0.0025613669999999997,20.752226999999998,0.00084482425,7.662940700000001e-05,0.0049455160000000005,1.143407e-05,3.282825e-05,0.07633112,52.44499,0.03628959,-0.0020385370000000004,-0.002818564,8.787318e-06,5.23936e-05
73,1607165400,0.8889219,0.8889433999999999,0.02023101,-1.356983,1.8333930000000003,0.8519326999999999,1.4489699999999999,1.314379,0.0105379,0.3854052,2.385841e-05,2.7824349000000002e-06,3.0929527999999997e-06,4.10307e-06,6.115418e-06,8.782396e-06,1.3808681e-05,2.4772340000000003e-05,0.41126779999999996,0.03295108,0.0001754014,77.38076,57.50861,2.951724e-05,6.632085999999999,0.01440735,9.716467,0.00122794517,0.00011171626200000002,0.029633239999999998,36.0938,0.00122794517,0.00011171626200000002,0.006478660999999999,26.234227999999995,0.00122794517,0.00011171626200000002,0.002712705,25.987759999999998,0.00122794517,0.00011171626200000002,0.004952456999999999,1.1706039999999999e-05,3.3044459999999996e-05,0.167999341,52.53061,0.03765544999999999,-0.0021541589999999997,-0.0028883170000000005,8.808389000000002e-06,5.133315000000001e-05
73,1607166000,1.0110113,1.0110323,0.01879881,-1.313183,1.951897,0.8990125999999998,1.548648,1.4169790000000002,0.010277409,0.4298069,2.3022299999999998e-05,1.9581888e-06,2.1362191e-06,3.0328879e-06,4.7937779999999996e-06,7.287963999999999e-06,1.1239144e-05,2.0709943e-05,0.47625710000000004,0.029034899999999995,0.00015992620000000003,77.95056000000001,55.80605999999999,3.3591139999999994e-05,6.3353090000000005,0.01532934,11.02258,0.0010330839499999999,9.3854956e-05,0.031927269999999994,41.86400999999999,0.0010330839499999999,9.3854956e-05,0.006220232000000001,21.903092,0.0010330839499999999,9.3854956e-05,0.002510707,21.581982,0.0010330839499999999,9.3854956e-05,0.004935363000000001,1.1369989999999999e-05,3.268746e-05,0.03417558,50.27835,0.035772330000000005,-0.001962392,-0.002765541,8.138604e-06,4.810557e-05
73,1607166600,1.0030774999999998,1.0030983,0.01648589,-1.452281,1.8903959999999997,0.9143930000000001,1.496558,1.3671790000000001,0.009795628,0.42237359999999996,2.3318059999999997e-05,2.4351856000000003e-06,2.674464e-06,3.8041844e-06,5.81344e-06,8.737566e-06,1.3602293000000001e-05,2.523227e-05,0.46798320000000004,0.03331064,0.000180397,76.40203,56.72677,3.331254e-05,6.445535,0.01542036,10.837620000000001,0.00147370534,0.000134233372,0.031530890000000006,40.78112,0.00147370534,0.000134233372,0.006373803,27.784155,0.00147370534,0.000134233372,0.0026720140000000003,27.714135000000006,0.00147370534,0.000134233372,0.004957539000000001,1.195546e-05,3.33382e-05,0.11097836999999999,52.3154,0.03658136,-0.002059408,-0.0028097419999999996,8.900373e-06,5.3119339999999994e-05
73,1607167200,0.9664668000000001,0.9664881000000001,0.01622488,-1.4368299999999998,1.8545449999999999,0.8955654,1.472781,1.345692,0.010839169000000001,0.41469860000000003,2.276836e-05,1.4111316999999997e-06,1.6819248999999996e-06,2.4921067000000004e-06,4.163614e-06,6.618145e-06,1.0913289999999999e-05,1.9589681e-05,0.4457731,0.03723849,0.0001731915,80.22322,57.76254,3.210781999999999e-05,6.423278999999999,0.01521606,10.624339,0.00139324731,0.000126899792,0.03096715,39.393440000000005,0.00139324731,0.000126899792,0.0062789460000000005,25.125924,0.00139324731,0.000126899792,0.002523112,25.160852,0.00139324731,0.000126899792,0.004972401999999999,1.164818e-05,3.321051999999999e-05,0.025608009999999997,50.83653,0.03642863,-0.002119244,-0.002842441,8.502370999999999e-06,4.6642690000000006e-05
73,1607167800,0.8504187999999999,0.8504406000000001,0.01949028,-1.294674,1.837256,0.8253915000000001,1.430594,1.3026769999999999,0.011465506,0.36603589999999997,2.3458319999999997e-05,2.2262513e-06,2.4644367000000002e-06,3.3179095e-06,5.267146e-06,7.47644e-06,1.1810715e-05,2.0857984999999998e-05,0.390386,0.03459776,0.0001696429,79.84952000000001,58.21238000000001,2.8244670000000002e-05,6.501544999999998,0.013998479999999999,9.337280999999999,0.0008440698299999999,7.65960516e-05,0.028910870000000005,34.31869,0.0008440698299999999,7.65960516e-05,0.005997831,17.121499999999997,0.0008440698299999999,7.65960516e-05,0.0021853661,16.7906961,0.0008440698299999999,7.65960516e-05,0.004969493,1.1355249999999998e-05,3.290198e-05,0.1353325833,51.4225,0.035464159999999995,-0.002208397,-0.0029493490000000004,8.426552e-06,4.825815e-05
73,1607168400,0.9952367000000001,0.9952584,0.01538148,-1.273711,1.9228340000000004,0.8846304999999999,1.5413340000000002,1.411506,0.014145179000000003,0.42763680000000004,2.4595600000000002e-05,3.4473015e-06,3.8016677999999996e-06,4.955783e-06,7.2813789999999995e-06,1.0201426000000001e-05,1.5704461e-05,2.910607e-05,0.4686828,0.02867104,0.0001865652,75.18311999999999,55.8206,3.3043420000000004e-05,6.612825000000001,0.015149400000000002,10.862235000000002,0.00062135792,5.61453774e-05,0.03166427,41.19179,0.00062135792,5.61453774e-05,0.005910961,13.943153999999998,0.00062135792,5.61453774e-05,0.002165675,13.389557,0.00062135792,5.61453774e-05,0.004949561,1.108913e-05,3.2615070000000003e-05,0.07270158,52.22162999999999,0.03578371,-0.002050353,-0.0028524270000000003,8.50665e-06,4.811943e-05
73,1607169000,0.9039508999999999,0.9039724,0.02043374,-1.225892,1.8900949999999999,0.8366597,1.4883450000000003,1.365269,0.009544101,0.3857888,2.337872e-05,2.1861498000000004e-06,2.4995279e-06,3.5649837000000008e-06,5.684558e-06,8.303521e-06,1.2997506e-05,2.4749721e-05,0.42593819999999993,0.02578375,0.00019029489999999999,77.25970000000001,55.75959,3.000304e-05,6.546093000000001,0.014424210000000002,9.906374000000001,0.0009429767,8.557082e-05,0.03023109,37.52431,0.0009429767,8.557082e-05,0.006312263000000001,20.353886,0.0009429767,8.557082e-05,0.002520906,20.003672,0.0009429767,8.557082e-05,0.004975965000000001,1.191262e-05,3.351809e-05,0.12413660999999998,56.39044,0.03709635,-0.002152944,-0.002920247,8.851331999999999e-06,4.933831e-05
73,1607169600,0.9546235,0.9546456999999998,0.019391230000000002,-1.229994,1.917735,0.8614569,1.5301579999999997,1.400369,0.011658955,0.40953490000000004,2.2236309999999996e-05,8.530056999999998e-07,9.372163e-07,1.6085644000000002e-06,3.235442e-06,4.957587000000001e-06,8.166786000000001e-06,1.5369454e-05,0.45037289999999996,0.026743,0.00016027419999999998,81.79378,55.66499,3.172615e-05,6.371015,0.014780579999999998,10.383195,0.00093051418,8.4430966e-05,0.03102375,39.52818,0.00093051418,8.4430966e-05,0.006200501,19.706925000000005,0.00093051418,8.4430966e-05,0.002436731,19.344965,0.00093051418,8.4430966e-05,0.0049453629999999995,1.07696e-05,3.2323399999999996e-05,-0.058813569999999996,51.18447999999999,0.03752934,-0.0020387739999999993,-0.0028374440000000006,8.037085e-06,4.7078090000000005e-05
73,1607170200,0.8916575,0.8916789999999999,0.02266736,-1.1685409999999998,1.886533,0.8277271,1.508784,1.366393,0.010603394999999998,0.3818922,2.282686e-05,1.6315393e-06,1.8465580999999999e-06,2.6156040000000005e-06,4.28245e-06,6.092449e-06,1.004507e-05,1.8420903e-05,0.41519839999999997,0.030421880000000002,0.0001614145,80.66790999999999,56.88072999999999,2.960974e-05,6.380560999999999,0.014244070000000001,9.881755,0.00083876686,7.6048364e-05,0.029841259999999998,36.60954,0.00083876686,7.6048364e-05,0.005983649,17.004002999999997,0.00083876686,7.6048364e-05,0.00220081,16.730141999999994,0.00083876686,7.6048364e-05,0.004948216,1.1268743e-05,3.276098e-05,0.012551809999999993,55.165800000000004,0.037399789999999995,-0.002070119,-0.002863713,8.795787999999999e-06,5.428208999999999e-05
73,1607170800,0.8607734,0.8607947000000001,0.0213584,-1.2099090000000001,1.846069,0.8171146,1.46393,1.3322660000000002,0.010899294,0.36832380000000003,2.332231e-05,2.2577543000000005e-06,2.4814681e-06,3.3514991999999997e-06,5.250485000000001e-06,7.706590000000001e-06,1.2085074999999999e-05,2.139332e-05,0.401585,0.02856935,0.0001754577,79.84325000000001,56.72089,2.859226e-05,6.639176000000001,0.013896109999999998,9.365056,0.00063278301,5.7176600000000004e-05,0.029148690000000005,34.86936,0.00063278301,5.7176600000000004e-05,0.005941798,14.180692000000002,0.00063278301,5.7176600000000004e-05,0.0021624590000000003,13.684805,0.00063278301,5.7176600000000004e-05,0.0049516379999999995,1.1541810000000001e-05,3.2997289999999996e-05,-0.023394499999999995,48.68387,0.035172590000000004,-0.001987834,-0.0027320960000000003,8.395901000000001e-06,4.673113999999999e-05
73,1607171400,0.8354117000000001,0.8354332,0.02215523,-1.183031,1.8547310000000004,0.8051411999999999,1.45523,1.318391,0.011365053,0.3646302,2.2268360000000002e-05,1.1466035e-06,1.3454301e-06,2.0267006e-06,3.647029e-06,5.571125000000001e-06,8.800473999999999e-06,1.5771006e-05,0.381981,0.03550884,0.0001766188,83.32743,58.600750000000005,2.776417e-05,6.461193,0.013663739999999999,9.193379,0.0006944299700000001,6.2878543e-05,0.028542260000000003,33.47113,0.0006944299700000001,6.2878543e-05,0.006114509,16.21388,0.0006944299700000001,6.2878543e-05,0.0023166420000000003,15.618625,0.0006944299700000001,6.2878543e-05,0.004952024,1.1527589999999999e-05,3.29866e-05,-0.1446628,48.67671,0.03565218,-0.001983711,-0.002739503,8.665911000000001e-06,5.2830029999999996e-05
73,1607172000,0.9160802,0.9161018999999999,0.019813360000000002,-1.2037470000000001,1.89782,0.8434965999999999,1.5153109999999999,1.3754309999999998,0.008956924000000002,0.3898306,2.3908749999999997e-05,2.7340533000000002e-06,3.0452490000000004e-06,4.0626713e-06,6.330884e-06,9.318744e-06,1.4698483e-05,2.6349172999999998e-05,0.42596940000000005,0.03181077,0.0001905323,76.00198999999999,57.03141999999999,3.04256e-05,6.646853,0.01441852,10.005449,0.0009223935400000001,8.38109468e-05,0.030190889999999998,37.44226999999999,0.0009223935400000001,8.38109468e-05,0.0059896640000000004,18.227579,0.0009223935400000001,8.38109468e-05,0.002226004,17.951679000000002,0.0009223935400000001,8.38109468e-05,0.0049418199999999995,1.123696e-05,3.271536e-05,-0.22994151999999998,50.324929999999995,0.035918059999999995,-0.0019164579999999998,-0.002722706,8.244398e-06,4.958108999999999e-05
73,1607172600,0.9095491000000001,0.9095706000000001,0.026346800000000004,-1.254457,1.877307,0.8457836999999999,1.4912320000000001,1.359605,0.012691339,0.3911202,2.402702e-05,2.9203823999999997e-06,3.1569931000000004e-06,4.2046284e-06,6.2915950000000005e-06,8.84906e-06,1.3975964999999999e-05,2.4732417999999996e-05,0.4243936,0.030128109999999996,0.0001853584,76.92472000000001,56.693769999999994,3.020045e-05,6.517574999999999,0.014400050000000001,9.896082,0.00095164508,8.6383693e-05,0.03008132,37.13497,0.00095164508,8.6383693e-05,0.006214692,20.340583000000002,0.00095164508,8.6383693e-05,0.0024548820000000002,20.006888999999997,0.00095164508,8.6383693e-05,0.004947769,1.1457167e-05,3.295541e-05,-0.09101445000000001,53.506029999999996,0.03807317,-0.001974852,-0.002756671,8.151531999999999e-06,4.708242e-05
73,1607173200,0.902378,0.9023988,0.01905072,-1.342508,1.8049300000000001,0.8580309999999999,1.472407,1.323114,0.011250370999999999,0.38211090000000003,2.459764e-05,3.6386280999999996e-06,3.92151e-06,4.8068611e-06,6.395981000000001e-06,8.580716000000001e-06,1.3230596e-05,2.4195099e-05,0.40760969999999996,0.043379949999999994,0.00013061573,79.51678999999999,59.81729,2.9970220000000008e-05,6.49545,0.01444813,9.84927,0.00042481881000000005,3.822883250000001e-05,0.029539720000000002,36.010020000000004,0.00042481881000000005,3.822883250000001e-05,0.005634055000000001,10.898088999999999,0.00042481881000000005,3.822883250000001e-05,0.0018348339999999998,10.331631999999999,0.00042481881000000005,3.822883250000001e-05,0.004828573,7.92897e-06,2.933987e-05,-0.26002432999999997,73.54775,0.03548708,-0.00218978,-0.002881446,7.143771e-06,4.990455e-05
73,1607173800,0.7769346,0.7769556999999999,0.01692274,-1.387541,1.6364740000000002,0.8031815,1.3550309999999999,1.2144,0.008760161,0.32781020000000005,2.234031e-05,1.2237354e-06,1.26742978e-06,1.6420444e-06,2.5710768000000004e-06,3.3127234e-06,5.237103099999999e-06,1.0383455e-05,0.34600339999999996,0.04233888,9.820605e-05,85.22323,60.954359999999994,2.5820230000000003e-05,6.013567,0.0133614,8.25095,0.00129987694,0.00011836356999999999,0.027209679999999997,30.38926,0.00129987694,0.00011836356999999999,0.006207312,24.25869,0.00129987694,0.00011836356999999999,0.002384977,24.191526,0.00129987694,0.00011836356999999999,0.0047016210000000004,4.178347e-06,2.547969e-05,-0.04546369999999998,97.30598,0.03178583,-0.002400472,-0.00297396,4.575253e-06,3.7008320000000004e-05
73,1607174400,0.8397471999999999,0.8397685000000001,0.02252488,-1.411584,1.60115,0.8370035,1.404156,1.2601870000000002,0.008415312000000001,0.3501387,2.2427189999999997e-05,1.4306526e-06,1.4949691999999997e-06,1.9222658999999998e-06,2.9425989e-06,3.8957094e-06,6.367313599999999e-06,1.3566063e-05,0.37868040000000003,0.041033520000000004,0.00012669122,83.34958,59.821220000000004,2.7889800000000002e-05,6.473941999999999,0.013929750000000001,8.865317,0.0010647670199999998,9.6807434e-05,0.028513340000000005,33.38814000000001,0.0010647670199999998,9.6807434e-05,0.0061803349999999995,21.266012,0.0010647670199999998,9.6807434e-05,0.0023584559999999997,20.976927,0.0010647670199999998,9.6807434e-05,0.004651817,2.5753180000000002e-06,2.3881679999999997e-05,-0.12363033400000001,61.3516883,0.01765126554,-0.002505925,-0.003059852,2.358531e-06,2.3605730000000002e-05
73,1607175000,0.8431189,0.8431401,0.020829129999999998,-1.427838,1.674689,0.8405834999999999,1.399354,1.257113,0.010817136000000002,0.35681769999999996,2.3177959999999998e-05,2.1537506e-06,2.22868974e-06,2.7242146e-06,3.8535005e-06,5.016287099999999e-06,7.6403731e-06,1.4765934000000002e-05,0.38205600000000006,0.039352790000000006,0.00011048797999999999,82.46292,59.41895999999999,2.80161e-05,6.316445,0.013862669999999999,8.748621,0.0013920249799999997,0.00012693114439999998,0.02845171,33.22428,0.0013920249799999997,0.00012693114439999998,0.0060662170000000005,24.499611,0.0013920249799999997,0.00012693114439999998,0.0022867,24.471108,0.0013920249799999997,0.00012693114439999998,0.004677439,3.646028e-06,2.485756e-05,0.15774233000000001,88.59888999999998,0.029168069999999997,-0.0024275259999999993,-0.00300422,3.710919e-06,3.2910579999999995e-05
73,1607175600,0.8498903999999999,0.8499117,0.01728378,-1.5298310000000002,1.47597,0.8540112000000001,1.361855,1.2240759999999997,0.008754653,0.3567056,2.1940950000000002e-05,1.0121353e-06,9.9661433e-07,1.32994724e-06,2.1726665e-06,2.849517e-06,4.8372211e-06,1.0690761e-05,0.3855172,0.0392895,0.00011362209000000001,85.19871,59.28716000000001,2.8244019999999997e-05,6.324543,0.01423671,8.987405999999998,0.00111362132,0.00010124880699999999,0.028751370000000005,33.95934,0.00111362132,0.00010124880699999999,0.006314399,24.066428999999996,0.00111362132,0.00010124880699999999,0.0025188140000000003,23.764058,0.00111362132,0.00010124880699999999,0.004649516000000001,2.5881999999999996e-06,2.384743e-05,0.019733399999999995,12.1552368,0.011600837999999999,-0.0022726179999999997,-0.0028951840000000003,1.118516e-06,1.4454109999999998e-05
73,1607176200,0.8376195000000001,0.8376412,0.01583303,-1.598312,1.521834,0.8544527000000001,1.317491,1.183275,0.010421685,0.3552226,2.197177e-05,7.42048e-07,7.228531e-07,1.0191408e-06,1.7990701e-06,2.2120526e-06,3.6464936999999997e-06,7.960225e-06,0.37523439999999997,0.04344666,0.00010949595,87.58558000000001,60.43464,2.785121e-05,5.979553,0.01425403,8.835377,0.00060875262,5.502953299999999e-05,0.028347820000000003,33.01223,0.00060875262,5.502953299999999e-05,0.005710673000000001,13.774845999999997,0.00060875262,5.502953299999999e-05,0.001891141,13.297101800000002,0.00060875262,5.502953299999999e-05,0.004718329,4.177432e-06,2.555724e-05,-0.203268143,38.810815000000005,0.020957728000000002,-0.0021852020000000002,-0.002849436,2.8407073e-06,2.693018e-05
73,1607176800,0.9270616,0.9270828999999999,0.01943735,-1.4252580000000001,1.6097370000000002,0.8804839,1.4665949999999999,1.313479,0.008916859,0.3857747,2.269321e-05,1.7227535e-06,1.7349710999999997e-06,2.1584109e-06,3.0948454e-06,4.0319465e-06,6.355818600000001e-06,1.3365742e-05,0.41468620000000006,0.048698000000000005,0.00011248959,80.40619000000001,60.598650000000006,3.0812009999999996e-05,6.124528000000001,0.014495629999999999,9.592854999999998,0.00065888809,5.9583819e-05,0.02963272,36.037580000000005,0.00065888809,5.9583819e-05,0.006030136,16.250887,0.00065888809,5.9583819e-05,0.002265923,15.730885,0.00065888809,5.9583819e-05,0.004630053999999999,2.108817e-06,2.337445e-05,-0.075118101,10.986648800000001,0.007469437399999999,-0.002346343,-0.0029597699999999996,1.1012838e-06,1.474526e-05
73,1607177400,1.0528628,1.052883,0.0175920397,-1.350725,1.7008269999999999,0.9301425,1.591586,1.427705,0.010414931,0.43873429999999997,2.3888210000000003e-05,2.7935377000000004e-06,2.8867545e-06,3.4024747e-06,4.5934223e-06,5.743420700000001e-06,8.82693e-06,1.8033325e-05,0.4729241,0.053308499999999995,0.00014900219,81.67843,60.22189000000001,3.4977519999999996e-05,6.253899,0.015324559999999997,10.933745000000002,0.00093874726,8.5293322e-05,0.03173864,41.35319,0.00093874726,8.5293322e-05,0.0061490519999999995,21.435118,0.00093874726,8.5293322e-05,0.0024247870000000003,21.063189,0.00093874726,8.5293322e-05,0.00462786,1.983721e-06,2.3313030000000004e-05,0.014715686,2.3075744000000005,0.0051761538,-0.002322601,-0.0029558049999999997,8.815207999999998e-07,1.2059479999999999e-05
73,1607178000,1.1298279999999998,1.1298489999999999,0.0195783,-1.477417,1.698276,0.9783181000000001,1.5996849999999998,1.4392179999999999,0.009206941,0.46971169999999995,2.285557e-05,1.8958916999999999e-06,1.88941389e-06,2.3361998e-06,3.4618587e-06,4.4566705e-06,7.3396105e-06,1.618512e-05,0.5138887,0.050838430000000004,0.00014653059,81.00888,59.06382,3.753648000000001e-05,6.29396,0.01617537,11.721039999999999,0.00127568394,0.00011611721919999999,0.0330935,44.926120000000004,0.00127568394,0.00011611721919999999,0.0064019359999999996,26.648895,0.00127568394,0.00011611721919999999,0.002706244,26.359372,0.00127568394,0.00011611721919999999,0.004629866999999999,2.047337e-06,2.3412600000000003e-05,0.055826939,4.6145747,0.006406853130000001,-0.0022526079999999997,-0.00287388,9.315474e-07,1.2779119999999999e-05
73,1607178600,0.9529349999999999,0.9529568000000002,0.02810873,-1.2177266000000002,1.6685020000000002,0.8706881,1.567808,1.396467,0.007629823000000001,0.39622019999999997,2.324003e-05,2.2023683000000005e-06,2.2660767e-06,2.7357399000000002e-06,3.9417091e-06,5.1731396e-06,8.189954e-06,1.7623748e-05,0.4260630000000001,0.050200480000000006,0.0001600172,79.40642999999999,60.64923,3.164811e-05,6.465496,0.014330779999999998,9.882776000000002,0.0007722530500000001,7.006966279999999e-05,0.030092219999999996,37.21028,0.0007722530500000001,7.006966279999999e-05,0.0059417129999999995,16.077738,0.0007722530500000001,7.006966279999999e-05,0.00218877,15.681025,0.0007722530500000001,7.006966279999999e-05,0.0046161890000000014,1.602354e-06,2.290871e-05,0.0018034132999999997,0.7100468999999999,0.00108168665,-0.002489108,-0.003075245,7.961366999999999e-07,1.1275109999999999e-05
73,1607179200,0.6901398000000001,0.6901611000000001,0.03616438,-0.9123769000000002,1.5261840000000002,0.7093926,1.411731,1.2347990000000002,0.01136854,0.2940005,2.2387199999999998e-05,1.247077e-06,1.2434757699999998e-06,1.4933497000000003e-06,2.0229992e-06,2.4926674999999997e-06,3.8115166e-06,7.897306000000001e-06,0.29232850000000005,0.05260915000000001,0.00011034232999999999,88.45145,65.52686,2.2935610000000002e-05,5.942077,0.011744319999999999,7.242897999999999,0.0010292747199999999,9.360131909999999e-05,0.02493707,25.66655,0.0010292747199999999,9.360131909999999e-05,0.006088832,19.195656000000003,0.0010292747199999999,9.360131909999999e-05,0.002216422,19.068588,0.0010292747199999999,9.360131909999999e-05,0.004617927,1.283122e-06,2.258617e-05,0.26450071,7.6258196,0.0044656235,-0.002770073,-0.003288475,8.080047e-07,1.131274e-05
73,1607179800,0.5807001,0.5807214999999999,0.03703238,-0.8379546,1.415706,0.6435445,1.30879,1.1450989999999999,0.007502851,0.24678119999999998,2.245746e-05,1.1005711e-06,1.11694514e-06,1.31351855e-06,1.8089253e-06,2.2528233e-06,3.3873471e-06,6.7933115999999996e-06,0.2390429,0.05118317,0.00010502558,88.62422000000001,67.98147,1.930283e-05,5.9478599999999995,0.010604256,6.020557999999999,0.00083877503,7.607996800000001e-05,0.02250508,20.886680000000002,0.00083877503,7.607996800000001e-05,0.005934791,15.980806999999999,0.00083877503,7.607996800000001e-05,0.0019824541,15.679693999999998,0.00083877503,7.607996800000001e-05,0.004628141999999999,1.1863492999999999e-06,2.2589119999999998e-05,-0.04281457426,7.9729409,0.00384970903,-0.002877412,-0.0033440230000000002,9.057672e-07,1.2917499999999998e-05
73,1607180400,0.44321489999999997,0.4432363,0.03974633000000001,-0.5077988,1.3072889999999997,0.5240333999999999,1.200713,1.03237,0.006155605,0.1859546,2.194567e-05,7.951782799999999e-07,8.0971655e-07,9.5861705e-07,1.3207564000000002e-06,1.5614782000000003e-06,2.2907940999999995e-06,4.5908190000000005e-06,0.1695517,0.05194687,9.566842000000001e-05,94.42675999999999,73.52407,1.47268e-05,6.217594,0.009350200999999999,4.713797,0.00036752724999999996,3.30031025e-05,0.01912403,15.04606,0.00036752724999999996,3.30031025e-05,0.005517803,8.5563432,0.00036752724999999996,3.30031025e-05,0.0014841859000000002,8.03527,0.00036752724999999996,3.30031025e-05,0.004605314000000001,1.0490173e-06,2.225033e-05,0.0011527049999999982,3.7075852000000005,0.002148742907,-0.0029595409999999996,-0.003377969,8.575810000000001e-07,1.179262e-05
73,1607181000,0.4593764,0.4593974,0.03587425,-0.4479352,1.3379269999999999,0.5123999999999999,1.219312,1.0558812,0.007467217000000001,0.19889050000000003,2.190821e-05,7.945598000000001e-07,8.148325899999999e-07,1.01258525e-06,1.4279113e-06,1.8869040400000001e-06,2.83200302e-06,5.97787e-06,0.1771124,0.052449369999999995,0.00010999001000000001,91.71379999999999,73.50309,1.525756e-05,6.229059000000001,0.009650065999999999,4.836126,0.00059453475,5.3762690999999995e-05,0.01936185,15.55562,0.00059453475,5.3762690999999995e-05,0.005652953,11.557942999999998,0.00059453475,5.3762690999999995e-05,0.0016458561999999999,11.1761772,0.00059453475,5.3762690999999995e-05,0.0046034809999999995,1.2062699999999998e-06,2.2359240000000004e-05,0.07787632,9.303176400000002,0.005962232539999999,-0.0028729289999999993,-0.003313767,8.495917e-07,1.1998900000000001e-05
73,1607181600,0.5604999,0.5605213000000001,0.03945247,-0.4695477,1.4433799999999999,0.5645734,1.3523669999999999,1.17416,0.006463103,0.23450960000000004,2.2177239999999998e-05,1.0028293e-06,1.0213656699999999e-06,1.2384943000000002e-06,1.7738487000000001e-06,2.30595e-06,3.5717110000000006e-06,7.466059000000001e-06,0.22942540000000006,0.050701279999999994,0.00010407311999999999,90.34775,68.22435,1.8614919999999998e-05,6.392301,0.01082706,5.8856020000000004,0.0008257864799999998,7.49371544e-05,0.02215749,20.15494,0.0008257864799999998,7.49371544e-05,0.005950136,15.493201,0.0008257864799999998,7.49371544e-05,0.001992498,15.221731999999998,0.0008257864799999998,7.49371544e-05,0.00462438,1.248799e-06,2.262873e-05,-0.006932090000000002,1.7391448,0.00120490254,-0.0028143789999999997,-0.003286096,8.922046999999999e-07,1.169782e-05
73,1607182200,0.42803330000000006,0.42805480000000007,0.033421120000000006,-0.347295,1.294238,0.4827997,1.194523,1.0283187999999999,0.007354638000000001,0.1841624,2.2239120000000003e-05,8.7789068e-07,9.095006000000002e-07,1.09521454e-06,1.4601573000000001e-06,1.9348707e-06,2.8583316999999996e-06,5.784784700000001e-06,0.1637452,0.050164740000000006,9.070376999999999e-05,94.24355,74.10428999999999,1.4213839999999999e-05,6.222455,0.00941171,4.504207,0.00044952603999999995,4.0564404099999997e-05,0.01861813,14.3869,0.00044952603999999995,4.0564404099999997e-05,0.005445976999999999,8.9742456,0.00044952603999999995,4.0564404099999997e-05,0.0013838978,8.498783699999999,0.00044952603999999995,4.0564404099999997e-05,0.004627743,1.0192613999999999e-06,2.2424059999999998e-05,0.040389831,6.1451104999999995,0.00263475076,-0.00301814,-0.003430244,8.524261000000001e-07,1.185807e-05
73,1607182800,0.38091510000000006,0.38093679999999996,0.04071795,-0.31666059999999996,1.233788,0.4556241,1.138983,0.9737928,0.0048565480000000005,0.16047670000000003,2.205025e-05,5.770684699999999e-07,5.8458254e-07,7.2185521e-07,9.963696e-07,1.2965471e-06,1.93381547e-06,4.0983098e-06,0.14054529999999998,0.049809769999999996,9.158035e-05,98.39767,76.31832,1.265017e-05,6.202734999999999,0.008891384,3.9923360000000003,0.00071112243,6.4387856e-05,0.017304560000000004,12.290389999999999,0.00071112243,6.4387856e-05,0.005933436999999999,14.133361000000003,0.00071112243,6.4387856e-05,0.0018492453,13.737919999999997,0.00071112243,6.4387856e-05,0.004636459,8.720824999999998e-07,2.2369409999999997e-05,-0.04701081,0.945007,-0.0006812045000000001,-0.003126836,-0.003522496,8.556346999999998e-07,1.1351260000000001e-05
73,1607183400,0.3967602,0.3967816,0.045424240000000005,-0.3928366,1.248263,0.47646570000000005,1.150346,0.9876304999999999,0.005069249999999999,0.1666216,2.19696e-05,5.7821533e-07,5.900134300000001e-07,7.312447e-07,1.0366229e-06,1.3432222e-06,2.0970449e-06,4.407394e-06,0.1468199,0.05144599,0.00010257401999999999,96.97812,76.17119,1.3171990000000001e-05,6.475181000000001,0.008873896000000001,4.151962,0.00093622277,8.5036888e-05,0.01767065,12.847010000000001,0.00093622277,8.5036888e-05,0.006005524999999999,17.225123,0.00093622277,8.5036888e-05,0.0019463479999999994,17.01647,0.00093622277,8.5036888e-05,0.004626248000000001,8.889235999999999e-07,2.2291420000000003e-05,0.008583225,0.9747846000000001,-0.00036039131,-0.003088907,-0.0034974229999999995,8.582261999999999e-07,1.104175e-05
73,1607184000,0.40476980000000007,0.4047911,0.043129820000000006,-0.4561083,1.2746270000000002,0.4928038,1.1574360000000001,0.9926192,0.004945157,0.1757631,2.213058e-05,7.3105335e-07,7.5321594e-07,9.360041099999999e-07,1.2863963000000002e-06,1.6835699000000004e-06,2.6476365999999996e-06,5.489367499999999e-06,0.15184879999999998,0.05042800000000001,9.373204e-05,91.66241,75.06304,1.3438189999999999e-05,6.253372,0.008911265,4.257422,0.0008250000799999999,7.49593626e-05,0.01803436,13.37367,0.0008250000799999999,7.49593626e-05,0.0059556669999999996,16.133347,0.0008250000799999999,7.49593626e-05,0.001874317,15.830700000000002,0.0008250000799999999,7.49593626e-05,0.004638576,8.775611000000001e-07,2.2388409999999998e-05,-0.006797210000000003,2.6974530999999997,0.00167706673,-0.00312006,-0.003536204,8.573937000000001e-07,1.148498e-05
73,1607184600,0.45750080000000004,0.45752239999999994,0.039577070000000006,-0.42291809999999996,1.329266,0.5115441,1.2316889999999998,1.061432,0.006195577,0.19457660000000002,2.202821e-05,5.7309265e-07,5.606855699999999e-07,7.073402100000001e-07,1.0157634000000003e-06,1.30416436e-06,2.01294432e-06,4.4440605e-06,0.17881260000000002,0.04983808,8.830347e-05,93.89054,71.90671,1.5195789999999999e-05,5.9616,0.009676733,4.8283949999999995,0.0009630412800000002,8.751473099999998e-05,0.01959968,15.792739999999998,0.0009630412800000002,8.751473099999998e-05,0.006143912,18.633222999999997,0.0009630412800000002,8.751473099999998e-05,0.0021068720999999997,18.436344,0.0009630412800000002,8.751473099999998e-05,0.0046350739999999994,9.120861999999998e-07,2.238889e-05,-0.04283759,6.202513999999999,0.0017368662600000001,-0.003090416,-0.003532719,7.859370000000001e-07,1.1388469999999999e-05
73,1607185200,0.47741439999999996,0.4774359,0.041239490000000004,-0.4354968,1.3410810000000002,0.5197809999999999,1.249499,1.0857700000000001,0.0038417669999999994,0.1968855,2.224088e-05,6.455747e-07,6.595779399999999e-07,8.468856000000001e-07,1.2602230000000002e-06,1.6396833e-06,2.742979e-06,5.970083e-06,0.1882461,0.050343969999999995,0.00010266407000000001,94.16226,71.18243,1.585447e-05,6.506219,0.009864638,4.983579999999999,0.0011451624299999997,0.0001042661181,0.020034060000000003,16.462219999999995,0.0011451624299999997,0.0001042661181,0.006121102999999999,20.779824,0.0011451624299999997,0.0001042661181,0.0020881618999999997,20.664230800000002,0.0011451624299999997,0.0001042661181,0.004652511999999999,8.944465e-07,2.2541370000000002e-05,-0.012553033000000002,1.381276,-0.00055554202,-0.0031048519999999995,-0.003561535,8.418499e-07,1.1126399999999999e-05
73,1607185800,0.5139528,0.5139742,0.03474891000000001,-0.4320571,1.3972919999999998,0.5341951,1.2914640000000002,1.126121,0.006510137000000001,0.2157085,2.1796190000000002e-05,4.546243e-07,4.5968030999999996e-07,6.4338075e-07,1.060182e-06,1.4462425e-06,2.5194266e-06,5.8184465e-06,0.20523660000000002,0.051623869999999995,0.00010290115000000002,91.20420999999999,70.20553,1.7065069999999998e-05,6.1011310000000005,0.010322682,5.375399,0.0010753177,9.787142290000001e-05,0.02093519,17.998569999999997,0.0010753177,9.787142290000001e-05,0.006149822,20.620742,0.0010753177,9.787142290000001e-05,0.0021556420999999997,20.403179599999998,0.0010753177,9.787142290000001e-05,0.004634564,9.716937000000002e-07,2.2446419999999997e-05,-0.012719320900000003,3.0245420000000003,0.0008771552800000001,-0.003028634,-0.0034974430000000003,8.488461999999999e-07,1.14128e-05
73,1607186400,0.44890079999999993,0.44892200000000004,0.02815501,-0.3670637,1.329566,0.4957905,1.222425,1.05442,0.006060061,0.1927123,2.175874e-05,3.950459999999999e-07,3.7856894e-07,5.398804000000001e-07,8.476449999999999e-07,1.0943396999999999e-06,1.8437201000000003e-06,4.29696e-06,0.1735729,0.0507872,8.040557999999999e-05,94.59808,72.85643000000002,1.4902010000000001e-05,6.347886000000001,0.009682871999999999,4.729432,0.00044173517,3.9710029e-05,0.01926525,15.274420000000001,0.00044173517,3.9710029e-05,0.005711944,9.54613,0.00044173517,3.9710029e-05,0.0016624625000000001,9.0401958,0.00044173517,3.9710029e-05,0.004627295,9.428131e-07,2.2349150000000003e-05,0.019499181999999997,4.7727366,0.00098062873,-0.0030540409999999995,-0.003498277,8.353405e-07,1.1517349999999999e-05
73,1607187000,0.45500750000000006,0.4550289,0.019993649999999998,-0.35483000000000003,1.328179,0.4908081,1.2263629999999999,1.061321,0.005758139000000001,0.19577879999999998,2.235589e-05,9.618579199999999e-07,9.6568705e-07,1.16207578e-06,1.5399330000000001e-06,1.93193507e-06,2.9319953e-06,5.8253746e-06,0.17751250000000002,0.04990886,6.606801999999999e-05,92.24105,72.10294999999999,1.511215e-05,6.216364999999999,0.009876728999999999,4.754332,0.0008871028199999998,8.053381e-05,0.019466039999999997,15.567889999999997,0.0008871028199999998,8.053381e-05,0.005931031000000001,15.769702,0.0008871028199999998,8.053381e-05,0.001896624,15.566539,0.0008871028199999998,8.053381e-05,0.004631318000000001,9.062869999999999e-07,2.235327e-05,0.007866060999999999,1.5288140000000001,0.0004970692,-0.003082138,-0.003523869,8.662442999999998e-07,1.1044820000000001e-05
73,1607187600,0.478402,0.4784235,0.0228628,-0.3734789,1.3583669999999999,0.5032456,1.258277,1.087307,0.005557123,0.20424539999999997,2.2184599999999998e-05,7.820026999999998e-07,7.869347100000002e-07,9.9787339e-07,1.4002007999999999e-06,1.8225837799999997e-06,2.93562959e-06,6.309578299999999e-06,0.1891255,0.049992119999999994,6.716884999999998e-05,89.43214,71.05722999999999,1.5885170000000003e-05,6.114801,0.010150824,5.014044,0.00092172038,8.370031799999999e-05,0.02011369,16.619809999999994,0.00092172038,8.370031799999999e-05,0.005999915999999999,17.388855,0.00092172038,8.370031799999999e-05,0.0019727939,17.176216099999998,0.00092172038,8.370031799999999e-05,0.004638972,9.764781e-07,2.2478259999999995e-05,-0.002405519000000003,11.546237,0.0028900040100000002,-0.003055444,-0.0035215459999999995,8.856128e-07,1.217929e-05
73,1607188200,0.325444,0.3254653,0.034152079999999994,-0.24516909999999997,1.154962,0.4180936,1.0563310000000001,0.9007024999999999,0.004268292000000001,0.13765049999999998,2.194836e-05,5.4250847e-07,5.538058900000001e-07,6.7539784e-07,9.214222400000001e-07,1.1915184700000002e-06,1.8502178100000001e-06,3.8525614e-06,0.11355805999999999,0.049093580000000005,6.0223410000000004e-05,95.48094,80.49956,1.0808154e-05,6.205274999999999,0.008388795999999999,3.4158899999999996,0.0003857566,3.4637067199999994e-05,0.01555146,9.961188,0.0003857566,3.4637067199999994e-05,0.005530073,8.2422067,0.0003857566,3.4637067199999994e-05,0.0013939317,7.73323795,0.0003857566,3.4637067199999994e-05,0.004631814999999999,7.527309000000001e-07,2.219775e-05,-0.0022305450000000013,9.113515000000001,0.00144237216,-0.003257153,-0.0036272729999999994,8.513959e-07,1.152144e-05
73,1607188800,0.3569588,0.3569804,0.030804249999999995,-0.2588144,1.200638,0.43626069999999995,1.1056830000000002,0.9436791,0.004919970999999999,0.1528028,2.202618e-05,5.512486199999999e-07,5.4673682e-07,6.4504183e-07,8.462582e-07,9.803572500000001e-07,1.415542e-06,2.7991693e-06,0.12886150000000002,0.049556649999999994,5.216225000000001e-05,98.64885,78.01352999999999,1.1864099999999999e-05,5.8138499999999995,0.008800734000000001,3.765669999999999,0.000724103,6.566453259999999e-05,0.016617310000000003,11.369518,0.000724103,6.566453259999999e-05,0.005722535,13.3504592,0.000724103,6.566453259999999e-05,0.0016134038,13.087762400000003,0.000724103,6.566453259999999e-05,0.004639556,7.573889e-07,2.228255e-05,-0.011946589999999998,1.3497420000000002,-0.00022664069999999998,-0.0032312960000000003,-0.003623314,8.37246e-07,1.1112780000000002e-05
73,1607189400,0.40078810000000004,0.4008095,0.03642866,-0.30473429999999996,1.27774,0.46050969999999997,1.1614099999999998,0.9968558,0.007061906,0.1746076,2.206763e-05,6.236913e-07,6.2568734e-07,7.5003672e-07,1.0282405000000001e-06,1.26958897e-06,1.8847954699999998e-06,3.876435e-06,0.1520178,0.048298320000000006,6.708427e-05,96.38253,74.61649000000001,1.3313569999999999e-05,6.18004,0.009388908,4.199478000000001,0.00055818593,5.0416136100000003e-05,0.017955939999999997,13.325130000000001,0.00055818593,5.0416136100000003e-05,0.005777736,11.770635,0.00055818593,5.0416136100000003e-05,0.001696903,11.399547,0.00055818593,5.0416136100000003e-05,0.004635593,8.629605999999999e-07,2.234133e-05,-0.009909384000000002,5.8697550000000005,0.0025054235299999997,-0.0031506470000000003,-0.0035720910000000003,8.177970999999999e-07,1.161907e-05
73,1607190000,0.444587,0.44460829999999996,0.03257373,-0.3466133,1.321915,0.4870883999999999,1.216572,1.0481181000000002,0.007320307,0.1897119,2.200424e-05,6.7097475e-07,6.9319594e-07,8.683755e-07,1.2747117e-06,1.6812605799999998e-06,2.7453457999999995e-06,5.8793769000000005e-06,0.17296830000000002,0.04923291,7.778665e-05,91.18166999999998,72.69977000000002,1.4760270000000001e-05,6.354155,0.009984181,4.651484,0.0006433531000000001,5.8188446e-05,0.01915779,15.172670000000002,0.0006433531000000001,5.8188446e-05,0.005746502999999999,12.453009,0.0006433531000000001,5.8188446e-05,0.001708171,12.103582,0.0006433531000000001,5.8188446e-05,0.004623625000000001,9.251654999999998e-07,2.2293780000000002e-05,-0.04520964300000001,5.9991449999999995,0.00224878192,-0.003083901,-0.003525541,8.477864000000001e-07,1.144922e-05
73,1607190600,0.34090260000000006,0.3409239,0.039302250000000004,-0.23917439999999995,1.1962500000000003,0.42838180000000003,1.087757,0.9229781000000001,0.005695733,0.14920689999999998,2.166296e-05,4.6847405000000004e-07,4.728839700000001e-07,6.0027051e-07,8.634294999999999e-07,1.15105644e-06,1.8264445200000001e-06,3.9044621e-06,0.1206785,0.04969369999999999,6.880648e-05,95.10336,79.30199999999999,1.1315320000000001e-05,6.1436,0.008665556999999999,3.602518,0.0008254781500000002,7.489860899999999e-05,0.01608289,10.632037999999998,0.0008254781500000002,7.489860899999999e-05,0.005896473,15.481337,0.0008254781500000002,7.489860899999999e-05,0.0018056701000000001,15.223925,0.0008254781500000002,7.489860899999999e-05,0.004609338,7.944002e-07,2.2036389999999997e-05,0.0053462050000000014,3.4258420999999997,0.0006884107199999999,-0.0031706649999999996,-0.0035588800000000004,8.007824e-07,1.124006e-05
73,1607191200,0.3285129,0.32853389999999993,0.040431770000000006,-0.24241410000000005,1.160848,0.4205506,1.065445,0.9061777000000001,0.004457982,0.1397457,2.162089e-05,5.082019e-07,5.2135097e-07,6.5481512e-07,9.178352e-07,1.2444962800000002e-06,2.0106368999999995e-06,4.2254861000000004e-06,0.11481920000000001,0.04935456,7.178933000000001e-05,95.79844,80.20727,1.0904243e-05,6.440944,0.008460483000000001,3.4356120000000003,0.00037775095000000005,3.3953974700000004e-05,0.015617139999999998,10.004774999999999,0.00037775095000000005,3.3953974700000004e-05,0.0055321929999999995,8.514804999999999,0.00037775095000000005,3.3953974700000004e-05,0.0014327855,8.022299100000001,0.00037775095000000005,3.3953974700000004e-05,0.0045984749999999994,7.731258e-07,2.191316e-05,-0.046741149999999995,3.2827602999999996,0.00083823855,-0.003193326,-0.003567641,8.032124999999999e-07,1.1090661e-05
73,1607191800,0.3159919,0.3160132,0.03636935,-0.23807549999999997,1.167598,0.4153454,1.0456815,0.8882895000000002,0.0050953840000000005,0.1410476,2.150147e-05,3.6388666e-07,3.6594403e-07,4.591908200000001e-07,6.217388e-07,8.218712499999999e-07,1.26919227e-06,2.7867474e-06,0.10894136000000001,0.04898417,6.286614000000001e-05,100.16018,81.28513999999998,1.0497186e-05,6.0923099999999994,0.008292832,3.3231500000000005,0.00096892583,8.807521629999999e-05,0.015249250000000002,9.580675000000001,0.00096892583,8.807521629999999e-05,0.0060087,17.890091999999996,0.00096892583,8.807521629999999e-05,0.0019036785,17.722647000000002,0.00096892583,8.807521629999999e-05,0.004601811,7.137148999999999e-07,2.1884319999999998e-05,0.05095061999999999,6.738089700000001,0.0007167695999999999,-0.003239782,-0.003616901,7.772049e-07,1.0778490000000001e-05
73,1607192400,0.3881367,0.38815789999999994,0.022955490000000002,-0.29714430000000003,1.234988,0.4536867,1.1443090000000002,0.9823806000000002,0.00517314,0.16364859999999998,2.1816380000000002e-05,6.834698e-07,7.0973152e-07,8.969438e-07,1.2763442e-06,1.6867276999999998e-06,2.7971184e-06,5.9079589999999995e-06,0.14575860000000002,0.04822632,6.840415e-05,92.55969000000002,74.98864,1.287801e-05,6.602926999999999,0.009282564,4.079214,0.0011325411,0.000103026179,0.017672959999999995,12.826740000000001,0.0011325411,0.000103026179,0.006185306,20.791992,0.0011325411,0.000103026179,0.0021252327999999997,20.6998205,0.0011325411,0.000103026179,0.004613018,7.654818000000001e-07,2.2046150000000002e-05,0.004517220000000001,1.5194629999999998,-0.00041870742499999986,-0.003189606,-0.003613819,7.588637000000001e-07,1.095003e-05
73,1607193000,0.3915668,0.39158820000000005,0.02121037,-0.43235039999999997,1.2332260000000002,0.4728127000000001,1.125261,0.9739049,0.005995238,0.1673795,2.178838e-05,5.4798229e-07,5.392073700000001e-07,7.042333100000001e-07,9.264173000000001e-07,1.1540928300000001e-06,1.8188124699999996e-06,3.8109886999999997e-06,0.1479352,0.04778349,5.4381039999999996e-05,95.86378,74.54044999999999,1.301377e-05,6.271034,0.009576654,4.1178159999999995,0.00077754552,7.060200480000001e-05,0.017802649999999996,13.01764,0.00077754552,7.060200480000001e-05,0.005814957,14.972612000000002,0.00077754552,7.060200480000001e-05,0.0017426681999999998,14.623337000000001,0.00077754552,7.060200480000001e-05,0.004612187,8.381074e-07,2.210304e-05,0.0021428099999999985,4.6745149,0.0009250353100000002,-0.003143351,-0.0035560819999999995,8.102477000000001e-07,1.1402369999999999e-05
73,1607193600,0.39600510000000005,0.3960262,0.01554101,-0.7609467000000001,1.1907,0.5279885,1.1010320000000002,0.9377537,0.0052779640000000004,0.165872,2.178598e-05,7.063774999999999e-07,7.2247693e-07,9.141098400000001e-07,1.2058116999999998e-06,1.5467092e-06,2.4709865000000003e-06,5.0593123e-06,0.14946549999999997,0.04846377,5.978755000000001e-05,94.31320000000001,74.58285,1.314868e-05,6.2992479999999995,0.010054881,4.159424,0.00067185092,6.0809232e-05,0.017901,13.148140000000001,0.00067185092,6.0809232e-05,0.005805254000000001,13.311839,0.00067185092,6.0809232e-05,0.0017378405999999998,12.955003399999999,0.00067185092,6.0809232e-05,0.004604365,8.204239e-07,2.202114e-05,0.015278534,1.1094734999999998,-0.00051681403,-0.0031386570000000004,-0.0035280249999999997,7.902155000000001e-07,1.086392e-05
73,1607194200,0.3628055,0.3628266,0.01939053,-0.43454990000000004,1.2038620000000002,0.4640275,1.0892199999999999,0.9311159,0.005574506999999999,0.16139989999999999,2.170962e-05,5.7886324e-07,5.8055278e-07,7.422414e-07,9.987295000000001e-07,1.2820246999999998e-06,2.0478556e-06,4.3678045e-06,0.13285969999999997,0.04847155,6.027816999999999e-05,95.32162000000001,76.9242,1.2044389999999999e-05,6.3593329999999995,0.009189132,3.794912,0.00087828964,7.973521699999998e-05,0.01681772,11.62261,0.00087828964,7.973521699999998e-05,0.0059253000000000005,16.630303000000005,0.00087828964,7.973521699999998e-05,0.0018537312,16.429708999999995,0.00087828964,7.973521699999998e-05,0.004605532,8.525949e-07,2.204883e-05,-0.049823714899999996,8.2389473,0.00265679991,-0.0031412840000000003,-0.003539726,8.443488999999999e-07,1.1778109999999999e-05
73,1607194800,0.3484629,0.34848429999999997,0.02133558,-0.2692091,1.191039,0.432644,1.0903450000000001,0.9300282,0.00499701,0.15065650000000003,2.1686610000000004e-05,4.582374e-07,4.5663936000000005e-07,6.209629999999999e-07,8.173005999999999e-07,1.0467805e-06,1.6855442e-06,3.6046199000000004e-06,0.126187,0.04797909,5.567707000000001e-05,96.05937000000002,77.67562000000001,1.157315e-05,6.278008999999999,0.008822849,3.6559549999999996,0.00085977134,7.8046148e-05,0.016410479999999998,11.053858,0.00085977134,7.8046148e-05,0.005960122,16.118244,0.00085977134,7.8046148e-05,0.001874569,15.824742,0.00085977134,7.8046148e-05,0.004610376000000001,8.534675e-07,2.2091020000000004e-05,0.017866907000000005,21.1019421,0.0041855483,-0.003154155,-0.0035429479999999998,9.079353e-07,1.2238109999999998e-05
73,1607195400,0.33668339999999997,0.33670449999999996,0.025680799999999997,-0.27252570000000004,1.160361,0.4258478,1.0668719999999998,0.9146531,0.003919027,0.1416717,2.1696589999999998e-05,6.4492093e-07,6.5435554e-07,8.323159799999999e-07,1.0724679e-06,1.3298224200000002e-06,2.09816026e-06,4.17126e-06,0.11928989999999998,0.048977200000000005,6.243435999999999e-05,96.53518000000001,79.25015999999998,1.1175969999999999e-05,6.116887,0.008740473,3.562952,0.00087317764,7.93202272e-05,0.01601788,10.542185,0.00087317764,7.93202272e-05,0.005890579,15.692314999999999,0.00087317764,7.93202272e-05,0.0018064705,15.456357000000002,0.00087317764,7.93202272e-05,0.004597608,8.186716999999999e-07,2.195304e-05,-0.01172675,2.3008926,0.00108881769,-0.0031594159999999995,-0.003532939,8.161349e-07,1.1111189999999999e-05
73,1607196000,0.3475545,0.34757589999999994,0.0224489,-0.29645530000000003,1.1836490000000002,0.4354608,1.084232,0.9245532999999998,0.00448684,0.14810410000000002,2.1576730000000002e-05,4.6180213e-07,4.7763431e-07,6.7707313e-07,9.334637999999999e-07,1.30783845e-06,2.1846232999999996e-06,4.746286699999999e-06,0.12463949999999997,0.049063100000000005,6.315932e-05,91.09595999999999,78.3946,1.1539e-05,6.3726769999999995,0.008935558,3.643739,0.00066711725,6.04476169e-05,0.016299,10.906960000000002,0.00066711725,6.04476169e-05,0.0057778280000000005,13.084677,0.00066711725,6.04476169e-05,0.0016931334999999998,12.714789999999999,0.00066711725,6.04476169e-05,0.00459647,8.580178e-07,2.1985819999999997e-05,-0.006240936300000001,1.0712686999999999,-0.00029203530000000005,-0.003109217,-0.0034973819999999994,8.391254999999999e-07,1.095861e-05
73,1607196600,0.33306179999999996,0.3330831,0.022539860000000002,-0.2822467,1.161749,0.42823759999999994,1.0643195,0.9075276999999999,0.006306234999999999,0.1417353,2.1889820000000003e-05,6.1591908e-07,6.463416799999998e-07,8.3137e-07,1.0614334e-06,1.3914820000000003e-06,2.1344154000000002e-06,4.3809978000000006e-06,0.1180632,0.048397369999999995,5.825347999999999e-05,94.83004000000001,79.28110000000001,1.1057173999999999e-05,6.3996189999999995,0.008764972999999999,3.497629,0.0007887031100000001,7.15867387e-05,0.01586945,10.353183,0.0007887031100000001,7.15867387e-05,0.005909792999999999,14.717613199999999,0.0007887031100000001,7.15867387e-05,0.0017969488000000003,14.4391797,0.0007887031100000001,7.15867387e-05,0.004623022000000001,8.540032000000001e-07,2.2221350000000004e-05,-0.009811669,3.6549813999999996,0.0009961531,-0.0031466480000000006,-0.0035313709999999997,7.826079999999999e-07,1.122773e-05
73,1607197200,0.35609130000000006,0.3561128,0.020518059999999998,-0.33759439999999996,1.1977490000000002,0.44645399999999996,1.094433,0.9332159000000001,0.004874765,0.152386,2.210747e-05,9.184073999999999e-07,9.7625216e-07,1.1647249999999999e-06,1.4670184999999999e-06,1.9059862e-06,2.8431392e-06,5.533691000000001e-06,0.12955540000000001,0.048415,5.9302530000000006e-05,91.96574000000001,77.33085,1.1817960000000002e-05,6.452912,0.009145363,3.736374,0.00038253132,3.4384258e-05,0.01663593,11.353573,0.00038253132,3.4384258e-05,0.005443789,7.906637000000001,0.00038253132,3.4384258e-05,0.0013464413,7.4085455,0.00038253132,3.4384258e-05,0.004611388999999999,8.621148000000001e-07,2.212231e-05,0.05860509100000001,2.2744107,0.0007962167000000001,-0.003111154,-0.0035082050000000004,8.838935e-07,1.1160249999999999e-05
73,1607197800,0.34164760000000005,0.3416688,0.02010356,-0.35658599999999996,1.1753970000000002,0.4395875,1.064808,0.9112028000000001,0.004697824,0.1502745,2.16596e-05,4.5033025999999997e-07,4.5980420999999995e-07,6.067247899999999e-07,8.183331999999999e-07,1.05960355e-06,1.71969297e-06,3.6758456000000003e-06,0.12256459999999998,0.04818942,6.02331e-05,96.61157,78.52838,1.1346355e-05,6.186204000000001,0.008982492,3.5958550000000002,0.0007885010099999999,7.1499871e-05,0.01616416,10.762142,0.0007885010099999999,7.1499871e-05,0.00592232,15.132529000000002,0.0007885010099999999,7.1499871e-05,0.0018201007,14.855034999999997,0.0007885010099999999,7.1499871e-05,0.004603853,8.118194e-07,2.2005700000000002e-05,-0.0006275850000000002,1.7773203,0.0003116784,-0.00316413,-0.0035434230000000004,8.252580999999999e-07,1.11654e-05
73,1607198400,0.35065399999999997,0.35067499999999996,0.020430479999999997,-0.35695819999999995,1.187887,0.44503650000000006,1.079357,0.9227907,0.005980112,0.1523217,2.159582e-05,6.4258478e-07,6.595720199999999e-07,8.1318369e-07,1.0874183e-06,1.38190477e-06,2.1402936e-06,4.3390036e-06,0.12700970000000003,0.04824815,5.724391e-05,97.48869,77.65292000000001,1.1638100000000001e-05,6.336119000000001,0.009103222000000001,3.6927689999999997,0.0008813823399999998,8.0018432e-05,0.01649018,11.165974,0.0008813823399999998,8.0018432e-05,0.005893691,16.165587999999996,0.0008813823399999998,8.0018432e-05,0.001819258,15.987819000000002,0.0008813823399999998,8.0018432e-05,0.004586346,8.045326999999999e-07,2.182373e-05,-0.005136118000000011,19.260202,0.00339930814,-0.0031718790000000003,-0.003560291,9.121928e-07,1.187092e-05
73,1607199000,0.3171655,0.3171867,0.022201209999999996,-0.312587,1.1365450000000001,0.4191935,1.0305690000000003,0.8816894000000002,0.005118997,0.1370123,2.205438e-05,7.849584e-07,8.297394e-07,1.0085757e-06,1.3024524999999999e-06,1.6875161000000003e-06,2.6310367999999995e-06,5.2149997e-06,0.11106734,0.0474391,6.135592000000001e-05,95.07595,80.08649,1.0518647e-05,6.594023999999999,0.008584604,3.336549,0.00074960149,6.7937e-05,0.01542156,9.774452,0.00074960149,6.7937e-05,0.005803374,13.591208000000004,0.00074960149,6.7937e-05,0.0016730439999999998,13.330931000000001,0.00074960149,6.7937e-05,0.004617627,7.211877e-07,2.2044339999999998e-05,-0.00030487000000000016,1.207774,-0.0006187821500000001,-0.0032448650000000004,-0.003616441,7.811931999999999e-07,1.091335e-05
73,1607199600,0.35196299999999997,0.3519843,0.01585044,-0.43143950000000003,1.1630620000000003,0.4575133,1.076133,0.9182906000000001,0.003920932,0.14750749999999999,2.182387e-05,5.445269799999999e-07,5.4633628e-07,6.7896394e-07,9.297519000000001e-07,1.1484276200000001e-06,1.8188091999999998e-06,3.8513788e-06,0.1291619,0.0467558,5.348996e-05,96.22256000000002,76.68916,1.1688989999999999e-05,6.106904999999999,0.009229033,3.702839,0.0006100500100000001,5.5273065199999985e-05,0.016636690000000003,11.359499999999999,0.0006100500100000001,5.5273065199999985e-05,0.005534119,11.136387999999998,0.0006100500100000001,5.5273065199999985e-05,0.0014187645,10.771744600000002,0.0006100500100000001,5.5273065199999985e-05,0.004616259,7.419731999999999e-07,2.20532e-05,-0.007128788,1.3158520000000002,-0.00062107189,-0.003225053,-0.003610338,8.018141000000001e-07,1.0799379999999999e-05
73,1607200200,0.39120009999999994,0.3912215,0.01628102,-0.41164310000000004,1.23915,0.47427729999999996,1.1292339999999998,0.9737183999999999,0.007573433999999999,0.1729786,2.236104e-05,1.04579588e-06,1.09768417e-06,1.32277696e-06,1.7402257e-06,2.261046e-06,3.4731481000000007e-06,6.908200200000001e-06,0.1482329,0.047281239999999995,6.700009e-05,91.16957,74.35164999999999,1.2978559999999999e-05,6.396643,0.009658184,4.127901,0.00061803924,5.594047690000001e-05,0.01780655,13.040029999999998,0.00061803924,5.594047690000001e-05,0.005613983,11.112339,0.00061803924,5.594047690000001e-05,0.0015347891999999998,10.763019000000002,0.00061803924,5.594047690000001e-05,0.004625142,8.355458999999999e-07,2.221199e-05,0.033659508,14.331843000000001,0.003079082100000001,-0.0031723759999999998,-0.0035808730000000005,9.218112e-07,1.2508530000000001e-05
73,1607200800,0.42315699999999995,0.4231783,0.028257559999999998,-0.38570499999999996,1.277212,0.4852092,1.1859750000000002,1.0195075,0.004541712,0.1775787,2.1509120000000002e-05,4.019969e-07,3.8753526e-07,5.480073599999999e-07,8.660095e-07,1.1794264999999999e-06,2.0709643999999998e-06,4.753189900000001e-06,0.1643753,0.04712445,6.800480000000001e-05,92.25273999999999,72.39705000000001,1.4050640000000002e-05,6.334669,0.009928783,4.434545,0.0008699999699999999,7.90242802e-05,0.018737959999999998,14.40944,0.0008699999699999999,7.90242802e-05,0.005991595000000001,17.069321,0.0008699999699999999,7.90242802e-05,0.0019492992000000003,16.815374999999996,0.0008699999699999999,7.90242802e-05,0.004606425,8.439329e-07,2.2060749999999997e-05,-0.024762310000000003,1.904176,0.0005975317,-0.0031153149999999996,-0.003542571,7.971056e-07,1.1040469999999998e-05
73,1607201400,0.4827172,0.48273850000000007,0.024715529999999996,-0.41428919999999997,1.357053,0.5152802,1.251711,1.0868964,0.00939684,0.20562589999999997,2.195166e-05,7.332831e-07,7.372259200000001e-07,9.347520599999999e-07,1.3319950999999997e-06,1.74646871e-06,2.86299229e-06,6.2367908e-06,0.1936493,0.04762357,7.049777e-05,90.50503,70.09286,1.602576e-05,6.136179,0.010576652,5.103371000000001,0.00044979933999999996,4.05717656e-05,0.02034804,17.093600000000002,0.00044979933999999996,4.05717656e-05,0.0055242320000000004,9.268487,0.00044979933999999996,4.05717656e-05,0.0014857057,8.778847099999998,0.00044979933999999996,4.05717656e-05,0.0046259759999999995,9.58883e-07,2.2345510000000006e-05,0.003784089,12.762587,0.00297660352,-0.003059414,-0.003520496,9.263466999999998e-07,1.2728729999999998e-05
73,1607202000,0.3757228,0.3757439,0.03023966,-0.38091319999999995,1.217361,0.45928450000000004,1.11461,0.9569909999999998,0.005256953,0.1634066,2.1395480000000004e-05,3.0494715e-07,2.9720023e-07,4.401982699999999e-07,6.930146e-07,9.7487357e-07,1.7541072200000004e-06,4.052092499999999e-06,0.1403514,0.047432949999999995,6.766916e-05,96.70305,75.93218999999999,1.2469450000000001e-05,6.361275000000001,0.009411179,3.962764,0.0007482976,6.783045099999999e-05,0.01725954,12.346579,0.0007482976,6.783045099999999e-05,0.005940273999999999,15.610228999999999,0.0007482976,6.783045099999999e-05,0.0018824920000000001,15.290334000000001,0.0007482976,6.783045099999999e-05,0.004594217000000001,8.06948e-07,2.190296e-05,-0.017145716000000002,10.612499,0.00259914399,-0.003159494,-0.0035708830000000004,8.042486e-07,1.1605550999999999e-05
73,1607202600,0.3985088,0.3985298,0.02815065,-0.4119919,1.2397500000000004,0.479812,1.1450599999999997,0.9841799,0.005683808,0.1674443,2.1616749999999996e-05,5.191791899999999e-07,5.4674247e-07,7.0905449e-07,1.0273278e-06,1.31026783e-06,2.2107748e-06,4.7680089000000004e-06,0.1516578,0.04752043,6.407387e-05,93.33265000000002,74.19966000000002,1.322912e-05,6.190467,0.009749065,4.201425,0.0004699426100000001,4.238246540000001e-05,0.01798657,13.328299999999999,0.0004699426100000001,4.238246540000001e-05,0.00550958,9.6234291,0.0004699426100000001,4.238246540000001e-05,0.0014531721,9.1876651,0.0004699426100000001,4.238246540000001e-05,0.004605310999999999,1.0361277e-06,2.216584e-05,0.023921389999999997,7.926804,0.0019266389299999998,-0.003109479,-0.0035268670000000004,1.1860625e-06,1.4697430000000001e-05
73,1607203200,0.40498379999999995,0.40500500000000006,0.01515075,-0.5503595000000001,1.243239,0.5068429,1.1336590000000002,0.9769427,0.006128224,0.1772424,2.15766e-05,5.2151487e-07,5.2422076e-07,6.330337199999999e-07,8.892179e-07,1.07577945e-06,1.6273933000000001e-06,3.4827205999999995e-06,0.1563391,0.04608767,5.5757150000000005e-05,94.85579,72.98665000000001,1.3463230000000002e-05,5.899567,0.009952955000000001,4.242612,0.0007659536,6.9428096e-05,0.01826192,13.713919999999998,0.0007659536,6.9428096e-05,0.005847975,14.387458,0.0007659536,6.9428096e-05,0.0017870438,14.031346000000003,0.0007659536,6.9428096e-05,0.004602669,8.840296999999999e-07,2.206247e-05,0.023997267,3.0945335999999997,0.0013477838,-0.003078689,-0.003496068,7.985344e-07,1.121882e-05
73,1607203800,0.36827209999999994,0.36829339999999994,0.01718207,-0.5223643,1.2010869999999998,0.4800708,1.084383,0.9305158,0.007598663,0.16283419999999998,2.204477e-05,7.2779694e-07,7.602761099999999e-07,9.357646899999998e-07,1.2379364999999999e-06,1.6066023e-06,2.4954329e-06,5.104294e-06,0.1373724,0.04669192999999999,5.797892e-05,93.76111999999998,75.48768,1.222146e-05,6.416408,0.009539671000000001,3.8927499999999995,0.0008228366999999999,7.4703641e-05,0.017178350000000002,12.12979,0.0008228366999999999,7.4703641e-05,0.005856134,15.724018999999998,0.0008228366999999999,7.4703641e-05,0.001755644,15.448150000000002,0.0008228366999999999,7.4703641e-05,0.004622351,8.055006e-07,2.216892e-05,0.026564069100000004,1.9744775,0.0005842555000000002,-0.0031724299999999995,-0.003559599,8.518367999999999e-07,1.0896559999999999e-05
73,1607204400,0.31922280000000003,0.3192442,0.016844419999999995,-0.5192279,1.1155450000000002,0.4467464,1.0153813,0.8615889000000001,0.005057529,0.1349143,2.18178e-05,6.0273066e-07,6.310003e-07,7.923957e-07,1.0744111999999998e-06,1.3893188e-06,2.1875335999999997e-06,4.296977e-06,0.11241458,0.04712324,6.140134e-05,96.08620000000002,79.78165,1.0593955e-05,6.468114,0.008896216,3.3787550000000004,0.00052713777,4.760618330000001e-05,0.01549505,9.874196000000001,0.00052713777,4.760618330000001e-05,0.00562984,10.064929,0.00052713777,4.760618330000001e-05,0.0015068521000000002,9.657582999999999,0.00052713777,4.760618330000001e-05,0.004624166000000001,1.1238895999999997e-06,2.234505e-05,0.0646414087,34.35168800000001,0.007034330199999999,-0.003240683,-0.0036270750000000004,1.4005748e-06,1.6068309999999997e-05
73,1607205000,0.33750840000000004,0.33752950000000004,0.019353790000000003,-0.39461480000000004,1.1543960000000002,0.44420149999999997,1.057496,0.9020525000000001,0.0052980100000000006,0.14527410000000002,2.13341e-05,2.4149077e-07,2.1884977e-07,3.1306098000000003e-07,4.793048000000001e-07,6.108067699999999e-07,1.05784175e-06,2.5455339999999997e-06,0.12181280000000001,0.04688439,5.101934e-05,99.1557,77.92664,1.121197e-05,5.895259,0.009014869,3.5602560000000003,0.00078513397,7.1198563e-05,0.01616706,10.736138,0.00078513397,7.1198563e-05,0.0058482429999999995,14.994069000000001,0.00078513397,7.1198563e-05,0.0017568148999999999,14.726215200000002,0.00078513397,7.1198563e-05,0.004596355,7.298523000000001e-07,2.184666e-05,0.046074970800000004,13.452707,0.0016210664,-0.0032389920000000004,-0.0036154939999999995,8.914822e-07,1.2394459999999999e-05
73,1607205600,0.34708459999999997,0.3471056,0.01724198,-0.4263408,1.196062,0.45739089999999993,1.071706,0.9097404000000001,0.006996138000000001,0.1587263,2.1632269999999997e-05,6.0243075e-07,6.1626097e-07,7.7354182e-07,1.0542508e-06,1.3683377999999998e-06,2.1792651999999996e-06,4.5719249999999994e-06,0.1263977,0.0470804,5.1674989999999995e-05,94.68343,77.36215000000001,1.152395e-05,6.431901000000001,0.009207798,3.6820720000000002,0.00065968566,5.9730214099999996e-05,0.01647721,11.185174,0.00065968566,5.9730214099999996e-05,0.005700869000000001,12.617785399999999,0.00065968566,5.9730214099999996e-05,0.0016023577,12.28058405,0.00065968566,5.9730214099999996e-05,0.004601341,7.43298e-07,2.190818e-05,0.002186877300000001,7.640764,0.00183278097,-0.003222042,-0.0036042080000000002,8.175171999999999e-07,1.13141e-05
73,1607206200,0.3939193,0.3939406,0.01476394,-0.6461706,1.2084009999999998,0.5151535,1.1129959999999999,0.9499419999999998,0.006305338000000001,0.16815799999999997,2.17321e-05,5.884562000000001e-07,5.8472527e-07,7.358583999999999e-07,9.697397000000002e-07,1.2074831e-06,1.8732801000000002e-06,3.864384e-06,0.1487124,0.04818584,5.0698209999999996e-05,97.30022999999998,74.67877,1.3079740000000002e-05,6.296119000000001,0.009947411,4.136066,0.0009595652500000001,8.719062199999999e-05,0.01783016,13.084719999999999,0.0009595652500000001,8.719062199999999e-05,0.005992447,18.061287,0.0009595652500000001,8.719062199999999e-05,0.0019181378000000002,17.8257813,0.0009595652500000001,8.719062199999999e-05,0.004605105,8.129040000000001e-07,2.202047e-05,0.013944433999999997,1.1265817,-0.00045144193,-0.00314389,-0.0035394479999999997,7.914221000000001e-07,1.091576e-05
73,1607206800,0.37011570000000005,0.3701369,0.017649019999999998,-0.5507654,1.1960250000000001,0.4855058,1.0874200000000003,0.9305534,0.005478268999999999,0.1605455,2.178798e-05,6.1317514e-07,6.2211538e-07,7.695580900000001e-07,1.022441e-06,1.27447567e-06,1.97223443e-06,4.1013098e-06,0.1367419,0.048248639999999995,5.5686009999999996e-05,95.7671,76.23583,1.229132e-05,6.1237520000000005,0.009561364999999999,3.8854390000000003,0.0008423256200000001,7.642702699999999e-05,0.01709523,12.00354,0.0008423256200000001,7.642702699999999e-05,0.005812474,15.223241000000002,0.0008423256200000001,7.642702699999999e-05,0.0017319394000000002,14.997442999999999,0.0008423256200000001,7.642702699999999e-05,0.004604749,7.688627999999999e-07,2.19717e-05,-0.004017480000000001,1.4451330000000002,9.209055999999998e-05,-0.00319213,-0.0035746840000000003,7.731742000000001e-07,1.0781839999999998e-05
73,1607207400,0.3976815,0.3977027,0.012168276,-0.9953977,1.15151,0.5480288,1.062259,0.9080152000000001,0.006009381999999999,0.1681016,2.164404e-05,3.4732296e-07,3.3045328999999997e-07,4.429063e-07,6.68114e-07,8.380317999999999e-07,1.4376046999999997e-06,3.3165973e-06,0.14988320000000002,0.04889201,5.754454e-05,95.96940000000001,74.6464,1.320685e-05,6.112458,0.010220894999999999,4.215768,0.0005669491199999999,5.122140099999999e-05,0.017976429999999998,13.264660000000001,0.0005669491199999999,5.122140099999999e-05,0.005706464999999999,11.282135,0.0005669491199999999,5.122140099999999e-05,0.0016199916999999997,10.826392700000001,0.0005669491199999999,5.122140099999999e-05,0.004619185,8.013327000000001e-07,2.2132099999999998e-05,-0.012264294,4.214615,0.0014922662999999998,-0.0031676179999999996,-0.003556071,8.503642000000001e-07,1.122102e-05
73,1607208000,0.40190729999999997,0.4019288,0.013836939000000001,-0.8870862,1.185935,0.5408398,1.0849449999999998,0.9272909,0.006511385,0.1763329,2.1795569999999996e-05,5.039357e-07,4.953170000000001e-07,6.2201293e-07,8.909793000000001e-07,1.0963709999999998e-06,1.7740416999999997e-06,3.8389701e-06,0.15497299999999997,0.04590943,6.117746000000002e-05,95.56312,72.98621999999999,1.334614e-05,6.194653,0.010177255,4.236903,0.00057240591,5.170026699999999e-05,0.01822854,13.653020000000001,0.00057240591,5.170026699999999e-05,0.005737882000000001,12.547207,0.00057240591,5.170026699999999e-05,0.0016529117,12.1408499,0.00057240591,5.170026699999999e-05,0.004626763000000001,8.241739999999999e-07,2.22227e-05,0.046290334,4.353041599999999,0.0023253321900000004,-0.003163166,-0.0035583919999999996,8.283209e-07,1.103333e-05
73,1607208600,0.35384210000000005,0.3538634,0.02182809,-0.40109659999999997,1.189238,0.4539216,1.080182,0.9223407,0.007353224,0.15593359999999998,2.170979e-05,3.8976210999999994e-07,3.9586876000000007e-07,5.413328000000001e-07,8.071741999999999e-07,1.0839144400000002e-06,1.8646937500000001e-06,4.1318383999999995e-06,0.129862,0.046981829999999995,6.722138000000001e-05,96.46167000000001,76.73696000000001,1.174285e-05,6.315099,0.00918512,3.739434,0.00062635719,5.6638206e-05,0.01666528,11.419467000000001,0.00062635719,5.6638206e-05,0.005737036999999999,12.448916,0.00062635719,5.6638206e-05,0.0016329277,12.0644812,0.00062635719,5.6638206e-05,0.004623642999999999,7.974244000000001e-07,2.2159140000000002e-05,-0.1925598603,24.615050000000004,0.00351536519,-0.003226354,-0.0036130370000000004,9.948417999999998e-07,1.376512e-05
73,1607209200,0.5194722,0.5194935,0.02182283,-0.5025807,1.385218,0.5550293999999999,1.2927400000000002,1.121623,0.008179888,0.22015780000000001,2.170723e-05,6.487863e-07,6.3680093e-07,7.9782947e-07,1.1804241999999999e-06,1.46197356e-06,2.3221748699999997e-06,5.1723772e-06,0.2129216,0.04673763,6.372481e-05,91.31659999999998,68.17273,1.7262930000000002e-05,5.893438000000001,0.010376290000000002,5.484227,0.0006964595200000001,6.312358e-05,0.021358870000000002,18.758450000000003,0.0006964595200000001,6.312358e-05,0.005713528999999999,13.157283000000001,0.0006964595200000001,6.312358e-05,0.0017449496000000002,12.820865899999998,0.0006964595200000001,6.312358e-05,0.004602496,9.847387e-07,2.2166260000000002e-05,-0.005367478930000002,1.5597180000000002,0.00037760919000000005,-0.0029704830000000003,-0.003454645,8.260264000000001e-07,1.109363e-05
73,1607209800,0.5081342999999999,0.5081553999999999,0.018595160000000003,-0.5234726999999999,1.362006,0.5520165,1.269338,1.1090210000000003,0.005653976,0.21555749999999999,2.1891800000000003e-05,8.3345802e-07,8.410648e-07,1.0495221299999999e-06,1.4851622e-06,1.86795249e-06,2.9605817999999997e-06,6.347860299999999e-06,0.2071692,0.046817859999999996,6.300882e-05,89.71964,68.49733,1.6876169999999997e-05,6.169593000000001,0.010191898000000001,5.35936,0.00077952377,7.084122529999999e-05,0.02111883,18.331250000000004,0.00077952377,7.084122529999999e-05,0.005784843,14.917854,0.00077952377,7.084122529999999e-05,0.0018059311999999998,14.6214608,0.00077952377,7.084122529999999e-05,0.004602669,9.938196e-07,2.217427e-05,0.011194309000000001,2.6683105999999994,0.00111839249,-0.002969688,-0.0034422769999999997,8.005231e-07,1.107611e-05
73,1607210400,0.5247194000000001,0.5247411000000001,0.02128554,-0.5654938,1.3814300000000002,0.5678723000000001,1.2826499999999998,1.121134,0.00597397,0.2199203,2.2633619999999998e-05,1.1709742900000002e-06,1.17009131e-06,1.36064502e-06,1.8226869999999998e-06,2.2305036499999996e-06,3.3367130000000003e-06,6.5160992e-06,0.2159571,0.04632330999999999,6.019733000000001e-05,90.90465999999999,67.76348,1.74326e-05,5.972475,0.010343771,5.5574710000000005,0.00044395523,4.00192637e-05,0.02156811,19.116360000000004,0.00044395523,4.00192637e-05,0.005541642,9.42177,0.00044395523,4.00192637e-05,0.0015332485,8.9444734,0.00044395523,4.00192637e-05,0.004636168,9.844014e-07,2.246847e-05,0.07125825,6.284688999999999,0.0019617238999999997,-0.00301301,-0.003500102,8.210121e-07,1.1595309999999998e-05
73,1607211000,0.6584551999999999,0.6584764,0.01658039,-0.664488,1.506011,0.6432779,1.411842,1.2452250000000002,0.008625315,0.27675170000000004,2.200478e-05,8.40797e-07,7.8942917e-07,9.630118e-07,1.4119368e-06,1.68595411e-06,2.67945138e-06,5.9278343e-06,0.28547009999999995,0.04368183,6.0280360000000004e-05,89.81505000000001,63.41492999999999,2.1893419999999997e-05,5.806989,0.01181259,7.025589999999999,0.00098194025,8.919964899999999e-05,0.0248538,25.44124,0.00098194025,8.919964899999999e-05,0.0061040520000000004,18.492433000000002,0.00098194025,8.919964899999999e-05,0.002175889,18.263982000000002,0.00098194025,8.919964899999999e-05,0.004623914999999999,1.1230947999999999e-06,2.249539e-05,0.011622910000000002,3.00277,0.00236244726,-0.002854948,-0.003425573,8.226674999999998e-07,1.111926e-05
73,1607211600,0.7393824,0.7394037,0.014110204000000001,-1.1839697999999999,1.39328,0.7458587999999999,1.3031270000000004,1.16411,0.019599114,0.3193241,2.2558710000000002e-05,1.3870276000000002e-06,1.4180557699999999e-06,1.7067031e-06,2.4238931e-06,3.0787363000000002e-06,4.9177593e-06,1.0517938e-05,0.33005650000000003,0.03952138000000001,8.618872999999999e-05,81.54272,61.068960000000004,2.456342e-05,6.2831,0.013134705000000002,7.818862,0.00067262169,6.085146900000001e-05,0.02653439,29.21997,0.00067262169,6.085146900000001e-05,0.00589456,15.013777999999999,0.00067262169,6.085146900000001e-05,0.0020070100000000005,14.557583,0.00067262169,6.085146900000001e-05,0.004620304,1.385791e-06,2.26783e-05,0.081954373,17.37181222,0.0084372553,-0.002709839,-0.003237385,1.0272168e-06,1.398365e-05
73,1607212200,0.7814443000000001,0.7814654000000001,0.006970504000000001,-1.754483,1.2202499999999998,0.8362945000000002,1.139248,1.044107,0.005317929000000001,0.3205686,2.239869e-05,1.7362697e-06,1.8123587999999998e-06,2.2156884999999996e-06,3.07945e-06,4.047914999999999e-06,6.555769e-06,1.3791975999999999e-05,0.3543266,0.036261760000000004,9.869520999999999e-05,81.8096,59.318690000000004,2.594841e-05,6.55278,0.01422001,8.247409000000001,0.00144947232,0.000132051219,0.02758873,31.288149999999995,0.00144947232,0.000132051219,0.006136245,25.287309999999998,0.00144947232,0.000132051219,0.002323927,25.3309085,0.00144947232,0.000132051219,0.004576846,1.369067e-06,2.2301690000000003e-05,0.109020293,3.9807037100000002,0.00206692769,-0.002590258,-0.00305492,9.358882999999999e-07,1.270496e-05
73,1607212800,0.8552266,0.8552476,0.007342723000000001,-1.7542589999999998,1.283776,0.875567,1.2036369999999998,1.0964209999999999,0.006205788,0.3520343,2.2251260000000002e-05,1.444025e-06,1.4353093600000001e-06,1.7160734599999998e-06,2.5108050999999996e-06,3.12191545e-06,4.9794835e-06,1.0814504e-05,0.39045240000000003,0.03704254,9.069738e-05,81.77558,58.6986,2.8429009999999996e-05,5.968280999999999,0.014954819999999999,9.11551,0.00151894583,0.00013849013840000002,0.029052390000000004,34.67838,0.00151894583,0.00013849013840000002,0.006234475000000001,28.023377999999997,0.00151894583,0.00013849013840000002,0.0024353099999999996,28.050981999999998,0.00151894583,0.00013849013840000002,0.004580636999999999,1.4747980000000002e-06,2.244326e-05,-0.014756694,2.8477922700000002,0.0036388188,-0.00250929,-0.002998407,8.041315e-07,1.185232e-05
73,1607213400,0.9521527000000001,0.9521738999999998,0.004409695999999999,-1.769304,1.305866,0.9253441,1.2256509999999998,1.1595369999999998,0.0071602639999999995,0.3926114,2.1812249999999998e-05,8.298354999999999e-07,7.3434654e-07,9.380842599999999e-07,1.6127751000000001e-06,1.8987030000000002e-06,3.1950757e-06,7.916899e-06,0.43898719999999997,0.03698223,8.91049e-05,84.34165999999999,57.795240000000014,3.166625e-05,5.871791,0.01584233,10.107771,0.00178057005,0.0001624774953,0.03078115,38.908030000000004,0.00178057005,0.0001624774953,0.006259099999999999,31.564129,0.00178057005,0.0001624774953,0.0024866180000000003,31.729962,0.00178057005,0.0001624774953,0.00460348,1.522812e-06,2.2704159999999996e-05,-0.00592635067,1.2742000839999998,0.0019288133000000002,-0.002464997,-0.002964206,8.592466e-07,1.151178e-05
73,1607214000,1.0375149999999997,1.0375352,0.004613015,-1.7767240000000002,1.318953,0.9639147000000001,1.248413,1.2003,0.006549914000000001,0.42334829999999996,2.1628e-05,7.890565999999999e-07,7.2295788e-07,1.0178252199999998e-06,1.8630129e-06,2.4207546999999998e-06,4.4077212e-06,1.0910535999999998e-05,0.4823829,0.036230130000000006,0.00012151445999999998,80.43735000000001,57.011480000000006,3.448427e-05,5.954159000000001,0.016534189999999997,10.96235,0.0012519497800000002,0.000113919638,0.032223810000000006,42.68894999999999,0.0012519497800000002,0.000113919638,0.006290064000000001,25.494135999999997,0.0012519497800000002,0.000113919638,0.002566245,25.325954000000003,0.0012519497800000002,0.000113919638,0.004588225999999999,1.6595279999999999e-06,2.2707999999999997e-05,0.0259939201,0.05768794000000001,0.0007916729000000001,-0.0023475099999999997,-0.0028799449999999996,7.848493e-07,1.105464e-05
73,1607214600,1.092396,1.092416,0.0032519840000000003,-1.7789670000000002,1.3388689999999999,0.9896336,1.2717,1.237087,0.007038961000000001,0.44815569999999993,2.2610429999999998e-05,1.6500125999999996e-06,1.5789471099999998e-06,1.8809844500000002e-06,2.8465007999999997e-06,3.3878808199999997e-06,5.34382923e-06,1.1654163000000001e-05,0.5084837,0.03760613,7.852276e-05,81.57222999999999,56.91731,3.631826e-05,5.598573,0.016959219999999997,11.49033,0.00111600235,0.0001016020181,0.033040570000000005,44.83466,0.00111600235,0.0001016020181,0.006052145,24.614922900000003,0.00111600235,0.0001016020181,0.0023103632,24.3685036,0.00111600235,0.0001016020181,0.004624761999999999,1.703181e-06,2.308936e-05,0.006710188000000001,0.154364126,0.00064206787,-0.00234451,-0.0028710899999999998,7.580574e-07,1.114738e-05
73,1607215200,1.0796789999999998,1.0797,0.0030386769999999996,-1.7788080000000004,1.340518,0.9849148,1.2798760000000002,1.227224,0.006811119,0.44335189999999997,2.2942809999999997e-05,1.8016176999999999e-06,1.8015919e-06,2.2591934e-06,3.4379599999999997e-06,4.543051e-06,7.5543380000000004e-06,1.6612378e-05,0.5025744999999999,0.03712143999999999,0.00010321589999999999,77.75316000000001,56.9172,3.58644e-05,6.3864469999999995,0.016823619999999994,11.322820000000002,0.00145587642,0.000132653652,0.03285306,44.26583,0.00145587642,0.000132653652,0.006203698,27.654093,0.00145587642,0.000132653652,0.002452676,27.635188499999998,0.00145587642,0.000132653652,0.004631968000000001,1.7275299999999997e-06,2.317168e-05,0.047557513999999995,3.404269453,0.00262640237,-0.002344042,-0.002882227,8.399603e-07,1.202966e-05
73,1607215800,1.1381029999999999,1.1381229999999998,0.003117383,-1.7713640000000002,1.39328,1.0103281000000002,1.318389,1.265363,0.008366511,0.4700209,2.220689e-05,1.2436981e-06,1.2103243500000001e-06,1.6009154999999999e-06,2.6879465e-06,3.4957111000000003e-06,6.116874200000001e-06,1.4253009999999998e-05,0.5343233000000001,0.03460053,9.561488999999999e-05,79.0587,56.136480000000006,3.783165e-05,6.206896,0.01720551,11.874149999999998,0.0008612825499999999,7.8143725e-05,0.03380955,46.90591,0.0008612825499999999,7.8143725e-05,0.006027077,19.185703,0.0008612825499999999,7.8143725e-05,0.0023396199999999997,18.784181999999998,0.0008612825499999999,7.8143725e-05,0.004610788,1.8451739999999998e-06,2.3085330000000003e-05,0.017000498999999995,1.54569345,0.00464660045,-0.002266084,-0.002805498,8.381143e-07,1.2317279999999998e-05
73,1607216400,1.206455,1.2064759999999999,0.004039510999999999,-1.7310679999999998,1.5074330000000002,1.034986,1.431079,1.330466,0.008507655,0.4951046999999999,2.258279e-05,1.7507653e-06,1.6738029799999998e-06,2.0903258499999997e-06,3.2602852999999996e-06,4.08894397e-06,6.784849499999999e-06,1.5322427999999997e-05,0.5734993000000002,0.02961184,7.893764000000001e-05,77.09637,54.91953000000001,4.011401e-05,5.906727000000001,0.01771662,12.89333,0.00171603447,0.0001565655153,0.03522836,51.04437,0.00171603447,0.0001565655153,0.0063824350000000005,31.968828000000002,0.00171603447,0.0001565655153,0.0026924490000000004,31.996413999999998,0.00171603447,0.0001565655153,0.004614733000000001,1.8960630000000002e-06,2.319094e-05,0.019382462,-0.022904116,0.00018319929,-0.0022012470000000004,-0.0027841460000000004,8.429645999999999e-07,1.1604309999999999e-05
73,1607217000,1.157518,1.157539,0.008671563,-1.719303,1.5384110000000002,1.010275,1.4110159999999998,1.318841,0.0075764380000000004,0.4763567,2.308857e-05,2.1487523e-06,2.18334189e-06,2.7235057999999997e-06,4.1471224e-06,5.468302299999999e-06,9.0248683e-06,1.9782292e-05,0.5516792,0.026920549999999998,0.00011221095,75.63089,54.67577,3.8452500000000005e-05,6.117102,0.01721621,12.19683,0.00082510773,7.4835532e-05,0.034438159999999995,48.66651,0.00082510773,7.4835532e-05,0.005943619999999999,18.225903,0.00082510773,7.4835532e-05,0.002252237,17.818368999999997,0.00082510773,7.4835532e-05,0.004621237,2.262879e-06,2.347153e-05,-0.044860193999999985,46.18359536999999,0.017724803700000003,-0.0022348069999999997,-0.002812292,1.8568568999999999e-06,2.3562870000000002e-05
73,1607217600,0.9552644000000001,0.9552852999999999,0.007342079,-1.7170089999999998,1.366431,0.9189434000000001,1.2877890000000003,1.198011,0.010207525,0.398619,2.233151e-05,1.4855559999999999e-06,1.45054269e-06,1.75972852e-06,2.6489591999999998e-06,3.319555e-06,5.308461700000001e-06,1.1576274e-05,0.45155900000000004,0.02598004,6.383884000000001e-05,78.58954,55.46186,3.17581e-05,5.981218999999999,0.01569668,10.186904000000002,0.00042944176,3.862862849999999e-05,0.031243879999999995,40.15358,0.00042944176,3.862862849999999e-05,0.0057774739999999995,12.6287384,0.00042944176,3.862862849999999e-05,0.0019865525999999997,11.94943392,0.00042944176,3.862862849999999e-05,0.004598587,1.575886e-06,2.271787e-05,0.005230626,0.197036664,0.0009639400999999999,-0.002433784,-0.002959611,8.081066000000002e-07,1.10431e-05
73,1607218200,0.9392422,0.9392634000000001,0.006459703999999999,-1.673261,1.5676599999999998,0.9068463,1.3176029999999999,1.2187109999999999,0.007331711999999999,0.38910490000000003,2.285535e-05,1.865244e-06,1.927805e-06,2.4081208e-06,3.713243e-06,4.978337e-06,7.790694e-06,1.6410812e-05,0.44432219999999994,0.025174590000000004,8.338078e-05,75.77488,55.40652,3.1208559999999995e-05,6.521921000000001,0.015359999999999999,9.912319,0.0008609666400000001,7.818516890000001e-05,0.030849930000000005,39.10886,0.0008609666400000001,7.818516890000001e-05,0.005820326000000001,15.947028,0.0008609666400000001,7.818516890000001e-05,0.002050911,15.6725757,0.0008609666400000001,7.818516890000001e-05,0.004664948,3.1055340000000003e-06,2.438006e-05,-0.009397100000000016,76.420515718,0.0253192999,-0.0024108090000000003,-0.002950304,3.0757331999999998e-06,3.011121e-05
73,1607218800,1.418308,1.418329,0.004209511000000001,-1.6685649999999999,1.8245060000000002,1.1087019999999996,1.593347,1.4975710000000002,0.015389680999999999,0.5920938,2.2659610000000003e-05,1.8568906000000002e-06,1.9047520000000001e-06,2.6145205000000004e-06,4.3680110000000005e-06,6.0906603999999995e-06,1.0533821000000001e-05,2.3969094e-05,0.6834603,0.02550735,0.00013267896999999998,73.78939,53.645219999999995,4.712337000000001e-05,6.166752999999999,0.018804599999999998,14.77482,0.00035319643,3.16579709e-05,0.03820981,59.912569999999995,0.00035319643,3.16579709e-05,0.005912438000000001,15.181291000000002,0.00035319643,3.16579709e-05,0.002323764,14.348454,0.00035319643,3.16579709e-05,0.004677408,4.321737999999999e-06,2.552146e-05,0.3884659100000001,62.492357787,0.027640751599999996,-0.0019407150000000002,-0.002605853,3.3417442000000004e-06,2.9394180000000003e-05
73,1607219400,1.529415,1.5294370000000002,0.005384079999999999,-1.620946,2.0278750000000003,1.1462689999999998,1.703753,1.5964610000000001,0.012868838999999998,0.6396689,2.258656e-05,1.9373756e-06,2.0753801000000003e-06,2.9060676000000002e-06,5.1338700000000005e-06,7.050327999999999e-06,1.2102377e-05,2.5633062e-05,0.7383314999999999,0.026174220000000005,0.00014322517999999998,72.35575,53.46407000000001,5.0824699999999995e-05,6.145536,0.019523649999999997,16.24127,0.0009518223000000001,8.640364e-05,0.03976117999999999,64.9031,0.0009518223000000001,8.640364e-05,0.0061793939999999995,23.534223,0.0009518223000000001,8.640364e-05,0.002658181,23.041346,0.0009518223000000001,8.640364e-05,0.004789328000000001,8.239823e-06,2.9365859999999997e-05,-0.3427888,63.174130000000005,0.03545733999999999,-0.0017111010000000002,-0.0024757800000000003,6.640629999999999e-06,4.634359e-05
73,1607220000,1.3286390000000001,1.328659,0.0029616530000000003,-1.6423470000000002,1.884394,1.0723530000000001,1.580973,1.473794,0.00829439,0.5484334000000001,2.264881e-05,1.9517724e-06,2.0106636e-06,2.6827396e-06,4.37877e-06,6.078937999999999e-06,9.929009e-06,2.0793423e-05,0.6380899999999999,0.026070870000000003,0.00010907884,74.88711,53.95349,4.415328e-05,6.292745,0.018288690000000003,14.177300000000002,0.00060870838,5.4929961e-05,0.037054659999999996,56.43910999999999,0.00060870838,5.4929961e-05,0.006077086999999999,17.693591,0.00060870838,5.4929961e-05,0.0024756720000000004,17.0305,0.00060870838,5.4929961e-05,0.004702886000000001,5.490886e-06,2.65348e-05,-0.10991190000000002,73.30127999999999,0.031359490000000004,-0.0019444299999999998,-0.002622182,5.000561e-06,4.1070359999999996e-05
73,1607220600,1.3394660000000003,1.3394869999999999,0.002377003,-1.6861530000000002,1.867032,1.083129,1.5559990000000001,1.441506,0.009390954,0.5527604,2.3242300000000003e-05,2.475541e-06,2.5111409e-06,3.1444915999999997e-06,4.6999000000000005e-06,5.973822e-06,9.175991999999998e-06,1.8434878999999998e-05,0.6345733,0.03503322,7.85558e-05,76.85127,55.243880000000004,4.454499e-05,5.78911,0.018541520000000002,14.367780000000002,0.0008770858200000001,7.96297292e-05,0.037035649999999996,56.314189999999996,0.0008770858200000001,7.96297292e-05,0.00604302,20.507236999999996,0.0008770858200000001,7.96297292e-05,0.002411565,20.126542999999998,0.0008770858200000001,7.96297292e-05,0.004723517,5.5845489999999995e-06,2.6805250000000002e-05,-0.2602719,73.92015,0.03230208,-0.0019665969999999996,-0.002617167,5.105482999999999e-06,3.9235409999999994e-05
73,1607221200,1.4489199999999998,1.448941,0.0047642280000000006,-1.68121,1.983209,1.127221,1.6281100000000002,1.507808,0.011239839999999997,0.6014394,2.4674e-05,3.5599630999999993e-06,3.6889721000000006e-06,4.568334999999999e-06,6.671997e-06,8.869445e-06,1.3767476000000001e-05,2.677504e-05,0.6879902,0.03628637,0.00011240576999999999,76.11186,55.045640000000006,4.813663e-05,6.378513999999999,0.01918729,15.458590000000001,0.00139730874,0.000127215342,0.03844978,60.72515,0.00139730874,0.000127215342,0.006353727000000001,27.010462,0.00139730874,0.000127215342,0.0027562210000000005,26.940390000000008,0.00139730874,0.000127215342,0.004778291,6.649009e-06,2.8162659999999998e-05,-0.19062907000000004,68.22459,0.03449685,-0.001843241,-0.002537424,5.924843e-06,4.518661e-05
73,1607221800,1.49816,1.49818,0.0070988530000000005,-1.6896390000000001,1.9992980000000002,1.144801,1.6281880000000002,1.518197,0.01482712,0.6275103000000001,2.387768e-05,3.1724851e-06,3.4119322999999993e-06,4.5955794999999994e-06,7.401407999999999e-06,1.0132993e-05,1.670338e-05,3.0958329e-05,0.7125168000000001,0.0363242,0.00015969919,74.98616000000001,54.90104,4.978720999999999e-05,6.209767,0.01961648,16.162169999999996,0.0011624755799999997,0.00010572037599999999,0.03911111,62.85472,0.0011624755799999997,0.00010572037599999999,0.0064363020000000005,30.723751000000004,0.0011624755799999997,0.00010572037599999999,0.002867637,30.185616,0.0011624755799999997,0.00010572037599999999,0.004952976,1.2755780000000001e-05,3.4108550000000004e-05,-0.34057080799999995,48.064530000000005,0.03772319,-0.0016279540000000002,-0.002386769,9.0997e-06,5.3585610000000005e-05
73,1607222400,1.44097,1.440991,0.005710346000000001,-1.7659639999999999,1.8263070000000003,1.132801,1.453617,1.414056,0.01397476,0.5995751,2.571212e-05,5.179780000000001e-06,5.4814112000000005e-06,6.770412000000001e-06,9.913034000000001e-06,1.2789381999999999e-05,1.9856347e-05,3.5802494e-05,0.6863005,0.033925659999999996,0.00015844409999999997,74.57661999999999,54.74351,4.785868e-05,6.294672,0.01960863,15.581520000000001,0.0007822902499999999,7.0946677e-05,0.038380750000000005,60.46444,0.0007822902499999999,7.0946677e-05,0.005927719,20.589221000000002,0.0007822902499999999,7.0946677e-05,0.002357578,19.9886995,0.0007822902499999999,7.0946677e-05,0.004908284,1.1795470999999998e-05,3.297001e-05,-0.30807677,52.835519999999995,0.03807154,-0.001690844,-0.002405141,8.811001e-06,5.6692860000000005e-05
73,1607223000,1.5945909999999999,1.5946120000000001,0.0003156912999999999,-1.743376,1.95621,1.1861439999999999,1.566273,1.493521,0.01021141,0.6614317000000001,2.455731e-05,4.0038942e-06,4.2196696e-06,5.4161713e-06,8.023920000000001e-06,1.0843557e-05,1.6715533e-05,3.079715e-05,0.767078,0.02998495,0.00014845790000000001,74.37831000000001,53.76505999999999,5.301046000000001e-05,6.26897,0.02068025,17.53648,0.00079800532,7.231928399999999e-05,0.04074629,68.20902000000001,0.00079800532,7.231928399999999e-05,0.005979158,17.883549,0.00079800532,7.231928399999999e-05,0.0024632039999999992,17.404872,0.00079800532,7.231928399999999e-05,0.004904512,1.2389070000000001e-05,3.335431e-05,-0.04599121,45.954570000000004,0.036591399999999996,-0.001527638,-0.0022575890000000004,8.482581e-06,4.6566289999999994e-05
73,1607223600,1.3952550000000001,1.3952749999999998,0.0028091410000000002,-1.762052,1.8304690000000001,1.114903,1.446756,1.3858920000000001,0.012165224999999998,0.5812584999999999,2.1894610000000003e-05,1.3279708000000002e-06,1.3973882e-06,2.2426887000000002e-06,4.059865e-06,5.878752e-06,9.882028999999999e-06,1.79577e-05,0.6647350000000001,0.03272634,0.00012183785,81.23984,54.717549999999996,4.6410600000000006e-05,6.376928,0.01945356,15.42681,0.00227661899,0.00020791865699999997,0.03796908,59.30562,0.00227661899,0.00020791865699999997,0.006572387000000001,40.155587,0.00227661899,0.00020791865699999997,0.002992333,40.6112641,0.00227661899,0.00020791865699999997,0.004908974,1.207585e-05,3.308221e-05,-0.021832440000000005,47.35346,0.036348389999999994,-0.0016898710000000001,-0.002392308,8.597019e-06,5.172041e-05
73,1607224200,1.330664,1.3306840000000002,0.0034335409999999996,-1.7632210000000001,1.8467069999999999,1.0898029999999999,1.4303679999999999,1.349517,0.00911006,0.5521687000000001,2.322488e-05,2.6873920999999996e-06,2.8877720999999997e-06,3.8562822999999996e-06,5.961302e-06,8.438605999999999e-06,1.3053658000000002e-05,2.4082679999999998e-05,0.6315074,0.03364399999999999,0.00011675319,77.10051999999999,55.09606,4.4230240000000005e-05,6.196387,0.01879134,14.421570000000003,0.00124809248,0.000113555427,0.03678973,55.53718,0.00124809248,0.000113555427,0.006055319,23.568758,0.00124809248,0.000113555427,0.0025019979999999996,23.519195,0.00124809248,0.000113555427,0.004891477,1.195358e-05,3.282309e-05,0.276016,50.494170000000004,0.04061383,-0.001739241,-0.002437059,8.540073000000001e-06,4.8789700000000005e-05
73,1607224800,1.4448459999999999,1.444868,0.004292396,-1.7498169999999997,1.8873199999999997,1.129867,1.491685,1.425119,0.017274324,0.6012959,2.3627699999999997e-05,3.1373175000000004e-06,3.3861286e-06,4.6275149999999995e-06,7.318185000000001e-06,1.0474768e-05,1.6760545000000003e-05,3.191557e-05,0.6890667000000001,0.03311525,0.00016001034,74.54135000000001,54.67117,4.8000119999999996e-05,6.52454,0.01938519,15.43135,0.0016963213499999997,0.00015471309229999998,0.038244740000000006,60.16575,0.0016963213499999997,0.00015471309229999998,0.006454908999999999,32.724693,0.0016963213499999997,0.00015471309229999998,0.002932238,32.767165500000004,0.0016963213499999997,0.00015471309229999998,0.004917615,1.243819e-05,3.345577e-05,-0.13603372,46.795339999999996,0.03624903,-0.001637588,-0.0023639370000000004,8.737423e-06,4.878263e-05
73,1607225400,1.6231370000000003,1.6231569999999997,0.0019431419999999997,-1.7508279999999998,1.9668240000000001,1.2002860000000002,1.5768109999999997,1.5054470000000002,0.01718892,0.6723068999999999,2.5440389999999997e-05,5.0690307e-06,5.3747791e-06,6.855279199999999e-06,9.862015999999999e-06,1.3392914e-05,2.1369152e-05,3.9388708999999996e-05,0.7753829000000001,0.03592737,0.00015138122,72.82529,54.48777,5.392181999999999e-05,6.345514,0.020602630000000004,17.323700000000002,0.0022674753800000003,0.000206980847,0.04066915,67.92152000000002,0.0022674753800000003,0.000206980847,0.006615037,40.335559,0.0022674753800000003,0.000206980847,0.00314987,40.719586,0.0022674753800000003,0.000206980847,0.0049178139999999995,1.246103e-05,3.3513230000000005e-05,-0.08665428000000001,44.90532,0.03654934,-0.001505715,-0.0022554089999999995,8.558473999999998e-06,4.640152e-05
73,1607226000,1.3900770000000002,1.390097,0.0047072089999999995,-1.714632,1.9610480000000003,1.1104360000000002,1.579173,1.444581,0.011526336000000002,0.5790172,2.2096639999999997e-05,1.6934407e-06,1.8718325000000002e-06,2.838921e-06,5.117462e-06,7.453325e-06,1.256682e-05,2.4579738999999998e-05,0.6472937,0.04753642,0.00015106258,80.78206,56.88860999999999,4.619437e-05,6.511794,0.01890494,15.00679,0.00179753191,0.000163988176,0.03717364,56.71293999999999,0.00179753191,0.000163988176,0.0065392900000000006,36.57351,0.00179753191,0.000163988176,0.0030021049999999997,36.65917499999999,0.00179753191,0.000163988176,0.004903560999999999,1.2249110000000002e-05,3.3127069999999995e-05,0.09041603999999999,47.75186000000001,0.03692739,-0.001705412,-0.002424836,8.634716999999999e-06,4.6658719999999996e-05
73,1607226600,1.459248,1.4592690000000001,0.005570856,-1.7231010000000002,1.986622,1.1369650000000002,1.5969099999999998,1.4721799999999998,0.014472048000000001,0.6089,2.3390159999999996e-05,2.8538024000000003e-06,3.1093996e-06,4.1705925e-06,6.771394999999999e-06,9.599262e-06,1.526618e-05,2.9145636000000003e-05,0.6841299,0.04526161,0.00015910522,77.0334,56.27666999999999,4.849629e-05,6.40611,0.019192439999999998,15.34733,0.0019016795499999998,0.00017350334079999996,0.03802746,59.285709999999995,0.0019016795499999998,0.00017350334079999996,0.006521899,36.547033,0.0019016795499999998,0.00017350334079999996,0.003029564,36.590619,0.0019016795499999998,0.00017350334079999996,0.004908208,1.230819e-05,3.3271270000000006e-05,-0.13644081000000002,46.689930000000004,0.03659689,-0.001640328,-0.0023590670000000003,8.414298000000001e-06,4.703096e-05
73,1607227200,1.2165574,1.2165777000000002,0.0066640959999999996,-1.706617,1.859757,1.0368392000000002,1.4819320000000002,1.343629,0.010530895000000002,0.5143329999999999,2.1980689999999997e-05,1.5670013e-06,1.7644281e-06,2.6473e-06,4.800112e-06,7.081475e-06,1.1589052e-05,2.281426e-05,0.5592224,0.04885020999999999,0.0001522335,81.79689,58.313840000000006,4.0399659999999996e-05,6.515784999999999,0.01760813,13.11445,0.0011438182,0.00010406206139999999,0.03444533,49.05242,0.0011438182,0.00010406206139999999,0.00614546,23.217322999999997,0.0011438182,0.00010406206139999999,0.002553634,23.061345,0.0011438182,0.00010406206139999999,0.004887532,1.214048e-05,3.2970790000000006e-05,-0.2028635,51.418000000000006,0.03798798999999999,-0.0017764860000000003,-0.002469057,8.965409e-06,5.318541e-05
73,1607227800,1.0236018000000002,1.023622,0.005921565,-1.729777,1.671576,0.9497661000000001,1.298852,1.2107610000000002,0.021470101,0.4431073,2.2434859999999998e-05,2.1561629e-06,2.3439018e-06,3.0755489999999995e-06,4.790448e-06,6.526188000000001e-06,1.0154636000000001e-05,1.8725007e-05,0.4759972,0.03564253,0.00011144788,80.30414,57.42307000000001,3.4005149999999994e-05,6.363639,0.01621881,10.969241,0.00065908871,5.9694937e-05,0.03174558,41.87272,0.00065908871,5.9694937e-05,0.0058519290000000005,16.568302,0.00065908871,5.9694937e-05,0.002181901,16.041916999999998,0.00065908871,5.9694937e-05,0.004777629,8.889604e-06,2.9541740000000005e-05,-0.46888680000000005,68.44072,0.03768781,-0.002125363,-0.0027061309999999996,7.495678000000001e-06,4.872198e-05
73,1607228400,1.1259986999999998,1.1260207,0.006541643,-1.7480320000000003,1.704727,1.0015132,1.3672929999999999,1.268028,0.015291026999999999,0.4748517,2.2271369999999996e-05,1.7642056999999997e-06,1.8627394000000002e-06,2.5721215e-06,4.264508e-06,5.793288699999999e-06,9.37322e-06,1.8876448000000002e-05,0.5229346,0.0398953,0.00012408348,79.34768,57.134100000000004,3.74112e-05,6.232899,0.01716021,12.121109999999998,0.0015958454000000004,0.000145515426,0.03351678,46.20763000000001,0.0015958454000000004,0.000145515426,0.006310350000000001,30.515085,0.0015958454000000004,0.000145515426,0.0026579150000000003,30.536409,0.0015958454000000004,0.000145515426,0.004750753,7.440725e-06,2.8292349999999997e-05,-0.11085762999999997,76.77905999999999,0.03516444,-0.002092463,-0.002681096,6.316516999999999e-06,4.148558e-05
73,1607229000,1.4561790000000001,1.4562000000000002,0.0032838901,-1.758325,1.8308060000000002,1.138257,1.490784,1.426093,0.018789553,0.6173027,2.5334730000000002e-05,4.8174393e-06,5.1251691e-06,6.3286228999999995e-06,9.003381999999998e-06,1.1862219500000001e-05,1.8063419000000003e-05,3.4801869e-05,0.6912472000000001,0.03659993,0.00014765306999999997,74.12933999999998,55.165330000000004,4.8368610000000004e-05,6.340677000000001,0.019425710000000002,15.32608,0.0008614824399999999,7.818177200000001e-05,0.03834676,60.51800000000001,0.0008614824399999999,7.818177200000001e-05,0.005909350999999999,19.040844299999996,0.0008614824399999999,7.818177200000001e-05,0.0023699019999999997,18.645481800000002,0.0008614824399999999,7.818177200000001e-05,0.004781451000000001,8.299817e-06,2.9324609999999998e-05,-0.107459,64.97297,0.03688017,-0.001805225,-0.002446542,6.965722999999999e-06,4.943798e-05
73,1607229600,1.0952160000000002,1.0952375,0.007175602099999999,-1.689143,1.7657029999999998,0.9805059999999999,1.4077169999999999,1.293901,0.017184276000000002,0.47546229999999995,2.20515e-05,1.1999375e-06,1.2632019000000002e-06,1.7888869999999998e-06,3.0979577999999996e-06,4.363391e-06,7.306295000000001e-06,1.5074528999999999e-05,0.5100479000000001,0.03735135,0.0001725465,80.53144,56.931079999999994,3.640319e-05,6.120857,0.01667463,11.75836,0.00106878138,9.721016020000002e-05,0.03301875,45.025270000000006,0.00106878138,9.721016020000002e-05,0.006042219999999999,22.265915,0.00106878138,9.721016020000002e-05,0.0023425620000000003,21.981883500000002,0.00106878138,9.721016020000002e-05,0.004743168,6.211614e-06,2.7314910000000002e-05,0.26799843,83.35619,0.035447519999999996,-0.0021922219999999997,-0.0027813459999999996,5.4427250000000005e-06,3.924842e-05
73,1607230200,0.9737701999999999,0.9737918999999999,0.010133597000000001,-1.6762350000000001,1.6766750000000001,0.9214119999999999,1.338829,1.234614,0.015603843000000001,0.4165573,2.3341889999999997e-05,2.6339993999999996e-06,2.7782944999999997e-06,3.3728717e-06,4.8512469000000005e-06,6.396212e-06,9.766133000000002e-06,1.9229125e-05,0.4539923,0.03268878,0.0001522598,77.73514000000002,56.93768,3.235383e-05,6.397793,0.015590280000000001,10.307613,0.00086720692,7.875387159999999e-05,0.031059580000000003,39.92656,0.00086720692,7.875387159999999e-05,0.005901588,18.364147,0.00086720692,7.875387159999999e-05,0.0021637339999999996,17.981756,0.00086720692,7.875387159999999e-05,0.004694462999999999,4.5975139999999996e-06,2.5688800000000004e-05,0.12727382,87.3603,0.03096086,-0.002319582,-0.0028865619999999996,4.59813e-06,3.591708e-05
73,1607230800,1.3710040000000001,1.3710239999999998,0.006735125,-1.680844,1.700678,1.0969191,1.589186,1.4727080000000001,0.009582127,0.5661073999999999,2.4171249999999997e-05,3.3628988999999994e-06,3.4505021099999996e-06,4.1649475e-06,5.8606833000000005e-06,7.459457400000001e-06,1.19028845e-05,2.4443987e-05,0.6518105999999999,0.03344025,0.00018693349999999997,73.54262,54.931219999999996,4.557198e-05,6.141509,0.0186859,14.608500000000001,0.0023803702799999995,0.00021737429199999997,0.03751712,57.909389999999995,0.0023803702799999995,0.00021737429199999997,0.006796083,44.319719,0.0023803702799999995,0.00021737429199999997,0.003171637,44.697190000000006,0.0023803702799999995,0.00021737429199999997,0.00461332,2.4160390000000003e-06,2.360183e-05,-0.006740412000000001,17.326405351,0.00750254655,-0.0020515409999999996,-0.0026731409999999995,1.3721845999999998e-06,1.5613569999999997e-05
73,1607231400,1.33192,1.331941,0.0026724350999999995,-1.740034,1.612174,1.0865200000000002,1.487221,1.3878790000000003,0.011834903,0.5506049,2.39941e-05,3.2193411e-06,3.273542e-06,3.9346278e-06,5.500139e-06,7.124028e-06,1.1091965999999998e-05,2.2929853e-05,0.6296128000000001,0.03609817,0.00018887180000000002,76.59421999999999,55.55435,4.4260719999999996e-05,6.441891,0.01838575,13.83633,0.0008897213499999999,8.076775840000001e-05,0.03661301,55.125020000000006,0.0008897213499999999,8.076775840000001e-05,0.005992068000000001,19.554567999999996,0.0008897213499999999,8.076775840000001e-05,0.00237201,19.1264002,0.0008897213499999999,8.076775840000001e-05,0.004606349,2.3069769999999997e-06,2.348614e-05,0.14171946600000002,9.27740727,0.008323079799999999,-0.002027736,-0.0026239519999999997,9.954364e-07,1.4316399999999999e-05
73,1607232000,1.2800470000000002,1.280068,-0.003705455,-1.76842,1.6395130000000002,1.0662040000000002,1.385707,1.323037,0.013744054,0.5338439,2.4163200000000003e-05,3.6418317e-06,3.7515884e-06,4.5008414e-06,6.2892130000000004e-06,8.048850000000002e-06,1.2483076e-05,2.4881584e-05,0.6036802,0.03610348000000001,0.0001718716,74.26244999999999,55.85209999999999,4.252445999999999e-05,6.242167,0.018185899999999998,13.368540000000001,0.00171250087,0.000156209713,0.03581087000000001,52.89999,0.00171250087,0.000156209713,0.006411241000000001,35.729209,0.00171250087,0.000156209713,0.002808484,35.676144699999995,0.00171250087,0.000156209713,0.004625242000000001,3.7257680000000008e-06,2.458381e-05,0.2254079314,58.42166207,0.024671888270000004,-0.002057059,-0.0026440470000000005,3.0676792999999997e-06,2.893729e-05
73,1607232600,1.510549,1.510571,-0.005486995,-1.744821,1.877045,1.1578440000000003,1.53091,1.452795,0.012379307,0.627172,2.274309e-05,2.3002641000000005e-06,2.4558861e-06,3.3743166e-06,5.458147e-06,7.582999e-06,1.2455295999999998e-05,2.6038715000000006e-05,0.7265507999999999,0.028458330000000004,0.00020303919999999998,74.87639,53.802009999999996,5.019576e-05,6.129157999999999,0.01991682,16.174730000000004,0.0024405709199999998,0.00022294679869999998,0.03956879,64.26789,0.0024405709199999998,0.00022294679869999998,0.006698919,44.058246000000004,0.0024405709199999998,0.00022294679869999998,0.0031764920000000004,44.503718000000006,0.0024405709199999998,0.00022294679869999998,0.0047804810000000005,8.263169000000001e-06,2.9263819999999997e-05,0.3885357,58.71228,0.03447914,-0.001727325,-0.002414788,6.408902e-06,4.104433e-05
73,1607233200,1.407973,1.407995,4.3471700000000114e-05,-1.6651029999999998,1.9032960000000003,1.108584,1.6101499999999997,1.491082,0.014028364000000001,0.5908333,2.241477e-05,1.7650578e-06,1.7792706000000003e-06,2.4273588000000003e-06,4.09537e-06,5.479151e-06,9.461944e-06,2.0959412999999997e-05,0.6673386000000001,0.03643941,0.00016076076,77.14970000000001,55.22567,4.6791019999999994e-05,6.262500999999999,0.01874306,14.7861,0.0020067989,0.00018310915699999998,0.037769540000000004,58.576879999999996,0.0020067989,0.00018310915699999998,0.00664105,38.605845,0.0020067989,0.00018310915699999998,0.0030726440000000002,38.78589100000001,0.0020067989,0.00018310915699999998,0.004668675999999999,4.5041199999999995e-06,2.5592200000000002e-05,-0.30622537,65.81342000000001,0.029704030000000003,-0.0019095420000000002,-0.0025929789999999996,3.871105999999999e-06,3.520993e-05
73,1607233800,1.326501,1.3265230000000001,-0.00022394800000000002,-1.6785649999999996,1.665352,1.0777690000000002,1.562148,1.437457,0.012526839000000001,0.5526131,2.226355e-05,1.6564327e-06,1.6864105e-06,2.2485686e-06,3.7192778999999996e-06,5.114558099999999e-06,8.9824294e-06,2.0717662000000003e-05,0.6233662000000001,0.03966509,0.00017437526,78.03744,56.07553,4.406584e-05,6.332994,0.018130509999999996,13.78067,0.0014852146500000003,0.0001353068459,0.03645455,54.64389,0.0014852146500000003,0.0001353068459,0.006472271,30.769903,0.0014852146500000003,0.0001353068459,0.00287889,30.715967999999997,0.0014852146500000003,0.0001353068459,0.004585362000000001,2.0836020000000003e-06,2.3097260000000004e-05,-0.010880781000000004,1.6477026229999996,0.0030312211800000003,-0.002058797,-0.0026951279999999998,7.993509999999999e-07,1.1820410000000002e-05
73,1607234400,1.419481,1.419501,-0.00106685155,-1.673478,1.739342,1.113513,1.6084239999999999,1.48947,0.011646689999999998,0.5842314,2.2761640000000002e-05,2.2642557000000003e-06,2.2010515999999997e-06,2.7559040999999998e-06,4.153053e-06,5.3824389999999995e-06,8.888356e-06,1.9655830999999997e-05,0.6700891,0.03943158000000001,0.00017237239999999998,78.63906999999999,55.61839,4.7166710000000004e-05,6.365463999999999,0.01882412,14.832519999999999,0.00114147911,0.0001038853143,0.03787778,58.908550000000005,0.00114147911,0.0001038853143,0.006164375,25.788338999999997,0.00114147911,0.0001038853143,0.002586844,25.4629472,0.00114147911,0.0001038853143,0.004592990999999999,2.339212e-06,2.339273e-05,0.05414014899999999,10.583663136999998,0.008974819899999997,-0.0019740459999999997,-0.0026332630000000003,1.1691728000000002e-06,1.664837e-05
73,1607235000,1.346123,1.346143,-0.0002861510999999998,-1.675477,1.659876,1.0839389999999998,1.557384,1.4400799999999998,0.011768734999999999,0.5594977999999999,2.2552779999999997e-05,2.1544668e-06,2.1298175e-06,2.6140246e-06,3.8799028e-06,4.917000999999999e-06,7.911847e-06,1.7562984e-05,0.6386385,0.03421099,0.0001684826,77.97445,55.131139999999995,4.474364e-05,6.252378,0.018251250000000004,13.921119999999998,0.0017789072,0.00016223930099999997,0.036854750000000006,55.81624000000001,0.0017789072,0.00016223930099999997,0.006422389000000001,34.258301,0.0017789072,0.00016223930099999997,0.002850626,34.3420763,0.0017789072,0.00016223930099999997,0.004561615,2.207598e-06,2.299887e-05,0.0281972867,1.04511442,0.003907397,-0.0019951179999999997,-0.002626468,8.437484999999999e-07,1.1983770000000002e-05
73,1607235600,1.150252,1.1502719999999997,-0.0018108271,-1.7658029999999996,1.4503939999999997,1.0108445,1.311078,1.2594369999999997,0.011143779999999999,0.4785916,2.1986419999999998e-05,1.3993445e-06,1.3175349e-06,1.6437438e-06,2.6452066000000003e-06,3.290691e-06,5.3194447e-06,1.2075212000000002e-05,0.5442414,0.03071682,0.00013862089999999998,78.80546000000001,55.41420000000001,3.825389e-05,6.066848,0.01724867,11.96734,0.00093531897,8.489882200000001e-05,0.03406806999999999,47.700849999999996,0.00093531897,8.489882200000001e-05,0.005911299,18.008221999999996,0.00093531897,8.489882200000001e-05,0.0022724509999999996,17.678476999999997,0.00093531897,8.489882200000001e-05,0.00456478,1.992603e-06,2.278353e-05,-0.023668646999999998,10.41007243,0.007924874169999999,-0.002171035,-0.002742,1.0957046e-06,1.528828e-05
73,1607236200,0.9491116999999999,0.9491322999999999,0.0061518464,-1.755464,1.371268,0.918488,1.2379499999999999,1.1599490000000001,0.0071411719999999995,0.3939146,2.413855e-05,3.4717952e-06,3.5551391e-06,4.0651692e-06,5.3925898e-06,6.6599892e-06,9.819625999999998e-06,1.8997836999999997e-05,0.44517439999999997,0.029216950000000002,0.00010908133,76.02052,56.203149999999994,3.15383e-05,6.329704,0.0156492,9.930064,0.0009119850299999999,8.28834043e-05,0.030868429999999995,39.12076,0.0009119850299999999,8.28834043e-05,0.0057391690000000006,17.368862999999997,0.0009119850299999999,8.28834043e-05,0.002004248,17.1078013,0.0009119850299999999,8.28834043e-05,0.004579013,1.673673e-06,2.26153e-05,-0.046218341,2.47634196,0.004318389000000001,-0.002374438,-0.002902779,9.499270999999999e-07,1.252084e-05
73,1607236800,1.328934,1.328956,0.0017795970000000002,-1.656538,1.663551,1.075754,1.564697,1.4525330000000003,0.018236613,0.5576906,2.3018110000000003e-05,2.3840706e-06,2.2966088e-06,2.7026720000000005e-06,3.9399497999999996e-06,4.6169223e-06,6.998152499999999e-06,1.4878313999999998e-05,0.6329078000000001,0.031373899999999996,0.0001453908,78.22627,54.76696,4.418705999999999e-05,5.984101,0.01818306,13.861070000000002,0.00180607172,0.00016474461799999998,0.036790670000000004,55.56238,0.00180607172,0.00016474461799999998,0.006455615,33.849293,0.00180607172,0.00016474461799999998,0.002858157,33.95119690000001,0.00180607172,0.00016474461799999998,0.004581639,2.077326e-06,2.3058890000000003e-05,0.021396388,1.17817925,0.00292142011,-0.002050322,-0.0027041009999999996,8.625971000000001e-07,1.20012e-05
73,1607237400,1.2551729999999999,1.255193,-0.0044438985000000005,-1.7197400000000003,1.5210829999999997,1.0519,1.431381,1.349142,0.010771675,0.5164848,2.2899920000000002e-05,2.4804888000000003e-06,2.5736093e-06,3.162459e-06,4.65821e-06,6.036599e-06,9.906592999999998e-06,2.1350876e-05,0.5998111,0.027543680000000004,0.00017956840000000001,75.79993999999999,54.421299999999995,4.1705450000000006e-05,6.52505,0.01783274,13.05949,0.0012901129899999999,0.000117426291,0.03578677,52.61559,0.0012901129899999999,0.000117426291,0.006239094000000001,26.092574000000003,0.0012901129899999999,0.000117426291,0.002637225,25.985933,0.0012901129899999999,0.000117426291,0.004565820999999999,2.032477e-06,2.286765e-05,0.015290086000000003,2.09979398,0.00246595669,-0.002076588,-0.0026890580000000002,8.250793e-07,1.1681690000000001e-05
73,1607238000,1.1831619999999998,1.1831840000000002,-0.00036249620000000003,-1.7064309999999998,1.714741,1.0220435,1.4477319999999998,1.335866,0.013483386,0.5003842,2.3506229999999997e-05,2.7950230000000003e-06,2.8976111e-06,3.566224600000001e-06,5.024127299999999e-06,6.6594553e-06,1.03643048e-05,2.1045537999999998e-05,0.5550795000000001,0.036282129999999996,0.000164963,78.35774999999998,56.2013,3.931451e-05,6.243875000000001,0.01733073,12.472109999999999,0.0010701298100000002,9.747117199999999e-05,0.03446925,48.81854,0.0010701298100000002,9.747117199999999e-05,0.006047129,23.817294,0.0010701298100000002,9.747117199999999e-05,0.0023897399999999996,23.430754999999998,0.0010701298100000002,9.747117199999999e-05,0.004650201000000001,3.7665619999999994e-06,2.4819129999999996e-05,0.03161080999999999,62.39686492,0.0245793439,-0.002125502,-0.002732453,3.4639364e-06,2.9015559999999998e-05
73,1607238600,1.2240980000000001,1.2241199999999999,0.0017494796,-1.6974329999999997,1.6886009999999998,1.039923,1.488757,1.3665790000000002,0.012021846,0.5136006,2.307065e-05,2.3695056000000003e-06,2.4354055e-06,3.0020974000000003e-06,4.4090140000000004e-06,5.6442224e-06,9.130052000000001e-06,1.9120062e-05,0.5767792,0.035049399999999994,0.0001722681,78.22954,55.75440000000001,4.067365e-05,6.297114,0.017641039999999997,12.94257,0.0012965568799999997,0.000118048229,0.035225549999999994,50.99335,0.0012965568799999997,0.000118048229,0.0063647930000000005,27.525754,0.0012965568799999997,0.000118048229,0.002706275,27.269810999999997,0.0012965568799999997,0.000118048229,0.004622423,2.7618849999999996e-06,2.38866e-05,-0.019335827000000007,32.254052983,0.0151152695,-0.002099915,-0.0027225190000000005,2.1202436e-06,2.1332900000000004e-05
73,1607239200,1.283821,1.283844,0.0034293290000000005,-1.7309279999999998,1.615325,1.067653,1.4877829999999999,1.3689810000000002,0.010516567000000001,0.5343785999999999,2.3928749999999997e-05,3.0916023000000005e-06,3.1996072999999996e-06,3.8640052e-06,5.4186703000000006e-06,7.042901199999999e-06,1.1234331900000001e-05,2.3307076999999996e-05,0.6005496,0.04114154999999999,0.00016020460000000001,77.41438,56.44303,4.264447999999999e-05,6.3056849999999995,0.01804182,13.37275,0.0011060553799999999,0.000100582926,0.03582502,52.68371,0.0011060553799999999,0.000100582926,0.006125289000000001,23.703490000000002,0.0011060553799999999,0.000100582926,0.002512358,23.370915000000004,0.0011060553799999999,0.000100582926,0.004595769,2.0499619999999997e-06,2.3157450000000003e-05,0.0105356914,0.541609067,0.0031840359,-0.002106536,-0.0027122419999999997,8.197890000000001e-07,1.177822e-05
73,1607239800,1.1198071000000003,1.1198293,0.004213947000000001,-1.7092420000000002,1.51501,0.9949205999999998,1.4192680000000002,1.2976509999999999,0.012625540000000001,0.46617509999999995,2.3975729999999997e-05,3.1343003000000005e-06,3.18285445e-06,3.7064100799999995e-06,4.9627870999999995e-06,6.170861330000001e-06,9.345789599999999e-06,1.8236845999999997e-05,0.5203245,0.03940534999999999,0.00012262116000000002,77.18606000000001,57.095600000000005,3.721739e-05,6.0061599999999995,0.01681071,11.70769,0.00040988235000000004,3.6863756800000004e-05,0.033364000000000005,45.693310000000004,0.00040988235000000004,3.6863756800000004e-05,0.005638312,11.215294,0.00040988235000000004,3.6863756800000004e-05,0.0019355769999999997,10.637199200000001,0.00040988235000000004,3.6863756800000004e-05,0.004601036,1.8289210000000001e-06,2.2981480000000002e-05,0.014076256299999998,0.6319258499999999,0.0028274599599999997,-0.0022553770000000002,-0.002846043,8.016026e-07,1.142163e-05
73,1607240400,1.289901,1.289924,0.0022654936,-1.7426739999999998,1.5684479999999998,1.0692489,1.461945,1.3531929999999999,0.013500795,0.5318898000000001,2.5161360000000003e-05,4.5900773e-06,4.825157300000001e-06,5.6413544e-06,7.428591100000001e-06,9.570750199999998e-06,1.4586647900000002e-05,2.9010901e-05,0.6056313,0.039105430000000004,0.00013365927,75.29212,56.14934000000001,4.283746e-05,6.3976500000000005,0.01821327,13.579699999999999,0.00135487921,0.00012333937599999997,0.036030629999999994,53.43480000000001,0.00135487921,0.00012333937599999997,0.006286317,27.890905000000004,0.00135487921,0.00012333937599999997,0.002642634,27.739678000000005,0.00135487921,0.00012333937599999997,0.004598505,2.214477e-06,2.331445e-05,0.13559376299999998,11.50251104,0.009188641,-0.0020739730000000002,-0.002678347,1.0779400000000001e-06,1.553183e-05
73,1607241000,1.395652,1.395673,0.0013959166000000003,-1.749996,1.624174,1.113587,1.5020719999999999,1.401679,0.019242040000000002,0.591104,2.315787e-05,2.3128977e-06,2.3267553e-06,2.9035294e-06,4.4196044e-06,5.7801404e-06,9.6351588e-06,2.1175422999999997e-05,0.6605595999999999,0.03708093,0.00013471292,77.02056999999999,55.36866,4.637352e-05,6.129140000000001,0.01888792,14.488430000000003,0.0019695972099999996,0.00017976091900000001,0.03754199,57.84060000000001,0.0019695972099999996,0.00017976091900000001,0.006421845999999999,36.062568000000006,0.0019695972099999996,0.00017976091900000001,0.002843905,36.346174999999995,0.0019695972099999996,0.00017976091900000001,0.004599335,2.21504e-06,2.334567e-05,0.010172975,0.584968824,0.0042256195,-0.0019917529999999998,-0.002625738,8.445225e-07,1.176054e-05
73,1607241600,1.259927,1.2599479999999998,0.003177766,-1.7532739999999998,1.548797,1.0606300000000002,1.4380929999999998,1.3315919999999999,0.02144932,0.5475193999999999,2.358798e-05,2.8152674000000003e-06,2.8357359e-06,3.3083235000000003e-06,4.536779299999999e-06,5.5528617e-06,8.477474e-06,1.70965e-05,0.5892801000000001,0.04052831,0.00010775332000000002,81.75617,56.465790000000005,4.186808e-05,6.158075,0.01804722,13.2345,0.0007200603100000001,6.523664449999998e-05,0.035565799999999995,51.92292,0.0007200603100000001,6.523664449999998e-05,0.005987650999999999,20.296623999999998,0.0007200603100000001,6.523664449999998e-05,0.0023288149999999997,19.629169500000003,0.0007200603100000001,6.523664449999998e-05,0.0046060829999999995,2.0915730000000003e-06,2.327942e-05,-0.010741107200000002,0.8966976000000001,0.0041899,-0.002112576,-0.002713212,8.601862e-07,1.167939e-05
73,1607242200,1.2424690000000003,1.2424899999999999,0.005253221,-1.721695,1.7494299999999998,1.050011,1.4775449999999999,1.358668,0.023096250000000002,0.5437132000000001,2.2922109999999996e-05,2.0681576e-06,2.0779248000000002e-06,2.590634e-06,3.9840918000000004e-06,5.1121568e-06,8.335856e-06,1.7751204e-05,0.5772849,0.043774389999999996,0.00013241994,80.42681999999999,57.10011000000001,4.128717e-05,6.257537000000001,0.017808079999999997,13.12618,0.0010196739599999999,9.278521100000001e-05,0.03517929,50.89633,0.0010196739599999999,9.278521100000001e-05,0.006004763,21.625155999999997,0.0010196739599999999,9.278521100000001e-05,0.0023525110000000003,21.326383,0.0010196739599999999,9.278521100000001e-05,0.004650372000000001,3.397209e-06,2.4582959999999995e-05,0.10747161000000001,57.84165310000001,0.027788587999999996,-0.002072376,-0.002693818,2.7741245999999997e-06,2.833976e-05
73,1607242800,1.181821,1.1818410000000001,0.004040493,-1.7115560000000003,1.7515290000000001,1.0221622000000001,1.435582,1.3280660000000002,0.024047149999999996,0.5075666000000001,2.4607399999999998e-05,3.9289223e-06,4.115863599999999e-06,5.063421499999999e-06,6.950563e-06,8.791385e-06,1.3171778e-05,2.5636057000000002e-05,0.5536692999999999,0.03703479999999999,0.00013387031000000003,76.90158,56.35866000000001,3.925156e-05,6.391151,0.01737331,12.500519999999998,0.00187403129,0.000170923972,0.03445404,48.75235,0.00187403129,0.000170923972,0.006465594000000001,34.522355,0.00187403129,0.000170923972,0.002819125,34.73718800000001,0.00187403129,0.000170923972,0.0046847220000000005,4.524841e-06,2.564404e-05,0.10539950000000001,84.66783000000001,0.03168162,-0.002117126,-0.002722881,4.456502e-06,3.627956000000001e-05
73,1607243400,1.229822,1.2298429999999998,0.0027555281999999998,-1.748393,1.7996419999999997,1.046358,1.413117,1.318243,0.02446198,0.5322583000000001,2.243629e-05,1.7276364e-06,1.8578332e-06,2.6320749e-06,4.463568e-06,6.1984560000000005e-06,1.0022002e-05,1.9802635999999998e-05,0.5804676000000001,0.03425235,0.00014164317999999998,79.19318,55.60512,4.0870989999999995e-05,6.1385060000000005,0.01793378,13.23073,0.0005870266,5.3122559800000006e-05,0.035263989999999995,51.0731,0.0005870266,5.3122559800000006e-05,0.00566675,14.8382936,0.0005870266,5.3122559800000006e-05,0.0020102089999999998,14.266401499999997,0.0005870266,5.3122559800000006e-05,0.00486937,9.969696e-06,3.121416e-05,-0.30991225,56.84656,0.036047909999999996,-0.001905747,-0.002552737,7.556240000000001e-06,4.345475999999999e-05
73,1607244000,1.097989111111111,1.0980105555555555,0.0025117104444444447,-1.7636022222222223,1.7003422222222222,0.9905231111111112,1.3103755555555554,1.24283,0.025277644444444445,0.47655933333333333,2.2229355555555555e-05,1.3096052222222223e-06,1.449078111111111e-06,2.253727111111111e-06,3.989483333333333e-06,6.117905555555556e-06,1.009711e-05,1.957737222222222e-05,0.511192,0.03759403333333333,0.0001626181111111111,81.01147777777777,56.95928888888889,3.648613333333333e-05,6.447012222222223,0.017069855555555555,11.956211111111111,0.00039787946666666664,3.5663706666666665e-05,0.03311005555555555,45.13051111111111,0.00039787946666666664,3.5663706666666665e-05,0.005705873333333333,12.110120000000002,0.00039787946666666664,3.5663706666666665e-05,0.0020095222222222225,11.47964111111111,0.00039787946666666664,3.5663706666666665e-05,0.00490231,1.0823966666666668e-05,3.195988888888889e-05,-0.029905222222222225,48.76461111111111,0.03527207777777778,-0.0019584444444444445,-0.002620672222222222,7.943427777777778e-06,4.802383333333333e-05
73,1607244600,1.333482,1.333504,0.007911576,-1.7660810000000002,1.8242440000000002,1.092071,1.437492,1.365229,0.025585999999999998,0.5746572999999999,2.4315059999999998e-05,3.647868699999999e-06,4.0128448e-06,5.173754e-06,7.786846999999998e-06,1.0915923e-05,1.6892645e-05,3.261125e-05,0.6271341,0.039342669999999996,0.0001800147,76.88644000000001,55.95966,4.4302970000000004e-05,6.589376,0.01875482,14.33845,0.00195928742,0.0001788271172,0.03661229,55.01087,0.00195928742,0.0001788271172,0.006499336999999999,36.364295,0.00195928742,0.0001788271172,0.0029116380000000002,36.56966250000001,0.00195928742,0.0001788271172,0.004919496999999999,1.1850929999999999e-05,3.297978e-05,0.0811605,48.76913,0.03864094,-0.0017889540000000002,-0.002453207,8.69996e-06,5.470713e-05
73,1607245200,1.4905899999999999,1.4906110000000001,0.008784864,-1.709214,2.036126,1.146646,1.617725,1.505334,0.029017139999999997,0.6440275000000001,2.29777e-05,2.1916367e-06,2.4162387e-06,3.5268370000000002e-06,6.014593e-06,8.912177999999999e-06,1.4844126000000002e-05,2.9882679999999996e-05,0.7059138999999999,0.03912361,0.0001876517,77.04885999999999,55.3193,4.9516229999999994e-05,6.520332000000001,0.01949264,15.9308,0.0014376603200000001,0.000130987578,0.038739449999999995,61.625209999999996,0.0014376603200000001,0.000130987578,0.006405888,31.372873,0.0014376603200000001,0.000130987578,0.002878213,31.178520000000002,0.0014376603200000001,0.000130987578,0.004915878,1.188275e-05,3.304797e-05,0.11969543999999996,51.659349999999996,0.04187499,-0.0016550839999999998,-0.002382296,8.465623e-06,5.288393e-05
73,1607245800,1.274613,1.274635,0.005251276,-1.7648229999999998,1.769079,1.0651730000000001,1.399731,1.336729,0.020204080000000003,0.5444348999999999,2.200054e-05,1.4846654999999997e-06,1.6684874999999998e-06,2.6942904e-06,4.864392e-06,7.477237999999999e-06,1.2887991999999999e-05,2.5757076e-05,0.5947762000000001,0.04229716,0.00017568626000000003,79.13059,56.69237999999999,4.2335799999999995e-05,6.558385999999999,0.01849785,13.969529999999997,0.0008872125499999999,8.063507399999999e-05,0.03581023999999999,52.799,0.0008872125499999999,8.063507399999999e-05,0.006015688,22.662206,0.0008872125499999999,8.063507399999999e-05,0.0023933960000000003,22.12478,0.0008872125499999999,8.063507399999999e-05,0.004920056,1.1988450000000002e-05,3.304823e-05,0.014368201999999991,46.659369999999996,0.03583286,-0.001810645,-0.002478481,8.450289000000001e-06,4.731376e-05
73,1607246400,1.3005355,1.3005556999999999,0.005062294,-1.6093561,1.902545,1.0237886,1.515422,1.342916,0.139755416,0.7014473999999999,2.3712450000000004e-05,2.8746536e-06,3.1789982e-06,4.3757829e-06,6.937402e-06,9.881864e-06,1.6190464999999998e-05,3.0787408e-05,0.6088076,0.04121104,0.00017209980999999996,77.18032,57.44036,4.320497e-05,6.408951,0.017787010000000002,14.57332,0.00043969401,3.95986003e-05,0.03438487,53.74578,0.00043969401,3.95986003e-05,0.005833632,13.701826000000002,0.00043969401,3.95986003e-05,0.002148325,13.0648491,0.00043969401,3.95986003e-05,0.0049413930000000005,1.5048540000000001e-05,3.6140469999999995e-05,0.09207342999999998,135.30243000000002,0.06128471,-0.0019009829999999998,-0.002622146,1.5972168e-05,0.00012214814000000002
73,1607247000,5.416465199999999,5.4164876,0.0010694490000000003,-1.40082,3.4783449999999996,1.9829645,3.298939,3.0798200000000002,0.220698782,2.3315631999999997,3.0241670000000003e-05,1.10674401e-05,1.10601634e-05,1.35356882e-05,2.0260189e-05,2.60827701e-05,4.2593298e-05,8.997942999999999e-05,2.6773234,0.03032996,0.00035614071,68.54502,52.31157,0.00018007193,6.1019060000000005,0.034217910000000004,55.98884700000001,0.005429987129999999,0.0004964405959999999,0.07151002,233.5183,0.005429987129999999,0.0004964405959999999,0.008942402,108.73014,0.005429987129999999,0.0004964405959999999,0.0057404759999999996,109.86727599999999,0.005429987129999999,0.0004964405959999999,0.004917581,1.2289664000000002e-05,3.369164e-05,0.42257144,88.5932581,0.042724995,0.0002092196,-0.0013559785,1.28062224e-05,0.00013367884
73,1607247600,7.294584,7.294605999999999,-0.003288944,-1.3827599999999998,4.087662,2.390684,3.952844999999999,3.738939,0.04572762,2.976274,2.837057e-05,9.296486e-06,8.936648e-06,1.1726585e-05,1.9588432e-05,2.5843386e-05,4.485737e-05,0.00010521636,3.6210069999999996,0.02557528,0.000479086,66.60282,50.73182,0.00024252839999999997,6.244973,0.04186716,75.82244999999999,0.006628418,0.0006060614,0.0880088,317.5733,0.006628418,0.0006060614,0.009954338000000002,136.16602999999998,0.006628418,0.0006060614,0.006907241,137.6533,0.006628418,0.0006060614,0.004904009,1.0002152e-05,3.1419590000000006e-05,0.016456411,0.5003278,0.0058654679999999996,0.0010543205000000003,-0.0007762844,8.484185999999999e-07,1.487317e-05
73,1607248200,7.622383000000001,7.622406,-0.0054998799999999995,-1.3674119999999998,4.207666000000001,2.436255,4.067112,3.8300309999999995,0.04281195,3.127379,3.860219e-05,1.9882213e-05,2.032691e-05,2.4480203999999997e-05,3.4623595000000005e-05,4.4718609e-05,7.156684699999999e-05,0.00014973159000000003,3.7774900000000002,0.032786499999999996,0.0005313704,64.55757,50.89131,0.00025337450000000007,6.320098,0.04270572,79.27865,0.0054837340000000005,0.0005010942,0.08992934,331.6211,0.0054837340000000005,0.0005010942,0.009896042,123.88823,0.0054837340000000005,0.0005010942,0.006814231,124.27595,0.0054837340000000005,0.0005010942,0.004944003,1.04668e-05,3.20787e-05,0.010120878199999999,0.5771835999999999,0.007397914,0.0011341322,-0.0007540445999999999,8.649758999999999e-07,1.539393e-05
73,1607248800,6.409761999999999,6.409788000000001,-0.0063324359999999994,-1.3662740000000002,3.9069429999999996,2.2343389999999994,3.714938,3.4934190000000003,0.058568247000000004,2.6820180000000002,3.002158e-05,1.0915665999999998e-05,1.0690655399999999e-05,1.3238216200000002e-05,1.9667993000000003e-05,2.50621362e-05,4.14039451e-05,8.910583800000001e-05,3.167357,0.03693046,0.00037591123,69.03195000000001,51.20939,0.00021315589999999998,5.872797,0.03905086000000001,67.10179000000001,0.0071474439999999985,0.0006537336,0.08218534,278.6259,0.0071474439999999985,0.0006537336,0.009657532,136.3693,0.0071474439999999985,0.0006537336,0.006598823999999999,138.32166,0.0071474439999999985,0.0006537336,0.004908086000000001,9.968795e-06,3.153083e-05,-0.054257880999999994,4.907472499999999,0.011281136,0.0008565082,-0.0008913025,1.8927463e-06,2.322696e-05
73,1607249400,5.5004951,5.500516199999999,-0.0009097890000000005,-1.357979,3.5447189999999997,2.0374495,3.3956530000000003,3.1787089999999996,0.095991286,2.2577454999999995,3.3827199999999994e-05,1.4062303499999999e-05,1.42604282e-05,1.70652434e-05,2.3400131999999997e-05,2.97086898e-05,4.6305241e-05,9.510798e-05,2.7094066999999997,0.040265890000000006,0.00032125599999999996,68.12977000000001,52.73758,0.0001828561,6.072088999999999,0.03542474,58.038537000000005,0.00509188004,0.00046550956600000003,0.07424423,238.89986999999996,0.00509188004,0.00046550956600000003,0.008823597,103.57534000000001,0.00509188004,0.00046550956600000003,0.00566447,104.53666000000001,0.00509188004,0.00046550956600000003,0.004873277,1.1448032e-05,3.2963720000000006e-05,-0.0281789,87.295536,0.030946513999999998,0.0002491743,-0.001324405,1.4314497299999998e-05,0.00015390985999999999
73,1607250000,3.7198775,3.7198988999999996,0.006959311,-1.2774990000000002,2.978604,1.6199317999999998,2.7754970000000005,2.563506,0.086581502,1.5566752000000001,2.6677409999999997e-05,6.837988300000002e-06,7.098770099999999e-06,9.071891e-06,1.4025598999999999e-05,1.8708267e-05,3.153421e-05,6.690837999999999e-05,1.8102763000000004,0.04917128,0.0003298307,74.93798000000001,55.51647999999999,0.00012359420999999998,6.496377,0.02791262,39.350632000000004,0.0027524203,0.000251183603,0.05849800000000001,159.25402,0.0027524203,0.000251183603,0.007782836,61.419209999999985,0.0027524203,0.000251183603,0.004488959999999999,61.392587000000006,0.0027524203,0.000251183603,0.00483391,1.1569788e-05,3.277992e-05,0.062100793999999994,106.0018642,0.038604734,-0.0006240864020000001,-0.0018891539999999999,1.3834118500000001e-05,0.0001374488
73,1607250600,5.401991000000001,5.402012999999999,0.0010357454,-1.342091,3.6103859999999997,2.053978,3.4629689999999997,3.2451989999999995,0.0330434,2.2007179999999993,2.6965459999999995e-05,7.399212e-06,6.849554209999999e-06,8.128416840000001e-06,1.2454962e-05,1.4305255499999998e-05,2.24093531e-05,4.942885e-05,2.652897,0.04777281,0.00019827038,69.69010999999999,51.80783,0.0001797429,5.181773999999999,0.035626330000000005,56.20718000000001,0.0036897941999999998,0.00033690493000000004,0.07532338000000001,232.8919,0.0036897941999999998,0.00033690493000000004,0.008472351000000001,82.38184,0.0036897941999999998,0.00033690493000000004,0.005434174999999999,82.65597,0.0036897941999999998,0.00033690493000000004,0.004755006999999999,7.425325000000002e-06,2.8542949999999997e-05,0.0034194580000000002,0.6409725999999999,0.004394299,0.00023235344,-0.0013256779999999998,8.711465e-07,1.3810790000000001e-05
73,1607251200,5.633347,5.633368,0.0020799670000000003,-1.3972179999999998,3.5970730000000004,2.1104890000000003,3.4862189999999997,3.277112,0.023885668000000002,2.283341,2.6913130000000004e-05,7.5218699999999995e-06,7.2588469e-06,9.3536258e-06,1.5506375e-05,2.0191059e-05,3.4722208e-05,8.129009e-05,2.7804740000000003,0.03564442,0.00037252675,67.70145,51.305420000000005,0.000187305,6.023270000000001,0.03649114,58.13883,0.005591573329999999,0.000511216992,0.07697552999999999,242.9613,0.005591573329999999,0.000511216992,0.009090566,114.38082899999999,0.005591573329999999,0.000511216992,0.0060653320000000005,115.522018,0.005591573329999999,0.000511216992,0.004782385,7.778031e-06,2.904756e-05,0.011553956,0.5047535999999999,0.005117221,0.00042805910000000004,-0.001228553,8.391946e-07,1.3874460000000001e-05
73,1607251800,3.4998171,3.4998394,0.00817643,-1.0713386000000003,3.1073820000000003,1.5245204000000003,2.673532,2.4473620000000005,0.160773414,1.7266740999999999,2.2974550000000002e-05,3.0073158999999996e-06,2.8877872999999998e-06,4.1960555e-06,7.80616e-06,1.056108e-05,1.8539598e-05,4.3625824e-05,1.7065511,0.043016889999999995,0.00024993872,73.47563,55.911770000000004,0.00011638965999999999,6.031083000000001,0.026177319999999997,36.585623,0.00462171693,0.000422550286,0.055014070000000005,148.67689000000001,0.00462171693,0.000422550286,0.007998048,85.967872,0.00462171693,0.000422550286,0.004669276000000001,87.176456,0.00462171693,0.000422550286,0.0048775699999999995,1.4021269e-05,3.524307e-05,-0.051815916000000004,175.2150239,0.061296872,-0.0007089358,-0.002018357,1.8461520300000002e-05,0.00017648518
73,1607252400,6.140206,6.140227,0.0030487749999999997,-1.3378290000000002,3.826654,2.1745609999999997,3.6850489999999994,3.4701299999999997,0.03822249,2.5130220000000003,4.201082e-05,2.2793861000000002e-05,2.34142894e-05,2.74662628e-05,3.6895222999999995e-05,4.6819776e-05,7.217978000000002e-05,0.00014199175,3.040771,0.028538549999999996,0.00040195329999999997,63.84586999999999,50.97925,0.0002040664,6.330138,0.03799879,62.914210000000004,0.004618928,0.0004219637,0.08038113000000001,264.81940000000003,0.004618928,0.0004219637,0.009066120999999998,98.85182999999999,0.004618928,0.0004219637,0.006014729000000001,99.64017,0.004618928,0.0004219637,0.004856182,8.64679e-06,3.0228109999999997e-05,0.031158465999999996,2.027002,0.009588535999999998,0.0006652475000000001,-0.001149904,1.278057e-06,1.8926700000000003e-05
73,1607253000,5.849008,5.849029,0.002816572,-1.346955,3.7331269999999996,2.1259319999999997,3.5807210000000005,3.380653,0.04484681,2.413947,2.7143129999999996e-05,7.603072000000001e-06,7.5248969600000006e-06,9.9139232e-06,1.6476834e-05,2.2065435800000002e-05,3.8568184e-05,9.027035999999999e-05,2.8978349999999997,0.02602699,0.00044324365,67.08243999999999,50.925760000000004,0.0001944613,5.895473,0.037373500000000004,60.80237000000001,0.0067334154000000005,0.0006158399000000001,0.07871342,254.1501,0.0067334154000000005,0.0006158399000000001,0.009712174,132.98585,0.0067334154000000005,0.0006158399000000001,0.006665646,134.78503,0.0067334154000000005,0.0006158399000000001,0.004810171,8.113481000000001e-06,2.9475950000000004e-05,0.01195926,0.534718,0.004367153,0.000566539,-0.001205801,8.709012e-07,1.4161619999999996e-05
73,1607253600,4.6618758,4.6618981,0.006187216000000001,-1.2088663,3.3875529999999996,1.8087002,3.1672339999999997,2.9596270000000002,0.12765193000000002,2.0102247,2.8882869999999995e-05,8.9432117e-06,8.78921175e-06,1.05670853e-05,1.5090248000000001e-05,1.87538823e-05,2.9301508800000002e-05,6.1906488e-05,2.2946408,0.03588673,0.00024760676,72.14519,53.30749999999999,0.00015502989,5.816232,0.03178462,48.995863,0.004473088700000001,0.00040877622999999997,0.06688208,202.04980999999998,0.004473088700000001,0.00040877622999999997,0.008252744000000001,82.975243,0.004473088700000001,0.00040877622999999997,0.005008844,84.13900899999999,0.004473088700000001,0.00040877622999999997,0.00487258,1.0581284000000001e-05,3.2086020000000006e-05,0.1165428587,67.8910083,0.029996887,-4.2129229999999985e-05,-0.0016087170000000002,5.7642831e-06,4.902759e-05
73,1607254200,5.1507103999999995,5.1507327,0.008277276999999998,-1.260754,3.482806,1.9018378999999999,3.301526,3.084431,0.081731918,2.1105679999999998,3.125621e-05,1.18983365e-05,1.1943848459999999e-05,1.433809521e-05,2.0881719e-05,2.6523616979999998e-05,4.1418828069999996e-05,8.877396899999999e-05,2.5376561000000004,0.037104160000000004,0.00036887069999999995,71.05771,53.40840000000001,0.00017125869999999997,5.853377,0.033495260000000006,53.945965999999984,0.00380968867,0.00034794103200000003,0.07046358,222.99263000000002,0.00380968867,0.00034794103200000003,0.008257832,78.597471,0.00380968867,0.00034794103200000003,0.0050487019999999995,79.0851426,0.00380968867,0.00034794103200000003,0.004889578,1.2125752000000002e-05,3.358777e-05,0.132797753,99.9613483,0.037430871,0.00013731510000000003,-0.0014884879999999998,1.19790183e-05,0.00012494864
73,1607254800,6.405552,6.405575999999999,0.004467159,-1.349062,3.88523,2.2280450000000003,3.757015,3.5346689999999996,0.03546315,2.6022659999999997,3.9520879999999995e-05,1.9959618e-05,2.01390533e-05,2.31494684e-05,3.0677353e-05,3.72935983e-05,5.5040848e-05,0.00010771666999999999,3.169725,0.03248795,0.00025231061,63.76835,51.035520000000005,0.0002130597,5.763609999999999,0.03922307,67.17624,0.0032992491399999996,0.00030104541499999997,0.08253100000000001,279.46200000000005,0.0032992491399999996,0.00030104541499999997,0.008606224,83.50256299999998,0.0032992491399999996,0.00030104541499999997,0.005491978999999999,83.307199,0.0032992491399999996,0.00030104541499999997,0.004870738000000001,8.860084999999999e-06,3.0496720000000004e-05,0.0015630366000000003,0.567676,0.004807737,0.0007559582,-0.0010725783,8.49115e-07,1.451096e-05
73,1607255400,6.248704,6.248726,0.002552643,-1.3990649999999998,3.7716400000000005,2.217838,3.6492349999999996,3.449391,0.03696042,2.541157,4.489945e-05,2.5718090999999996e-05,2.6761723999999997e-05,3.0986758e-05,4.1036697e-05,5.1828928e-05,7.859584199999999e-05,0.00015261892000000002,3.099943,0.02359302,0.00038386770000000005,62.08188,50.791059999999995,0.0002077032,6.310466,0.03865629,64.66809,0.0043452252,0.0003968788199999999,0.08139855,271.46009999999995,0.0043452252,0.0003968788199999999,0.008938591999999999,96.69948,0.0043452252,0.0003968788199999999,0.005848872,97.20253000000001,0.0043452252,0.0003968788199999999,0.004855455999999999,8.692356999999999e-06,3.0272459999999996e-05,0.009451142,0.49576790000000004,0.006138263,0.0007773769000000001,-0.0010581113000000001,8.983177000000001e-07,1.473275e-05
73,1607256000,3.7748025999999997,3.7748228999999993,0.010825898999999998,-0.7471780000000001,3.2134,1.5360057,2.6725190000000003,2.3740479999999997,0.193682417,1.9404073,3.57316e-05,1.6469269100000002e-05,1.72708092e-05,2.0197742e-05,2.7011664000000002e-05,3.4447476e-05,5.1669467e-05,9.985305e-05,1.857087,0.029748029999999998,0.00028280950000000003,70.48998,54.94914,0.00012545751,6.433781999999999,0.026780199999999997,39.684275,0.0032007176900000003,0.000292266424,0.05589725000000001,162.57342,0.0032007176900000003,0.000292266424,0.007849826999999998,67.50218199999999,0.0032007176900000003,0.000292266424,0.004424734,67.91764900000001,0.0032007176900000003,0.000292266424,0.004913307,1.5146155000000001e-05,3.636021e-05,0.12847849699999997,171.83450200000001,0.06123287200000001,-0.0006203631999999999,-0.0019748384999999998,2.9353603500000003e-05,0.00030694032000000003
73,1607256600,6.284446000000001,6.284469,0.004432175,-1.393638,3.789904,2.222985,3.6565119999999993,3.4683699999999993,0.03787146,2.555956,4.002837e-05,2.0548675e-05,2.11232839e-05,2.4530354869999997e-05,3.2639476e-05,4.09208346e-05,6.160748759999999e-05,0.000122690913,3.1185579999999997,0.022977050000000002,0.000341028,64.13284000000002,50.756049999999995,0.000208991,6.008738,0.038985160000000005,65.75514000000001,0.0047149146,0.00043077185999999996,0.08180508,274.4749,0.0047149146,0.00043077185999999996,0.008971372,99.86954,0.0047149146,0.00043077185999999996,0.005898725999999999,100.63945999999999,0.0047149146,0.00043077185999999996,0.004841912,8.687640999999998e-06,3.0096230000000004e-05,0.0081446414,0.45336429999999994,0.004926898000000001,0.0008404158999999999,-0.0010597410000000001,8.290050000000001e-07,1.4045500000000003e-05
73,1607257200,5.996936,5.9969589999999995,0.003848654000000001,-1.386115,3.71224,2.1653399999999996,3.5805319999999994,3.391489,0.036580329999999994,2.4614299999999996,2.87581e-05,9.345807000000002e-06,9.1459313e-06,1.1385384320000002e-05,1.7546138e-05,2.246507324e-05,3.71350229e-05,8.504427999999999e-05,2.9780180000000005,0.01985342,0.0003955055,65.82899999999998,50.71112,0.00019949049999999998,5.64735,0.037726829999999996,61.548519999999996,0.0032794764000000005,0.00029920862000000004,0.07960060999999999,259.7909,0.0032794764000000005,0.00029920862000000004,0.008811094,86.90263,0.0032794764000000005,0.00029920862000000004,0.005734473,86.43255,0.0032794764000000005,0.00029920862000000004,0.004832713,8.286916e-06,2.982802e-05,0.0030394639999999995,0.47907500000000003,0.005807217,0.0006725688999999999,-0.0011445484000000001,8.699607e-07,1.4520629999999998e-05
73,1607257800,3.6660046,3.6660270999999995,0.012500193100000001,-0.7837139000000002,3.078806,1.5066384,2.658419,2.4721509999999998,0.167493012,1.7500920999999998,2.8997460000000002e-05,8.7206371e-06,8.9120908e-06,1.07497547e-05,1.5645795e-05,1.9896504e-05,3.149974500000001e-05,6.293273000000001e-05,1.8032055000000002,0.029362540000000003,0.0002669929,70.53442,55.21897,0.0001219216,6.3703710000000004,0.026544859999999997,38.759364999999995,0.0029810686,0.00027210746,0.055655239999999995,158.25124,0.0029810686,0.00027210746,0.007874469,65.81333,0.0029810686,0.00027210746,0.004448888,65.74492000000001,0.0029810686,0.00027210746,0.004906692,1.4226161999999999e-05,3.570335e-05,-0.11302007300000001,182.86531240000002,0.060831468,-0.0006187818999999999,-0.0020391859999999997,2.98335694e-05,0.00031205222
73,1607258400,6.265336,6.265359999999999,0.0007347286,-1.403295,3.756827,2.220593,3.636337,3.449618,0.040442370000000005,2.560517,3.395244e-05,1.4124311000000001e-05,1.4301649000000001e-05,1.7201429e-05,2.4593538e-05,3.1423222e-05,5.0475886000000004e-05,0.00010587773,3.1116260000000002,0.02036379,0.00040812089999999997,64.75947,50.68318,0.00020834669999999998,6.215586999999999,0.03887072,65.22372,0.0041928855,0.00038290564,0.08161364,273.2742,0.0041928855,0.00038290564,0.009042066,96.26849000000001,0.0041928855,0.00038290564,0.005978099999999999,96.63114,0.0041928855,0.00038290564,0.004870246999999999,8.669163e-06,3.0384049999999996e-05,0.015745582,0.43518739999999995,0.004886377999999999,0.0008350070000000001,-0.0010900458999999999,8.244034e-07,1.444613e-05
73,1607259000,6.763325,6.76335,0.0009213419000000001,-1.414321,3.8872560000000007,2.30978,3.767029,3.575959,0.03668973999999999,2.754488,3.349292e-05,1.4160213e-05,1.40958199e-05,1.67389776e-05,2.369244e-05,2.9562114999999997e-05,4.6244851e-05,9.869496e-05,3.3569540000000004,0.024097600000000004,0.0003547618,65.40958,50.73733,0.00022496040000000002,6.064106,0.0404745,70.69644000000001,0.0044569018,0.00040707475000000004,0.08480259,295.4046,0.0044569018,0.00040707475000000004,0.008999029,97.604299,0.0044569018,0.00040707475000000004,0.005925244,98.185508,0.0044569018,0.00040707475000000004,0.004882095,9.338831999999999e-06,3.0842899999999996e-05,0.011362748,0.452511,0.005857664,0.0010486978999999998,-0.0009138534,8.682594999999998e-07,1.4667e-05
73,1607259600,6.914676,6.914696999999999,0.003138237,-1.400063,3.9756479999999996,2.340233,3.861079,3.6328489999999993,0.022774377,2.794528,3.565254e-05,1.6670979999999995e-05,1.6986458e-05,2.0736743000000005e-05,2.9666970000000004e-05,3.836872e-05,6.197562e-05,0.00013065068,3.412261,0.04424913,0.0004982413000000001,68.04455,51.316359999999996,0.00022979990000000002,6.391222999999999,0.040509930000000006,71.65660999999999,0.008063068999999999,0.0007376136,0.08534674,298.8015,0.008063068999999999,0.0007376136,0.009880247,152.20078,0.008063068999999999,0.0007376136,0.006860269,154.7978,0.008063068999999999,0.0007376136,0.004877533,9.584993999999999e-06,3.092707e-05,0.009740493399999998,0.4899882,0.0063838770000000005,0.0010275695,-0.0008787809000000001,8.337619e-07,1.4622639999999997e-05
73,1607260200,4.2667198,4.266740100000001,0.008426297,-0.925793,3.2231480000000006,1.6579214,2.801711,2.588065,0.16657889,2.0295304,2.8596299999999996e-05,9.5520175e-06,9.72694189e-06,1.19261421e-05,1.7276429000000002e-05,2.25378931e-05,3.64302504e-05,7.638629100000001e-05,2.0778383,0.05500847,0.00032181919999999995,77.56384,58.91278,0.00014181325,6.1440339999999996,0.028520829999999997,45.167568,0.0047118520999999995,0.0004307666860000001,0.059180239999999995,182.88869999999997,0.0047118520999999995,0.0004307666860000001,0.008175802999999999,88.979785,0.0047118520999999995,0.0004307666860000001,0.004817437,90.125754,0.0047118520999999995,0.0004307666860000001,0.004824895000000001,1.1825697e-05,3.285137e-05,0.340131396,174.61252829999998,0.055432590999999996,-0.00042421690000000003,-0.0017785528,1.1022663199999999e-05,0.00010257800999999998
73,1607260800,6.776085,6.7761070000000005,-0.0027859720000000003,-1.5023399999999998,3.7760640000000003,2.354307,3.6749629999999995,3.486631,0.029591459999999997,2.737101,3.1870960000000004e-05,1.2518964000000001e-05,1.2274615899999998e-05,1.4590597500000002e-05,2.1655515000000004e-05,2.64701261e-05,4.1901449000000006e-05,8.839875000000001e-05,3.349053,0.03842774,0.0003347495,66.11872,51.1691,0.00022537970000000002,5.718718999999999,0.040477070000000004,70.17419,0.0053925477999999995,0.00049284418,0.08457208,293.20419999999996,0.0053925477999999995,0.00049284418,0.009176338,114.27417,0.0053925477999999995,0.00049284418,0.0061348800000000005,115.21549,0.0053925477999999995,0.00049284418,0.004852758,9.386294000000002e-06,3.064144999999999e-05,0.010020313999999999,0.3409374,0.005845226,0.0010543231,-0.0007851477000000001,8.891260000000002e-07,1.538151e-05
73,1607261400,6.568612,6.568631999999999,-0.004413106000000001,-1.4973420000000002,3.7511650000000003,2.3154429999999993,3.624149,3.4368290000000004,0.02875086,2.68205,4.214405e-05,2.3656822e-05,2.43437996e-05,2.85353254e-05,3.8578226e-05,4.915985000000001e-05,7.5717725e-05,0.00014985843000000002,3.2447830000000004,0.03865597,0.000455237,65.59734,51.21451999999999,0.00021831820000000002,6.352803,0.03983806,68.09998,0.006479816000000001,0.00059253499,0.08323778,284.1999,0.006479816000000001,0.00059253499,0.009246481999999999,123.77010999999997,0.006479816000000001,0.00059253499,0.00623399,125.46004,0.006479816000000001,0.00059253499,0.004809796999999999,9.021021e-06,2.9995530000000007e-05,0.012537040999999999,0.3125926,0.004790655,0.0009546674999999999,-0.0008271823000000001,8.209277999999999e-07,1.4459980000000002e-05
73,1607262000,3.7214192000000006,3.7214406,0.009828504,-1.1213619000000001,2.8198240000000006,1.5086758999999998,2.5999179999999997,2.3494839,0.23074655900000002,1.7264221,2.62929e-05,6.6747882999999995e-06,6.9105064e-06,8.7287842e-06,1.3584926e-05,1.7894961600000004e-05,3.0194727e-05,6.4833449e-05,1.8245491,0.03571795,0.00028730796000000006,76.74759,57.387840000000004,0.00012370048999999996,6.409816000000001,0.025822449000000004,39.243778,0.0030109816299999995,0.0002750981421,0.0537234,160.07833999999997,0.0030109816299999995,0.0002750981421,0.00738563,63.566359,0.0030109816299999995,0.0002750981421,0.003942602,63.779765999999995,0.0030109816299999995,0.0002750981421,0.004744344,1.1113042e-05,3.189168e-05,0.11607532700000003,245.33808,0.0576704973,-0.0007856331000000001,-0.0020197814,2.6258841699999993e-05,0.00028385792
73,1607262600,6.743695,6.743717000000001,-0.003149715,-1.489964,3.783644,2.344999,3.673424,3.4905319999999995,0.026484572,2.723361,3.1564500000000006e-05,1.2833639000000002e-05,1.2656008600000002e-05,1.5487646299999998e-05,2.2554997e-05,2.7566943e-05,4.3592683e-05,9.51493e-05,3.337657,0.03360255,0.00034932984,65.78306999999998,51.0426,0.00022426110000000002,5.92033,0.04020242,69.26804999999999,0.00559561051,0.000511530388,0.08424390000000001,290.78350000000006,0.00559561051,0.000511530388,0.009151300999999999,117.07883800000002,0.00559561051,0.000511530388,0.006129217999999999,118.30491200000002,0.00559561051,0.000511530388,0.004859923,1.0138394e-05,3.1217779999999996e-05,0.017641299000000003,0.25229619999999997,0.005689159,0.0010836457,-0.0005982515000000001,9.049281000000001e-07,1.5026470000000002e-05
73,1607263200,6.6971490000000005,6.69717,-0.0024321249999999994,-1.48911,3.7790260000000004,2.334983,3.6715109999999997,3.4810809999999996,0.027735839999999994,2.704248,3.4152699999999996e-05,1.5680727e-05,1.53799929e-05,1.8375011000000003e-05,2.5087965e-05,3.0607575000000007e-05,4.7324908999999996e-05,9.780613e-05,3.3134120000000005,0.03459198,0.00030565000000000003,66.31672,51.063289999999995,0.0002227493,5.910295,0.04031121,69.72743,0.007264686000000001,0.0006644648999999999,0.08419172,290.8229,0.007264686000000001,0.0006644648999999999,0.009527546,136.39190000000002,0.007264686000000001,0.0006644648999999999,0.006505868000000001,138.45221,0.007264686000000001,0.0006644648999999999,0.0048481719999999996,1.0125284e-05,3.115086e-05,0.004851825,0.27546350000000003,0.0069816259999999995,0.0010331412,-0.0005679662,9.884494e-07,1.551426e-05
73,1607263800,6.9314219999999995,6.931442,-0.002378812,-1.499072,3.830218,2.3795349999999997,3.7144500000000003,3.530957,0.026300890000000004,2.811052,3.4943889999999995e-05,1.6132104999999995e-05,1.6117429000000002e-05,1.9113993999999997e-05,2.6423560000000003e-05,3.2243172e-05,5.02335e-05,0.00010265509999999999,3.4309200000000004,0.034179100000000004,0.00033266890000000003,65.53789,51.03344,0.00023055909999999995,6.151715,0.04072830999999999,70.94105,0.0045886669,0.00041914185,0.08536981,298.5538,0.0045886669,0.00041914185,0.009088388000000001,105.08107700000001,0.0045886669,0.00041914185,0.0060606309999999995,105.38243300000002,0.0045886669,0.00041914185,0.004864434,1.0513699999999999e-05,3.1489769999999996e-05,0.0093181558,0.3565659,0.008442679,0.0011819950000000001,-0.0004956771,9.715596000000001e-07,1.649465e-05
73,1607264400,3.7385016999999996,3.7385212,0.018553771000000004,-1.1241417999999999,2.6153310000000003,1.4428791,2.419725,2.2561441,0.122518151,1.589533,2.591343e-05,6.483041300000001e-06,6.51231111e-06,7.876988e-06,1.20316891e-05,1.44641106e-05,2.22380498e-05,5.0855628000000005e-05,1.8324652000000001,0.03644988,0.00021018947999999998,80.9237,62.101179999999985,0.00012436326000000002,6.202446,0.024638341999999997,38.758639,0.00381844624,0.00034905802300000003,0.05132681,159.52539000000002,0.00381844624,0.00034905802300000003,0.007354632,71.301658,0.00381844624,0.00034905802300000003,0.0038503985000000003,72.0988722,0.00381844624,0.00034905802300000003,0.004746551,9.126011e-06,2.996639e-05,0.8931552119999999,126.61908695,0.035085651,-0.0004827246,-0.0016060574,1.3751044999999997e-05,0.000152103
73,1607265000,7.397740000000001,7.397761,-0.00410531,-1.502417,3.9534080000000005,2.4574659999999997,3.8224549999999993,3.64196,0.0295676,3.014959,3.4420509999999994e-05,1.5826882e-05,1.5820544000000002e-05,1.9258379e-05,2.7609130000000002e-05,3.4555545e-05,5.4346426e-05,0.00011736719999999999,3.667281,0.030863289999999998,0.00042563789999999996,65.89244999999998,50.88531999999999,0.000246,6.101889000000001,0.04208614,75.54421,0.0049931552,0.00045616710999999994,0.08821282999999999,318.72720000000004,0.0049931552,0.00045616710999999994,0.00920204,109.12152999999998,0.0049931552,0.00045616710999999994,0.006168548,109.66001000000001,0.0049931552,0.00045616710999999994,0.004908774,1.1282100000000002e-05,3.233635e-05,0.008887224999999999,0.28135499999999997,0.007703801000000001,0.0013717690000000001,-0.0003386096,1.0188362e-06,1.653119e-05
73,1607265600,7.100873999999999,7.100897000000001,-0.005559270999999999,-1.505167,3.8730070000000003,2.4104300000000003,3.7386000000000004,3.5631690000000007,0.03672193,2.902485,2.832793e-05,9.339909999999999e-06,8.8623745e-06,1.1343646299999998e-05,1.801563e-05,2.24485846e-05,3.7233746e-05,8.671815e-05,3.518003,0.03182392999999999,0.00040981590000000004,66.80546,50.94545000000001,0.00023621970000000005,5.799241,0.041263730000000005,72.70079000000001,0.005811184999999999,0.0005311683,0.08639171000000001,306.03180000000003,0.005811184999999999,0.0005311683,0.009612302,123.70389,0.005811184999999999,0.0005311683,0.006620355999999999,124.95383000000001,0.005811184999999999,0.0005311683,0.004885876999999999,1.082735e-05,3.190943e-05,0.0031443789999999992,0.2289751,0.006700999000000001,0.0012084180000000002,-0.0004246832999999999,1.0711643e-06,1.601925e-05
73,1607266200,5.488737899999999,5.4887592000000005,0.006044229999999999,-1.1985804,3.312104,1.9453907999999995,3.1799470000000003,2.9876415,0.149267866,2.3233458000000002,3.833224e-05,1.940715829e-05,2.013107e-05,2.37887248e-05,3.23553981e-05,4.1176242300000004e-05,6.40798773e-05,0.00012605404209999998,2.7070888,0.03653465,0.00040110467000000003,69.97626000000001,57.299490000000006,0.00018242443,6.00891,0.033811679,57.303386,0.0029034607,0.00026486871899999997,0.07003966,237.515751,0.0029034607,0.00026486871899999997,0.007964997,70.51232900000001,0.0029034607,0.00026486871899999997,0.004694509,70.207131,0.0029034607,0.00026486871899999997,0.0048359580000000004,1.0611914999999998e-05,3.173954e-05,-0.05051469000000001,84.88251460000001,0.026410794199999997,0.0003642204,-0.0010912841,1.20761717e-05,0.00013436392
73,1607266800,5.3974097,5.3974289,0.007836783,-1.1486946599999999,3.2445619999999997,1.9145330999999999,3.1138696,2.9009390999999995,0.167102747,2.35301651,3.0701669999999996e-05,1.1668639060000001e-05,1.155615111e-05,1.3736657399999999e-05,1.9532448000000004e-05,2.3818059999999995e-05,3.6751194e-05,7.640664900000001e-05,2.65273805,0.04546903,0.00029341419000000003,75.17546999999999,60.03866000000001,0.00017953370999999999,6.171474999999999,0.033032328,55.97382699999999,0.0047790857,0.00043676591,0.06770783,231.71008500000002,0.0047790857,0.00043676591,0.008583022000000001,98.23022800000001,0.0047790857,0.00043676591,0.005282413,98.990094,0.0047790857,0.00043676591,0.004821461000000001,1.0904116e-05,3.1893940000000006e-05,-0.007305141999999999,99.37703767999999,0.028311174099999996,0.00032092270000000004,-0.0010587086,6.4839515e-06,6.560420999999999e-05
73,1607267400,7.038312,7.038334000000001,-0.005804412,-1.5452359999999998,3.7998780000000005,2.4182499999999996,3.681075,3.501632,0.02171346,2.851191,3.4445450000000004e-05,1.5899992e-05,1.57441616e-05,1.8402331899999998e-05,2.5982601999999996e-05,3.1059327e-05,4.7325724999999995e-05,9.566603999999999e-05,3.4717379999999998,0.046820890000000004,0.0003334711,68.46077,51.3745,0.0002341037,5.837585,0.04122527,72.24649,0.004650026999999999,0.00042475388,0.08594631999999999,302.7016,0.004650026999999999,0.00042475388,0.009022412999999998,104.25363999999999,0.004650026999999999,0.00042475388,0.005993257,104.66365,0.004650026999999999,0.00042475388,0.004867453000000001,1.0745899999999998e-05,3.171183e-05,0.0039844408,0.28822040000000004,0.007569351,0.001209642,-0.00038910169999999995,1.1619846e-06,1.730531e-05
73,1607268000,7.120611000000001,7.1206320000000005,-0.004027913,-1.539758,3.8548179999999994,2.4293959999999997,3.7022260000000005,3.52762,0.054463819999999996,2.9239070000000003,3.518804e-05,1.6622137e-05,1.64823343e-05,1.93574237e-05,2.6730766999999998e-05,3.2257321e-05,4.961332400000001e-05,0.00010078416000000001,3.5138329999999995,0.0458706,0.00032633799999999996,67.84885,51.32591,0.0002368101,5.8537289999999995,0.041610289999999994,73.64125,0.0051307565999999995,0.00046882497,0.08661901999999999,307.4672,0.0051307565999999995,0.00046882497,0.009147829,112.68601100000001,0.0051307565999999995,0.00046882497,0.0061447509999999995,113.472551,0.0051307565999999995,0.00046882497,0.004869804,1.083211e-05,3.173918e-05,0.011815837000000001,0.1730922,0.006597926,0.001248373,-0.0003952549,9.729332e-07,1.515494e-05
73,1607268600,3.8843755,3.8843989,0.017774685000000002,-0.8770332,2.7130199999999998,1.4638788999999999,2.5845038000000002,2.3676359000000002,0.279705668,1.78084337,2.417386e-05,4.5489114000000005e-06,4.31181389e-06,5.4918689e-06,9.3469496e-06,1.1444183500000001e-05,1.93335652e-05,4.4872464700000004e-05,1.8893047299999999,0.0525461,0.00023367969999999998,83.89787,69.84377,0.000129187572,6.184811999999999,0.025451972,40.201326,0.00591571877,0.0005412534700000001,0.051142370000000006,164.455435,0.00591571877,0.0005412534700000001,0.008005381,99.471284,0.00591571877,0.0005412534700000001,0.004477958,101.66218699999999,0.00591571877,0.0005412534700000001,0.004757919,9.799049e-06,3.0738389999999996e-05,-0.46571990999999996,162.1578222,0.042102319,-0.0005969431,-0.0017771551999999995,1.1697547200000001e-05,0.00012364941000000002
73,1607269200,6.685876,6.685896,-0.0014985148,-1.539832,3.726713000000001,2.3570860000000002,3.5918980000000005,3.425392,0.04884004,2.729526,3.3575489999999997e-05,1.4574419000000001e-05,1.508591e-05,1.8441581e-05,2.706178e-05,3.5550900000000005e-05,5.814215e-05,0.00012371017000000002,3.2977230000000004,0.04442046000000001,0.0004899107,67.51293,51.36663,0.00022219050000000002,6.404648,0.040307600000000006,69.19366,0.0059399907,0.0005430703409999999,0.08388313,288.58480000000003,0.0059399907,0.0005430703409999999,0.00933031,127.76457899999998,0.0059399907,0.0005430703409999999,0.0063032259999999994,128.97696399999998,0.0059399907,0.0005430703409999999,0.0048367309999999995,9.798427000000001e-06,3.0849299999999996e-05,0.001881578,0.2555654,0.0075358709999999995,0.0010388347999999998,-0.0005991659000000001,9.264435e-07,1.560556e-05
73,1607269800,6.537091000000001,6.537113,-0.000269394478,-1.5451149999999998,3.6637860000000004,2.3279799999999993,3.5602080000000003,3.383428,0.028736285,2.6453339999999996,4.332053e-05,2.4458580999999998e-05,2.50450236e-05,2.8882756800000003e-05,3.7733629999999996e-05,4.7012282e-05,6.9905423e-05,0.00013495321999999998,3.22525,0.04259474,0.0003097336,64.89975999999999,51.34639,0.0002173439,6.127947,0.03973793,67.1151,0.005184721000000001,0.00047381292999999997,0.08281979,281.14630000000005,0.005184721000000001,0.00047381292999999997,0.008970193999999999,106.32992999999999,0.005184721000000001,0.00047381292999999997,0.005930019,107.33859,0.005184721000000001,0.00047381292999999997,0.004810691000000001,9.203418e-06,3.0204959999999997e-05,0.006586127,0.2508229,0.006319574,0.0009924903999999999,-0.0007182881999999999,9.333483e-07,1.569747e-05
73,1607270400,3.7207768000000003,3.720797,0.0205454496,-0.30864840000000004,2.95419,1.4586269,2.531103,2.2453442,0.155905471,1.9426523000000002,3.6443790000000004e-05,1.717078613e-05,1.793497618e-05,2.0745038300000004e-05,2.70938588e-05,3.42724763e-05,5.20399315e-05,9.810580700000001e-05,1.8129579,0.046886910000000004,0.00025806887000000007,76.62023,62.71302000000001,0.00012361620000000002,6.4339129999999995,0.025713509000000002,39.024949,0.0023424253,0.0002135924,0.05208062,158.83560500000002,0.0023424253,0.0002135924,0.007310967,52.42937300000001,0.0023424253,0.0002135924,0.0037800423,52.312719,0.0023424253,0.0002135924,0.0047130359999999994,6.194947699999999e-06,2.714614e-05,-0.53885023,83.9011504,0.01651223697,-0.0009175742000000003,-0.0020511954999999998,2.8891761999999994e-06,3.0040189999999997e-05
73,1607271000,6.932953,6.932975000000001,-0.00039545377999999996,-1.541928,3.7713769999999998,2.396809,3.6619499999999996,3.485131,0.03144062,2.815772,3.1543160000000004e-05,1.2681944e-05,1.26656551e-05,1.5452728700000003e-05,2.3208918e-05,2.9464913400000002e-05,4.7947491e-05,0.00010434972000000001,3.421933,0.04386656,0.0004213669,67.89272000000001,51.315740000000005,0.00023054500000000002,6.056751,0.04088878,71.07248,0.0054628007,0.00049926352,0.08527010999999998,298.0191,0.0054628007,0.00049926352,0.009391891,117.92983000000001,0.0054628007,0.00049926352,0.006364702,118.65346,0.0054628007,0.00049926352,0.004839134,9.522056000000001e-06,3.058339e-05,0.008565258,0.2115261,0.004801478,0.0011436322999999998,-0.0006672589,9.130071000000001e-07,1.460547e-05
73,1607271600,4.5714787,4.5714988,0.012946307709999999,-1.0521159,2.9694149999999997,1.7010543999999999,2.8588630000000004,2.6255688,0.13807263199999995,1.9899902999999994,3.0637739999999996e-05,1.1569137720000001e-05,1.205235618e-05,1.479215648e-05,2.14415032e-05,2.85754042e-05,4.65519587e-05,0.0001017012778,2.2368107000000004,0.04828141,0.00040046979000000007,75.94234,60.833870000000005,0.00015188175999999998,6.423479,0.029676942999999994,47.591894,0.0051268051,0.0004687437949999999,0.06046729000000001,195.831045,0.0051268051,0.0004687437949999999,0.008237088,99.948102,0.0051268051,0.0004687437949999999,0.004852887,101.103809,0.0051268051,0.0004687437949999999,0.004751399,8.3857384e-06,2.9349869999999996e-05,0.06644779222,115.96416829999998,0.0257654192,-0.000414641,-0.0017269562000000003,7.968518700000002e-06,9.003182e-05
73,1607272200,5.7046396,5.7046619000000005,0.002136664,-0.8076287000000001,3.488543,2.0346987,3.1439840000000006,2.9802918,0.088333545,2.5415398999999996,3.0345650000000003e-05,1.1665113910000001e-05,1.156501318e-05,1.393479337e-05,2.02399421e-05,2.51106557e-05,3.9740880099999994e-05,8.453963200000001e-05,2.8064597,0.04533476999999999,0.000309135,71.50037999999999,55.4141,0.00018966862,6.0917390000000005,0.035118528,59.048592,0.00538110677,0.000492116114,0.07234669,245.39155999999997,0.00538110677,0.000492116114,0.008737886,111.293939,0.00538110677,0.000492116114,0.005541616,112.18895,0.00538110677,0.000492116114,0.004765884,1.1194016199999999e-05,3.1816800000000003e-05,0.07419270480000001,144.8787941,0.031670839,0.00037621,-0.0011607443999999997,1.53343222e-05,0.00016962351
73,1607272800,7.377362000000001,7.377383,-0.002392556,-1.5634359999999998,3.8328429999999996,2.481376,3.731139,3.5668460000000004,0.033245330000000003,2.979072,3.5037559999999995e-05,1.6253146e-05,1.637526425e-05,1.956368788e-05,2.7815728999999998e-05,3.43508639e-05,5.3966033600000005e-05,0.0001129751,3.646922,0.041092140000000006,0.00037195968000000004,67.12920999999999,51.149919999999995,0.0002453577,5.834650000000001,0.04250137,76.30014000000001,0.0058166688999999995,0.00053166488,0.08821316999999998,319.10659999999996,0.0058166688999999995,0.00053166488,0.009202033,117.76197000000002,0.0058166688999999995,0.00053166488,0.006182351000000001,119.04261,0.0058166688999999995,0.00053166488,0.004855677,1.0055298999999999e-05,3.098756e-05,0.007745747999999999,0.24488069999999995,0.0062065620000000005,0.001356306,-0.0004767604,8.314760000000001e-07,1.5217930000000001e-05
73,1607273400,3.5946167000000004,3.5946382999999997,0.014781673,-1.0798899,2.4184493999999996,1.3787267,2.3220330000000002,2.1498656,0.220241095,1.5637485000000002,2.6660539999999996e-05,7.247197680000001e-06,7.34169086e-06,9.049114069999998e-06,1.3230130899999999e-05,1.72802594e-05,2.8529152699999998e-05,6.03568753e-05,1.7504421700000001,0.04646352,0.00025310478999999997,85.41246,70.0186,0.00011951658900000002,6.337551,0.023999564,36.699097,0.00083975818,7.6117569e-05,0.04791673,151.41258,0.00083975818,7.6117569e-05,0.006759511,30.846205999999995,0.00083975818,7.6117569e-05,0.003159219,29.915797000000005,0.00083975818,7.6117569e-05,0.004735991,1.07133944e-05,3.1535030000000004e-05,-0.067166486,197.3288878,0.053057249999999986,-0.0009983323000000003,-0.0021567014999999998,2.2144767100000003e-05,0.00023575525999999995
73,1607274000,7.5379000000000005,7.53792,-0.002050628,-1.5681450000000001,3.859768,2.5084129999999996,3.7621900000000004,3.601723,0.023692440000000002,3.0496920000000003,3.92755e-05,2.0756005000000003e-05,2.09955586e-05,2.4759838699999995e-05,3.407241700000001e-05,4.28698221e-05,6.640864300000001e-05,0.00013639334000000003,3.7268929999999996,0.0412782,0.0004142314,65.4668,51.13639,0.00025066190000000004,6.000446999999999,0.04288319,77.51066,0.0062523813,0.00057158952,0.08908015999999999,325.1444,0.0062523813,0.00057158952,0.009322698999999999,126.48064,0.0062523813,0.00057158952,0.006298092999999999,127.82620999999999,0.0062523813,0.00057158952,0.004862897,1.0238477e-05,3.115502e-05,0.0158093526,0.32795610000000003,0.006713662999999999,0.00144626,-0.0004204299,9.558986e-07,1.644577e-05
73,1607274600,4.271835299999999,4.2718556,0.0182943149,-1.0862411,2.6937444000000004,1.5656999,2.5885533,2.4107608,0.15633875700000002,1.84658335,3.190036e-05,1.2613258810000003e-05,1.306381652e-05,1.5354254029999997e-05,2.103632071e-05,2.6362004890000005e-05,4.09096563e-05,8.291873649999999e-05,2.0914251,0.044012050000000004,0.00025658418,80.91571,67.6774,0.00014198856399999998,6.160186,0.027317024000000006,44.310465,0.0027532821600000004,0.00025119507500000004,0.054955180000000006,183.239791,0.0027532821600000004,0.00025119507500000004,0.007634752999999999,64.891512,0.0027532821600000004,0.00025119507500000004,0.0041080082,64.77108199999999,0.0027532821600000004,0.00025119507500000004,0.004745180999999999,7.598421e-06,2.8504639999999998e-05,0.303044206,82.85457579999999,0.022601094999999998,-0.0006116059600000002,-0.0018986960999999997,9.6247839e-06,0.00010805848
73,1607275200,7.402187,7.402208000000002,-0.00013888441,-1.1229580000000001,3.9974339999999997,2.4065826,3.7989400000000004,3.4515293,0.14916521,3.2483900000000006,3.220563e-05,1.4120010000000003e-05,1.4201919e-05,1.734609e-05,2.607914e-05,3.323163e-05,5.430761e-05,0.00011802732000000002,3.6598877,0.04045969,0.0004574109,65.99040000000001,51.46001000000001,0.00024608182,6.216652999999999,0.04146485,76.91614,0.0028810912199999997,0.00026267050999999997,0.08571765,320.99761,0.0028810912199999997,0.00026267050999999997,0.008667975000000001,83.87615,0.0028810912199999997,0.00026267050999999997,0.005551101,83.37618,0.0028810912199999997,0.00026267050999999997,0.004866727999999999,1.26943e-05,3.334588e-05,0.120747472,127.70653340000004,0.029899974999999995,0.0012624090000000001,-0.0005878355,1.33899028e-05,0.00014980303
73,1607275800,6.4981883,6.498209300000001,0.00351187007,-1.4659865,3.53422,2.2339066,3.4354408999999997,3.2691989,0.133828023,2.6767908,3.474527e-05,1.600409913e-05,1.623234065e-05,1.9653557519999994e-05,2.81492776e-05,3.649272699e-05,5.928219669999999e-05,0.0001260591974,3.2067875200000002,0.04151605,0.00047389310999999996,70.54780000000001,54.52207,0.000215970076,6.0825130000000005,0.038416684000000006,67.328694,0.006621577899999999,0.00060589054,0.07929722,280.643145,0.006621577899999999,0.00060589054,0.009355394,135.86242599999997,0.006621577899999999,0.00060589054,0.0062049029999999995,137.432206,0.006621577899999999,0.00060589054,0.004855197,1.5350864399999997e-05,3.629714e-05,-3.3441089440000007,229.99887489999998,0.032021438,0.0008903697,-0.0008365744,1.8389417699999998e-05,0.00019231199999999998
73,1607276400,4.509505,4.5095262,0.015556569279999998,-1.2023201999999997,2.780861,1.6429043,2.6687307000000002,2.4928895,0.153338095,1.9034801,3.2340159999999996e-05,1.3589992550000002e-05,1.424271307e-05,1.725873733e-05,2.41269959e-05,3.17288998e-05,5.0389400200000006e-05,0.0001065888277,2.20936088,0.04474826,0.00037230524000000004,80.94732,63.66263,0.00014979041200000002,6.195259000000001,0.028712377,47.11846999999999,0.0039646091000000005,0.000362257237,0.05792671999999999,194.200486,0.0039646091000000005,0.000362257237,0.00777818,75.00929,0.0039646091000000005,0.000362257237,0.0043359296,75.956256,0.0039646091000000005,0.000362257237,0.00473015,1.0268237300000002e-05,3.080399e-05,0.014208912,111.99727990000001,0.033556250100000004,-0.0004105569999999999,-0.0017443648999999999,1.04937057e-05,0.000109153162
73,1607277000,7.634995000000001,7.635016,-0.000616813,-1.554819,3.916880999999999,2.5186219999999997,3.8174669999999997,3.6423,0.03089207,3.096177,2.9204270000000002e-05,1.0828032999999999e-05,1.0426829000000001e-05,1.3261696999999997e-05,2.1558128e-05,2.7765735999999996e-05,4.7128855e-05,0.00010822499,3.777165,0.03960173,0.00048359254999999994,67.51667,51.070209999999996,0.0002538327,6.17584,0.04329305,79.30967999999999,0.0061438099,0.00056169758,0.08986132,331.3117,0.0061438099,0.00056169758,0.009435935,132.35968,0.0061438099,0.00056169758,0.0063932519999999994,133.38629999999998,0.0061438099,0.00056169758,0.0048697440000000005,1.0402700000000001e-05,3.12692e-05,0.018170156000000003,0.2209431,0.006880197,0.0014798839999999997,-0.00042137549999999994,8.478067000000001e-07,1.5415409999999995e-05
73,1607277600,3.6206249,3.6206454,0.0180919191,-1.1175753,2.4325868,1.3718717000000002,2.3223337,2.1448418,0.24454109500000004,1.60493201,2.410421e-05,4.63559285e-06,4.63156986e-06,6.14893569e-06,1.0114215239999999e-05,1.36386504e-05,2.35677914e-05,5.58570051e-05,1.7649544600000002,0.04496352,0.00027123873000000005,83.88995,71.57235999999999,0.00012033467,6.215776,0.024160698,38.040423,0.00223137204,0.00020354283750000004,0.047844149999999995,155.04178900000002,0.00223137204,0.00020354283750000004,0.0072417969999999995,54.6000935,0.00223137204,0.00020354283750000004,0.0036133857,54.214533900000006,0.00223137204,0.00020354283750000004,0.004743557,1.1055078e-05,3.191337e-05,0.055400567,190.13659320000002,0.05651346040000001,-0.0009880040000000002,-0.0021425599,2.7689857199999996e-05,0.00030224856999999997
73,1607278200,7.3533360000000005,7.353359,-0.0004347645,-1.554336,3.836481,2.471888,3.743363,3.579184,0.01969457,2.959827,3.24895e-05,1.3830734000000003e-05,1.4393188600000003e-05,1.8519799399999995e-05,2.8341728000000003e-05,3.8859962999999996e-05,6.678143999999999e-05,0.00014991441,3.6362580000000007,0.039401689999999996,0.0006645448,67.79392,51.10358,0.00024431579999999994,6.445306,0.04255019,76.56611000000001,0.003542940769999999,0.000323314492,0.08827885,319.4402,0.003542940769999999,0.000323314492,0.008946341,94.99307,0.003542940769999999,0.000323314492,0.0058879499999999994,94.58144999999999,0.003542940769999999,0.000323314492,0.0048639930000000005,1.0030732e-05,3.106272e-05,0.01009813544,0.16233399999999998,0.0049656249999999996,0.0013598829999999999,-0.0005181635,8.463350000000001e-07,1.4766900000000001e-05
73,1607278800,6.6300549,6.630076000000001,0.0002659776,-0.8574659999999998,3.805205,2.2739693,3.4428658999999997,3.2826622,0.10438597000000001,2.932297,2.805347e-05,9.324786e-06,9.683938e-06,1.3110439e-05,2.1799029999999998e-05,3.0587680000000004e-05,5.466145e-05,0.00012543519,3.2738989,0.04024136,0.000616459,68.87845999999999,52.02532,0.00022027801,6.527438999999999,0.03906144,68.565347,0.006346254649999999,0.0005803352259999999,0.08078345,286.43275000000006,0.006346254649999999,0.0005803352259999999,0.009222869,128.49429700000002,0.006346254649999999,0.0005803352259999999,0.006085045,129.98220799999999,0.006346254649999999,0.0005803352259999999,0.004850378,1.1817542000000002e-05,3.2857199999999994e-05,0.004128318800000001,143.24880119999997,0.029667155,0.0008773650000000001,-0.0008205425,1.5539424599999998e-05,0.00017265536
73,1607279400,4.1875075,4.1875277,0.0139994385,-1.1721609999999998,2.674206,1.5736468000000001,2.5738168999999997,2.4019485000000005,0.142183157,1.7745094,2.5303940000000003e-05,5.738898599999999e-06,5.83515218e-06,7.60448569e-06,1.2370014700000001e-05,1.64370459e-05,2.8551305700000004e-05,6.352881579999999e-05,2.04932041,0.04398254,0.00030458313999999996,81.97927000000001,65.09322,0.000139237653,6.0632,0.027507751000000004,43.919963,0.00214143246,0.00019525170499999997,0.05541799000000001,180.50303200000002,0.00214143246,0.00019525170499999997,0.007384839,59.429973,0.00214143246,0.00019525170499999997,0.0038716130000000003,58.752932,0.00214143246,0.00019525170499999997,0.004721065,9.836585700000002e-06,3.048542e-05,0.030501828,115.3920095,0.03242875926,-0.0005525058000000001,-0.0018199626999999999,2.1283639500000002e-05,0.00023251120000000004
73,1607280000,7.166659,7.166678,-0.0006505577999999999,-1.5639299999999998,3.7725400000000002,2.442018,3.6889109999999996,3.5205690000000005,0.02197209,2.8835419999999994,3.407426e-05,1.5724244e-05,1.5959598e-05,1.9307112000000003e-05,2.8077729e-05,3.5861997e-05,5.8078158e-05,0.0001236638,3.542427,0.04014024,0.00045101559999999996,66.95705,51.14632,0.00023824189999999997,6.1894290000000005,0.0421324,74.97899,0.0085398512,0.00078132588,0.0871664,311.845,0.0085398512,0.00078132588,0.009916396999999999,164.25912,0.0085398512,0.00078132588,0.0069049260000000005,166.99740000000003,0.0085398512,0.00078132588,0.004843948,9.789424999999998e-06,3.075299e-05,0.013100780000000001,0.1397065,0.004507425000000001,0.001287112,-0.0005427426,7.820166000000001e-07,1.440487e-05
73,1607280600,3.7949671,3.7949875,0.012542197200000002,-0.5893387000000001,2.6953199999999997,1.4624985000000001,2.3367723000000002,2.1785536999999997,0.09873121600000001,1.7908356000000005,2.6386949999999996e-05,6.60961275e-06,6.66635869e-06,8.19965382e-06,1.23046182e-05,1.5672881599999998e-05,2.53666891e-05,5.655951329999999e-05,1.8518607800000002,0.04524877000000001,0.00023562598,81.31392,65.21171000000001,0.000126175,6.137764,0.025549740999999997,39.248832,0.00389772444,0.00035623719919999994,0.05134050999999999,161.80626900000004,0.00389772444,0.00035623719919999994,0.007518627,74.875997,0.00389772444,0.00035623719919999994,0.0039621899,75.6569902,0.00389772444,0.00035623719919999994,0.004732541,7.5574472e-06,2.854941e-05,0.119042947,151.8241705,0.0276088595,-0.0009235119999999999,-0.0020425596999999996,5.8150663e-06,5.695961e-05
73,1607281200,7.317639,7.317662,-0.00016188545000000003,-1.5347449999999998,3.8502409999999996,2.454935,3.760803,3.585895,0.10906944999999998,2.984437,3.260577e-05,1.3811162999999998e-05,1.36292365e-05,1.6096367300000002e-05,2.3490799e-05,2.8603157199999996e-05,4.50131335e-05,9.579689e-05,3.6186859999999994,0.03956517,0.00032000941999999995,66.34335999999999,51.102039999999995,0.0002434309,5.776943,0.0424859,77.02950999999999,0.00379792832,0.000346781434,0.08791837,319.62870000000004,0.00379792832,0.000346781434,0.008979253999999999,105.69235,0.00379792832,0.000346781434,0.005910178,105.27036000000001,0.00379792832,0.000346781434,0.004858682,1.1221863e-05,3.2073279999999995e-05,0.164944594,47.407370099999994,0.02113374,0.0013710999999999999,-0.0005140653,3.4120711000000005e-06,3.649417e-05
73,1607281800,6.515230700000001,6.5152518,0.00180298073,-1.4690727999999997,3.5262330000000004,2.2477436,3.429179,3.2714495,0.04345253,2.6273391000000004,3.0741969999999996e-05,1.2080286370000002e-05,1.1954765719999998e-05,1.46816403e-05,2.1914814400000004e-05,2.7727304599999995e-05,4.53169813e-05,9.892583360000001e-05,3.2171499,0.03985255,0.00036879923,70.02687,54.27018,0.00021666046999999997,5.994783,0.038940899,68.580609,0.0023447475899999997,0.000213690061,0.0802561,283.859721,0.0023447475899999997,0.000213690061,0.008111198999999998,71.544308,0.0023447475899999997,0.000213690061,0.004938552000000001,70.644503,0.0023447475899999997,0.000213690061,0.004844151999999999,1.10463479e-05,3.210939e-05,-0.027634266,74.3652228,0.025170788399999998,0.0008395140000000001,-0.0008435700000000001,2.0102544999999997e-06,2.787005e-05
73,1607282400,4.718524199999999,4.7185443000000005,0.00495465,-1.1705213,2.957566,1.7338087999999998,2.8522628,2.6502063,0.154298344,2.0485277,2.823954e-05,9.2250651e-06,9.3526563e-06,1.16061389e-05,1.75218457e-05,2.29288396e-05,3.78836647e-05,8.2116135e-05,2.3167933999999994,0.041940319999999996,0.00032932155999999997,75.72945,60.855779999999996,0.000156822125,6.2773769999999995,0.030270465000000003,49.594281,0.00254072971,0.00023180379,0.061528740000000005,203.84582,0.00254072971,0.00023180379,0.007516818999999999,63.387342000000004,0.00254072971,0.00023180379,0.004130557000000001,63.13357499999999,0.00254072971,0.00023180379,0.004743041,1.05436283e-05,3.124741e-05,0.027077882000000005,123.11275570000001,0.0339295594,-0.00020883199999999986,-0.0015908178999999999,1.6492300500000003e-05,0.000181643257
73,1607283000,6.709720999999999,6.709741000000001,-0.002438455,-1.551137,3.670049999999999,2.357033,3.585859,3.412304,0.027820099999999997,2.7034969999999996,4.611849e-05,2.7515891e-05,2.8447994999999996e-05,3.2985505e-05,4.3404853e-05,5.447901e-05,8.182295200000001e-05,0.00015939965999999997,3.316046,0.03798111,0.0003769859,64.35111,51.158390000000004,0.000223003,6.203696000000001,0.04065026,70.08895,0.0059114578000000004,0.0005404234600000001,0.08429902999999998,291.73190000000005,0.0059114578000000004,0.0005404234600000001,0.009368796000000002,123.7998,0.0059114578000000004,0.0005404234600000001,0.006312628000000001,124.83528999999999,0.0059114578000000004,0.0005404234600000001,0.004835060999999999,9.170829999999999e-06,3.0388899999999996e-05,0.010996342,0.17515560000000002,0.004804655,0.0010658085999999999,-0.0007158764,8.584485e-07,1.4578839999999996e-05
73,1607283600,4.3182878,4.3183081,0.004751773,-1.0668783,2.935516,1.6428293,2.7855113000000005,2.5322265,0.24493178000000002,1.9909702,2.770518e-05,8.48376177e-06,8.549692800000001e-06,1.0572624469999999e-05,1.57215028e-05,2.04417628e-05,3.3753932e-05,7.30116886e-05,2.11618953,0.04248245,0.00029375321000000003,76.71131,59.525659999999995,0.000143558942,6.20031,0.028656026,45.343677,0.00491502947,0.0004497364970000001,0.0580955,185.523207,0.00491502947,0.0004497364970000001,0.007977748,96.494484,0.00491502947,0.0004497364970000001,0.004537118000000001,97.6138445,0.00491502947,0.0004497364970000001,0.004750669,1.11130494e-05,3.1960539999999996e-05,0.11394903600000002,222.6198985,0.051248022500000004,-0.0004445611000000002,-0.0017700329,2.31531013e-05,0.00025393537
73,1607284200,7.17629,7.176314,-0.0014769972,-1.520867,3.83753,2.4280099999999996,3.718763,3.5555969999999997,0.14463341000000002,2.979224,3.982414000000001e-05,2.1382035000000002e-05,2.2073007e-05,2.6513866e-05,3.684174e-05,4.780686e-05,7.564718e-05,0.00015702617999999998,3.5479259999999995,0.03931248,0.0004994309,64.03984,51.13091,0.000238499,6.387621,0.04178085,74.88396,0.006692754099999999,0.0006120019499999999,0.08643468,311.81050000000005,0.006692754099999999,0.0006120019499999999,0.0093425,130.05744099999998,0.006692754099999999,0.0006120019499999999,0.00629725,131.95912900000002,0.006692754099999999,0.0006120019499999999,0.004879427,1.2615293e-05,3.3689320000000004e-05,0.014891568999999999,94.39597369999998,0.030457219999999997,0.0012889211,-0.0005718773,9.9694971e-06,0.00011229502
73,1607284800,5.0167854,5.0168087,0.009076209699999999,-1.3470012000000002,2.9449658999999997,1.814574,2.8507257000000004,2.6871433999999996,0.12119398399999999,2.066802,3.214007999999999e-05,1.31055101e-05,1.306075456e-05,1.533815001e-05,2.14123162e-05,2.66201124e-05,4.02762328e-05,8.43930825e-05,2.4656797900000003,0.042230439999999994,0.00025853071,76.73408,61.776700000000005,0.00016682425600000002,6.068124,0.031404471999999996,52.374776999999995,0.00259070784,0.00023656431099999998,0.06396075999999999,215.93987499999997,0.00259070784,0.00023656431099999998,0.007615031999999999,62.525771,0.00259070784,0.00023656431099999998,0.0042291068,62.316065,0.00259070784,0.00023656431099999998,0.004767702,1.00918412e-05,3.090404e-05,-0.005607545,95.0259935,0.028905219499999996,-3.921400000000007e-05,-0.0014318647,8.045945800000001e-06,8.257269999999999e-05
73,1607285400,5.8383517000000005,5.838373799999999,0.00017139840000000018,-0.9292052999999999,3.48573,2.0650091999999995,3.1643838,2.9745916,0.10967718900000001,2.5948231,3.0167329999999997e-05,1.0842322899999999e-05,1.070098056e-05,1.2936394059999998e-05,1.92276239e-05,2.4101043700000004e-05,3.8655719399999995e-05,8.3656485e-05,2.87677759,0.04188031,0.00030869867,69.35368999999999,55.28236,0.00019414903400000001,5.772879999999999,0.035699409,61.02687099999999,0.006432761600000001,0.0005882973399999999,0.07322533,252.814048,0.006432761600000001,0.0005882973399999999,0.009347676000000001,126.51102,0.006432761600000001,0.0005882973399999999,0.006098114,128.2022,0.006432761600000001,0.0005882973399999999,0.0048361590000000005,1.08058546e-05,3.203859e-05,0.02165678,139.8683738,0.029254256,0.00038733199999999994,-0.0011442089000000002,1.35649127e-05,0.00015118880999999998
73,1607286000,6.408914,6.408933099999999,0.00034663299999999995,-1.4846453,3.4990829,2.2191289999999997,3.40503,3.2362355999999997,0.107349866,2.6156613,3.1997819999999995e-05,1.31692159e-05,1.31459697e-05,1.5768278e-05,2.3211422e-05,2.90437089e-05,4.59701482e-05,9.937782199999999e-05,3.1637321300000005,0.04012517,0.00034785273,70.63853000000002,55.10634,0.00021312312,6.085477999999999,0.038297331000000004,67.24058199999999,0.0038950252899999996,0.00035564970500000004,0.07891456,278.04545999999993,0.0038950252899999996,0.00035564970500000004,0.008473779,90.04458679999999,0.0038950252899999996,0.00035564970500000004,0.0053137162000000005,90.15478479999999,0.0038950252899999996,0.00035564970500000004,0.004831432,1.2301681900000002e-05,3.3191160000000006e-05,0.007917255000000002,98.52260480000001,0.03229617,0.0008379840000000002,-0.0008311606,1.2878693200000003e-05,0.00014336219000000001
73,1607286600,5.150028000000001,5.150048,0.007697946858699999,-0.9833242999999999,3.2289255,1.8504261999999998,3.0493677000000003,2.7145214999999996,0.221188524,2.3342807000000003,3.1559119999999995e-05,1.2265788300000002e-05,1.2593654500000002e-05,1.5175739e-05,2.1604880299999997e-05,2.8130795999999997e-05,4.4709594500000005e-05,9.42793711e-05,2.53209799,0.04235224,0.00032368348000000004,72.82762,58.78985,0.000171203885,6.146300999999999,0.032261934,54.302685,0.00625219214,0.000571902074,0.06560182,223.192116,0.00625219214,0.000571902074,0.00869406,120.08666000000001,0.00625219214,0.000571902074,0.005341346,121.874111,0.00625219214,0.000571902074,0.00481524,1.2844645800000002e-05,3.392918e-05,-0.0190778747,228.1988674,0.05290610159999999,-1.5970000000000005e-05,-0.001447153,2.6691540200000003e-05,0.00029208996600000003
73,1607287200,5.3602168,5.360238099999999,0.00776585632,-1.0772624,3.256751,1.9083225000000001,3.0906562,2.7569708,0.13244250999999999,2.375717,3.41619e-05,1.525592505e-05,1.56167704e-05,1.8537398500000002e-05,2.54014246e-05,3.24927469e-05,5.1113756700000006e-05,0.000102099061,2.6371453199999997,0.04237158,0.00031691784,75.07734,57.998400000000004,0.00017814313600000002,6.241180999999999,0.033077168,55.938153,0.0070277671,0.0006428890900000001,0.06755999,231.14097300000003,0.0070277671,0.0006428890900000001,0.008993118999999999,128.266789,0.0070277671,0.0006428890900000001,0.005672366,130.651586,0.0070277671,0.0006428890900000001,0.004808382999999999,1.0033872499999999e-05,3.114422e-05,-0.10992282499999999,131.4403135,0.027191168499999994,4.8675000000000106e-05,-0.0013947888000000002,7.621442099999999e-06,8.281913200000001e-05
73,1607287800,6.969626,6.969647,0.00037433940000000004,-1.525251,3.7828530000000002,2.3916289999999996,3.675976,3.502382,0.13211133000000003,2.889172,2.608869e-05,6.566954000000001e-06,6.2084056000000005e-06,8.517831900000001e-06,1.5155596e-05,1.9921005999999998e-05,3.5648443e-05,8.609880999999999e-05,3.4447339999999995,0.039470969999999994,0.00042332932999999994,68.68924,51.162960000000005,0.00023176719999999998,6.086403,0.04132812,73.36586,0.0050111022,0.00045786357,0.08548161000000001,303.605,0.0050111022,0.00045786357,0.009286125999999999,112.89425000000001,0.0050111022,0.00045786357,0.006199559,113.36008000000001,0.0050111022,0.00045786357,0.004893687,1.3435619e-05,3.4837539999999996e-05,-0.0023487820000000006,105.9995735,0.03507117,0.001166649,-0.0006668874,1.1286571e-05,0.00012307164999999997
73,1607288400,5.1468103,5.1468308,0.0049569402,-0.5858288,3.2281750000000002,1.8572440000000001,2.8642630000000002,2.7073940999999997,0.07525135299999999,2.3329148,3.1918040000000005e-05,1.240657843e-05,1.186225446e-05,1.549095785e-05,2.28919679e-05,2.51844308e-05,4.34694211e-05,9.973686699999999e-05,2.53102777,0.04183228,0.00030068742,73.44183000000001,58.94082999999999,0.00017115114500000002,6.299125,0.032422544000000005,54.655446,0.00438464771,0.00040076156899999997,0.06589466000000001,223.86515500000004,0.00438464771,0.00040076156899999997,0.008295204,89.10314100000001,0.00438464771,0.00040076156899999997,0.004898189999999999,89.92575300000001,0.00438464771,0.00040076156899999997,0.004816640999999999,9.357908900000002e-06,3.0684629999999996e-05,-0.056251216000000014,146.27740889999998,0.0254464943,-0.00010660899999999989,-0.0014948394000000001,1.2104841600000002e-05,0.00013492869
73,1607289000,5.0772802,5.077299599999999,0.0028423676000000004,-1.0680519,3.217373,1.8511257999999997,3.0491059,2.70042,0.21838310000000005,2.3040902,2.9876729999999997e-05,1.033207889e-05,1.015040179e-05,1.217321471e-05,1.7768027599999997e-05,2.216738861e-05,3.503069176e-05,7.591453169999999e-05,2.4958229100000002,0.04236307,0.00026188021,74.10177999999999,57.68501,0.00016884848600000002,5.707344,0.03225663,53.524554,0.00183921962,0.000167462797,0.06568632999999999,220.289019,0.00183921962,0.000167462797,0.007594556999999999,57.484927000000006,0.00183921962,0.000167462797,0.0041898198,56.443642999999994,0.00183921962,0.000167462797,0.004829516,1.14452838e-05,3.280956e-05,0.19109163329399997,202.39983990000002,0.0482343858,-4.959079999999998e-05,-0.0015115231,2.2750533399999995e-05,0.00025019783999999997
73,1607289600,4.9632087,4.963228899999999,0.006733992999999999,-1.417155,2.9408779999999997,1.8268928,2.8403002,2.6813698,0.12075266300000001,2.060448,3.5332150000000004e-05,1.607720478e-05,1.629532989e-05,1.890894182e-05,2.5326714499999996e-05,3.13162737e-05,4.67864131e-05,9.37437976e-05,2.4384358,0.04267581,0.00023000677,74.59545,59.69686999999999,0.00016498972000000004,6.1591119999999995,0.031646512,52.30602699999999,0.0039009639000000007,0.000356332794,0.06430267,214.73190399999993,0.0039009639000000007,0.000356332794,0.008006619000000001,80.259143,0.0039009639000000007,0.000356332794,0.004585141700000001,80.837765,0.0039009639000000007,0.000356332794,0.0048061910000000005,8.8580839e-06,3.0211050000000003e-05,-0.087901636,79.8299445,0.023268584,-0.00017294620000000012,-0.0015435427000000002,6.352558e-06,7.160985000000002e-05
73,1607290200,0.3326091,0.33263,0.022952330000000003,-0.8522010999999999,1.0844960000000001,0.48812999999999995,0.9966305000000002,0.8440008000000001,0.004158228999999999,0.14054280000000002,2.158691e-05,6.331731700000001e-07,6.641337900000001e-07,8.167633e-07,1.09434301e-06,1.40132817e-06,2.16896967e-06,4.4976103999999995e-06,0.11732020000000001,0.048907860000000004,6.417334000000001e-05,97.05145,79.55967,1.1039337e-05,6.360477,0.00928351,3.5238500000000004,0.0006161390400000001,5.5722561e-05,0.015882490000000003,10.364608,0.0006161390400000001,5.5722561e-05,0.0056425139999999995,11.148927,0.0006161390400000001,5.5722561e-05,0.0015542682,10.81571,0.0006161390400000001,5.5722561e-05,0.004576328,7.124947e-07,2.1654470000000002e-05,-0.014741914,1.6045692000000003,0.000319525,-0.00320989,-0.0035735150000000006,8.643836e-07,1.084749e-05
73,1607290800,0.30824090000000004,0.30826169999999997,0.020149069999999998,-0.7002861,1.077969,0.45581309999999997,0.9745419,0.8248749999999999,0.005654592,0.13568059999999998,2.157225e-05,7.746100100000001e-07,7.9658221e-07,9.4037217e-07,1.2040539e-06,1.4960741e-06,2.2027283000000003e-06,4.2252544e-06,0.10523377,0.04881513,5.853103e-05,100.07795000000002,81.86935,1.0232722e-05,6.414115000000001,0.008876213999999999,3.2759479999999996,0.0005683989600000001,5.134698800000001e-05,0.015043790000000001,9.311528000000001,0.0005683989600000001,5.134698800000001e-05,0.00561062,10.509175,0.0005683989600000001,5.134698800000001e-05,0.0015091241,10.163416699999999,0.0005683989600000001,5.134698800000001e-05,0.004572009,7.279015e-07,2.161495e-05,-0.02954967,14.366774900000001,0.0022175156,-0.0032323860000000003,-0.0035873919999999996,9.211775000000001e-07,1.2391460000000002e-05
73,1607291400,0.29371270000000005,0.2937337,0.022050559999999997,-0.7107153,1.0440314999999998,0.44413460000000005,0.9519664999999999,0.8035371,0.004582443,0.12335389999999999,2.118254e-05,3.6622147000000004e-07,3.8596500000000003e-07,5.054259200000001e-07,7.022684e-07,9.258278999999999e-07,1.53128745e-06,3.2880128e-06,0.09833955999999999,0.0484522,5.570091000000001e-05,98.21795999999999,83.19868,9.744545999999999e-06,6.237240999999999,0.008664686999999999,3.126763,0.0007112344500000001,6.44710894e-05,0.0145366,8.687859,0.0007112344500000001,6.44710894e-05,0.005762834,13.015186500000002,0.0007112344500000001,6.44710894e-05,0.0016604219,12.71390283,0.0007112344500000001,6.44710894e-05,0.004561485999999999,6.700447000000001e-07,2.1476e-05,0.0129227033,1.5015924,4.9533899999999895e-05,-0.003244792,-0.0035915179999999997,8.511734e-07,1.077741e-05
73,1607292000,0.30487659999999994,0.3048974,0.02652948,-0.8621238,1.0441445,0.46755869999999994,0.9536916,0.8056370999999999,0.004214180999999999,0.1287786,2.1234480000000003e-05,3.2290328000000005e-07,3.1831843e-07,3.9616025e-07,5.676416999999999e-07,6.602484e-07,1.01540375e-06,2.1585545999999996e-06,0.10528726,0.047087689999999995,5.6688859999999996e-05,101.66595,81.01845,1.0126357e-05,5.921971,0.008900559999999998,3.233816,0.0008771330799999999,7.9652799e-05,0.015073550000000002,9.343094,0.0008771330799999999,7.9652799e-05,0.005783726,15.522784000000001,0.0008771330799999999,7.9652799e-05,0.0016856511,15.3327882,0.0008771330799999999,7.9652799e-05,0.004566808,6.912838e-07,2.154734e-05,0.008567190999999998,1.1096916000000001,-0.000240632407,-0.0032162469999999998,-0.0035679169999999994,8.091460999999998e-07,1.071415e-05
73,1607292600,0.3939129,0.3939336,0.046777330000000006,-0.8363405,1.1959860999999996,0.5289972,1.0861079999999999,0.9273285,0.007793873,0.1703433,2.1843450000000002e-05,1.0725527800000001e-06,1.10999821e-06,1.30096721e-06,1.6812325000000003e-06,2.06892107e-06,3.0524685e-06,5.9535304e-06,0.14923820000000002,0.047605560000000005,9.498553e-05,96.54759,75.01405,1.3071003999999998e-05,6.37603,0.010048010999999999,4.172986000000001,0.00076333256,6.92550546e-05,0.01781224,13.212941,0.00076333256,6.92550546e-05,0.005555123,13.699039499999998,0.00076333256,6.92550546e-05,0.001513196,13.47112272,0.00076333256,6.92550546e-05,0.004560619,8.241300000000001e-07,2.162008e-05,-0.033121173,3.904705500000001,0.0008284775000000003,-0.003100801,-0.003478399,8.039355999999999e-07,1.096057e-05
73,1607293200,0.3508195,0.3508405,0.053945299999999995,-0.8578426,1.1321220000000003,0.49765879999999996,1.0141824000000002,0.8618515,0.008683982,0.152276,2.131484e-05,5.0959506e-07,5.197289600000001e-07,6.4645561e-07,8.992666000000002e-07,1.16242845e-06,1.8489827600000001e-06,3.855823e-06,0.12514486,0.050155939999999996,9.887780000000001e-05,95.50298999999998,80.48957,1.1645727e-05,6.312219,0.009437148,3.714658,0.00058882463,5.3286725099999986e-05,0.01613401,11.063728999999999,0.00058882463,5.3286725099999986e-05,0.00560512,11.727597,0.00058882463,5.3286725099999986e-05,0.0015284428000000004,11.3796016,0.00058882463,5.3286725099999986e-05,0.004570294999999999,7.730709e-07,2.1646910000000002e-05,-0.054214218,8.5931731,0.003527919799999999,-0.0031823980000000003,-0.003547509,8.587779e-07,1.171278e-05
73,1607293800,0.3188708,0.31889150000000005,0.06311813,-0.8023893,1.098708,0.47370209999999996,0.9920171,0.8270129,0.00718256,0.13952570000000003,2.1302879999999998e-05,5.099448099999999e-07,5.359886999999999e-07,6.635416999999999e-07,9.166318999999999e-07,1.1623643000000002e-06,1.8399500000000003e-06,3.8150874e-06,0.10976679,0.04954503,0.00011276499,95.01346,81.42067999999999,1.0588781999999998e-05,6.3708480000000005,0.009109857999999998,3.4181220000000003,0.0007944674499999998,7.2060918e-05,0.01537589,9.768749,0.0007944674499999998,7.2060918e-05,0.005842854999999999,14.866862000000001,0.0007944674499999998,7.2060918e-05,0.0017554706,14.578031699999997,0.0007944674499999998,7.2060918e-05,0.004567305,7.145051000000001e-07,2.1559419999999997e-05,-0.048295740000000004,7.4875542,0.0017642221,-0.003238307,-0.0035839839999999997,7.888188000000001e-07,1.144088e-05
73,1607294400,0.41296789999999994,0.4129886000000001,0.05946397999999999,-0.8783369999999999,1.2186,0.5490077999999999,1.119748,0.9517798000000001,0.004503495,0.17299459999999997,2.1126570000000003e-05,4.1505199e-07,4.0616162e-07,5.143011199999999e-07,7.373710999999999e-07,8.949333099999999e-07,1.430039e-06,3.1485717e-06,0.1542263,0.05211898,0.00013035725,99.71387000000001,75.42532,1.3722960000000001e-05,6.130715,0.010399251,4.4101,0.00073889733,6.700250149999998e-05,0.01825955,13.718729999999999,0.00073889733,6.700250149999998e-05,0.005582885,13.587698,0.00073889733,6.700250149999998e-05,0.0015586041,13.3030754,0.00073889733,6.700250149999998e-05,0.004558434000000001,8.404622000000001e-07,2.160799e-05,-0.04383865199999999,14.191950000000002,0.0028080731000000004,-0.0031035219999999996,-0.0034923920000000004,8.081205999999999e-07,1.1305244e-05
73,1607295000,0.39597000000000004,0.3959905,0.0454279,-0.7676496,1.204313,0.5257467,1.1057210000000002,0.9403042000000001,0.005305305000000001,0.1700159,2.143493e-05,1.01797037e-06,1.07197747e-06,1.28586577e-06,1.6918805000000003e-06,2.1681064000000004e-06,3.2903841999999997e-06,6.5584629e-06,0.14512819999999998,0.05273405,0.00010415429,93.19796000000001,76.93414,1.31407e-05,6.514234999999999,0.010058992999999999,4.185634,0.00029102693,2.6093018e-05,0.01761313,12.762236999999999,0.00029102693,2.6093018e-05,0.005262932,6.494956999999999,0.00029102693,2.6093018e-05,0.0012585584,5.9470051,0.00029102693,2.6093018e-05,0.004527991,9.028308999999999e-07,2.1376359999999998e-05,0.046442087,14.522063,0.003925640700000001,-0.0030571609999999996,-0.0034620360000000004,8.974939e-07,1.226449e-05
73,1607295600,0.4672963,0.4673165000000001,0.0395563,-0.457836,1.362867,0.5165495999999999,1.227187,1.065633,0.008435732000000001,0.20638689999999998,2.079416e-05,4.3287656000000006e-07,4.3701446e-07,6.027543399999999e-07,9.749603e-07,1.3181053999999998e-06,2.3009689e-06,5.2688996e-06,0.18251350000000002,0.05103324,8.906236e-05,93.75482000000001,72.57152999999998,1.55163e-05,6.383024,0.010176643000000003,4.896189,0.0009177077800000001,8.34215633e-05,0.01964904,16.026703,0.0009177077800000001,8.34215633e-05,0.005987194999999999,17.978977,0.0009177077800000001,8.34215633e-05,0.002061341,17.754829,0.0009177077800000001,8.34215633e-05,0.004522138,1.1476015e-06,2.156423e-05,0.06993262000000001,19.430265,0.006174285600000001,-0.002862066,-0.003371764,9.690460999999999e-07,1.3248560000000001e-05
73,1607296200,0.492523,0.49254309999999996,0.035728329999999996,-0.3930769,1.3852939999999998,0.5191522,1.2775130000000001,1.1064340000000001,0.007222594000000001,0.2123748,2.046553e-05,4.0703506000000005e-07,3.984992e-07,5.4782669e-07,8.749719e-07,1.14331923e-06,2.00658526e-06,4.7311493e-06,0.1937388,0.05243666,7.506754e-05,94.62365,71.51848,1.6357979999999997e-05,5.917757,0.010171449999999999,5.1860230000000005,0.0013995829000000002,0.0001275182,0.02037936,17.09731,0.0013995829000000002,0.0001275182,0.006379849999999999,25.681779999999996,0.0013995829000000002,0.0001275182,0.0025103540000000002,25.777359999999998,0.0013995829000000002,0.0001275182,0.0044977,9.571623e-07,2.118364e-05,-0.0066954541599999985,1.8538320000000001,0.0010749094000000001,-0.002898167,-0.003378818,8.10403e-07,1.0479819999999999e-05
73,1607296800,0.5297486,0.5297692999999999,0.03559354,-0.4254581,1.425455,0.5380499,1.30594,1.145922,0.008660826,0.22583000000000003,2.1234789999999998e-05,9.826191e-07,9.793674199999999e-07,1.19036876e-06,1.612298e-06,2.0290221999999996e-06,3.0973506e-06,6.439847000000001e-06,0.21273179999999997,0.05203922,8.544965e-05,93.42151,69.75878,1.7588210000000003e-05,6.257271,0.010584625,5.560688000000001,0.0010598120700000002,9.637010300000001e-05,0.021343130000000002,18.72765,0.0010598120700000002,9.637010300000001e-05,0.006072774,19.998331,0.0010598120700000002,9.637010300000001e-05,0.002187959,19.887781,0.0010598120700000002,9.637010300000001e-05,0.004517686,1.0449803999999998e-06,2.144375e-05,0.028100411,4.054403,0.0023715489700000003,-0.00285101,-0.0033478100000000005,7.906767999999999e-07,1.0934014999999998e-05
73,1607297400,0.5825463,0.5825668,0.027937460000000004,-0.5820461000000001,1.6218879999999998,0.6043318,1.3542039999999997,1.179412,0.0068752019999999995,0.24783339999999998,2.1740640000000003e-05,1.3980468999999999e-06,1.5323395999999998e-06,2.0020161e-06,2.929072e-06,4.137295999999999e-06,6.409481e-06,1.2337252e-05,0.23960779999999998,0.051519840000000004,0.00011240422,87.58709,67.77059,1.9324729999999997e-05,6.5654200000000005,0.010941649999999999,6.340268,0.00117227454,0.000106679723,0.02270662,21.203609999999998,0.00117227454,0.000106679723,0.006110765,21.343537,0.00117227454,0.000106679723,0.0022738349999999997,21.3319241,0.00117227454,0.000106679723,0.004640477,4.549063000000001e-06,2.5034949999999997e-05,0.200725767,100.97977,0.03288141,-0.0026182529999999996,-0.0032243810000000006,4.846796e-06,3.9472039999999994e-05
73,1607298000,1.2325415000000002,1.2325621,0.0214901446,-0.9040205,1.98456,0.8711393,1.6124749999999999,1.40899,0.06579373300000001,0.5702623,2.240852e-05,1.9822138000000004e-06,2.1121234e-06,2.8692629000000003e-06,4.484527e-06,6.0294680000000004e-06,9.670503e-06,1.905112e-05,0.5347638,0.08130699,0.00015085961000000002,86.10951,66.28057,4.093228e-05,6.436025000000001,0.015535948999999999,13.303915,0.0006393460899999999,5.7868713299999994e-05,0.03062895,47.113279999999996,0.0006393460899999999,5.7868713299999994e-05,0.005725105999999999,18.427649000000002,0.0006393460899999999,5.7868713299999994e-05,0.0020241599999999997,17.901274,0.0006393460899999999,5.7868713299999994e-05,0.004753669,8.872519e-06,2.9531580000000006e-05,-0.05626272000000002,164.16087,0.05346509000000001,-0.00207248571,-0.002836084,1.2345814999999997e-05,0.00011209120000000002
73,1607298600,1.5440374,1.5440576,0.0100454623,-1.4575991,2.2004910000000004,1.0922604,1.79514,1.5741120000000002,0.111636672,0.7345586,2.330292e-05,3.1635137e-06,3.3660193999999997e-06,4.301031799999999e-06,6.3030965e-06,8.4955974e-06,1.3646491000000001e-05,2.8327654e-05,0.667472,0.10429713,0.00017772537,81.27550000000001,59.80973,5.125273e-05,6.369770000000001,0.018429519999999998,16.3577,0.00210375084,0.00019197597100000001,0.036721569999999995,58.430629999999994,0.00210375084,0.00019197597100000001,0.006778905,40.619894,0.00210375084,0.00019197597100000001,0.003267009,40.85734599999999,0.00210375084,0.00019197597100000001,0.004704951,7.3073569999999996e-06,2.7921759999999998e-05,0.1275904,92.67406,0.042113819999999996,-0.0017234849,-0.00254028,7.208584e-06,6.457844000000001e-05
73,1607299200,8.022747999999998,8.02277,0.0010279229999999996,-0.5927446,5.827604,2.234362,5.052605,4.127149999999999,0.12237656000000001,3.3742539999999996,2.687074e-05,7.144567e-06,7.987522000000001e-06,1.1232637999999999e-05,1.7558582e-05,2.4753239999999998e-05,4.3177220000000005e-05,8.339284e-05,2.2351550000000002,1.7749560000000002,0.0010614647,103.79418000000001,94.32717,0.0002661442,6.459993,0.04160834,86.11681000000002,0.018484655,0.0016931612,0.06913437,198.01079999999996,0.018484655,0.0016931612,0.011755765999999999,348.27541,0.018484655,0.0016931612,0.009078302,355.88996000000003,0.018484655,0.0016931612,0.005729253000000001,3.394489000000001e-05,5.498852999999999e-05,0.012226047000000002,52.22769700000001,0.07071241999999998,0.0038016339999999995,0.0005373592,1.7104796e-05,0.00015812763
73,1607299800,13.35985,13.359859,-0.005976597,-1.0766846,5.948544,3.139509,5.5081310000000006,4.8083990000000005,0.22111569999999997,5.603825,3.588688e-05,1.8169295000000002e-05,1.8265794700000002e-05,2.2873805e-05,3.5058601999999995e-05,4.5478699e-05,7.505172700000002e-05,0.00016363132999999997,5.413082,1.265341,0.0010895486,89.39151999999999,71.82872,0.00044381719999999996,6.0578780000000005,0.05770187,141.60416,0.0181401752,0.0016610322,0.10532922999999998,477.97799999999995,0.0181401752,0.0016610322,0.011168404,343.09299,0.0181401752,0.0016610322,0.008206689,350.67595,0.0181401752,0.0016610322,0.005619245,2.826703e-05,4.939393e-05,0.10536486999999999,47.171296,0.05603258,0.003677782,0.0013165954199999999,1.0742285000000001e-05,9.653485e-05
73,1607300400,18.786250000000003,18.786300000000004,-0.0018577937,-1.496525,6.9105609999999995,3.9916689999999995,6.294118,5.713673,0.11167769999999999,7.624298999999999,5.1046170000000004e-05,3.569798700000001e-05,3.6356875e-05,4.4675043e-05,6.392511e-05,8.225879e-05,0.00013399478999999998,0.00028262354,8.362039999999999,1.0289398,0.0014348758000000002,84.07611999999999,60.99681,0.0006241081000000001,6.334869,0.07092847999999999,199.8673,0.018237160699999998,0.001669441784,0.134235,740.2366999999999,0.018237160699999998,0.001669441784,0.012529084999999999,374.338055,0.018237160699999998,0.001669441784,0.009251121999999999,379.862357,0.018237160699999998,0.001669441784,0.006243493,4.12905e-05,6.282214e-05,-0.03882236,7.117935,0.05239780000000001,0.005601113,0.0028362730000000003,1.0514864e-05,9.697475e-05
73,1607301000,18.658459999999998,18.65848,-0.0009734894,-1.7466839999999997,5.960357,4.09422,5.5050170000000005,5.30645,0.04538257,7.502001,7.576777000000001e-05,6.0723174999999986e-05,6.4189541e-05,7.5760245e-05,0.00010234009999999999,0.000133456862,0.00020844996,0.00041374500999999994,8.140007,1.186538,0.0015666245999999997,80.18616,62.75163,0.0006193796,6.383222,0.07020304,196.59409999999997,0.010822008900000003,0.0009899642799999998,0.13220890000000002,717.3781000000001,0.010822008900000003,0.0009899642799999998,0.011747267000000002,238.10820999999996,0.010822008900000003,0.0009899642799999998,0.008499606,240.16857999999996,0.010822008900000003,0.0009899642799999998,0.006107855000000001,3.663193999999999e-05,5.815569000000001e-05,-0.011223814000000002,3.076085,0.03571532000000001,0.005023762999999999,0.00299077,7.312796999999999e-06,5.391836999999999e-05
73,1607301600,16.35491,16.35493,-0.00044573400000000004,-1.56983,5.967107,3.682811,5.516832,5.264525,0.21450224,6.858708,3.5946749999999996e-05,1.9550927e-05,1.7649325099999997e-05,2.15963689e-05,3.5297903e-05,4.1935556999999994e-05,6.5575734e-05,0.00014896781,8.089026,0.08752671999999997,0.00053419,68.23875000000001,51.16311,0.0005442473,5.597029999999999,0.06420558,171.0537,0.0137533813,0.00125835524,0.13109920000000003,709.8916,0.0137533813,0.00125835524,0.012477423,299.390856,0.0137533813,0.00125835524,0.009153828999999999,302.321042,0.0137533813,0.00125835524,0.006009121,3.81392e-05,5.944249e-05,-0.040657990000000005,24.892433000000004,0.05782002000000001,0.004926507,0.002370801,1.9198685000000002e-05,0.00017795215999999998
73,1607302200,9.131913,9.131935,0.004018139999999999,-1.3301845,4.513076,2.462365,3.74824,3.5440460000000003,0.25080512999999993,4.362456,3.462654e-05,1.6492766e-05,1.754092e-05,2.3712888000000002e-05,3.7588727e-05,5.389911499999999e-05,9.562715000000001e-05,0.00022186254000000004,4.453384000000001,0.11097254999999999,0.0011182731000000002,80.38968,56.46,0.00030307746000000007,6.860437999999999,0.04264471,97.78192,0.015250208400000001,0.00139624312,0.08621976,392.2091,0.015250208400000001,0.00139624312,0.011100892999999999,279.5563,0.015250208400000001,0.00139624312,0.007807619,285.55007,0.015250208400000001,0.00139624312,0.005952438999999999,3.8650380000000004e-05,5.995593e-05,-0.05041467999999999,23.58046,0.06388764,0.004074655,0.0014028526000000002,1.6808250000000003e-05,0.00014219102
73,1607302800,7.807759999999999,7.807773999999999,0.0025482180000000005,-1.2175778,4.566889000000001,2.128384,3.8302549999999997,3.448154,0.34126707,3.7143496999999996,2.431791e-05,5.3957499e-06,4.970995000000001e-06,7.0707759999999995e-06,1.3434401e-05,1.9040215999999998e-05,2.9597880000000002e-05,7.25996e-05,3.4743769999999996,0.42862536999999995,0.0007142527,88.49062,63.71301,0.00025957311,6.426183,0.03852812,82.92316,0.0044087286,0.0004027084,0.07450603,303.82992,0.0044087286,0.0004027084,0.008846863,97.60981999999998,0.0044087286,0.0004027084,0.005661632999999999,97.8836,0.0044087286,0.0004027084,0.00587249,3.787855e-05,5.8452250000000006e-05,0.018787049999999996,23.1353134,0.07072454000000002,0.0037291202999999995,0.0013273446999999999,1.8148526e-05,0.00015851323
73,1607303400,21.44922,21.44924,-0.008879644,-0.8229474,8.322742000000002,3.7235590000000003,7.630810000000001,6.855885000000001,0.46033064999999995,9.270833,4.195038999999999e-05,2.7490383e-05,2.8550330999999995e-05,3.7264217e-05,7.064972999999999e-05,9.834602999999999e-05,0.000140685175,0.00032111312,9.77768,0.9441147000000001,0.0020502646,82.50577999999999,60.02911999999999,0.0007127474,6.418045000000001,0.07197922000000001,231.08980000000003,0.0197960988,0.0018119763400000002,0.1437786,868.3451000000001,0.0197960988,0.0018119763400000002,0.014400223,414.80348000000004,0.0197960988,0.0018119763400000002,0.010998233000000001,420.00355,0.0197960988,0.0018119763400000002,0.007805429,9.365462e-05,0.00011511361000000001,-0.029102211000000006,8.369542399999998,0.07494316,0.009388427000000001,0.005401617,5.061528700000001e-05,0.00033426194
73,1607304000,15.49397,15.493979999999999,-0.008501395000000002,-0.7334414,7.386226000000001,3.2733050000000006,6.851233000000001,5.901667,0.09039414000000001,6.341705999999999,3.202567e-05,1.3675737999999999e-05,1.5318108e-05,1.9961165000000002e-05,4.2981309999999995e-05,6.201992e-05,6.195142e-05,0.00015700888,5.988619,1.756616,0.0013519514,94.76996,72.80638,0.0005149368000000001,6.097615,0.06314705000000001,166.8452,0.0238586948,0.002185159629,0.1134596,528.4728999999999,0.0238586948,0.002185159629,0.012002961,430.923596,0.0238586948,0.002185159629,0.009033155,441.4059429999999,0.0238586948,0.002185159629,0.008318424000000001,0.00011279694000000001,0.00013418601000000002,0.0219093681,1.8165300000000002,0.05247657,0.011407340999999998,0.006559185,4.1708328e-05,0.00019532305
73,1607304600,15.34703,15.347050000000001,-0.005331008999999999,-0.9068960999999998,7.172393,3.3668739999999993,6.673852999999999,5.764526,0.07469611,6.237475999999999,6.673408e-05,5.0557469999999996e-05,6.1295512e-05,7.7388431e-05,0.00010389019000000001,0.00013026529800000002,0.00016325191000000002,0.00032225354999999996,6.071904,1.5991840000000002,0.0014762166000000002,87.79084,70.85682,0.0005094296,6.384915,0.06329401,165.18970000000002,0.033279327000000004,0.00304859718,0.1139632,532.8551,0.033279327000000004,0.00304859718,0.013227062000000001,575.64825,0.033279327000000004,0.00304859718,0.010406893,591.7867699999999,0.033279327000000004,0.00304859718,0.009119815,0.00017397314999999998,0.00019547748,0.021058946999999995,4.273441,0.06637720999999999,0.013354565000000002,0.006825024000000001,9.7910437e-05,0.00046234189
73,1607305200,17.894849999999998,17.89487,-0.005059023,-1.1754521999999998,7.028089,3.7430239999999997,6.602862999999999,5.811102,0.37773258,7.486559999999999,4.252924e-05,2.6572899e-05,2.7592926999999995e-05,3.7581710999999996e-05,5.603897e-05,6.893185000000001e-05,0.0001117278,0.00023251915999999997,7.583474,1.361927,0.0014399294,88.05222,66.46318,0.0005943938,6.115287,0.06792244,189.0276,0.048511361999999995,0.004444472600000001,0.12570420000000002,666.0119000000001,0.048511361999999995,0.004444472600000001,0.016594839999999996,882.0926999999999,0.048511361999999995,0.004444472600000001,0.01347306,903.8626,0.048511361999999995,0.004444472600000001,0.0074893999999999985,7.47957e-05,9.624602999999999e-05,-0.17868705999999998,22.5334288,0.09088847,0.008507279000000001,0.0053619570000000005,3.253117e-05,0.00032672613
73,1607305800,24.427979999999998,24.42801,-0.006017699100000001,-1.1625498,8.411170000000002,4.260342,7.683421000000001,6.91686,0.47357655000000004,10.339193,5.3489679999999996e-05,3.924049799999999e-05,3.9139068000000005e-05,5.1547282999999994e-05,7.44071e-05,9.3641416e-05,0.00014470938,0.00031532441999999997,11.129351,1.0821304,0.0017168109999999997,81.34861,59.78376000000001,0.0008118276000000001,6.269152,0.07757460000000001,255.66080000000002,0.0190022697,0.0017392290560000003,0.1528088,975.3396999999999,0.0190022697,0.0017392290560000003,0.014215071999999999,377.67069299999997,0.0190022697,0.0017392290560000003,0.010735235,383.245271,0.0190022697,0.0017392290560000003,0.007583028,7.776300000000001e-05,9.902351e-05,-0.103404542,5.479761099999999,0.07134098999999999,0.008892230000000001,0.005435853,2.5018014999999998e-05,0.00019741760999999997
73,1607306400,11.086369999999999,11.086389,-0.0055038451,-1.2063172,5.594646,2.8726079999999996,5.04653,4.24828,0.24886085000000002,4.601094,3.136992e-05,1.2630977999999998e-05,1.3439928e-05,1.9076068999999997e-05,3.1488743e-05,3.8563581e-05,6.167312999999999e-05,0.00012935411,4.0034901000000005,1.538233,0.0011398559999999999,97.91224,87.85721,0.0003681639,6.180125000000001,0.05162259,117.94480999999999,0.039217638299999996,0.0035932787499999993,0.08507711,351.6592099999999,0.039217638299999996,0.0035932787499999993,0.013591899999999999,650.93407,0.039217638299999996,0.0035932787499999993,0.010714915,670.54115,0.039217638299999996,0.0035932787499999993,0.0070713270000000005,6.183077e-05,8.348212e-05,-0.012056927,9.2638505,0.07564847,0.007348146,0.0044748850000000005,1.9905057e-05,0.00019060027
73,1607307000,5.612178999999999,5.612201,-0.008786786999999999,-0.9263894,4.454535999999999,1.97852,3.9834090000000004,3.135396,0.01963351,2.275832,2.589806e-05,5.384114e-06,6.1406079999999995e-06,7.844932999999999e-06,1.1646142e-05,1.4829801999999997e-05,2.2837210000000003e-05,4.1018770000000006e-05,0.9502113000000001,1.854861,0.0008923888999999999,115.35210000000002,116.1575,0.00018621799999999998,6.330001,0.03724032000000001,60.77478,0.013632418599999998,0.00124864618,0.045413390000000005,85.10433,0.013632418599999998,0.00124864618,0.009723096,228.787438,0.013632418599999998,0.00124864618,0.006932459,235.45448499999998,0.013632418599999998,0.00124864618,0.005785063,3.137806e-05,5.2517960000000005e-05,-0.040973823,4.800533,0.034866270000000005,0.003992548,0.0015149109,7.696713e-06,5.553927999999999e-05
73,1607307600,4.428459,4.428481,-0.0013460231999999999,-1.1625328000000004,3.708375,1.8175440000000003,3.2863379999999998,2.986816,0.035830271000000004,1.8264099999999999,2.2386619999999998e-05,1.218582e-06,2.223399e-06,3.4612240000000002e-06,5.664258999999999e-06,1.0441091000000001e-05,1.4531364e-05,2.7182819999999995e-05,0.4381145,1.775204,0.0008385897,121.30109999999999,130.6509,0.000147047,6.42677,0.03316258,48.414959999999994,0.0194532405,0.0017824011750000005,0.030368940000000004,39.801429999999996,0.0194532405,0.0017824011750000005,0.010762212000000002,337.726077,0.0194532405,0.0017824011750000005,0.007852421,346.847887,0.0194532405,0.0017824011750000005,0.005868529000000001,3.404855e-05,5.5235340000000006e-05,0.025218269999999997,14.561828999999998,0.04668156,0.004124674,0.0017868761,1.3677672999999997e-05,0.00012669392
73,1607308200,5.208954,5.208976,-0.0056372568,-0.8657878,4.1893270000000005,1.8666779999999998,3.760539,3.348404,0.05321496999999999,2.1301740000000002,2.387147e-05,2.997935e-06,3.822049e-06,5.444312999999999e-06,8.199507e-06,1.2564963999999999e-05,1.7175600000000002e-05,3.1555180000000004e-05,0.9225408999999999,1.680884,0.0009641637,120.42249999999999,119.65797,0.0001728137,6.584059999999999,0.034913690000000004,56.540380000000006,0.021697846,0.0019879652,0.040506709999999994,81.76701,0.021697846,0.0019879652,0.011930789,386.67596,0.021697846,0.0019879652,0.009081312999999999,396.57741,0.021697846,0.0019879652,0.005900061,3.366863e-05,5.486817e-05,-0.01941465,3.15579,0.03189781,0.0043182509999999995,0.0018245621,7.226479e-06,5.1170719999999996e-05
73,1607308800,7.814797,7.814812000000001,-0.006380076,-0.5861525000000001,5.48938,2.254584,4.816685,4.0717620000000005,0.42390507,3.850754,3.349033e-05,1.4028855000000002e-05,1.5098572000000002e-05,1.8973434e-05,2.918773e-05,3.879589999999999e-05,5.4878929999999996e-05,0.00010698745000000002,2.294191,1.6117830000000002,0.0011322249000000001,101.41365,95.56098,0.00025925039999999996,6.5135440000000004,0.04170081,83.50417999999999,0.02341986037,0.002145780729,0.06637966000000001,202.54182,0.02341986037,0.002145780729,0.011441508000000001,402.711322,0.02341986037,0.002145780729,0.008723723,414.1799480000001,0.02341986037,0.002145780729,0.006546890999999999,4.8750450000000003e-05,7.004449999999999e-05,0.06007845500000001,13.168301,0.07605637,0.006087265,0.0035812530000000004,1.5040584e-05,0.00015857555000000002
73,1607309400,24.153214,24.153228000000002,-0.0004917969999999999,-1.3815219,7.5641680000000004,4.387562,6.6818029999999995,6.012221000000001,0.71870699,10.592445,7.108728e-05,5.712253099999999e-05,5.7888417999999995e-05,7.252435000000001e-05,0.0001016763,0.00012276907999999998,0.00018503282,0.00037271018999999995,10.375110000000001,1.698723,0.0017504569999999998,87.98541000000002,71.34367999999999,0.0008022472999999998,6.376873,0.07553875,257.70491000000004,0.0313838567,0.0028748181,0.14053662,917.8043,0.0313838567,0.0028748181,0.014497109000000003,596.98001,0.0313838567,0.0028748181,0.011119746,609.13482,0.0313838567,0.0028748181,0.008075869000000001,8.503898000000001e-05,0.00010684785000000001,-0.024736948800000002,13.0724598,0.08085225,0.009980818999999998,0.006624154,2.2374697e-05,0.00021568021999999998
73,1607310000,14.895230000000002,14.895249999999999,-0.00577948,-1.0752068,6.747694,3.3188140000000006,6.064572,5.472317,0.31297939,6.420426999999999,3.159513e-05,1.3581499000000003e-05,1.3821266000000001e-05,1.9833419999999997e-05,3.770739e-05,4.1229399e-05,6.963464999999998e-05,0.00016000316,5.8723909999999995,1.5734196,0.0014328549,93.18516000000001,71.89563,0.0004948869,6.453417,0.06149336,160.57739999999998,0.027078447,0.0024801887999999998,0.1122561,525.4805,0.027078447,0.0024801887999999998,0.01449253,551.8211699999999,0.027078447,0.0024801887999999998,0.011523410000000001,561.73837,0.027078447,0.0024801887999999998,0.006858929,5.4414549999999996e-05,7.599613e-05,0.021562545,11.5947588,0.052685819999999994,0.0067855879999999995,0.004138161,1.2470349e-05,0.00011449711
73,1607310600,21.49796,21.497989999999998,-0.0020125498999999996,-1.514473,7.309911000000001,4.241416000000001,6.625515,5.828653,0.5156801,9.151981,3.216433e-05,1.5901605e-05,1.4760203e-05,2.2588320000000003e-05,4.428664e-05,5.094276e-05,7.925061000000002e-05,0.00018134658,9.473435,1.2736557999999998,0.0014650161,88.64739,63.75524,0.0007148623,6.169298,0.07386961,229.56710000000004,0.035113331000000005,0.0032159864,0.14079493999999998,837.4950999999999,0.035113331000000005,0.0032159864,0.015265709999999998,617.0387200000001,0.035113331000000005,0.0032159864,0.012022937000000001,632.5819000000001,0.035113331000000005,0.0032159864,0.00798741,9.592837e-05,0.00011770388000000002,-0.048197004999999994,23.0789859,0.11041432,0.009574522,0.006075293000000001,4.806504499999999e-05,0.00038228536
73,1607311200,12.384483,12.384516,-0.00023774459999999993,-1.2709527999999999,6.097948,3.109201,5.396265,4.651979,0.36108588,5.337012,3.120464e-05,1.1723050999999999e-05,1.2418803e-05,1.7826449e-05,3.433255e-05,3.356437e-05,6.013854999999999e-05,0.00011451455000000002,4.0627249999999995,2.127786,0.0014333131,101.71282000000001,85.03639000000001,0.00041106070000000006,6.427580999999999,0.05455803,133.48397000000003,0.027905397,0.0025563683,0.09280471,360.2143,0.027905397,0.0025563683,0.013089157,504.657959,0.027905397,0.0025563683,0.010404215,516.893679,0.027905397,0.0025563683,0.0076341970000000006,7.443513e-05,9.593887e-05,0.03590367999999999,16.65008,0.07873714000000001,0.008763506,0.005723648,1.9982406e-05,0.0001917008
73,1607311800,9.657306,9.657343,-0.0013414045000000002,-1.0672084,5.540082,2.583882,4.816383,4.361420000000001,0.16995558000000002,4.100574,3.4433909999999996e-05,1.5551170000000002e-05,1.6788219999999998e-05,2.1009572e-05,3.2025158e-05,3.9502249e-05,6.442981e-05,0.00011938810999999997,2.791785,2.035286,0.0012595068000000001,101.71536,93.17812,0.00032032459999999997,6.36901,0.04789081,103.46609999999998,0.0156447596,0.001432798838,0.07647670000000001,245.94350000000003,0.0156447596,0.001432798838,0.010429024,271.489531,0.0156447596,0.001432798838,0.007744561,278.929436,0.0156447596,0.001432798838,0.0064969,4.726963e-05,6.849353e-05,0.025187234999999995,15.9204332,0.05783511,0.005983124,0.003405856,1.3223920000000002e-05,0.00011761545
73,1607312400,9.288562,9.288583,0.0010959529,-1.1550558,5.424279,2.583788,4.8193850000000005,4.0740490000000005,0.04409422,3.7688590000000004,3.2457079999999997e-05,1.2215760999999999e-05,1.3671863e-05,1.6724116e-05,2.3425072000000004e-05,3.2603852e-05,5.327986000000001e-05,0.00010107159,2.456862,2.186047,0.0011071439,102.31960000000001,97.16172,0.0003081059,6.368717999999999,0.04587193,99.19592000000002,0.0192343753,0.00176191856,0.07246981,216.0926,0.0192343753,0.00176191856,0.011405851,375.21768199999997,0.0192343753,0.00176191856,0.008788929000000001,382.76682500000004,0.0192343753,0.00176191856,0.005892759,3.348751e-05,5.485625e-05,0.03197763,4.265891,0.03688296,0.004345605,0.0018182832999999999,8.182499e-06,5.603552e-05
73,1607313000,13.215885999999998,13.215902999999997,-0.00038799080000000006,-0.9082413,6.656491,3.0029390000000005,6.001497,5.060179,0.5681179199999999,5.606485999999999,3.4139640000000004e-05,1.5917478e-05,1.704581e-05,2.3103007000000005e-05,3.710242e-05,5.180629e-05,8.529288e-05,0.00018727225,4.801989000000001,1.8040600000000002,0.0014588836,93.22599000000001,82.17081,0.0004385738,6.520416,0.05316915999999999,140.50304999999997,0.025215783400000004,0.002309734152,0.09604617,421.29139999999995,0.025215783400000004,0.002309734152,0.013606318000000001,498.03391999999997,0.025215783400000004,0.002309734152,0.010763136,507.0996099999999,0.025215783400000004,0.002309734152,0.006337541,5.22138e-05,7.349653000000001e-05,0.09513908,68.050692,0.12442817999999997,0.00553732,0.0024529099,4.478202e-05,0.00046360876
73,1607313600,15.226505,15.226512,0.003631397,-1.1829833,6.4736720000000005,3.337363,5.775214,5.332324999999999,0.46706212999999996,6.67659,4.045941e-05,2.3795939e-05,2.3254712e-05,2.9717566000000002e-05,4.8083981e-05,6.115241e-05,9.736141600000001e-05,0.0002140246,7.2271990000000015,0.38457347999999997,0.0009554926,76.67363,59.12537,0.0005061569,6.156535,0.05852891,161.78405,0.0231925769,0.00212379566,0.12028696000000001,638.2726,0.0231925769,0.00212379566,0.014129739999999998,444.0347,0.0231925769,0.00212379566,0.010895230999999998,452.8292699999999,0.0231925769,0.00212379566,0.00660812,5.379246000000001e-05,7.54137e-05,0.06543531000000001,30.565893,0.07885439999999999,0.006253020000000001,0.0030178807000000004,2.0305342999999998e-05,0.0001781244
73,1607314200,10.191084999999998,10.191106,-0.0063797833,-1.306463,5.183445,2.730106,4.49935,4.257016999999999,0.6263116,5.239929,2.8056940000000002e-05,1.0240623000000001e-05,1.0444016399999999e-05,1.4623392e-05,2.6956892000000004e-05,3.7035461e-05,6.5475724e-05,0.00015415246000000002,5.051889,0.04243327,0.0008970906999999998,68.5103,51.11358,0.0003388508,6.146297,0.04877667,108.49736,0.0076617123999999995,0.0007006606599999999,0.10070922,446.0956,0.0076617123999999995,0.0007006606599999999,0.010289936,164.05870999999996,0.0076617123999999995,0.0007006606599999999,0.007132445000000001,165.73021999999997,0.0076617123999999995,0.0007006606599999999,0.005740456999999999,3.7014119999999997e-05,5.864825e-05,-0.02841950999999999,123.54020519999999,0.10964138000000001,0.003611208,0.0011956679,4.7033389999999995e-05,0.00050014682
73,1607314800,8.708476000000001,8.708501,-0.0066001770000000005,-1.371055,4.676467,2.5825729999999996,4.202266,3.9857709999999997,0.19404346,3.7310819999999993,3.815787e-05,1.9507409e-05,2.0026450000000002e-05,2.48986464e-05,3.8186336e-05,4.8670053e-05,7.627559799999999e-05,0.00015644539999999998,4.313477000000001,0.03969405,0.0006653817999999999,66.75129000000001,51.0272,0.0002895169,6.220087000000001,0.04635322,93.54127,0.00904921172,0.000827908412,0.09538662,383.53159999999997,0.00904921172,0.000827908412,0.010170016,172.697619,0.00904921172,0.000827908412,0.007071140000000001,175.591771,0.00904921172,0.000827908412,0.005845309,3.481791e-05,5.618087e-05,0.005685251999999999,72.0811826,0.0709123,0.00394027,0.0017239316000000001,2.6563174000000002e-05,0.00027597548000000006
73,1607315400,14.783745,14.783767000000001,-0.004352358000000001,-1.0853552,6.5431610000000004,3.2785850000000005,5.915731,5.351113,0.46831376,7.060218000000001,4.668217e-05,2.9806422999999996e-05,3.09282601e-05,3.8123162000000004e-05,5.6143269000000004e-05,7.1394544e-05,0.00011416183800000003,0.00023981789000000002,6.692151,0.6979616999999999,0.0011468129,78.31367999999999,59.730669999999996,0.0004912895000000001,6.221234,0.06123349,159.78003999999999,0.0122281039,0.0011189781400000002,0.11922297,596.7809,0.0122281039,0.0011189781400000002,0.011712509999999999,267.95743999999996,0.0122281039,0.0011189781400000002,0.008577316,270.54335,0.0122281039,0.0011189781400000002,0.00669752,5.303581e-05,7.453342e-05,-0.039008737,13.279019200000002,0.0680992,0.0066409760000000016,0.0036515671000000006,1.8077577999999998e-05,0.00018303187
73,1607316000,15.148049999999998,15.148069999999999,-0.0035787600000000003,-1.00214,7.170781000000001,3.29332,6.053472,5.472842,0.59074594,6.846894000000001,6.638449e-05,4.9414780000000005e-05,5.249606e-05,6.128883999999999e-05,8.157316e-05,0.00010428346000000001,0.00015975480000000002,0.00031664669,6.01171,1.5601167999999999,0.0013204996,83.79457,72.19485000000002,0.000503073,6.494303,0.05982567999999999,163.24050000000003,0.024998601000000002,0.0022894897000000003,0.11202964,535.6424999999999,0.024998601000000002,0.0022894897000000003,0.01447385,485.0638,0.024998601000000002,0.0022894897000000003,0.011506788,494.5185,0.024998601000000002,0.0022894897000000003,0.006166531,4.285056e-05,6.451129000000001e-05,-0.007433779999999992,34.428282,0.08565521000000001,0.005355307000000001,0.002202514,1.8968416e-05,0.00017654562
73,1607316600,13.66866,13.668690000000002,-0.0017377827999999998,-1.0935416,6.490061,3.221136,6.023846999999999,5.195857999999999,0.09437383999999999,5.545260000000001,2.864176e-05,9.463026999999998e-06,9.0274564e-06,1.1950246000000002e-05,2.1080993000000005e-05,2.6340479e-05,4.4001540999999994e-05,0.0001030406,5.123797000000001,1.708945,0.0013392564,99.02715,75.32336,0.0004542837,6.098213,0.05953238000000001,145.7078,0.011110077,0.00101681513,0.10500145999999999,454.1986,0.011110077,0.00101681513,0.011354695000000001,262.71509000000003,0.011110077,0.00101681513,0.008415368,264.93919,0.011110077,0.00101681513,0.0061838810000000004,3.946265e-05,6.116961e-05,0.00815049,5.62672,0.0451878,0.005270324999999999,0.002412595,1.0090358000000001e-05,8.857166000000001e-05
73,1607317200,14.49466,14.494679999999999,-0.002737451,-1.206017,6.786655999999999,3.3890010000000004,5.939656,5.052904,0.86803755,7.159967999999999,7.119574999999998e-05,5.363468900000001e-05,5.6762947e-05,6.7149483e-05,8.8840021e-05,0.000115402855,0.000175493831,0.00033863094,5.637624,1.6069390000000001,0.0017816423,86.61760999999998,72.96888,0.00048094550000000005,6.502522999999999,0.06110978,155.70199999999997,0.022583619000000003,0.0020682387,0.10856305,499.99270000000007,0.022583619000000003,0.0020682387,0.012279306,396.32401,0.022583619000000003,0.0020682387,0.009290073,406.43273,0.022583619000000003,0.0020682387,0.006349379,4.9728610000000004e-05,7.151587e-05,0.070147237,41.425109000000006,0.09123698000000001,0.005447830999999999,0.002710998,3.2467589e-05,0.00030776244000000003
73,1607317800,14.558270000000002,14.558290000000003,-0.0050508563,-1.0855059,6.742894,3.2976129999999997,5.978657,5.430016,0.0947559,6.002178,3.9625060000000005e-05,2.1320312e-05,2.1913829e-05,2.7833572e-05,4.7707110000000003e-05,5.185692e-05,8.266758000000001e-05,0.00017749782,5.690519,1.5866600000000002,0.0014739284000000001,92.66051000000002,72.18163,0.0004835149,5.986035,0.060322940000000005,154.8582,0.012815397880000001,0.0011731552319999999,0.1104011,502.2637,0.012815397880000001,0.0011731552319999999,0.011842620000000002,298.5368,0.012815397880000001,0.0011731552319999999,0.008889092999999999,301.07194,0.012815397880000001,0.0011731552319999999,0.006946529999999999,5.7282440000000015e-05,7.892077e-05,-0.004071663000000003,8.8920389,0.060028700000000004,0.006869683,0.004239583999999999,1.5134645e-05,0.00014436399999999996
73,1607318400,20.135669999999998,20.1357,-0.006579964999999998,-1.0675565000000002,7.716461000000001,3.842204,7.071104,6.284592,0.6070414999999999,8.632292999999999,4.7955670000000004e-05,3.2089249e-05,3.2088483e-05,4.1855436e-05,6.291151e-05,7.288400399999999e-05,0.00011825413999999999,0.00025286587999999997,8.939045,1.1265837,0.0015684742,85.75058,62.1759,0.0006689905999999999,6.163843,0.07059076,211.57959999999997,0.02882223478,0.002639546261,0.1368049,784.6004,0.02882223478,0.002639546261,0.014823633000000003,553.30951,0.02882223478,0.002639546261,0.011499501999999998,563.4022500000001,0.02882223478,0.002639546261,0.00711112,6.233091e-05,8.410403000000001e-05,-0.002260680000000002,18.673307700000002,0.07992658999999999,0.007560277,0.004536775000000001,2.6641517000000002e-05,0.00027468008
73,1607319000,22.904729999999997,22.90477,-0.0041804417,-1.2506036999999997,7.7970880000000005,4.210853,7.059292000000001,6.355994000000001,0.7386260599999999,10.158434999999999,4.551956e-05,2.9668867999999996e-05,2.945557e-05,4.0685906000000006e-05,6.292997e-05,7.752696e-05,0.00013045718,0.0002853275,10.194784000000002,1.254911,0.001962663,84.07758,62.643179999999994,0.0007610698,6.404071,0.07477923,243.82890000000003,0.0158212953,0.00144784381,0.14525739999999998,901.9351999999999,0.0158212953,0.00144784381,0.014029050000000001,394.72631999999993,0.0158212953,0.00144784381,0.010610048,396.09498,0.0158212953,0.00144784381,0.007860576,8.529681e-05,0.00010732197999999999,-0.07898069999999999,20.973113899999998,0.10721805,0.009269864,0.005936517,3.1779996e-05,0.00030994918
73,1607319600,17.179399999999998,17.17941,-0.0009558923999999998,-1.57166,6.254891,3.8068109999999997,5.599259,5.267224000000001,0.45291862,7.527069,5.431502e-05,4.2875309e-05,7.146772099999999e-05,9.8408462e-05,0.00010174834,0.00012616349,0.00015877588,0.00027450923000000004,7.004179000000001,1.582704,0.0018898619999999997,89.39835000000001,70.82087,0.0005706067,6.312462999999999,0.06677294,191.44029999999998,0.01397190368,0.001278758433,0.11997899999999999,622.0101,0.01397190368,0.001278758433,0.011959497,281.485311,0.01397190368,0.001278758433,0.009248008,286.865842,0.01397190368,0.001278758433,0.011498866,0.00034618212999999997,0.0003681602,-0.024007595,4.383708400000001,0.08126952000000001,0.021109304000000002,0.011738127999999999,0.00016760016999999998,0.0006741720500000001
73,1607320200,24.389490000000002,24.38952,-0.00102333352,-1.6443360000000002,7.123567999999999,4.547024,6.609654000000001,6.110698,0.27017721,9.876180000000002,3.893728e-05,2.344658e-05,2.2937171999999998e-05,3.4461411e-05,6.033685999999999e-05,7.960909000000001e-05,0.00012281,0.00027604877,10.739453000000001,1.452457,0.0022045030000000005,86.80572,64.8753,0.0008105108,6.211815,0.07720218,256.8366,0.04832058040000001,0.0044263761200000005,0.1479816,943.8789,0.04832058040000001,0.0044263761200000005,0.01761468,878.52971,0.04832058040000001,0.0044263761200000005,0.014284466000000001,899.4067500000001,0.04832058040000001,0.0044263761200000005,0.008741675,0.00010059886,0.000122776,-0.029036756099999998,1.8490101000000003,0.05381387,0.011378403,0.007788231000000001,1.670375e-05,0.00014642895999999997
73,1607320800,14.79062,14.790640000000002,-0.0003297064,-1.4167922,6.31433,3.478951,5.54972,5.168820999999999,0.35825175000000004,6.344177,4.424893e-05,2.6607877999999996e-05,2.8755877e-05,4.0133305e-05,6.526481e-05,8.262496e-05,0.00012582353,0.00026197468000000004,5.615272,1.7775519999999996,0.001828039,89.4571,74.25076000000001,0.0004909491,6.559478,0.06080918999999999,159.5464,0.014706927,0.00134615247,0.10936686999999998,497.31620000000004,0.014706927,0.00134615247,0.012126179,289.74690999999996,0.014706927,0.00134615247,0.009257998,295.16711999999995,0.014706927,0.00134615247,0.008779277,0.0001071945,0.0001291618,0.009684219,15.656363200000001,0.10472384000000001,0.011536400000000002,0.00776786,4.326926e-05,0.0004301323199999999
73,1607321400,19.89909,19.899120000000003,-0.0026618645000000005,-1.3205586,7.267499000000001,3.9554399999999994,6.501648,5.890416999999999,0.41791722,8.646251,5.608965e-05,4.070203699999999e-05,4.204988900000001e-05,5.3304106999999996e-05,7.901381e-05,0.00010253876,0.00014966439,0.00030389556000000003,8.540043999999998,1.407083,0.0016116626000000002,84.27421999999999,66.04184,0.0006610834000000001,6.228387,0.07058711,211.7333,0.019595913260000004,0.0017939229140000001,0.1325454,749.9828,0.019595913260000004,0.0017939229140000001,0.013818083,455.890307,0.019595913260000004,0.0017939229140000001,0.010558099999999999,460.32511700000003,0.019595913260000004,0.0017939229140000001,0.008283336,9.120151e-05,0.00011307005999999999,-0.04145345099999999,8.380374100000001,0.09329004999999999,0.010422736,0.006896872,2.3231644e-05,0.00022648493999999995
73,1607322000,21.723565,21.723587000000002,-0.0033070311,-1.31294989,7.578944000000002,4.133788999999999,6.500221999999999,5.882691,1.0261877400000001,10.169343999999999,4.817825e-05,3.2507694000000004e-05,3.4004269e-05,4.848679e-05,7.589819e-05,9.772276999999998e-05,0.00016019745000000002,0.0003567488,9.302418,1.556446,0.002090156,84.59868,69.23176,0.0007213737,6.509373999999999,0.07226748,230.15020999999996,0.0134519842,0.00123040757,0.13422158,818.213,0.0134519842,0.00123040757,0.013468884,339.24814000000003,0.0134519842,0.00123040757,0.010108029000000001,340.60148,0.0134519842,0.00123040757,0.0080144,8.817007000000001e-05,0.00011008743000000001,0.0076828997999999985,31.022247099999998,0.11555751,0.009531442,0.006365157000000001,3.3912378000000004e-05,0.00033993741
73,1607322600,32.61111999999999,32.61116,-0.0019122107,-1.669378,8.611387,5.3540909999999995,7.820189999999999,7.1258930000000005,0.32543562000000004,13.577770000000001,0.00011822503999999999,0.00010753291199999999,0.000111504545,0.00013811446999999996,0.00017982791999999998,0.000226295086,0.000347130958,0.000685688,14.868289999999998,1.432976,0.0024018884,79.89434,58.82301,0.0010828589999999998,6.294391,0.09045655999999999,342.3227,0.0410838309,0.0037625276799999998,0.1783438,1308.415,0.0410838309,0.0037625276799999998,0.018430960000000003,819.4803400000001,0.0410838309,0.0037625276799999998,0.014633142000000002,833.9005099999998,0.0410838309,0.0037625276799999998,0.008261457,8.794131999999999e-05,0.00011006612999999998,-0.00738587,2.0499474999999996,0.05770005,0.010435812000000001,0.006842868999999999,1.4748823999999999e-05,0.00012965553
73,1607323200,26.023949999999996,26.02398,0.002083089,-1.360321,8.370293,4.5452129999999995,7.548755,6.803119,0.36113301999999997,11.334955,4.405196e-05,2.8610499000000004e-05,2.7589699e-05,3.885416e-05,5.838865e-05,7.590166e-05,0.00012651661999999998,0.00029025213000000003,11.830566000000001,1.1789011999999999,0.0018322421999999998,85.22177,61.30304000000001,0.0008649840000000001,6.2792650000000005,0.07578334,273.2511,0.027628025580000003,0.00252952004,0.15484620000000002,1039.7688999999998,0.027628025580000003,0.00252952004,0.015573209,573.08095,0.027628025580000003,0.00252952004,0.012085459,582.13381,0.027628025580000003,0.00252952004,0.007221943999999999,6.34895e-05,8.590396000000001e-05,-0.008551099999999999,4.4737326,0.05407615,0.007862178,0.004562404000000001,1.1776216e-05,0.00010480168
73,1607323800,13.731872000000001,13.731885,0.0026822380999999996,-1.5228126000000002,5.942507000000001,3.4204149999999998,5.330038,4.665252,0.16561064,5.815595,4.9447330000000006e-05,3.0706386e-05,3.1627385e-05,3.7278741e-05,5.2091704000000006e-05,6.2457924e-05,9.186451000000001e-05,0.00018122395999999998,5.730568,1.1337255000000002,0.0011130334000000002,88.29303,66.78486000000001,0.00045633640000000003,5.98091,0.05807752000000001,146.15756,0.0235473651,0.00215710285,0.11034705999999998,504.64130000000006,0.0235473651,0.00215710285,0.012571354000000002,446.8385699999999,0.0235473651,0.00215710285,0.009584511,455.35342999999995,0.0235473651,0.00215710285,0.006406511000000001,4.7620520000000004e-05,6.943253999999999e-05,0.072607207,26.972278900000003,0.06952276,0.0055210450000000005,0.002914362,2.1847273e-05,0.00019802469999999995
73,1607324400,17.65359,17.653600000000004,-0.0025485199900000003,-1.434515,6.659155,3.798193,5.950717,5.413476999999999,0.56739775,8.016667000000002,6.418033000000001e-05,4.8092028e-05,5.045862e-05,6.0554812999999994e-05,8.28062e-05,0.00010560816,0.00016358902,0.00032469532,7.461619999999999,1.3629092999999999,0.0013949863999999997,83.25291000000001,67.88863,0.0005863209000000001,6.296439000000001,0.06643829,184.7784,0.0181675882,0.0016632111700000001,0.12295700000000001,652.4041,0.0181675882,0.0016632111700000001,0.013654030000000001,414.6773,0.0181675882,0.0016632111700000001,0.01048875,418.9516,0.0181675882,0.0016632111700000001,0.006478185,5.0314070000000005e-05,7.180085e-05,0.13518192,47.4722917,0.08576634000000001,0.005981295,0.0031888809999999997,2.7343486999999998e-05,0.00025988546
73,1607325000,16.085240000000002,16.08528,-0.003986182600000001,-1.324564,6.5485619999999995,3.5601170000000004,5.940105999999999,5.402190999999999,0.22857823000000002,6.779193000000001,6.339037e-05,4.6903542000000004e-05,4.8468993e-05,5.6912657e-05,7.676649e-05,9.7238527e-05,0.00015006553999999996,0.00028880903,6.916296,1.1243169,0.0012039004999999999,83.2014,65.05786,0.0005342186,6.250642,0.06300239999999999,169.8784,0.0255664243,0.0023414083099999997,0.1205776,608.0418999999999,0.0255664243,0.0023414083099999997,0.012747081000000002,449.830127,0.0255664243,0.0023414083099999997,0.009609420999999998,461.0196469999999,0.0255664243,0.0023414083099999997,0.006212687,4.4919399999999996e-05,6.690010000000001e-05,0.008321470000000001,43.506327000000006,0.09860317,0.005274711,0.002412953,3.0213852e-05,0.00031255418000000003
73,1607325600,13.535079999999999,13.535120000000001,-0.0012167565000000002,-1.636995,5.357488999999999,3.447147,4.9744530000000005,4.785298,0.029364309999999998,5.441,3.243512e-05,1.3796425999999998e-05,1.3710812000000002e-05,1.7880872000000004e-05,3.0431522e-05,3.857079e-05,6.254021700000001e-05,0.00013833689999999998,5.2848109999999995,1.481237,0.0011647,93.99495,71.93097,0.00044960530000000005,6.1382080000000006,0.05891003,143.31940000000003,0.013546128700000002,0.00123998354,0.10651540000000001,465.57939999999996,0.013546128700000002,0.00123998354,0.011840581999999999,295.39671,0.013546128700000002,0.00123998354,0.008877335,299.06172999999995,0.013546128700000002,0.00123998354,0.006115753,3.774938e-05,5.932887e-05,0.012231549,3.868333,0.04048176,0.004874741,0.002459798,8.103911000000002e-06,6.274596e-05
73,1607326200,12.484798000000001,12.484821,0.0008982974699999998,-1.3668928999999999,5.5872209999999995,3.186068,5.056655,4.7064319999999995,0.22895407999999998,5.1486600000000005,2.8461790000000002e-05,9.540177999999999e-06,9.18613e-06,1.2440842000000001e-05,2.3584371999999997e-05,2.6610425e-05,4.326058e-05,0.00010582630000000001,4.812891,1.4283270000000001,0.0009397988999999999,92.56826000000001,74.31672,0.0004149933,6.086755999999999,0.05597771,133.91708,0.01468240505,0.001344361056,0.10076173000000002,427.8193,0.01468240505,0.001344361056,0.011237199,268.49534,0.01468240505,0.001344361056,0.008363457999999999,274.93599000000006,0.01468240505,0.001344361056,0.006191408000000001,4.39756e-05,6.540281000000001e-05,0.07461382,55.34731899999999,0.08627538,0.004953946,0.0025499746,2.182268e-05,0.00020743173
73,1607326800,13.256709999999998,13.256709999999998,-0.0012133307,-1.626342,5.380253000000001,3.408417,4.929264000000001,4.727506999999999,0.03543708,5.357474,4.6245520000000004e-05,2.8137009e-05,3.0103572999999997e-05,3.881838e-05,6.173078000000001e-05,7.226585e-05,0.00011463794,0.0002417934,5.101354000000001,1.5249510000000002,0.0014314535000000002,87.16596000000001,73.03545,0.000439855,6.479266,0.058311879999999996,141.7847,0.015205168,0.0013919666000000001,0.10493630000000001,452.19960000000003,0.015205168,0.0013919666000000001,0.012153249,314.70793000000003,0.015205168,0.0013919666000000001,0.009261252,319.65128999999996,0.015205168,0.0013919666000000001,0.006847232,5.356844e-05,7.492241e-05,-0.0026846430000000017,1.5722580000000002,0.03754834,0.006739283,0.004187990000000001,9.632960000000001e-06,7.212147999999999e-05
73,1607327400,18.542946999999998,18.542970000000004,-0.0029972159999999996,-1.4611517,6.8799980000000005,3.8325720000000003,5.920118,5.434328,1.1201819499999999,8.549728,4.6009719999999996e-05,2.9106589999999996e-05,2.8917595000000002e-05,3.861568e-05,5.6206149999999994e-05,6.644801000000001e-05,0.00010552807999999999,0.0002264595,8.109827,1.1597635,0.0013095145,86.26607000000001,65.59269,0.0006162402,6.3368590000000005,0.06611716000000001,195.29559,0.037132172000000005,0.0034013379000000002,0.12526874999999998,711.6152,0.037132172000000005,0.0034013379000000002,0.014730887000000002,646.6998900000001,0.037132172000000005,0.0034013379000000002,0.011503939,663.5739000000001,0.037132172000000005,0.0034013379000000002,0.007002927000000001,6.470818999999999e-05,8.65277e-05,0.0035186300000000065,51.294526700000006,0.11076217,0.006953050999999999,0.0041432374,3.3027285e-05,0.00031657124
73,1607328000,16.88425,16.884260000000005,-0.0006518155,-1.4707409999999999,7.104406,3.7929000000000004,6.11895,5.378789,0.34413128,7.75988,3.4868729999999996e-05,1.7424919999999998e-05,1.76770197e-05,2.4410722e-05,4.0672273e-05,5.7243160000000005e-05,0.000104952199,0.00023058136999999998,6.989841,1.450019,0.0017528764,87.65597,67.27588,0.0005607735,6.202753,0.06306352,179.5856,0.021636092139999997,0.0019813048,0.12232860000000001,617.5136,0.021636092139999997,0.0019813048,0.013135834999999998,386.80315,0.021636092139999997,0.0019813048,0.010170672,396.63669,0.021636092139999997,0.0019813048,0.00626543,4.7317399999999995e-05,6.892297999999999e-05,0.71842104,42.558681,0.09138543000000002,0.005271581,0.002553447,3.2396176e-05,0.00032457538
73,1607328600,19.673700000000004,19.673719,-0.0035609166999999997,-1.453337,6.93036,3.874841,6.038397,5.490955,0.6062407,8.774365,4.948947e-05,3.3670185e-05,3.5580499e-05,4.6118081e-05,6.9957205e-05,9.7811539e-05,0.00016547819000000002,0.00037046268999999996,8.439339,1.3944703999999999,0.0021790505000000003,87.96638,72.17888,0.0006530143,6.542693999999999,0.06614969000000001,207.99775,0.03611242627,0.003307973326,0.12468161,744.9733,0.03611242627,0.003307973326,0.014773096999999999,678.0931549999999,0.03611242627,0.003307973326,0.011509386,692.8630638,0.03611242627,0.003307973326,0.0062598540000000005,4.216384000000001e-05,6.396125000000001e-05,0.06453794,9.123080000000002,0.05525814,0.005242864000000001,0.0026358703,1.2765745e-05,0.00011732843999999999
73,1607329200,10.041957999999997,10.041968999999998,-0.009028703,-1.0852672,5.646696,2.6748269999999996,4.977002000000001,4.343008,0.25847954000000006,4.265334,3.895958999999999e-05,2.0342912e-05,2.1445285e-05,2.5568426e-05,3.4987053e-05,4.6188729999999996e-05,7.346321000000001e-05,0.00014473996999999998,3.4477070000000003,1.571753,0.0011294852,96.72213,82.42537,0.0003332424,6.299632,0.049606439999999995,107.05229000000001,0.020248825650000003,0.0018549041880000002,0.08503926,304.60790000000003,0.020248825650000003,0.0018549041880000002,0.011828941,369.78303999999997,0.020248825650000003,0.0018549041880000002,0.009038624,378.26025,0.020248825650000003,0.0018549041880000002,0.005659032,3.257793000000001e-05,5.3875150000000005e-05,-0.10887587700000001,85.224982,0.08670561,0.0035507539999999997,0.0011775683,2.1285729e-05,0.00020501282
73,1607329800,7.974116,7.974138000000001,-0.0027986522,-1.329882,4.5643020000000005,2.50588,4.127562999999999,3.877733,0.18137016,3.387574,3.068775e-05,1.0631166e-05,1.1725618000000001e-05,1.4614747e-05,2.2699539999999998e-05,3.727635e-05,5.177741e-05,0.00010124929000000001,2.466184,1.5194189999999999,0.0011916036999999997,99.19566,88.62543000000001,0.0002645365,6.498464,0.044707199999999996,85.62102,0.01104989099,0.001011751168,0.07191916000000001,216.97239999999996,0.01104989099,0.001011751168,0.010533415,234.35107000000002,0.01104989099,0.001011751168,0.007701242999999999,236.878478,0.01104989099,0.001011751168,0.006161726,4.326547e-05,6.462567e-05,-0.015818682,39.169257,0.07228587,0.004882942999999999,0.0025392889999999997,2.2316487e-05,0.00021152076000000003
73,1607330400,17.244712,17.24472,-0.004715307,-1.3832111,6.546049999999999,3.636846,5.901367,5.301724,0.5150527,7.543232000000001,6.155000999999999e-05,4.4845983e-05,4.6198969999999994e-05,5.4433697999999995e-05,7.489775900000001e-05,9.719274e-05,0.00014270442999999997,0.00027463939,7.3749709999999995,1.2454059999999998,0.0011870149,85.75910000000002,70.28696999999998,0.0005729001,6.0992310000000005,0.06357401999999998,182.90045000000003,0.01642184536,0.001503952764,0.11892425,649.7313,0.01642184536,0.001503952764,0.011953874,302.358513,0.01642184536,0.001503952764,0.008778870999999999,309.062248,0.01642184536,0.001503952764,0.006689547,5.6251000000000014e-05,7.755367000000001e-05,-0.043400900000000006,36.757974000000004,0.08608360000000001,0.0064471089999999995,0.003701880000000001,2.5972933000000004e-05,0.00025166677
73,1607331000,11.968243999999999,11.968276999999999,-0.0012809922,-1.2436448,5.95927,3.0450139999999997,5.112679,4.565916,0.42440797,5.3394010000000005,4.1035289999999996e-05,2.2370164000000003e-05,2.3432401999999998e-05,2.8636089000000002e-05,4.375272e-05,5.958416e-05,8.607869e-05,0.00017853341,4.524317999999999,1.4580131,0.0013305651,94.33849000000001,76.40266,0.000397099,6.464740000000001,0.053295669999999996,127.41120000000001,0.046568652,0.004267018799999999,0.09614175,399.30989999999997,0.046568652,0.004267018799999999,0.015665018,794.3368899999999,0.046568652,0.004267018799999999,0.012819346,816.83809,0.046568652,0.004267018799999999,0.006545241,5.284208e-05,7.442986e-05,-0.05858942,32.705564,0.0865834,0.005705023,0.0033977729999999998,3.0990797e-05,0.00030984656
73,1607331600,8.875381,8.875401,0.0007070436999999999,-1.257034,5.121794,2.5851529999999996,4.517389,3.9998349999999996,0.05856609,3.638769,3.01526e-05,1.0269535e-05,1.0752369e-05,1.5819698e-05,2.3264829999999997e-05,2.4131779e-05,3.6514284e-05,7.575152e-05,2.494287,1.9420320000000004,0.0011545788,104.23535999999999,94.99342,0.00029458519999999995,6.229152,0.046457740000000004,94.99352999999999,0.023849780100000002,0.0021849380500000002,0.07222164,219.66469999999998,0.023849780100000002,0.0021849380500000002,0.012000839000000003,441.08467,0.023849780100000002,0.0021849380500000002,0.009309155000000001,451.7924000000001,0.023849780100000002,0.0021849380500000002,0.006256821,4.225015e-05,6.337423000000001e-05,-0.029776459999999998,2.990088,0.03908018,0.004979702000000001,0.0029443129999999996,8.689712999999998e-06,6.218606e-05
73,1607332200,9.819598000000001,9.819611,0.0016815710000000002,-1.0304283,5.613020000000001,2.583404,4.645192000000001,3.956521000000001,0.45515017,4.7719640000000005,3.775103000000001e-05,1.9642954800000002e-05,2.0786789e-05,2.5565202000000003e-05,3.7653622e-05,5.3143134e-05,7.944145e-05,0.00016467959000000001,3.9465424,0.9617408,0.0010925049,89.59221999999998,78.11148,0.00032610943,6.618168999999999,0.04543151,105.29158,0.019148146890000002,0.0017537055669999996,0.08306376,348.46599,0.019148146890000002,0.0017537055669999996,0.011624397,347.70059,0.019148146890000002,0.0017537055669999996,0.008581893,355.63368,0.019148146890000002,0.0017537055669999996,0.006024801,4.654718e-05,6.74065e-05,-0.010716510000000002,96.20129,0.11193625999999998,0.004365189,0.0022309701,4.2282321e-05,0.0004109455400000001
73,1607332800,3.7509130000000006,3.7509349999999997,0.0006474088999999997,-1.2306124,3.4664570000000006,1.6609310000000002,3.0035410000000002,2.652569,0.18674601899999999,1.6287194,2.5611980000000003e-05,6.1073285000000004e-06,6.279577799999999e-06,7.956661e-06,1.8121e-05,2.2268869999999997e-05,2.5450648999999997e-05,4.9396e-05,1.6336317999999999,0.2410768,0.0006059742999999999,87.33395999999999,63.57763,0.000124628,6.310734,0.02849901,40.81427,0.00562061835,0.000514188504,0.05704865000000001,143.57684,0.00562061835,0.000514188504,0.007958024000000001,98.079155,0.00562061835,0.000514188504,0.004878841,100.164463,0.00562061835,0.000514188504,0.0063370039999999985,4.562888e-05,6.634755999999999e-05,-0.027629603000000003,15.150865,0.061760419999999996,0.004960196,0.0032223580000000003,1.4964046000000002e-05,0.00013083836
73,1607333400,1.955592,1.955613,-0.001636638,-1.6806370000000002,2.366846,1.310095,1.88657,1.7427890000000001,0.018859358,0.8228265,2.3660710000000003e-05,3.6957042999999995e-06,3.9208471e-06,5.4370490000000005e-06,1.1300458e-05,1.8156537e-05,2.0260430999999998e-05,4.112035e-05,0.9149766999999999,0.06223175999999999,0.0004800301,78.17235000000001,56.48488999999999,6.496130000000001e-05,6.325367,0.022283559999999997,21.23974,0.0026937436,0.00024600049999999997,0.04407501999999999,79.76131999999998,0.0026937436,0.00024600049999999997,0.006973007000000001,52.96189,0.0026937436,0.00024600049999999997,0.003650665,53.422849,0.0026937436,0.00024600049999999997,0.005659505,3.151618e-05,5.223211e-05,0.13501311700000002,18.318261999999997,0.04739821000000001,0.002295928,0.0009588044000000001,1.1663948000000002e-05,8.08884e-05
73,1607334000,1.5736729999999999,1.5736949999999998,0.007853733,-1.6722559999999997,2.141241,1.174631,1.7283519999999999,1.5791350000000002,0.016961818999999996,0.6575449,2.2129699999999996e-05,2.1567534999999997e-06,2.3959171000000004e-06,3.4526560000000005e-06,6.327627e-06,9.12963e-06,1.4604439e-05,3.0238309999999995e-05,0.7346975,0.05171099999999999,0.0003578927,80.33578,56.68632,5.2305469999999994e-05,6.371259,0.01996144,17.097249999999995,0.0019693010099999997,0.00017969267000000002,0.03956188,64.43044,0.0019693010099999997,0.00017969267000000002,0.0065059309999999995,37.13215,0.0019693010099999997,0.00017969267000000002,0.003098672,37.288246,0.0019693010099999997,0.00017969267000000002,0.004930462,1.660591e-05,3.7018220000000006e-05,-0.16024495,34.55375,0.03961380999999999,-0.00043145840000000004,-0.001461412,1.0050949e-05,5.63713e-05
73,1607334600,2.145562,2.145582,0.003309511,-1.3295483000000001,2.81686,1.283681,2.028549,1.7766930000000003,0.287223063,1.6362527,2.3007709999999997e-05,3.3075808999999996e-06,3.7301010000000003e-06,5.573313e-06,9.816688999999999e-06,1.4429119e-05,2.4304923e-05,5.17402e-05,1.0163824,0.05581686,0.00046539870000000003,76.0309,56.66627,7.125356999999999e-05,6.537985999999999,0.022054360000000002,23.35358,0.00102696449,9.3304204e-05,0.04373388,89.09618,0.00102696449,9.3304204e-05,0.006459498999999999,29.395322999999998,0.00102696449,9.3304204e-05,0.00306484,28.799678,0.00102696449,9.3304204e-05,0.005012636,2.5472099999999996e-05,4.590478e-05,-0.016723179999999994,201.71006000000003,0.10527795,-0.00019248869999999999,-0.0013325415000000002,5.0534813999999994e-05,0.0005083856
73,1607335200,3.6328929999999993,3.632909,0.034653021,-1.2257471,2.894376,1.4153219,2.4877890000000003,2.2640210000000005,0.306496616,1.7196595000000001,2.286742e-05,3.7571921000000004e-06,4.2298011e-06,6.561012e-06,1.2401008e-05,1.8700616e-05,3.2751037999999996e-05,7.765703999999998e-05,1.75351,0.06213771,0.0006383559999999999,80.99171999999999,59.04109000000001,0.00012068823,6.483973999999999,0.024139300000000002,38.144330000000004,0.00502574628,0.00045961496800000004,0.049558769999999995,153.12726000000004,0.00502574628,0.00045961496800000004,0.007582524000000002,90.47486799999999,0.00502574628,0.00045961496800000004,0.004100307,91.85064199999998,0.00502574628,0.00045961496800000004,0.005107697,2.19946e-05,4.244143e-05,-0.07782879000000001,56.278980000000004,0.05989848000000001,0.000431759,-0.0009491132,1.4209417999999999e-05,0.00010706011999999999
73,1607335800,2.0205260000000003,2.020546,0.0179834314,-1.3869359,2.527838,1.251105,2.075914,1.8085309999999999,0.151323291,0.9994079000000001,2.1887529999999995e-05,2.3866682000000002e-06,2.6426613e-06,4.077104e-06,7.637364e-06,1.1046436e-05,1.8920331e-05,4.0588270000000004e-05,0.9414613,0.06824621,0.0004661531999999999,82.75748999999999,58.303779999999996,6.710638999999999e-05,6.481769,0.0214445,22.273699999999998,0.00260439563,0.0002378685671,0.043023849999999995,83.22817,0.00260439563,0.0002378685671,0.007085696,53.456777,0.00260439563,0.0002378685671,0.00372286,53.718987000000006,0.00260439563,0.0002378685671,0.004973498999999999,2.190144e-05,4.222409e-05,-0.036182549999999994,140.76185000000004,0.08039769000000001,-0.0002143388,-0.0013391674000000002,3.0065167e-05,0.00028350186
73,1607336400,1.65758,1.657601,0.01574873,-1.6188500000000001,2.24598,1.2027610000000002,1.842284,1.6712400000000003,0.011311241999999999,0.6823078,2.4186490000000002e-05,4.4751626e-06,4.8949566e-06,6.3748442e-06,9.744082000000001e-06,1.3884953e-05,2.1972176000000004e-05,4.3970589999999995e-05,0.7604246,0.06784309,0.00041142740000000004,78.7487,58.247699999999995,5.5034810000000004e-05,6.485809000000001,0.02038963,18.111920000000005,0.0015991540299999999,0.00014587795,0.04043757,67.16507,0.0015991540299999999,0.00014587795,0.006460661000000001,38.035591999999994,0.0015991540299999999,0.00014587795,0.0030617390000000004,37.680870999999996,0.0015991540299999999,0.00014587795,0.004927239000000002,1.665479e-05,3.699306e-05,0.10467279999999997,34.15028000000001,0.04104099,-0.00035613979999999995,-0.0013928080000000002,1.0019771e-05,5.480765e-05
73,1607337000,1.51441,1.5144300000000002,0.02483409,-1.525934,2.255394,1.138954,1.8316689999999998,1.6473110000000002,0.0128751,0.6295368,2.301351e-05,3.108522300000001e-06,3.3136755e-06,4.445958e-06,7.653693000000002e-06,1.0548158e-05,1.6811696000000003e-05,3.2498070000000004e-05,0.6820353,0.07465905,0.00042739200000000007,82.37363,59.93910999999999,5.031676999999999e-05,6.2929900000000005,0.01917063,16.531010000000002,0.00123152135,0.00011220902080000001,0.03819707,59.90995,0.00123152135,0.00011220902080000001,0.006158904,25.797495999999995,0.00123152135,0.00011220902080000001,0.002728414,25.667161,0.00123152135,0.00011220902080000001,0.004934451,1.69559e-05,3.733537e-05,0.081732713,38.3247,0.04450103,-0.0004286915,-0.0014588549999999998,1.0265520000000002e-05,6.209584999999999e-05
73,1607337600,1.4244949999999998,1.4245170000000003,0.03246764,-1.432971,2.2168060000000005,1.092154,1.825105,1.640037,0.014188451999999999,0.5937861999999999,2.2909e-05,3.1169375000000007e-06,3.5235035e-06,4.547467e-06,7.474832999999999e-06,1.1635224e-05,1.7022688e-05,3.347356e-05,0.6429611,0.06879816000000001,0.00040441230000000004,82.98089000000002,59.7476,4.731121e-05,6.623340999999999,0.01838446,15.5923,0.00162839607,0.000148529997,0.037088949999999996,56.53884000000001,0.00162839607,0.000148529997,0.006428874999999999,33.575037,0.00162839607,0.000148529997,0.0029709740000000004,33.541247,0.00162839607,0.000148529997,0.004926318,1.648831e-05,3.689573e-05,-0.14605552000000002,36.927659999999996,0.04230075,-0.0004657601,-0.00149639,1.0630077e-05,6.839519e-05
73,1607338200,1.329248,1.3292680000000001,0.03985053,-1.3432349999999997,2.2211559999999997,1.044317,1.808493,1.6236869999999999,0.010136935000000001,0.5538061999999999,2.2409529999999998e-05,2.507864e-06,2.7870694e-06,3.855410100000001e-06,6.478882000000001e-06,9.390844e-06,1.5543426e-05,3.126426e-05,0.5982809,0.06580438000000001,0.000464087,82.99774,59.99925999999999,4.416042e-05,6.362451999999999,0.017429679999999996,14.39376,0.0021986607999999997,0.00020067851999999996,0.03564538,52.116020000000006,0.0021986607999999997,0.00020067851999999996,0.0067848050000000005,40.63985,0.0021986607999999997,0.00020067851999999996,0.0033327949999999995,40.989979,0.0021986607999999997,0.00020067851999999996,0.004904362000000001,1.5895049999999996e-05,3.6205089999999996e-05,0.00598840000000001,36.965529999999994,0.04244329,-0.0005365095,-0.001563041,9.63703e-06,5.339369e-05
73,1607338800,1.346778,1.346797,0.03594537999999999,-1.415353,2.1713899999999997,1.0597554,1.7851679999999999,1.595486,0.013538695999999998,0.5622726,2.2678970000000002e-05,3.0410986e-06,3.3929850999999993e-06,4.5075140000000004e-06,7.222664999999999e-06,1.028817e-05,1.6424486e-05,3.250907e-05,0.5991231,0.07374997,0.0004357845,82.06621,61.078149999999994,4.4720760000000004e-05,6.4911829999999995,0.01780652,14.72286,0.00138110194,0.00012594047389999997,0.03572615,52.485200000000006,0.00138110194,0.00012594047389999997,0.006076132999999999,27.670699000000003,0.00138110194,0.00012594047389999997,0.002618666,27.546574000000003,0.00138110194,0.00012594047389999997,0.004872784999999999,1.534248e-05,3.546084e-05,-0.0732643,35.4211,0.03858928,-0.0005336601999999999,-0.001547871,9.455393e-06,5.440483e-05
73,1607339400,1.399822,1.399842,0.02680578,-1.572163,2.153204,1.1013920000000001,1.737315,1.5535610000000002,0.016170177,0.5881331999999999,2.419295e-05,4.501561199999999e-06,4.900963999999999e-06,6.3359729999999995e-06,9.196970000000001e-06,1.3116913000000002e-05,1.9746594999999998e-05,3.8342760000000006e-05,0.6207326999999999,0.07848834000000002,0.0005889655000000001,81.79198999999998,61.33257,4.648121e-05,6.423366,0.0186028,15.399379999999999,0.00120658273,0.00010976595999999999,0.03647088999999999,54.72976,0.00120658273,0.00010976595999999999,0.006213814,25.434105,0.00120658273,0.00010976595999999999,0.0027543449999999996,25.142651,0.00120658273,0.00010976595999999999,0.004881812000000001,1.5293860000000003e-05,3.5525890000000004e-05,-0.0061808799999999945,33.66295,0.03817979,-0.0004954062,-0.001500135,9.249387999999999e-06,5.369004e-05
73,1607340000,1.2535450000000001,1.253565,0.03179367,-1.5219489999999998,2.081202,1.0371586000000002,1.685152,1.4924330000000001,0.012308992000000001,0.529507,2.110193e-05,9.512445000000001e-07,1.0122813000000002e-06,1.8348280000000001e-06,3.745928e-06,5.79263e-06,8.816034000000001e-06,1.9015850000000005e-05,0.5472859999999999,0.07882420999999999,0.0006203444,88.24904999999998,62.766999999999996,4.168593e-05,6.0125329999999995,0.01747483,13.78142,0.00034752195000000005,3.1080158e-05,0.03419609,48.16395,0.00034752195000000005,3.1080158e-05,0.005967712,17.228764,0.00034752195000000005,3.1080158e-05,0.002423036,16.323288,0.00034752195000000005,3.1080158e-05,0.004904845,1.5480709999999996e-05,3.583688e-05,0.048741299999999974,34.34973,0.03913615,-0.0005493814000000001,-0.0015838430000000001,9.518128e-06,6.118261e-05
73,1607340600,1.150339,1.1503590000000001,0.02381192,-1.469852,2.023825,0.9894776000000001,1.6420260000000002,1.4482200000000003,0.009181876,0.48053100000000004,2.243331e-05,2.3703617999999997e-06,2.6347943e-06,3.7586215999999995e-06,6.182519e-06,9.246027e-06,1.4866658999999999e-05,2.9160619999999998e-05,0.5035057000000001,0.07112115999999999,0.00047016369999999997,84.18379000000002,62.43471999999999,3.8191350000000005e-05,6.556557,0.01678057,12.95059,0.00066599107,6.024572199999999e-05,0.0329603,44.62028,0.00066599107,6.024572199999999e-05,0.005810374,15.552467000000002,0.00066599107,6.024572199999999e-05,0.002221203,15.097090000000003,0.00066599107,6.024572199999999e-05,0.004913448,1.5127900000000001e-05,3.565979e-05,-0.04035293,34.45029,0.03753704,-0.0006165334,-0.0016359270000000001,9.103318e-06,5.224878999999999e-05
73,1607341200,1.0271753000000001,1.0271946,0.027319799999999998,-1.4769920000000003,1.93157,0.9350826000000001,1.542572,1.369768,0.011238680000000001,0.4374561999999999,2.188167e-05,1.8593861000000001e-06,2.1280981000000003e-06,3.148966e-06,5.327408e-06,8.460576e-06,1.3557091999999999e-05,2.7446859999999997e-05,0.4520524,0.061054260000000006,0.0004157304,85.66384000000001,61.973040000000005,3.409495e-05,6.58647,0.01582797,11.59371,0.0020440037199999997,0.00018661195649999997,0.03116333,39.92560000000001,0.0020440037199999997,0.00018661195649999997,0.0064435180000000005,37.088446000000005,0.0020440037199999997,0.00018661195649999997,0.002832633,37.410829,0.0020440037199999997,0.00018661195649999997,0.004889220999999999,1.45217e-05,3.492358e-05,-0.05789875,34.59926,0.037161110000000004,-0.0006794671,-0.001703039,8.917932999999998e-06,5.1267620000000005e-05
73,1607341800,1.2298110000000002,1.2298319999999998,0.018729249999999996,-1.59108,2.0133249999999996,1.0318386,1.6104119999999997,1.4393680000000002,0.014063021,0.5206364,2.2347509999999996e-05,2.3949733e-06,2.6713612000000002e-06,3.6298219999999997e-06,6.114667000000001e-06,9.099988000000001e-06,1.4015193e-05,2.9407190000000005e-05,0.5448907,0.06954509,0.00040021480000000003,83.28322,61.436879999999995,4.085163e-05,6.388998,0.01743454,13.43117,0.0020532521900000003,0.00018745036269999997,0.03410165,47.860079999999996,0.0020532521900000003,0.00018745036269999997,0.006592129,40.287259,0.0020532521900000003,0.00018745036269999997,0.0030866630000000008,40.553281,0.0020532521900000003,0.00018745036269999997,0.004852026,1.4167060000000001e-05,3.435933e-05,-0.03475160199999998,34.18264,0.03700004,-0.0006613054,-0.001638042,8.754926999999999e-06,4.956699e-05
73,1607342400,1.2241600000000001,1.2241799999999998,0.024290769999999996,-1.617482,1.9782990000000003,1.0359170000000002,1.6011099999999998,1.4299179999999998,0.010211572,0.5080297,2.259467e-05,2.8247042000000002e-06,3.1606144000000004e-06,4.3311060000000005e-06,7.0668409999999995e-06,1.0453743e-05,1.6401962000000003e-05,3.2744430000000007e-05,0.542006,0.06951649,0.00047598709999999996,83.88328,61.44208999999999,4.063686e-05,6.685300000000001,0.01757181,13.541469999999999,0.00109238354,9.936028099999999e-05,0.03414328,47.885720000000006,0.00109238354,9.936028099999999e-05,0.006180019,27.203109,0.00109238354,9.936028099999999e-05,0.0026421559999999997,26.802207,0.00109238354,9.936028099999999e-05,0.0048599509999999995,1.4359579999999997e-05,3.458393e-05,0.10746183999999999,35.20441,0.038578440000000006,-0.0006518446,-0.0016455079999999997,9.077255999999998e-06,5.6047409999999995e-05
73,1607343000,1.02379,1.02381,0.029159030000000002,-1.6080280000000002,1.850008,0.9455895999999999,1.472895,1.305078,0.009551117,0.4294415,2.1586660000000002e-05,1.8101927e-06,2.0468877000000005e-06,3.0076812000000004e-06,5.133818999999999e-06,8.104618999999999e-06,1.2698948e-05,2.59459e-05,0.44302450000000004,0.06834371,0.00046547640000000007,83.97081999999999,63.48546000000001,3.399913e-05,6.4449,0.016075589999999997,11.45456,0.00080598754,7.318929199999999e-05,0.030829000000000006,39.093759999999996,0.00080598754,7.318929199999999e-05,0.005895632,19.64138,0.00080598754,7.318929199999999e-05,0.002304086,19.171084999999998,0.00080598754,7.318929199999999e-05,0.004847498,1.429518e-05,3.43603e-05,-0.051116470000000004,35.77252,0.03675689,-0.0007599530000000001,-0.0017266149999999997,8.82654e-06,4.954063e-05
73,1607343600,1.037375,1.037395,0.024687689999999998,-1.6048099999999998,1.8651959999999999,0.953843,1.4868839999999999,1.311639,0.007923149,0.432115,2.200375e-05,2.2154331000000002e-06,2.4474967999999997e-06,3.487669e-06,5.753446999999999e-06,8.532805e-06,1.3409176e-05,2.616821e-05,0.4497553999999999,0.0684646,0.0004030204,88.01374000000001,63.277150000000006,3.443604000000001e-05,6.56591,0.01612827,11.485980000000001,0.00131726872,0.00012008054450000002,0.031047059999999998,39.58479,0.00131726872,0.00012008054450000002,0.005866389,24.218580000000003,0.00131726872,0.00012008054450000002,0.0022877740000000002,24.1855117,0.00131726872,0.00012008054450000002,0.00484152,1.425249e-05,3.4282659999999993e-05,0.10251896,35.14016,0.037632250000000006,-0.0007108072,-0.0016746859999999999,8.81445e-06,5.2085879999999994e-05
73,1607344200,1.0362611000000002,1.0362811,0.02030414,-1.6363109999999998,1.8452070000000003,0.9562534999999999,1.460819,1.287938,0.007505393000000001,0.42968039999999996,2.1311449999999997e-05,1.4182967999999999e-06,1.6460105000000002e-06,2.652626e-06,4.867776e-06,7.517805e-06,1.2800255999999998e-05,2.6624450000000002e-05,0.4471198,0.07049296000000001,0.0004588389,85.98628000000001,63.70610999999999,3.439066e-05,6.669583,0.016187330000000003,11.465489999999999,0.00039468995,3.54611873e-05,0.030941490000000006,39.33,0.00039468995,3.54611873e-05,0.0057232889999999995,12.153713,0.00039468995,3.54611873e-05,0.0021189119999999997,11.562883,0.00039468995,3.54611873e-05,0.004845928,1.364522e-05,3.386354e-05,0.06890741,35.99908,0.03718603,-0.0008012076,-0.0017687879999999999,8.554633000000001e-06,4.7285760000000004e-05
73,1607344800,0.9188831000000001,0.9189033,0.025039879999999997,-1.591992,1.776166,0.8954660999999999,1.40258,1.230976,0.010074816,0.3874143,2.233869e-05,2.5161355e-06,2.7966748e-06,3.8331061e-06,6.029117000000001e-06,8.694798e-06,1.3482906000000002e-05,2.5946390000000002e-05,0.39186489999999996,0.06709065,0.00041972680000000004,83.48328000000001,64.70988000000001,3.0516199999999998e-05,6.481299,0.0151672,10.273689,0.00130035395,0.000118464383,0.02895454,34.45451,0.00130035395,0.000118464383,0.006041186,24.946201,0.00130035395,0.000118464383,0.00240385,24.827017,0.00130035395,0.000118464383,0.0048514660000000005,1.3635150000000001e-05,3.387220999999999e-05,0.038736449999999985,36.037760000000006,0.03945654999999999,-0.0008411418000000001,-0.0018009829999999997,8.482463999999999e-06,4.8463329999999996e-05
73,1607345400,0.9725123,0.9725327,0.014793269999999997,-1.640625,1.76559,0.9275768000000001,1.406218,1.2436500000000001,0.008281300000000002,0.40458429999999995,2.2389769999999998e-05,2.4771183000000003e-06,2.7648951e-06,3.7871649999999996e-06,6.1098820000000005e-06,9.056937e-06,1.4373037000000002e-05,2.760064e-05,0.4197687,0.06605656,0.00036180079999999996,86.08417999999999,63.66501000000001,3.227565e-05,6.649461,0.015734650000000003,10.825019999999999,0.00055625086,5.0257610000000006e-05,0.02999987,36.98547,0.00055625086,5.0257610000000006e-05,0.00584188,16.312520999999997,0.00055625086,5.0257610000000006e-05,0.00220942,15.695444,0.00055625086,5.0257610000000006e-05,0.004827541,1.31963e-05,3.3309800000000004e-05,0.015050510000000003,34.74565,0.03574594,-0.0008227066,-0.001786802,8.114719e-06,5.032379e-05
73,1607346000,0.8643862999999999,0.8644064,0.011234277,-1.6696270000000002,1.659501,0.8742391999999999,1.2909769999999998,1.141835,0.009881463,0.36385769999999995,2.148962e-05,1.5653755e-06,1.7629949e-06,2.6723697999999997e-06,4.5662460000000004e-06,6.968040000000001e-06,1.1193153999999999e-05,2.0885990000000002e-05,0.36892439999999993,0.06288793,0.00032927900000000003,87.47379999999998,64.71588,2.87018e-05,6.470972999999999,0.014938990000000003,9.718032000000001,0.00153058324,0.000139540907,0.028068960000000004,32.406729999999996,0.00153058324,0.000139540907,0.006169198999999999,29.118745,0.00153058324,0.000139540907,0.002523666,29.243046999999997,0.00153058324,0.000139540907,0.004842142,1.369299e-05,3.385704e-05,-0.020935760000000005,37.03528,0.037100869999999994,-0.0008330915,-0.0018044619999999997,8.767716999999999e-06,5.0197229999999996e-05
73,1607346600,0.8443042999999999,0.8443242999999999,0.01534546,-1.665684,1.663927,0.8649835999999999,1.288127,1.135233,0.008170816000000001,0.3540359,2.134191e-05,1.5369269e-06,1.7684524999999997e-06,2.543569e-06,4.857518e-06,7.535755e-06,1.1811415000000001e-05,2.294807e-05,0.36000669999999996,0.06173248,0.00035808199999999996,85.89723000000001,64.74100000000001,2.802428e-05,6.687669000000001,0.014612169999999999,9.285703000000002,0.00127142163,0.000115818765,0.02767253,31.42843,0.00127142163,0.000115818765,0.006052138,24.575666000000002,0.00127142163,0.000115818765,0.0024011889999999998,24.488093999999997,0.00127142163,0.000115818765,0.0048331350000000006,1.3586730000000002e-05,3.365889e-05,-0.014752611000000002,36.935199999999995,0.03768853,-0.000836653,-0.0018073059999999998,8.678301e-06,5.201118e-05
73,1607347200,0.7610508,0.7610705,0.027935919999999996,-1.5527929999999999,1.630812,0.8123282999999999,1.293001,1.1288969999999998,0.009478152,0.32565730000000004,2.135533e-05,1.6809317e-06,1.886908e-06,2.5906583000000004e-06,4.360609000000001e-06,6.341942e-06,9.752422e-06,1.9710112e-05,0.32021369999999993,0.05993404,0.00032921390000000006,86.13108,65.97900999999999,2.5273249999999997e-05,6.492547999999999,0.0136125,8.360445000000002,0.0008598145100000001,7.8042303e-05,0.026055580000000002,27.933690000000002,0.0008598145100000001,7.8042303e-05,0.005850454999999999,17.772407,0.0008598145100000001,7.8042303e-05,0.0021589519999999996,17.50433,0.0008598145100000001,7.8042303e-05,0.004714598,1.0360771000000002e-05,3.034367e-05,-0.13718712000000002,46.920049999999996,0.03669477,-0.0011080013999999999,-0.0019896460000000003,7.330310000000001e-06,4.900120000000001e-05
73,1607347800,1.0163907,1.0164097,0.03843137,-1.417271,1.780592,0.924288,1.564511,1.3942150000000002,0.008432017000000002,0.4215101,2.1496219999999997e-05,1.7432496999999998e-06,1.8400929e-06,2.4019602e-06,3.905856000000001e-06,5.382858999999999e-06,8.908836e-06,2.0199214e-05,0.4488654,0.05892764,0.0003557876,84.83892,61.69037999999999,3.374272e-05,6.488301,0.01523727,10.76262,0.00133839889,0.00012190990099999999,0.030909399999999997,39.23097,0.00133839889,0.00012190990099999999,0.006320465999999999,28.278308999999997,0.00133839889,0.00012190990099999999,0.002744766,28.165543000000003,0.00133839889,0.00012190990099999999,0.0045292679999999995,4.809263e-06,2.479941e-05,0.019396490000000002,20.4312364,0.019445346999999998,-0.001234169,-0.002011222,2.3459964e-06,2.410501e-05
73,1607348400,1.2155790000000002,1.2155999999999998,0.04474808,-1.2581840000000002,1.962058,0.9837116000000001,1.758165,1.581761,0.011113043999999999,0.5035235,2.1795130000000003e-05,2.0793926999999997e-06,2.0989502000000003e-06,2.6487706e-06,4.117116e-06,5.5459372e-06,8.96871e-06,2.0005687999999998e-05,0.5513964,0.05599491999999999,0.0003492444,83.32892999999999,59.347069999999995,4.0383720000000006e-05,6.326142,0.01643142,12.848409999999998,0.0017262294000000005,0.00015739503000000002,0.03434762,48.46950999999999,0.0017262294000000005,0.00015739503000000002,0.006608005,33.299305000000004,0.0017262294000000005,0.00015739503000000002,0.003082884,33.415161,0.0017262294000000005,0.00015739503000000002,0.004536219,4.670278999999999e-06,2.478707e-05,0.07578812899999998,15.281069900000006,0.018923897000000002,-0.001165409,-0.001970269,2.1115448e-06,2.2764829999999998e-05
73,1607349000,1.1311820000000001,1.1312019999999996,0.052119929999999995,-1.167822,1.8992440000000002,0.9383134,1.7277530000000003,1.550187,0.013259238000000001,0.47019690000000003,2.199083e-05,2.3024195999999997e-06,2.3792247999999998e-06,2.9016298000000004e-06,4.4460657e-06,5.863833300000001e-06,9.073109999999999e-06,1.9750686e-05,0.5095706,0.0556161,0.0003550859,81.73481999999998,59.95049,3.758427e-05,6.324159,0.015561440000000001,11.81506,0.00179240519,0.00016355206019999998,0.03287414,44.31873,0.00179240519,0.00016355206019999998,0.006489717000000001,34.603695,0.00179240519,0.00016355206019999998,0.0029789260000000002,34.695845000000006,0.00179240519,0.00016355206019999998,0.0045196659999999994,4.7593290000000005e-06,2.476398e-05,0.029684533999999995,6.3476541,0.01156797,-0.0010014345,-0.0018533479999999999,1.5350655999999999e-06,1.722462e-05
73,1607349600,1.1058571000000001,1.1058781,0.056791140000000004,-1.0510439999999999,2.020074,0.9093810000000001,1.7451519999999998,1.5639099999999997,0.013077236,0.46309560000000005,2.236484e-05,2.6812252999999997e-06,2.8311798e-06,3.5515349e-06,5.185368e-06,7.101327e-06,1.0558558e-05,2.237041e-05,0.49866790000000005,0.053816710000000004,0.0003874779,84.61056,59.85979999999999,3.673325e-05,6.58649,0.015389159999999995,11.77453,0.00148905919,0.00013575285389999997,0.0326144,43.695080000000004,0.00148905919,0.00013575285389999997,0.006240641999999999,28.717650000000003,0.00148905919,0.00013575285389999997,0.0027076279999999997,28.634254999999996,0.00148905919,0.00013575285389999997,0.004598652999999999,7.016657000000001e-06,2.7071000000000002e-05,0.19737535,22.641829800000004,0.029312161000000003,-0.0006886201000000001,-0.001606217,3.5437214000000006e-06,3.333638000000001e-05
73,1607350200,0.931866,0.9318858999999999,0.06314105,-1.0324707,1.742866,0.8316174999999999,1.6072980000000001,1.43333,0.013771533999999998,0.39203239999999995,2.209872e-05,2.3643649e-06,2.4791525e-06,3.0979916000000003e-06,4.4205236999999994e-06,6.327683e-06,9.516503999999999e-06,2.1349235e-05,0.41925730000000005,0.04625106,0.00037265409999999997,80.15333000000001,60.20503000000001,3.092647e-05,6.36366,0.01405106,9.89495,0.0012004212100000002,0.0001093315398,0.0298485,36.811899999999994,0.0012004212100000002,0.0001093315398,0.006157754,23.995689000000002,0.0012004212100000002,0.0001093315398,0.002553006,23.821784,0.0012004212100000002,0.0001093315398,0.004523968000000001,4.886421e-06,2.4928480000000002e-05,-0.002176892999999999,0.5026109,0.006162507,-0.0008336355000000001,-0.0017132849999999997,9.955242000000002e-07,1.291989e-05
73,1607350800,0.858417,0.8584369000000001,0.05918611,-1.1067379999999998,1.654438,0.8112107,1.528471,1.362943,0.008673466000000001,0.35716669999999995,2.164899e-05,2.0685948999999997e-06,2.1410731e-06,2.5314626e-06,3.6859204e-06,4.781705000000001e-06,6.8217889999999995e-06,1.5416488e-05,0.3807456,0.04809707,0.00032596100000000005,85.53372999999999,61.30771,2.852614e-05,6.20388,0.013653809999999999,9.237562,0.00106618158,9.6953151e-05,0.028620279999999998,33.660309999999996,0.00106618158,9.6953151e-05,0.006037895999999999,21.027386999999997,0.00106618158,9.6953151e-05,0.0024036710000000005,20.820321,0.00106618158,9.6953151e-05,0.004504113,4.6875069999999996e-06,2.4612400000000002e-05,-0.017819699,1.4058799,0.007999743,-0.0009118596999999999,-0.0017613880000000002,1.0775209999999998e-06,1.410645e-05
73,1607351400,0.8697427999999998,0.8697624999999999,0.06373748,-1.0317976,1.70544,0.8055551000000001,1.552699,1.3842060000000003,0.014510980000000001,0.3704025,2.130809e-05,1.7217844999999999e-06,1.7682165000000002e-06,2.2477667e-06,3.4138900000000006e-06,4.676927e-06,7.199242999999999e-06,1.5973952999999998e-05,0.38744900000000004,0.04703238,0.0003511679,83.04776999999999,61.11084000000001,2.8892640000000005e-05,6.386322999999999,0.01347915,9.105817000000002,0.0009248540100000001,8.41421265e-05,0.0285898,33.73267,0.0009248540100000001,8.41421265e-05,0.005933806,20.06408,0.0009248540100000001,8.41421265e-05,0.00231761,19.742081000000002,0.0009248540100000001,8.41421265e-05,0.004496852,4.6391e-06,2.450185e-05,-0.004533865999999999,0.4819768,0.006294808000000001,-0.0009110653,-0.0017487949999999998,9.629867e-07,1.3039869999999998e-05
73,1607352000,0.566863,0.5668829000000001,0.07557447,-1.0745175999999999,1.377717,0.6616543,1.268138,1.11382,0.004640528999999999,0.23454350000000002,2.104313e-05,1.2885242e-06,1.3458078599999998e-06,1.6880832e-06,2.6961205999999997e-06,3.7980361e-06,5.6236e-06,1.3552290000000002e-05,0.23985629999999997,0.043185440000000005,0.0003583357,86.57957999999999,65.35427000000001,1.8815999999999997e-05,6.564577,0.01103575,6.150882,0.00049492056,4.47100489e-05,0.022720010000000002,21.21021,0.00049492056,4.47100489e-05,0.005487207000000001,10.8764553,0.00049492056,4.47100489e-05,0.0016948867999999999,10.4127117,0.00049492056,4.47100489e-05,0.004484936,3.6272199999999995e-06,2.3560640000000002e-05,-0.002828581000000001,0.5187055,0.004296205,-0.001316236,-0.002088959,8.775576999999999e-07,1.1877439999999999e-05
73,1607352600,0.5286374,0.5286573999999999,0.08876102999999999,-0.9130905,1.3565299999999998,0.6208424,1.24665,1.0937948,0.006988881,0.22000029999999998,2.061029e-05,6.114471999999999e-07,6.256924e-07,8.382225e-07,1.5241579000000001e-06,2.2464314e-06,3.2043869999999996e-06,8.983887000000002e-06,0.21886109999999998,0.045114310000000005,0.0003234036,90.62369,67.57417000000001,1.756915e-05,6.1910050000000005,0.010550762,5.7790680000000005,0.00117089134,0.000106626625,0.021663150000000003,19.449620000000003,0.00117089134,0.000106626625,0.0060238489999999995,21.608900000000002,0.00117089134,0.000106626625,0.0021971119,21.543985,0.00117089134,0.000106626625,0.004497696,3.472755e-06,2.355474e-05,-0.017410449100000003,0.529978,0.004318978,-0.001406866,-0.002155259,9.027773000000001e-07,1.201641e-05
73,1607353200,0.3768214,0.3768416,0.08681941000000001,-0.411205,1.243463,0.4667411,1.1290080000000002,0.9686179000000001,0.004724683,0.1594058,2.039376e-05,4.0541050000000004e-07,4.5404019999999994e-07,6.597794e-07,1.2310127e-06,1.9188533e-06,3.0750540000000004e-06,8.723046e-06,0.1427979,0.04537944,0.00021581830000000002,89.70448,74.41551999999999,1.2505578e-05,6.605754,0.009447428999999999,4.134074,0.0011453980799999998,0.00010425328800000001,0.01755101,12.694301000000001,0.0011453980799999998,0.00010425328800000001,0.0060941219999999996,20.850307,0.0011453980799999998,0.00010425328800000001,0.002163136,20.78027,0.0011453980799999998,0.00010425328800000001,0.004492744,2.6823629999999995e-06,2.278675e-05,-0.027809797999999997,1.5374351000000002,0.004354359,-0.0017160310000000002,-0.002446961,9.708797e-07,1.2495970000000003e-05
73,1607353800,0.34807699999999997,0.3480974,0.03689283,-0.3009408,1.204238,0.44460810000000006,1.094694,0.9242532000000001,0.004746508000000001,0.1471411,2.039353e-05,2.0258639000000002e-07,2.0918526000000002e-07,3.041831e-07,6.872463e-07,1.0588494e-06,1.5958511999999998e-06,4.9267700000000004e-06,0.11542919999999998,0.05850165999999999,9.765739e-05,103.30002999999999,83.73757,1.1564e-05,6.176620999999999,0.009141319,3.7855119999999998,0.0007015521300000001,6.3591393e-05,0.015751350000000004,10.191819,0.0007015521300000001,6.3591393e-05,0.005801429,14.244795,0.0007015521300000001,6.3591393e-05,0.001823822,13.908281000000002,0.0007015521300000001,6.3591393e-05,0.004500868,2.359052e-06,2.257858e-05,-0.007836074000000002,0.7874287,0.002228168,-0.0018788949999999998,-0.002578076,8.118295999999999e-07,1.136268e-05
73,1607354400,0.40865029999999997,0.40867060000000005,0.03918702,-0.3331113,1.296676,0.4812218,1.1817750000000002,1.0030804,0.004617002,0.1735524,2.066663e-05,5.3070417e-07,5.598123799999999e-07,7.201721e-07,1.2182012000000002e-06,1.7149874999999999e-06,2.6275699999999996e-06,7.025197999999999e-06,0.1454957,0.058718269999999996,9.544868999999999e-05,99.08446,78.94764,1.357078e-05,6.365592,0.009908420999999999,4.4404710000000005,0.0009776910000000002,8.8867242e-05,0.017657990000000002,12.814240000000002,0.0009776910000000002,8.8867242e-05,0.0059756259999999995,18.566488999999997,0.0009776910000000002,8.8867242e-05,0.002036633,18.391492,0.0009776910000000002,8.8867242e-05,0.004506009,2.5393269999999997e-06,2.276766e-05,0.007241727000000001,4.2489398000000005,0.007804074000000001,-0.001827215,-0.002527954,1.0208556e-06,1.406926e-05
73,1607355000,0.41917979999999994,0.4192,0.04273633,-0.4329242,1.316402,0.49950289999999997,1.179224,1.0051814000000001,0.005070052,0.1798437,2.082075e-05,6.420631e-07,6.801261e-07,8.383442e-07,1.3498429000000002e-06,1.8713618999999998e-06,2.9977219999999995e-06,6.985209e-06,0.1476492,0.06181136,0.00011265164000000001,100.15511,79.69688,1.3913789999999998e-05,6.4527079999999994,0.010148433000000002,4.50571,0.00043978967,3.9630097400000004e-05,0.017735599999999997,12.89974,0.00043978967,3.9630097400000004e-05,0.005461872,9.703920300000002,0.00043978967,3.9630097400000004e-05,0.001529807,9.2488451,0.00043978967,3.9630097400000004e-05,0.004498626,2.596537e-06,2.2765280000000002e-05,-0.05352535199999999,1.8929017000000001,0.004327256999999999,-0.001766633,-0.002486509,8.786164e-07,1.220494e-05
73,1607355600,0.4113245,0.4113448,0.04702902,-0.3608971,1.308714,0.48849159999999997,1.1868759999999998,1.0020685,0.0059145180000000006,0.1765752,2.0554840000000005e-05,4.3348244e-07,4.5772881e-07,6.100496e-07,1.0976502e-06,1.6032307000000001e-06,2.4794490000000002e-06,6.557032000000001e-06,0.1432353,0.06228513,0.0001279021,101.10297,80.47632999999999,1.3655320000000003e-05,6.531719,0.009988403000000002,4.423491,0.00086965387,7.907823069999999e-05,0.01750451,12.588280000000001,0.00086965387,7.907823069999999e-05,0.005709489999999999,16.2955101,0.00086965387,7.907823069999999e-05,0.0017703338000000003,16.0743813,0.00086965387,7.907823069999999e-05,0.004503502,2.6437480000000003e-06,2.286333e-05,-0.0021916359999999985,0.7026598,0.0030536670000000004,-0.001752254,-0.0024657869999999997,8.763177000000001e-07,1.1537070000000001e-05
73,1607356200,0.3853578999999999,0.3853783,0.05110502,-0.4909872999999999,1.2489,0.4873818,1.1322709999999998,0.9566541000000001,0.004973099,0.1645216,2.088471e-05,6.1133972e-07,6.524943499999999e-07,8.244512e-07,1.3669566999999998e-06,1.8874576e-06,2.98306e-06,7.1364649999999994e-06,0.1325286,0.059995599999999996,0.0001382428,97.86816999999999,81.41165000000001,1.279854e-05,6.466963,0.009801433000000002,4.1560049999999995,0.00097708717,8.881616600000001e-05,0.016773779999999995,11.558363,0.00097708717,8.881616600000001e-05,0.005825741000000001,17.215322,0.00097708717,8.881616600000001e-05,0.0018689571999999997,17.092531,0.00097708717,8.881616600000001e-05,0.004507265,2.55124e-06,2.2807789999999998e-05,-0.003403453699999999,1.1266903,0.003945169,-0.001823513,-0.002514301,8.626736e-07,1.1524199999999999e-05
73,1607356800,0.40940760000000004,0.4094277,0.04004157,-0.6685308,1.254863,0.5263552,1.142697,0.9654299,0.004241633999999999,0.17340640000000002,2.063454e-05,6.3692e-07,6.7377001e-07,8.756877e-07,1.4833793000000001e-06,2.0887926e-06,3.3036852e-06,8.046579e-06,0.14526469999999997,0.05928707000000001,0.00013413,93.65518,79.14665999999998,1.3592580000000001e-05,6.466403,0.010265724,4.418604,0.0008114201599999999,7.365432399999999e-05,0.017639469999999997,12.78582,0.0008114201599999999,7.365432399999999e-05,0.005699802,15.038539999999998,0.0008114201599999999,7.365432399999999e-05,0.0017672942999999997,14.8452549,0.0008114201599999999,7.365432399999999e-05,0.004489322,2.4901290000000003e-06,2.258703e-05,0.013187970000000002,1.8481538,0.0052514070000000005,-0.0018319909999999998,-0.002517517,9.163732000000001e-07,1.215546e-05
73,1607357400,0.4310701,0.4310900999999999,0.02698331,-0.8676327,1.246163,0.5571593,1.128372,0.9659919,0.0053434780000000005,0.1817654,2.0522529999999997e-05,5.6277272e-07,5.824006999999999e-07,7.441876e-07,1.2796328e-06,1.8344432000000002e-06,2.705308e-06,7.370319999999999e-06,0.15759950000000003,0.05779548999999999,0.00012365869999999998,96.56355,76.97711,1.4321099999999999e-05,6.546275,0.010650825,4.677683999999999,0.00070614066,6.40703053e-05,0.01842709,13.955490000000001,0.00070614066,6.40703053e-05,0.005653805,14.225705,0.00070614066,6.40703053e-05,0.0017318553000000001,13.936516699999999,0.00070614066,6.40703053e-05,0.004479239,2.510186e-06,2.252392e-05,0.023633485,0.7942573,0.0033322740000000005,-0.001786701,-0.0024816709999999995,8.1638e-07,1.106732e-05
73,1607358000,0.43559960000000003,0.4356196,0.02692734,-0.8847413999999999,1.2558380000000002,0.5632738,1.1378219999999997,0.9655799,0.005283602,0.18646800000000002,2.0571069999999998e-05,5.4934824e-07,5.763111e-07,7.542535e-07,1.2943985000000001e-06,1.9266229e-06,2.9187179999999998e-06,7.699823e-06,0.15844660000000002,0.059234949999999995,0.00010143109999999999,97.18626,77.29894,1.44595e-05,6.42165,0.01063498,4.643676,0.0010072198899999999,9.16308892e-05,0.01842467,13.916639999999997,0.0010072198899999999,9.16308892e-05,0.005854529,18.28189,0.0010072198899999999,9.16308892e-05,0.0019373854999999995,18.133180900000003,0.0010072198899999999,9.16308892e-05,0.0044930249999999994,2.532302e-06,2.2654750000000002e-05,0.022116270600000005,3.3224927,0.006329867,-0.001820213,-0.00250768,9.52068e-07,1.258434e-05
73,1607358600,0.4403327,0.44035280000000004,0.03160201,-0.7789320999999999,1.270276,0.5564901000000001,1.16201,0.9873672000000001,0.004462438000000001,0.18306830000000002,2.0708179999999998e-05,8.551240999999999e-07,9.085400000000001e-07,1.1545946e-06,1.8309639000000003e-06,2.603993e-06,4.157556e-06,9.681532e-06,0.16031060000000003,0.05972215000000001,0.00011157806,92.38628,77.38098,1.4612840000000001e-05,6.72628,0.010628219999999999,4.69348,0.00068066365,6.16809242e-05,0.01842767,13.93543,0.00068066365,6.16809242e-05,0.0056655690000000005,13.392059699999999,0.00068066365,6.16809242e-05,0.0017808904,13.069169300000002,0.00068066365,6.16809242e-05,0.004461807,2.5302309999999997e-06,2.2379640000000004e-05,0.029023266700000005,0.6402485999999998,0.0027125490000000003,-0.0017648420000000002,-0.0024615070000000004,8.279737e-07,1.1040700000000001e-05
73,1607359200,0.4535952,0.4536149,0.028240719999999997,-0.8245129999999999,1.2815999999999999,0.5702993000000001,1.1693989999999999,0.9994810000000001,0.005117017999999999,0.1894589,2.085474e-05,1.2461801999999998e-06,1.3070536000000002e-06,1.5658758999999997e-06,2.2686842999999998e-06,3.096674e-06,4.693335e-06,1.0335915e-05,0.16867329999999997,0.057996400000000004,0.00010121607,89.94566,75.7191,1.5062609999999998e-05,6.5785730000000004,0.010799920000000001,4.816239,0.0013733142799999998,0.000125151344,0.01893179,14.698540000000003,0.0013733142799999998,0.000125151344,0.006003344,23.992926,0.0013733142799999998,0.000125151344,0.0021524927000000004,24.055622,0.0013733142799999998,0.000125151344,0.004451125,2.52069e-06,2.2282700000000003e-05,-0.012699654999999999,0.7105790000000001,0.002756138,-0.001765229,-0.00245818,8.415865000000001e-07,1.111398e-05
73,1607359800,0.5492857000000001,0.5493056999999999,0.02438075,-0.8185894999999999,1.404342,0.6249967,1.277478,1.104297,0.007796684999999999,0.23249899999999996,2.107908e-05,1.07229596e-06,1.10922862e-06,1.3818861999999998e-06,2.0603997000000004e-06,2.7529847000000006e-06,4.243254e-06,9.872437999999998e-06,0.2180091,0.05651265999999999,9.638743000000001e-05,90.34209,70.9664,1.824074e-05,6.326886,0.011865679999999998,5.846598999999999,0.00113374758,0.00010320216099999999,0.02152489,19.087419999999998,0.00113374758,0.00010320216099999999,0.005851708000000001,20.163766000000003,0.00113374758,0.00010320216099999999,0.0020047879,20.096670000000003,0.00113374758,0.00010320216099999999,0.004484478,2.539767e-06,2.2590560000000004e-05,0.013732422999999999,0.8445953000000002,0.003697984,-0.0017983340000000004,-0.0024839190000000002,9.063406999999999e-07,1.1551199999999999e-05
73,1607360400,0.494583,0.4946028,0.029091270000000002,-0.8552687999999999,1.326453,0.5964778,1.211138,1.0397181,0.00766515,0.21522770000000002,2.037482e-05,6.354458000000001e-07,6.427217000000002e-07,8.396377e-07,1.3533043e-06,1.8311826000000001e-06,2.941801e-06,7.1885170000000006e-06,0.19179890000000002,0.055381080000000006,9.518897e-05,97.61192,73.02457,1.6429600000000003e-05,6.375503999999999,0.011262415000000001,5.253793,0.00090126603,8.19283887e-05,0.020128109999999998,16.773870000000002,0.00090126603,8.19283887e-05,0.005605695999999999,15.830935,0.00090126603,8.19283887e-05,0.0017451673,15.663149399999998,0.00090126603,8.19283887e-05,0.004465134,2.430479e-06,2.2317199999999997e-05,0.028388263000000004,0.8646463000000001,0.0037348900000000003,-0.0018379060000000003,-0.002508344,8.256618000000001e-07,1.098623e-05
73,1607361000,0.4166835,0.4167034,0.033820310000000006,-0.815973,1.2504,0.5452911,1.1223709999999998,0.956954,0.0066665959999999995,0.1804919,2.042748e-05,5.869243000000001e-07,6.254629000000001e-07,8.361037e-07,1.4286418e-06,2.0320565999999997e-06,3.3368410000000005e-06,8.168147e-06,0.1531863,0.05503623,0.00010101987,94.13852999999999,76.71259,1.3828739999999998e-05,6.65019,0.010387282999999999,4.463478,0.00113496152,0.00010336337649999999,0.01808529,13.46319,0.00113496152,0.00010336337649999999,0.005948963,21.287652,0.00113496152,0.00010336337649999999,0.002051219,21.216922,0.00113496152,0.00010336337649999999,0.004459304,2.22538e-06,2.207738e-05,-0.015745308000000003,0.947997,0.003098029,-0.0019525279999999998,-0.002598734,8.139763e-07,1.134302e-05
73,1607361600,0.40429170000000003,0.40431170000000005,0.034143679999999996,-0.935206,1.2052109999999998,0.548091,1.0925569999999998,0.9235034000000001,0.006179515,0.1741806,2.0895920000000002e-05,9.044946e-07,9.715565499999999e-07,1.2069821e-06,1.7507665000000003e-06,2.332731e-06,3.6382795e-06,8.044654000000002e-06,0.14801309999999998,0.05401975999999999,9.306447000000001e-05,94.28692,76.86795,1.342316e-05,6.559677000000001,0.010288827,4.3313180000000004,0.00090864017,8.2547031e-05,0.017752280000000002,12.93604,0.00090864017,8.2547031e-05,0.005811676,16.401224000000003,0.00090864017,8.2547031e-05,0.0018824830000000001,16.2165551,0.00090864017,8.2547031e-05,0.004484324,2.3790150000000006e-06,2.24389e-05,0.0362927244,2.9500041,0.004637937,-0.001906117,-0.002566211,9.140872999999998e-07,1.2543800000000002e-05
73,1607362200,0.4303533,0.4303731,0.03251532,-0.9838512999999999,1.2438759999999998,0.5694019,1.117272,0.9490789,0.005977329,0.18913370000000002,2.015683e-05,3.8068179999999996e-07,4.0473129000000007e-07,6.238775999999999e-07,1.0792909e-06,1.5618292e-06,2.6213689999999998e-06,6.737932e-06,0.1600048,0.055052630000000005,0.00010506059000000001,98.00066,75.76074,1.4286869999999998e-05,6.601884,0.010610660000000001,4.587865000000001,0.00124797345,0.00011368816590000001,0.01846264,13.99394,0.00124797345,0.00011368816590000001,0.005891084,21.6663455,0.00124797345,0.00011368816590000001,0.0019891291999999997,21.667281730000003,0.00124797345,0.00011368816590000001,0.004469151,2.3696180000000002e-06,2.230736e-05,-0.01634053,0.6666898,0.002765358,-0.001881866,-0.0025317250000000003,8.048303e-07,1.09825e-05
73,1607362800,0.4871189,0.4871388,0.0295568,-1.0039341,1.285725,0.6076274,1.179975,1.0126069,0.0046695899999999995,0.2034433,2.11488e-05,1.1908790000000002e-06,1.23473591e-06,1.4848831e-06,2.1162776e-06,2.935907e-06,4.1926272e-06,9.680498999999999e-06,0.18954069999999995,0.05389281,0.00010117148,92.51088000000001,72.28715,1.6176e-05,6.330543,0.011364500000000001,5.245321,0.00055743004,5.0413697800000006e-05,0.020191129999999998,16.72999,0.00055743004,5.0413697800000006e-05,0.005512530999999999,11.3855962,0.00055743004,5.0413697800000006e-05,0.0016241902999999999,11.0131517,0.00055743004,5.0413697800000006e-05,0.004483422,2.395836e-06,2.244452e-05,0.028619670000000003,0.713032,0.0026790449999999997,-0.001875612,-0.0025487679999999994,8.148677e-07,1.1166669999999999e-05
73,1607363400,0.48406020000000005,0.48408020000000007,0.028558129999999998,-1.0553214,1.2671999999999999,0.6107408000000001,1.167637,1.0011694,0.005363519,0.2023818,2.067938e-05,6.633829e-07,7.0570049e-07,9.257683e-07,1.5939447e-06,2.1985714e-06,3.5968033e-06,9.025363e-06,0.18811750000000002,0.05378301,0.00010943149,90.89518999999999,72.36848,1.607309e-05,6.280585,0.011276609999999998,5.144107,0.0009122607799999999,8.28846e-05,0.020051709999999997,16.49356,0.0009122607799999999,8.28846e-05,0.00579677,16.72143,0.0009122607799999999,8.28846e-05,0.0019091531999999999,16.545352899999997,0.0009122607799999999,8.28846e-05,0.004487372,2.439294e-06,2.254136e-05,-0.0087043231,0.6004379,0.002238817,-0.0018507100000000002,-0.002524128,8.982694999999999e-07,1.171671e-05
73,1607364000,0.4778741,0.47789390000000004,0.027092130000000002,-1.129092,1.2475869999999998,0.6128065000000001,1.144123,0.9791921,0.004895312,0.1996128,2.121623e-05,1.4160468999999997e-06,1.4818039000000001e-06,1.7378529999999999e-06,2.4002825999999997e-06,3.0785953000000004e-06,4.782399300000001e-06,1.0024919e-05,0.1840464,0.05476931,9.473785e-05,87.78992,73.04514,1.587925e-05,6.2786100000000005,0.011207860000000002,5.064171,0.0007774942000000002,7.05479668e-05,0.019805430000000002,16.08155,0.0007774942000000002,7.05479668e-05,0.005654234,14.7334429,0.0007774942000000002,7.05479668e-05,0.0017793251,14.493577100000001,0.0007774942000000002,7.05479668e-05,0.004477567,2.389698e-06,2.239043e-05,0.012436798,1.1147691,0.004275944,-0.0018795100000000003,-0.0025444960000000003,8.217499e-07,1.1411930000000002e-05
73,1607364600,0.5161322,0.5161522999999999,0.025346590000000002,-1.1387589999999999,1.291616,0.637897,1.1842859999999997,1.019956,0.006224225,0.21418189999999998,2.050484e-05,5.58321e-07,5.9198365e-07,8.224947e-07,1.3697977999999999e-06,1.9178046000000003e-06,3.2108543e-06,8.149295e-06,0.20498699999999997,0.05295953999999999,0.00010178521999999999,91.01307,70.69735,1.714839e-05,6.237212,0.01166484,5.479498,0.0006515524200000001,5.8991285000000005e-05,0.02092808,17.99271,0.0006515524200000001,5.8991285000000005e-05,0.005674756,13.962905000000001,0.0006515524200000001,5.8991285000000005e-05,0.0018134567,13.569650999999999,0.0006515524200000001,5.8991285000000005e-05,0.004475286,2.644007e-06,2.261007e-05,0.004476302,1.7854744000000005,0.0046108780000000005,-0.001759063,-0.002438443,9.046852e-07,1.2477800000000001e-05
73,1607365200,0.48229489999999997,0.4823148,0.02718255,-1.106709,1.265364,0.6133335000000001,1.154249,0.9905184,0.005025327,0.20485250000000002,2.053682e-05,8.445072e-07,9.1187055e-07,1.1310814e-06,1.7461059999999998e-06,2.3666219999999997e-06,3.7075649e-06,8.800029e-06,0.1877006,0.05332188,0.00010415869000000001,88.20512999999998,72.23722999999998,1.601988e-05,6.3713359999999994,0.011326749999999998,5.171101,0.00104300439,9.4867223e-05,0.020078939999999997,16.541790000000002,0.00104300439,9.4867223e-05,0.00585505,19.109142000000002,0.00104300439,9.4867223e-05,0.0019936470000000003,18.991612,0.00104300439,9.4867223e-05,0.004460162,2.435802e-06,2.2288030000000003e-05,-0.016993872000000004,0.5840532,0.0022113650000000003,-0.0018450400000000003,-0.002506975,8.280355999999999e-07,1.11772e-05
73,1607365800,0.5493203333333334,0.5493403333333333,0.025887655555555555,-1.0951266666666666,1.3419155555555555,0.6528008888888888,1.228371111111111,1.0643249999999997,0.007642041111111112,0.22973988888888888,2.096492222222222e-05,1.2396625555555555e-06,1.3245657777777777e-06,1.669450555555556e-06,2.418246666666667e-06,3.416478888888889e-06,5.547445555555555e-06,1.2394474444444444e-05,0.21990355555555557,0.054604799999999995,0.00012203511111111111,89.65862222222222,70.03435555555556,1.8219844444444444e-05,6.703156666666667,0.01199788888888889,5.818074444444444,0.0008251545111111112,7.493287500000001e-05,0.021656744444444445,19.226444444444443,0.0008251545111111112,7.493287500000001e-05,0.005773062222222222,17.325891111111112,0.0008251545111111112,7.493287500000001e-05,0.0019469230000000001,17.046674444444445,0.0008251545111111112,7.493287500000001e-05,0.004469498888888888,2.689037777777778e-06,2.2597255555555556e-05,0.0027781833333333345,0.6174694444444444,0.002848935555555555,-0.0017198411111111111,-0.0024190488888888887,8.24702e-07,1.1410744444444443e-05
73,1607366400,0.5527114,0.5527314999999999,0.02644705,-1.11043,1.345016,0.6574074,1.2312369999999997,1.0627445,0.005466988,0.23002339999999996,2.0784230000000002e-05,9.629356999999998e-07,1.0430042e-06,1.3504321e-06,2.0493417e-06,2.7670770000000006e-06,4.431772999999999e-06,1.0650025000000001e-05,0.22087720000000002,0.055338179999999994,0.00011471844,89.34558999999999,70.21612999999999,1.835414e-05,6.495960999999999,0.01207921,5.887825,0.00088612652,8.054841690000001e-05,0.02172049,19.385450000000002,0.00088612652,8.054841690000001e-05,0.0059141110000000005,19.6808368,0.00088612652,8.054841690000001e-05,0.0020839299,19.333868149999997,0.00088612652,8.054841690000001e-05,0.004471659,2.670258e-06,2.260467e-05,-0.0034598739999999995,0.5604511,0.003286303,-0.0017438199999999997,-0.0024170199999999998,8.149644e-07,1.141175e-05
73,1607367000,0.5278235,0.5278433,0.02568065,-1.1489740000000002,1.303616,0.6443883,1.189575,1.0235949999999998,0.005523252000000001,0.2254181,2.057131e-05,1.0590313000000002e-06,1.22749135e-06,1.6451353e-06,2.5169226000000002e-06,3.3013822e-06,5.1421173e-06,1.1140907999999999e-05,0.2081512,0.05561187000000001,0.00012137464000000001,89.70295000000002,71.32609,1.752277e-05,6.416599000000001,0.01182871,5.694362,0.00101128962,9.198972670000001e-05,0.0210541,18.243920000000003,0.00101128962,9.198972670000001e-05,0.005761654000000001,17.599435,0.00101128962,9.198972670000001e-05,0.001972873,17.4678245,0.00101128962,9.198972670000001e-05,0.004578517000000001,5.6695489999999995e-06,2.5384350000000004e-05,0.015174515999999999,6.001442899999999,0.010298854,-0.0012721734,-0.0022439870000000002,3.1656319000000003e-06,2.418988e-05
73,1607367600,0.6032324000000001,0.6032521000000001,0.018632020000000003,-1.4237330000000001,1.30369,0.7124049,1.19835,1.0373575,0.005831121,0.2508584,2.071756e-05,1.1778967e-06,1.2547963e-06,1.5295347e-06,2.2680394000000003e-06,2.9610828e-06,4.6866424e-06,1.0223553e-05,0.24736839999999996,0.054118299999999994,0.00010388349999999999,89.88624,68.05105,2.004117e-05,6.336789999999999,0.012706970000000001,6.414081999999999,0.00080358678,7.29740765e-05,0.023009710000000003,21.726689999999998,0.00080358678,7.29740765e-05,0.005659884999999999,16.878248,0.00080358678,7.29740765e-05,0.001886249,16.6012607,0.00080358678,7.29740765e-05,0.004451554,2.905518e-06,2.254258e-05,0.009722906,2.3058977,0.004453682,-0.0017183959999999999,-0.002388478,1.2074552e-06,1.337391e-05
73,1607368200,0.5204599999999999,0.5204796,0.0212368,-1.347383,1.2485249999999999,0.6566701,1.1330980000000002,0.9700049,0.0056558,0.2210426,2.012396e-05,5.275342e-07,5.817468400000001e-07,8.742442000000001e-07,1.3937168e-06,2.0455336e-06,3.3758938000000005e-06,8.637731e-06,0.2051962,0.05490888000000001,0.00010616482,90.53273999999999,71.33507,1.7286869999999997e-05,6.231567,0.01180003,5.5700259999999995,0.00045515801,4.1009997999999997e-05,0.020953560000000003,18.05746,0.00045515801,4.1009997999999997e-05,0.005550975,10.696356,0.00045515801,4.1009997999999997e-05,0.0017272963999999998,10.215481,0.00045515801,4.1009997999999997e-05,0.004435836,2.717359e-06,2.232022e-05,-0.0313037519,3.182889200000001,0.006342159,-0.0016987300000000003,-0.0023794809999999997,8.995067e-07,1.141442e-05
73,1607368800,0.4838973999999999,0.4839174,0.02404623,-1.2752310000000002,1.227525,0.6274179999999999,1.118133,0.9530545,0.006084386,0.207655,2.041e-05,8.063773e-07,8.748497200000001e-07,1.0588498e-06,1.6667954000000001e-06,2.2931978000000004e-06,3.6602259e-06,8.768952999999998e-06,0.1868671,0.05495632,0.00010525431,91.93536,72.85673,1.6069210000000003e-05,6.405647,0.01132764,5.148135999999999,0.0015775231,0.000143856131,0.01996571,16.36483,0.0015775231,0.000143856131,0.005989928,26.67323,0.0015775231,0.000143856131,0.0021517711,26.9025679,0.0015775231,0.000143856131,0.004446273,2.447186e-06,2.216533e-05,0.025277467999999997,0.7820750999999999,0.003507395,-0.001825161,-0.00248697,8.103047999999999e-07,1.1279049999999998e-05
73,1607369400,0.4321293,0.43214889999999995,0.01687646,-1.2299909999999998,1.1804970000000001,0.5886065,1.05952,0.9035525,0.006433358,0.18992659999999997,2.049844e-05,8.757834000000001e-07,9.602696e-07,1.1755864e-06,1.7860846e-06,2.4629349e-06,3.8021749999999997e-06,8.776611e-06,0.1631498,0.05280495,8.855573000000002e-05,91.38704,74.55269,1.4339990000000001e-05,6.562384999999999,0.01074996,4.6508449999999995,0.0013289285899999999,0.0001211238271,0.018714220000000004,14.38983,0.0013289285899999999,0.0001211238271,0.00599765,23.7106558,0.0013289285899999999,0.0001211238271,0.0021235015,23.75482838,0.0013289285899999999,0.0001211238271,0.004443391999999999,2.301065e-06,2.199792e-05,-0.06958652,2.5381384999999996,0.0034578409999999997,-0.0019237520000000001,-0.00255319,9.312622000000002e-07,1.203354e-05
73,1607370000,0.4575493,0.457569,0.015407859999999999,-1.287595,1.185075,0.6107115000000001,1.0800329999999998,0.9200906,0.005144971,0.1970809,2.0645389999999996e-05,1.0275084e-06,1.081058e-06,1.2927466e-06,1.8773266e-06,2.4443468e-06,3.7112989999999993e-06,8.518107e-06,0.17593240000000002,0.05273719,8.3781e-05,93.9923,73.14502,1.518856e-05,6.463732,0.011043349999999999,4.890519,0.00090585735,8.2307172e-05,0.01942225,15.477790000000002,0.00090585735,8.2307172e-05,0.005780658,17.495502000000002,0.00090585735,8.2307172e-05,0.0019269576,17.2718783,0.00090585735,8.2307172e-05,0.004442225000000001,2.298406e-06,2.1996689999999998e-05,-0.003828644,0.6185883000000001,0.002551187,-0.0018981310000000002,-0.00254184,8.365288e-07,1.095518e-05
73,1607370600,0.510089,0.5101089999999999,0.013895770000000002,-1.307674,1.24624,0.6470411,1.13077,0.9762296000000001,0.005712477,0.21590539999999997,2.067817e-05,9.243637e-07,1.0113320999999997e-06,1.207579e-06,1.7875700000000003e-06,2.5050389000000002e-06,3.9898073e-06,9.302545e-06,0.20230449999999997,0.05262485,9.288231e-05,92.00581,70.71942000000001,1.6936019999999996e-05,6.4173670000000005,0.01169599,5.462948,0.0005921853,5.359599599999999e-05,0.020822560000000004,17.798440000000003,0.0005921853,5.359599599999999e-05,0.0054672900000000005,12.3974078,0.0005921853,5.359599599999999e-05,0.0016118947000000002,11.9737552,0.0005921853,5.359599599999999e-05,0.004459495999999999,2.445887e-06,2.228562e-05,0.0017756020000000007,0.7997926999999999,0.003281241,-0.0018406479999999999,-0.002490588,8.116254e-07,1.1478970000000001e-05
73,1607371200,0.5858497,0.5858694,0.01280377,-1.258324,1.333765,0.6887587,1.2232489999999998,1.0606061,0.007049438,0.24529830000000002,2.014509e-05,4.702853e-07,5.221480999999998e-07,7.443402e-07,1.4399900999999999e-06,2.1332215e-06,3.764262e-06,9.828965e-06,0.2398997,0.05289526,0.00010988331,89.09810999999999,68.33605,1.9453100000000005e-05,6.569272,0.01249267,6.255837,0.00039924669999999993,3.5848134e-05,0.02265703,21.16781,0.00039924669999999993,3.5848134e-05,0.005616287,11.179111,0.00039924669999999993,3.5848134e-05,0.001804733,10.652425999999998,0.00039924669999999993,3.5848134e-05,0.00446072,2.483031e-06,2.232488e-05,-0.0194496571,3.1658291000000003,0.00449351,-0.0018307839999999998,-0.0024991729999999995,8.675711e-07,1.163304e-05
73,1607371800,0.5059463000000001,0.5059662,0.01320141,-1.2688920000000001,1.2329249999999998,0.6398213,1.133397,0.9747294000000002,0.006318583,0.20974940000000003,2.11418e-05,1.3625908e-06,1.4279722e-06,1.7290113000000002e-06,2.4503188e-06,3.3070614e-06,5.1081790000000005e-06,1.0916699e-05,0.20011790000000002,0.052730030000000004,9.581111999999999e-05,89.49654,71.25241000000001,1.6788190000000002e-05,6.566534,0.01160886,5.419093000000001,0.00031995673999999995,2.8615317e-05,0.02064087,17.60809,0.00031995673999999995,2.8615317e-05,0.005487709,9.297734,0.00031995673999999995,2.8615317e-05,0.0016325284999999998,8.736458,0.00031995673999999995,2.8615317e-05,0.004464267,2.487351e-06,2.2363330000000002e-05,0.0004897429999999993,0.9531030000000001,0.0038505619999999996,-0.0018350979999999999,-0.002495984,8.418665000000001e-07,1.152645e-05
73,1607372400,0.4571377,0.45715760000000005,0.015410580000000002,-1.1638259999999998,1.2107249999999998,0.6011783,1.101072,0.9466787,0.005095807999999999,0.1909979,2.060346e-05,9.217352e-07,9.946196499999999e-07,1.1980358e-06,1.7998512999999999e-06,2.4467922e-06,3.86172e-06,8.829260999999999e-06,0.1751587,0.053295749999999996,9.026865e-05,92.03041,73.52542,1.5183269999999999e-05,6.475071,0.01103283,4.912577999999999,0.00078725081,7.14494712e-05,0.019348059999999997,15.411869999999999,0.00078725081,7.14494712e-05,0.005680809,14.464929000000001,0.00078725081,7.14494712e-05,0.0018020177999999998,14.192238800000002,0.00078725081,7.14494712e-05,0.004460896000000001,2.3726169999999998e-06,2.2224419999999998e-05,0.0051317,1.2924236,0.003250614,-0.001883416,-0.002548013,8.484268e-07,1.152155e-05
73,1607373000,0.5296423,0.5296620999999999,0.015107770000000001,-1.336179,1.253027,0.6602309,1.1357590000000002,0.9866553000000001,0.006058131,0.2225782,2.0431640000000002e-05,7.232619e-07,7.845931e-07,1.0248827e-06,1.7374884000000002e-06,2.4453891999999997e-06,4.2245410000000005e-06,1.0251150000000001e-05,0.21082009999999998,0.05387124000000001,0.00010650672,87.68086,70.49055999999999,1.758065e-05,6.564771,0.01185775,5.627373,0.00054073138,4.8831718e-05,0.02122912,18.51725,0.00054073138,4.8831718e-05,0.005638796,12.603328,0.00054073138,4.8831718e-05,0.0018142809999999998,12.167815999999998,0.00054073138,4.8831718e-05,0.004449509,2.516278e-06,2.226802e-05,0.0028330426000000002,0.5208609000000001,0.002502178,-0.0017854440000000002,-0.002453901,8.304827e-07,1.1087640000000001e-05
73,1607373600,0.5566957,0.5567152000000001,0.014853919999999998,-1.487507,1.23495,0.6891286,1.1217700000000002,0.9691794999999999,0.004631731000000001,0.2357651,2.025753e-05,8.691316999999999e-07,9.378614499999999e-07,1.1879982999999999e-06,1.9135866000000003e-06,2.6673229e-06,4.3918684e-06,1.0534914999999999e-05,0.22577670000000002,0.05244487,0.00010230361,88.42647,68.91125,1.8487249999999998e-05,6.470469,0.0122182,5.940986,0.0008534373400000001,7.7495056e-05,0.022008319999999998,19.87666,0.0008534373400000001,7.7495056e-05,0.0057109230000000006,17.127595,0.0008534373400000001,7.7495056e-05,0.0019266468000000002,16.8869813,0.0008534373400000001,7.7495056e-05,0.004425924,2.49354e-06,2.202871e-05,0.034937413,0.7329741,0.0036837079999999995,-0.0017821629999999998,-0.002436837,8.298508e-07,1.1373679999999998e-05
73,1607374200,0.5233982,0.5234178,0.014675380000000002,-1.4697239999999998,1.2092249999999998,0.6665364,1.0912460000000002,0.9401535999999998,0.006761158000000001,0.2240301,2.0132770000000003e-05,5.967421e-07,6.220101000000001e-07,7.518672999999999e-07,1.3328521999999998e-06,1.7829413000000002e-06,2.7350053999999998e-06,7.017409999999999e-06,0.2087472,0.052851959999999996,8.404283e-05,94.38118,70.32753,1.739445e-05,6.1487810000000005,0.01187757,5.638133000000001,0.0012095218000000001,0.00011011995000000002,0.02116941,18.43196,0.0012095218000000001,0.00011011995000000002,0.006070775999999999,22.980088000000002,0.0012095218000000001,0.00011011995000000002,0.002262226,22.897401000000002,0.0012095218000000001,0.00011011995000000002,0.0044336210000000004,2.531411e-06,2.2136369999999998e-05,-0.0014373100000000007,1.0871513,0.003751232,-0.001792978,-0.002445542,8.320646000000001e-07,1.1190270000000002e-05
73,1607374800,0.4605910000000001,0.46061070000000004,0.01794817,-1.425817,1.141197,0.6217535000000001,1.0373560000000002,0.8789518,0.005661442,0.1933778,2.014117e-05,4.503746e-07,5.194202e-07,6.957586e-07,1.2809843e-06,1.8495508e-06,3.1856610000000002e-06,8.221672e-06,0.1773589,0.052817499999999996,0.00010210645999999999,93.67031,73.02835999999999,1.5282700000000002e-05,6.579124,0.011108490000000002,4.964135000000001,0.0006062896999999999,5.4846690000000004e-05,0.01951135,15.628759999999996,0.0006062896999999999,5.4846690000000004e-05,0.005481229999999999,12.290675,0.0006062896999999999,5.4846690000000004e-05,0.001610654,11.928688099999999,0.0006062896999999999,5.4846690000000004e-05,0.004449417,2.443868e-06,2.218657e-05,0.03546837300000001,2.7975965,0.004664397999999999,-0.0018747330000000004,-0.002512897,8.894101999999998e-07,1.231254e-05
73,1607375400,0.5194082,0.5194276999999999,0.019018880000000002,-1.34889,1.2363739999999999,0.6569823000000001,1.13981,0.9722176000000001,0.004662903,0.2149057,2.0183549999999998e-05,6.114164999999999e-07,6.6132235e-07,8.953446e-07,1.4388354e-06,2.0020755e-06,3.2336789e-06,8.408334e-06,0.2074319,0.05215917999999999,9.488126e-05,91.13477,70.15311,1.7255739999999998e-05,6.297712000000001,0.01188557,5.626061,0.00064936691,5.8789220999999994e-05,0.02118776,18.424259999999997,0.00064936691,5.8789220999999994e-05,0.005604257,13.0226482,0.00064936691,5.8789220999999994e-05,0.0017688509,12.6986458,0.00064936691,5.8789220999999994e-05,0.004445271000000001,2.650299e-06,2.2353990000000002e-05,-0.0013373780000000002,0.46721979999999996,0.002260894,-0.001730302,-0.0024020400000000003,8.203553000000001e-07,1.10715e-05
73,1607376000,0.5558986,0.5559182,0.012154057,-1.514313,1.227674,0.6906938,1.1076329999999999,0.9587166,0.006807589,0.238556,2.0992850000000003e-05,1.4780166e-06,1.5654784300000002e-06,1.8617271999999999e-06,2.7428842000000003e-06,3.6259843e-06,5.6005288e-06,1.2781916e-05,0.22545610000000002,0.05236455999999999,9.722718e-05,87.59608,68.92569,1.8448190000000003e-05,6.324109,0.01223255,5.960589000000001,0.0016481950499999999,0.00015038218699999997,0.02201231,19.90117,0.0016481950499999999,0.00015038218699999997,0.005871317000000001,26.672603000000002,0.0016481950499999999,0.00015038218699999997,0.0020747113,26.9815562,0.0016481950499999999,0.00015038218699999997,0.004446858999999999,2.5300920000000003e-06,2.225322e-05,0.004312662000000002,0.5508017999999999,0.0030982659999999997,-0.001814432,-0.002449984,8.127027999999999e-07,1.114117e-05
73,1607376600,0.5582011999999998,0.5582206999999999,0.006788906999999999,-1.5618449999999997,1.1911869999999998,0.695242,1.088846,0.9324284,0.006116357,0.2394989,2.0232840000000003e-05,4.2483629999999996e-07,4.6009562e-07,5.766218e-07,1.1467223e-06,1.6151803000000001e-06,2.4738808999999995e-06,7.157595999999999e-06,0.22606779999999996,0.052935920000000004,8.093754000000001e-05,92.65509,69.02321,1.8554459999999997e-05,6.049185,0.01224797,5.985643,0.00098056405,8.919275800000002e-05,0.022076079999999998,20.00748,0.00098056405,8.919275800000002e-05,0.0057871979999999995,18.666937199999996,0.00098056405,8.919275800000002e-05,0.0019616776,18.551712399999996,0.00098056405,8.919275800000002e-05,0.004465869999999999,2.707144e-06,2.25909e-05,0.010643901100000002,0.4604884,0.0027276,-0.001716935,-0.0023783389999999997,8.904343000000001e-07,1.1650760000000001e-05
73,1607377200,0.5309562999999999,0.5309759000000001,0.006570957,-1.5450570000000001,1.1810610000000001,0.6765725,1.0574569999999999,0.9145778999999999,0.00743869,0.230185,2.087894e-05,1.2306446e-06,1.3311517e-06,1.5895360999999996e-06,2.3311626e-06,3.143432e-06,4.641958000000001e-06,1.0866214000000001e-05,0.2126965,0.05266493,8.907731e-05,89.44637,69.87495,1.762651e-05,6.536341999999999,0.012012370000000001,5.771171,0.0007790508600000001,7.070244799999999e-05,0.02145035,18.91546,0.0007790508600000001,7.070244799999999e-05,0.005450322,14.062664000000002,0.0007790508600000001,7.070244799999999e-05,0.0016310918000000002,13.8407283,0.0007790508600000001,7.070244799999999e-05,0.00444284,2.551763e-06,2.223549e-05,0.028372632,0.47799310000000006,0.0024143009999999998,-0.0017689800000000003,-0.0024392610000000003,8.148461999999999e-07,1.118517e-05
73,1607377800,0.5310345,0.5310541000000001,0.008114493,-1.5108570000000001,1.1799750000000002,0.6747916999999999,1.080632,0.9252282999999999,0.005200122999999999,0.2213263,2.007e-05,5.59581e-07,5.8396212e-07,7.265731e-07,1.2707464e-06,1.7460661999999999e-06,2.7489664999999995e-06,7.3953889999999994e-06,0.2116901,0.05372876,8.229055999999998e-05,92.3705,70.31809000000001,1.7646550000000005e-05,6.101935,0.01192232,5.686148,0.0008108302900000002,7.36089147e-05,0.021305620000000004,18.62227,0.0008108302900000002,7.36089147e-05,0.005720497,16.2099364,0.0008108302900000002,7.36089147e-05,0.0019097824999999998,15.962861800000002,0.0008108302900000002,7.36089147e-05,0.0044457820000000006,2.565291e-06,2.227211e-05,-0.013719474999999998,2.3765395,0.004650461999999999,-0.001787975,-0.002449018,9.124795000000001e-07,1.1910599999999999e-05
73,1607378400,0.50173,0.5017495000000001,0.009009954,-1.5285250000000001,1.1445349999999999,0.6571887999999999,1.0408089999999999,0.8872397,0.006365880000000002,0.20902039999999994,2.048331e-05,8.546032e-07,9.229769e-07,1.1156947e-06,1.7545261000000003e-06,2.3730199999999997e-06,3.7104635000000005e-06,8.790832000000001e-06,0.1961777,0.054575280000000004,9.021313e-05,93.51151999999999,71.83880000000002,1.665228e-05,6.3590670000000005,0.01159727,5.401841,0.0009750943500000001,8.8656445e-05,0.02055606,17.34798,0.0009750943500000001,8.8656445e-05,0.005814394,19.370194999999995,0.0009750943500000001,8.8656445e-05,0.001975373,19.132576,0.0009750943500000001,8.8656445e-05,0.004443641,2.521386e-06,2.2212810000000003e-05,-0.0003169149999999982,0.8731604,0.003699682,-0.001801061,-0.0024504530000000004,8.432498e-07,1.1338080000000001e-05
73,1607379000,0.5217352999999999,0.521755,0.009979735,-1.5379239999999998,1.171575,0.6705521,1.0543455,0.9112404000000002,0.006621127,0.2255599,2.121335e-05,1.5285844999999997e-06,1.5957663e-06,1.8717253999999998e-06,2.6392822e-06,3.4977659999999993e-06,5.268846e-06,1.1497174e-05,0.20706449999999998,0.053685119999999996,8.792876e-05,89.68133,70.63519,1.731422e-05,6.512681000000001,0.0118679,5.641774,0.0008174413999999999,7.422632600000002e-05,0.0211428,18.36697,0.0008174413999999999,7.422632600000002e-05,0.0054202550000000006,14.1631586,0.0008174413999999999,7.422632600000002e-05,0.0015868155000000003,13.949504899999999,0.0008174413999999999,7.422632600000002e-05,0.004452406000000001,2.548394e-06,2.23176e-05,-0.0096872862,1.3737819,0.004005684,-0.001807688,-0.002455967,8.027995999999999e-07,1.112667e-05
73,1607379600,0.47771090000000005,0.4777306,0.01740089,-1.457158,1.150835,0.6351618,1.046395,0.8896770999999999,0.0067921629999999995,0.20220830000000004,2.040109e-05,6.657891000000001e-07,7.200576100000001e-07,8.866069e-07,1.4368543e-06,2.1323429e-06,3.1198789999999996e-06,8.213967e-06,0.1856019,0.05314008,9.453778000000001e-05,93.43679,72.33779000000001,1.586306e-05,6.491217000000001,0.011353360000000002,5.177054,0.00080835738,7.34342578e-05,0.02001544,16.481180000000002,0.00080835738,7.34342578e-05,0.005727945,16.135820000000002,0.00080835738,7.34342578e-05,0.0018542986000000005,15.8957951,0.00080835738,7.34342578e-05,0.004464737000000001,2.5368210000000004e-06,2.2412930000000002e-05,0.0028970330000000002,1.8456918999999998,0.004868513999999999,-0.001809674,-0.0024710669999999995,8.913371e-07,1.222683e-05
73,1607380200,0.4588883,0.45890830000000005,0.02284706,-1.356118,1.180086,0.6154884999999999,1.0602319999999998,0.8985275000000001,0.007394554,0.19747579999999998,2.017936e-05,3.9860777000000006e-07,4.391307699999999e-07,5.90092e-07,1.1206584999999997e-06,1.6721477999999998e-06,2.6665766999999998e-06,7.465976e-06,0.1736203,0.05571041,9.843848999999999e-05,92.96669,74.42842999999999,1.524552e-05,6.1725840000000005,0.01109901,4.965842,0.0007328577399999999,6.646058299999999e-05,0.01932111,15.360100000000003,0.0007328577399999999,6.646058299999999e-05,0.005510851,13.750789000000001,0.0007328577399999999,6.646058299999999e-05,0.0016393754,13.519046,0.0007328577399999999,6.646058299999999e-05,0.004454857,2.547564e-06,2.234087e-05,0.0021661059999999997,0.6009915,0.0028440379999999997,-0.0017868430000000002,-0.0024492299999999997,8.975455e-07,1.1436110000000001e-05
73,1607380800,0.5718265999999999,0.5718465999999999,0.02454669,-1.512478,1.222201,0.6978323,1.1048209999999998,0.9688794,0.008948241,0.2398564,2.143716e-05,1.7659092e-06,1.8755924499999998e-06,2.1764543e-06,3.0490171e-06,3.979771099999999e-06,5.875056e-06,1.2493327000000002e-05,0.22797269999999997,0.0577691,0.00013825308999999999,91.90532999999998,70.60811,1.8979960000000002e-05,6.259605,0.012324809999999999,6.132953,0.0012524696500000002,0.000114052845,0.022020240000000003,20.02917,0.0012524696500000002,0.000114052845,0.006086559,23.220352,0.0012524696500000002,0.000114052845,0.0022758556,23.1472021,0.0012524696500000002,0.000114052845,0.004470303,2.8566660000000004e-06,2.2747450000000002e-05,0.008913776000000002,1.4560513,0.007326334999999999,-0.0016551299999999999,-0.0023497229999999997,8.765123999999999e-07,1.2316469999999998e-05
73,1607381400,0.6596009,0.659621,0.007454284,-1.636526,1.232137,0.7596896000000001,1.122071,1.008219,0.008262849,0.27587090000000003,2.122992e-05,1.3116144e-06,1.5131028000000002e-06,1.8970628000000002e-06,2.9160162e-06,4.1662651e-06,6.9348079999999995e-06,1.6950887000000002e-05,0.2724679,0.057154510000000006,0.00014069090999999998,85.42612,67.40437,2.1891620000000004e-05,6.361978000000001,0.0132932,7.206908,0.0006253136599999999,5.6620915e-05,0.02416974,24.0226,0.0006253136599999999,5.6620915e-05,0.005646919,14.7394019,0.0006253136599999999,5.6620915e-05,0.0018843434000000003,14.274039290000001,0.0006253136599999999,5.6620915e-05,0.004550925,5.431782e-06,2.550704e-05,-0.0006255459999999997,0.3975167,0.0064545439999999996,-0.00070664872,-0.0015957614,1.0274485e-06,1.346418e-05
73,1607382000,0.6187029999999999,0.6187231000000001,0.027724366,-0.9209121,1.459957,0.666752,1.313289,1.140636,0.008730711,0.2632158,2.159789e-05,1.6560226000000001e-06,1.9969049e-06,2.4335113e-06,3.570434e-06,5.039935e-06,7.759836e-06,2.395361e-05,0.2510426,0.058092330000000005,0.00016709979999999998,86.32455,69.08007,2.054029e-05,6.570971,0.012778439999999999,6.951397,0.00096671947,8.7912023e-05,0.02319942,22.2314,0.00096671947,8.7912023e-05,0.005838853,18.7472708,0.00096671947,8.7912023e-05,0.0020689523,18.5103112,0.00096671947,8.7912023e-05,0.004598583999999999,7.191112000000001e-06,2.728231e-05,0.01393961,0.22424138,0.007360620000000001,-4.350945e-05,-0.0010786662000000001,1.1484264e-06,1.4329880000000002e-05
73,1607382600,0.8048773,0.8048971,0.028268240000000007,-0.7196353999999999,1.721789,0.7321114000000001,1.5496969999999999,1.363842,0.015185115999999999,0.34917610000000004,2.1943169999999998e-05,2.3515188e-06,2.6367537e-06,3.2190755e-06,4.7151270000000005e-06,6.612271e-06,1.0131715000000001e-05,2.6430400000000004e-05,0.34522210000000003,0.056971629999999995,0.00018605289999999998,84.22546,64.38974,2.671848e-05,6.578108,0.01430361,8.867069,0.00116703331,0.00010622929399999999,0.027172659999999998,30.41954,0.00116703331,0.00010622929399999999,0.005977222,21.577468,0.00116703331,0.00010622929399999999,0.0023140849999999996,21.4707507,0.00116703331,0.00010622929399999999,0.004609007,7.850869000000002e-06,2.7802330000000005e-05,0.010699146999999999,0.19310597999999998,0.007544385000000001,0.00014703328,-0.0009058171,1.1572719999999998e-06,1.455489e-05
73,1607383200,1.8607851,1.8608051000000003,0.0159875555,-1.0336713,2.0895249999999996,1.0821707999999999,1.9512220000000002,1.7731660000000002,0.057506183,0.7813714,2.214029e-05,2.6790735e-06,2.9178871e-06,3.8944653e-06,6.122308e-06,8.569428e-06,1.4117901999999998e-05,3.6179195e-05,0.8863166,0.04376521,0.0002328472,80.56361000000001,58.96900000000001,6.18378e-05,6.334631,0.01976261,20.186167,0.00144521961,0.00013164096160000002,0.03935462,78.52458,0.00144521961,0.00013164096160000002,0.006731894999999999,37.0236553,0.00144521961,0.00013164096160000002,0.0032483802,36.6486621,0.00144521961,0.00013164096160000002,0.004679808,1.133413e-05,3.1454509999999996e-05,0.021873572,79.7728819,0.031847987,0.00038285349999999996,-0.0007552404999999999,1.4434336e-05,0.00015816850999999998
73,1607383800,5.182459000000001,5.18248,0.00017985966,-1.506018,3.347052,2.064336,3.2271229999999997,3.0465190000000004,0.03158705,2.1140909999999997,2.6891639999999998e-05,8.269526999999998e-06,8.5338113e-06,1.10919902e-05,1.8056665999999996e-05,2.4697491e-05,4.2374195999999994e-05,9.772232e-05,2.5485320000000002,0.0419587,0.0005209117999999998,70.46897999999999,51.65249,0.00017220130000000002,6.203602,0.03554023,54.67238999999999,0.004439530299999999,0.00040568787000000005,0.07386335,224.67109999999997,0.004439530299999999,0.00040568787000000005,0.008597618000000001,95.8009,0.004439530299999999,0.00040568787000000005,0.005602402,96.52167999999999,0.004439530299999999,0.00040568787000000005,0.004874511000000001,1.223824e-05,3.269872e-05,0.028916441100000002,0.21620410000000004,0.010391500000000001,0.001374966,-4.918649500000001e-05,1.328997e-06,1.705153e-05
73,1607384400,2.9746938,2.974714,0.0037363794000000007,-0.9807493,2.9931550000000002,1.4090918,2.600855,2.306544,0.18059384100000003,1.4547971999999998,2.432876e-05,4.7209948e-06,4.6885886e-06,5.856861e-06,9.330440999999998e-06,1.1892863e-05,2.0723389e-05,4.61507e-05,1.4244245999999998,0.0625441,0.0002691775,76.53868,55.678309999999996,9.888503e-05,6.197521,0.025603970000000004,31.940075,0.0022221642,0.00020266019999999997,0.05248979,125.81825999999998,0.0022221642,0.00020266019999999997,0.007212271000000001,48.36574,0.0022221642,0.00020266019999999997,0.0039435600000000005,48.47159,0.0022221642,0.00020266019999999997,0.004854446,1.4213347e-05,3.490227e-05,0.038553488,94.72881876,0.055520921,0.0008168923599999999,-0.00046532642999999997,1.3787749999999999e-05,0.00015094951
73,1607385000,1.7701170000000002,1.7701371000000001,0.0010897810000000002,-1.1834835999999997,2.334485,1.1134238,2.0581000000000005,1.80973,0.14596669599999998,0.8773156,2.1317520000000002e-05,1.5065912000000002e-06,1.9346074e-06,3.0928178999999996e-06,5.984295e-06,8.948930000000002e-06,1.5885142e-05,3.3671876999999996e-05,0.8493342,0.035331390000000004,0.0003208175,80.05342,55.014100000000006,5.880601e-05,6.508951000000001,0.020103440000000004,19.25252,0.0017817356200000001,0.00016245989100000002,0.04087618999999999,74.44426000000001,0.0017817356200000001,0.00016245989100000002,0.0067570569999999995,38.999230000000004,0.0017817356200000001,0.00016245989100000002,0.0033761139999999995,38.813317,0.0017817356200000001,0.00016245989100000002,0.005103484,1.9050684999999996e-05,3.9508269999999994e-05,-0.0014045279999999993,30.326196699999997,0.040318785,0.0016247267000000002,-7.0338e-05,8.82024e-06,7.779439e-05
73,1607385600,5.4454778,5.4454978,0.007989761,-0.7236002,4.671291000000001,1.7622684,3.752064,3.0954559999999995,0.39988735999999997,2.8750187,3.1981960000000004e-05,1.36567042e-05,1.5424036000000002e-05,1.8670434e-05,2.6100012e-05,3.5984055000000004e-05,5.6074750000000004e-05,9.831026e-05,1.5715972,1.1499926200000001,0.0008694192,97.65742000000002,87.95797000000002,0.00018050475,6.652888,0.03247813000000001,58.857749999999996,0.018339305360000002,0.0016801486565000002,0.053325,138.23629,0.018339305360000002,0.0016801486565000002,0.00977015,311.711798,0.018339305360000002,0.0016801486565000002,0.006866796999999999,320.359576,0.018339305360000002,0.0016801486565000002,0.0057850620000000005,4.05393e-05,6.064929e-05,-0.05172287169999999,93.926792,0.09783723000000001,0.004118652,0.0012726647,2.8797724000000003e-05,0.00028124099
73,1607386200,21.28097,21.281010000000002,-0.006329017000000001,-1.1453579,7.867216000000001,4.016447,7.3267489999999995,6.4691339999999995,0.37435441,8.830161999999998,5.4347139999999996e-05,3.986447e-05,4.08891721e-05,5.0582498e-05,7.276997099999999e-05,9.5385928e-05,0.00015441733500000003,0.00033096370999999996,9.441344,1.1964993,0.0018159162000000004,83.97484,61.50321,0.0007069222999999999,6.2214149999999995,0.06858597000000001,220.6705,0.017049707690000002,0.0015605357980000001,0.1408932,823.5917999999999,0.017049707690000002,0.0015605357980000001,0.01412374,378.40112999999997,0.017049707690000002,0.0015605357980000001,0.010817799,382.29438999999996,0.017049707690000002,0.0015605357980000001,0.006297107000000001,4.870992000000001e-05,6.961288e-05,-0.027656038999999983,46.689583,0.08260257,0.006075599,0.002699923,2.9138047e-05,0.00029378118
73,1607386800,16.916474,16.916486,-0.00340571,-1.2286407000000001,6.905461,3.591402,6.38472,5.557182999999999,0.512705,7.183918000000001,4.01066e-05,2.2997889000000002e-05,2.312974e-05,2.9251051999999997e-05,4.4378854e-05,5.708273999999999e-05,9.307632000000001e-05,0.00020726766,7.354164999999999,1.1022311999999999,0.0013350257000000001,89.41495,66.2919,0.000561897,6.241369000000001,0.06369656,178.33773,0.023751962999999997,0.0021749373,0.12161007999999998,646.4868000000001,0.023751962999999997,0.0021749373,0.01361815,423.01629999999994,0.023751962999999997,0.0021749373,0.010465201,432.41700000000003,0.023751962999999997,0.0021749373,0.006048555999999999,4.131255e-05,6.248355e-05,-0.023899471999999998,80.196704,0.08973271000000001,0.004989568000000001,0.0021101491,2.5677607e-05,0.00025822673000000003
73,1607387400,11.362418000000002,11.36243,0.009198186,-0.5727781,6.497937,2.5638720000000004,5.858017,4.832323000000001,0.51397224,4.899758,3.858314e-05,2.0016720900000004e-05,2.07657726e-05,2.5168749e-05,3.5850413999999996e-05,4.6445062e-05,7.363302200000001e-05,0.00015533822000000002,4.227953,1.451927,0.0009347446000000003,95.96985000000001,81.33838,0.0003772147,6.071848,0.0490652,120.41547999999997,0.024542691000000002,0.0022480639,0.08974008,373.38520000000005,0.024542691000000002,0.0022480639,0.013440642999999999,465.32148000000007,0.024542691000000002,0.0022480639,0.010544187,475.80811000000006,0.024542691000000002,0.0022480639,0.005499075000000001,2.947128e-05,5.0369529999999995e-05,0.017190233999999992,68.26883799999999,0.07661971999999999,0.003203707,0.000126008,2.0376041e-05,0.00018758208
73,1607388000,8.867196000000002,8.867228,0.0026648576,-0.9948284,5.574807000000001,2.471689,4.862885,4.101163,0.18533549000000002,3.8044309999999997,3.398516e-05,1.5076659999999998e-05,1.6219997e-05,2.0123377e-05,2.7035225e-05,3.6317383e-05,5.7092489999999995e-05,0.00011411161,2.47835,1.9538549999999997,0.0010905375,105.36745999999998,95.20969,0.0002941281,6.574463999999999,0.04515244,94.86358,0.03001369,0.0027499300000000003,0.07168096,219.05196999999998,0.03001369,0.0027499300000000003,0.01369881,533.0026,0.03001369,0.0027499300000000003,0.011032328,546.509,0.03001369,0.0027499300000000003,0.005520005,3.168255e-05,5.2416440000000005e-05,-0.08271468,92.331216,0.09195373000000001,0.003138091,0.00062440255,2.9788134e-05,0.00030545740999999996
73,1607388600,13.431175999999999,13.431199999999999,-8.889600000000001e-05,-1.0520828000000002,6.704979,3.07761,5.816129000000001,4.9065,0.60313962,6.123885,3.867086e-05,1.9960304e-05,2.0670443000000002e-05,2.6330457e-05,3.8702176999999994e-05,5.1863016e-05,8.321183e-05,0.00017445257,4.657364,2.056134,0.0016357903,98.60373,86.48625000000001,0.0004456733,6.435535,0.053695839999999995,143.55166,0.03154610684,0.0028902622289999997,0.09419916,412.1674,0.03154610684,0.0028902622289999997,0.013408084,550.7121599999999,0.03154610684,0.0028902622289999997,0.010666667,565.70142,0.03154610684,0.0028902622289999997,0.006086586000000001,4.152829999999999e-05,6.253843e-05,0.1262236,15.091709,0.06458073,0.005096779,0.0019311537,1.7628792e-05,0.00014368652
73,1607389200,10.055657,10.055663000000001,-0.004668747999999999,-0.9868271999999999,6.100313,2.642466,5.150745,4.201065999999999,0.32014334,4.7401599999999995,2.8118009999999998e-05,8.581007e-06,9.689693e-06,1.3165759e-05,1.9364945999999997e-05,2.7803822000000003e-05,5.206077999999999e-05,9.430874000000002e-05,2.681018,2.3451519999999997,0.0014155262000000001,103.06451,96.4219,0.00033386220000000005,6.288081,0.04985406999999999,107.70069999999998,0.032614937999999996,0.0029883410000000003,0.07533303,237.8861,0.032614937999999996,0.0029883410000000003,0.013067736,569.38708,0.032614937999999996,0.0029883410000000003,0.010424285,584.97042,0.032614937999999996,0.0029883410000000003,0.005926987999999999,3.813969e-05,5.8921879999999994e-05,0.08688495,22.973278999999998,0.05907317000000001,0.004654422,0.0018753818999999994,1.7638044e-05,0.00016075768
73,1607389800,21.166019999999996,21.166040000000002,-0.005552405000000001,-0.9711064,8.152825000000002,3.781364,7.3614380000000015,6.5394890000000006,0.55706793,9.392076999999999,7.327338999999999e-05,5.9019049999999995e-05,6.233179000000001e-05,7.380686000000001e-05,0.00010012597000000001,0.00013301954000000002,0.00020462087000000002,0.0004030806,9.399754,1.1804484,0.0017033970000000002,81.18932,65.69832,0.0007028156999999999,6.3922229999999995,0.07069552999999999,222.01960000000003,0.031236009000000002,0.0028605367,0.13714021,825.3803999999998,0.031236009000000002,0.0028605367,0.015841490000000003,593.2218,0.031236009000000002,0.0028605367,0.012506146999999999,605.662,0.031236009000000002,0.0028605367,0.006729059,5.771852e-05,7.890321e-05,-0.01978425,35.831126,0.09307884,0.006990827,0.003742187,3.1540342e-05,0.00030749270000000005
73,1607390400,11.46176,11.461789999999999,-0.0025305177,-1.2814707,6.059247,3.008973,5.116957,4.645979,0.14222645,5.206068999999999,3.5046099999999996e-05,1.5820978e-05,1.6820362999999998e-05,2.0361478e-05,3.0396828000000003e-05,4.567521e-05,6.380103e-05,0.00012314658,3.934342,1.795057,0.0011446589,98.91515,81.36904,0.00038057060000000004,6.298627000000001,0.05372332,123.37269999999998,0.023496732,0.0021522383,0.09185063,347.4569,0.023496732,0.0021522383,0.012741929999999999,437.23426,0.023496732,0.0021522383,0.009971808,447.20223999999996,0.023496732,0.0021522383,0.006371171,5.1429470000000004e-05,7.26518e-05,-0.0341580442,59.413245,0.09644868,0.005727291,0.002927423,3.4455569000000005e-05,0.00033872989000000004
73,1607391000,19.346071000000002,19.346114,-0.0015887932,-1.5356575,6.7818570000000005,4.033929,6.124762,5.418764,0.34668428,8.401840000000002,4.844331e-05,3.2116028e-05,3.1851579e-05,3.8594164e-05,5.778409e-05,7.55698e-05,0.00011707978000000002,0.00024134593000000004,8.536019,1.134399,0.0020051476,84.38937999999999,63.40638,0.0006429939999999999,6.22396,0.06933063,208.46439,0.028617885,0.0026209481299999996,0.13313895,759.0707,0.028617885,0.0026209481299999996,0.013948785,538.7825100000001,0.028617885,0.0026209481299999996,0.010710981999999999,549.9644099999999,0.028617885,0.0026209481299999996,0.006933097000000001,6.018097e-05,8.142180000000001e-05,0.020313642,37.7188036,0.08526741,0.007226268000000001,0.00433037,2.0328780000000003e-05,0.00020324159
73,1607391600,25.73155,25.73155,-0.002198645,-1.6744310000000002,7.53968,4.766513,6.9722480000000004,6.2833179999999995,0.13646991,10.642430000000001,4.966047e-05,3.4071344e-05,3.3286748000000006e-05,4.1601041e-05,6.551142e-05,8.513857000000001e-05,0.00013687728,0.00030226226,11.701438,1.1607193,0.002884149,84.04768,59.012060000000005,0.0008555914999999999,6.061908999999999,0.08131162,275.49789999999996,0.045385247,0.004157397970000001,0.15901230000000002,1039.7481,0.045385247,0.004157397970000001,0.01707719,820.01273,0.045385247,0.004157397970000001,0.013655987999999999,839.6129000000001,0.045385247,0.004157397970000001,0.007460186000000001,6.725475999999999e-05,8.898501999999999e-05,-0.028992940000000002,4.0163603,0.048137570000000005,0.008594975000000001,0.005509063,1.0486208e-05,9.692668000000001e-05
73,1607392200,29.58927,29.58929,-0.0008744879999999999,-1.6259339999999998,8.033909,5.0396529999999995,7.323523,6.7833190000000005,0.9890283899999999,12.918289999999999,0.0001099205,9.8055385e-05,9.9821318e-05,0.000116614566,0.00015655059,0.00019704469000000001,0.00029948307999999997,0.00058266374,13.888078000000002,0.9020195000000001,0.0028737190000000003,76.18321999999999,56.50743,0.0009832520999999998,6.106612,0.08714865,310.0023,0.039238146200000004,0.00359354715,0.1709264,1218.1012999999998,0.039238146200000004,0.00359354715,0.01586857,673.237,0.039238146200000004,0.00359354715,0.012349118000000001,690.6576,0.039238146200000004,0.00359354715,0.007645781999999999,7.432034e-05,9.602598e-05,-0.0943948873,13.101619279999998,0.08016736999999999,0.009098895999999999,0.005809494,2.0841599999999997e-05,0.00021947409000000004
73,1607392800,29.2668,29.266820000000003,-0.00138928433,-1.661046,8.368835,5.034585999999999,7.031125999999999,6.4523340000000005,0.65928222,13.691627,7.248796999999999e-05,6.128652e-05,6.0383897e-05,7.480852200000001e-05,0.00010902395,0.00015149203,0.00022724015,0.00047921078000000007,13.317568,1.3119264,0.002682191,80.35414999999999,60.461920000000006,0.0009722775999999999,6.258900000000001,0.08592409999999999,308.32320000000004,0.056623619999999986,0.0051868798,0.16663920000000002,1170.3763,0.056623619999999986,0.0051868798,0.01886875,973.8160999999998,0.056623619999999986,0.0051868798,0.015435207000000001,1000.5745999999999,0.056623619999999986,0.0051868798,0.007888513000000002,8.058517000000001e-05,0.00010268444,0.010505851,7.0476312000000005,0.07459110000000001,0.009596291,0.006196353,2.1854473000000002e-05,0.00021713465
73,1607393400,19.00878,19.008789999999998,-0.0019003629999999997,-1.5408742,7.008887,4.021513,6.159189,5.421241,0.4326766,8.160647,5.963864e-05,4.2705951e-05,4.4236040000000004e-05,5.2957299999999995e-05,7.447016000000001e-05,0.00010764658,0.00015202439,0.00030583060000000003,7.653496000000001,1.847794,0.002275371,89.46059000000001,69.87604999999999,0.0006311756999999999,6.4389009999999995,0.06830673,202.74259999999998,0.047488544,0.0043506837,0.12757872,677.0686,0.047488544,0.0043506837,0.01634035,812.2357,0.047488544,0.0043506837,0.013338501000000003,834.9589999999998,0.047488544,0.0043506837,0.007456509000000002,7.122027999999999e-05,9.292461e-05,-0.04972363219999999,21.5340249,0.07957762,0.008470265000000001,0.005325285000000001,2.6224163e-05,0.0002712172
73,1607394000,24.23975,24.23975,-0.001758917,-1.622025,7.706372999999999,4.600914,6.900923000000001,6.143287,0.6029939900000001,10.477915000000001,5.49958e-05,3.9255632000000005e-05,3.9539616e-05,4.9043851000000006e-05,7.259968000000001e-05,9.906943999999997e-05,0.00015496092,0.00031816217,10.484572,1.631541,0.002937103,88.07803999999999,63.87037,0.0008053133000000001,6.353012,0.07880384999999998,259.79320000000007,0.02732885139,0.0025027644429999997,0.149928,931.7244000000001,0.02732885139,0.0025027644429999997,0.014297003999999999,511.88026,0.02732885139,0.0025027644429999997,0.010855794,522.5848199999999,0.02732885139,0.0025027644429999997,0.007634624999999999,7.413920999999999e-05,9.583125e-05,-0.043010969999999996,11.3925591,0.08525188999999998,0.008973015999999999,0.005744325,2.0088212999999997e-05,0.00021019417000000003
73,1607394600,24.36011,24.36013,-0.0017383597,-1.622556,7.42894,4.578379,6.714880000000001,6.090862,0.49771418,10.499624,7.039414e-05,5.338667599999999e-05,5.5995006999999994e-05,6.846120599999998e-05,9.581281999999999e-05,0.00013258250000000002,0.00021392779,0.00042489039999999995,10.539905999999998,1.635689,0.003367076,84.44149,64.14556999999999,0.0008089038999999999,6.417711,0.07775815999999999,259.7106,0.029209753100000003,0.0026750405600000004,0.14911729999999998,931.8756999999998,0.029209753100000003,0.0026750405600000004,0.015395726000000002,606.0629,0.029209753100000003,0.0026750405600000004,0.01207307,615.1112,0.029209753100000003,0.0026750405600000004,0.007663402,7.568473e-05,9.773586e-05,-0.017132372,19.4128479,0.08508882,0.008931938000000002,0.005743613,2.6448614e-05,0.00028023104
73,1607395200,23.51137,23.511420000000005,-0.0021593470000000003,-1.66891,7.103805000000001,4.50373,6.375044,5.958932000000001,0.54162998,10.177472999999999,3.619651e-05,2.0431620000000004e-05,1.8596193000000004e-05,2.6088072000000002e-05,4.5738240000000005e-05,6.465276999999999e-05,0.0001077092,0.00024176309999999996,10.186646,1.5652949999999999,0.0032073030000000003,88.92032,64.93137,0.0007809592,6.27741,0.07635577,248.20210000000003,0.025818181999999995,0.0023637172,0.1447919,895.3412000000001,0.025818181999999995,0.0023637172,0.015343391000000001,541.36169,0.025818181999999995,0.0023637172,0.012117410999999998,549.56857,0.025818181999999995,0.0023637172,0.007935051,7.949007999999999e-05,0.00010122353999999999,0.014151339999999998,2.7495401,0.052530850000000004,0.009779928,0.006365216000000002,1.2614966e-05,0.00010904232999999997
73,1607395800,20.455143999999997,20.455155999999995,-0.004001434470000001,-1.314126,7.417914000000001,4.049422,6.397547,5.731336000000001,0.73702715,9.012697,3.947347e-05,2.2466952999999998e-05,2.1037022e-05,2.6895266e-05,4.515458e-05,6.120585e-05,9.788311999999999e-05,0.00021518482999999998,8.91903,1.3051470000000003,0.002878606,87.34444,65.03595000000001,0.0006796201,6.166167,0.07083075,217.35615,0.034095946,0.0031228294999999994,0.13373393,787.5132,0.034095946,0.0031228294999999994,0.01566815,649.76708,0.034095946,0.0031228294999999994,0.012482510999999998,664.03459,0.034095946,0.0031228294999999994,0.007369614000000001,7.089219e-05,9.245681999999999e-05,-0.049530704999999994,24.569425099999997,0.0887494,0.008298488000000001,0.005177892999999999,3.0865787e-05,0.00032115603
73,1607396400,34.02038,34.020390000000006,-0.0016962039000000002,-1.637075,8.735557,5.381580999999999,7.947468000000001,7.178693000000001,1.05763714,14.516968,0.00010311717000000002,9.5749196e-05,9.448441e-05,0.00011059058100000002,0.00015613709,0.00020220805000000002,0.00030817015999999993,0.00061375961,15.555465000000002,1.449888,0.0031544679999999997,79.62615000000001,60.22813,0.0011304363000000002,6.3911940000000005,0.09121278,360.435,0.030198261600000005,0.0027645036799999996,0.1791333,1370.9125,0.030198261600000005,0.0027645036799999996,0.017302759999999997,690.80994,0.030198261600000005,0.0027645036799999996,0.013669614,698.66988,0.030198261600000005,0.0027645036799999996,0.008330378,9.612901999999999e-05,0.00011801113,0.011936222100000001,4.1311691999999995,0.06689474999999999,0.010646146,0.0068916179999999995,2.5952978e-05,0.00018761768
73,1607397000,20.672130000000003,20.67215,-0.008049154,-1.1040577,7.905467,3.906658,7.033264,6.288568,0.63346219,9.006603,6.80008e-05,5.2583520000000004e-05,5.4097246999999996e-05,6.369626e-05,8.824590000000002e-05,0.00011607721999999998,0.00017449441000000002,0.00035242443000000007,9.136130000000001,1.1970829,0.0019082292,83.97751000000001,63.30699,0.0006867223,6.4514700000000005,0.07239791999999999,222.55540000000005,0.018031075900000002,0.0016505506200000003,0.1380929,812.2419000000001,0.018031075900000002,0.0016505506200000003,0.013544661999999999,347.96265,0.018031075900000002,0.0016505506200000003,0.010207283000000001,353.19159,0.018031075900000002,0.0016505506200000003,0.006999353,6.196862e-05,8.384092e-05,-0.08070805,15.950933000000001,0.09822714,0.007416842999999999,0.004247112,2.4922043e-05,0.0002423886
73,1607397600,16.448695,16.448717,-0.004835858,-1.4704840000000001,6.495124,3.670585,5.719488,5.172082999999999,0.8769105300000002,7.575321999999998,3.4561390000000004e-05,1.7409429e-05,1.7386121e-05,2.2155435000000004e-05,3.408757e-05,4.986322e-05,8.71263e-05,0.00014966287,6.511659,1.7109809999999999,0.0013161904,92.95844,73.00420999999999,0.000546766,6.331484,0.06466688,178.07798,0.014899696969999997,0.0013642809000000001,0.11520496999999999,580.2559,0.014899696969999997,0.0013642809000000001,0.011468335,298.341122,0.014899696969999997,0.0013642809000000001,0.008453845,303.804873,0.014899696969999997,0.0013642809000000001,0.007213949,6.82957e-05,8.967044999999999e-05,-0.031612694999999996,32.221106000000006,0.10408485999999999,0.007955483000000001,0.004813599,3.2472037999999994e-05,0.00034059648
73,1607398200,9.453312,9.453332,-0.004385604899999999,-1.1092278,5.52463,2.592836,4.91505,4.18569,0.14082165000000002,3.969294,3.6120139999999996e-05,1.6683884e-05,1.8503207999999998e-05,2.1893093000000003e-05,3.0192336000000004e-05,5.476176e-05,7.467865e-05,0.00010792507,2.5925650000000005,2.132311,0.0014287723,106.57568,95.76708,0.00031361130000000004,6.4461010000000005,0.04770372,102.73692999999999,0.026793031000000002,0.0024546732999999998,0.07402231000000001,228.54160000000002,0.026793031000000002,0.0024546732999999998,0.011742576,447.18323,0.026793031000000002,0.0024546732999999998,0.009187171999999999,460.61633,0.026793031000000002,0.0024546732999999998,0.00744475,6.972575e-05,9.082234999999999e-05,0.0009203459999999996,1.885229,0.04864596,0.008706704,0.005354531,1.2849960000000001e-05,8.881973e-05
73,1607398800,9.723368,9.723396,-0.0018435391200000001,-0.9785998999999999,5.898892,2.5765330000000004,5.138144,4.231817,0.12786822,4.049529,4.156313e-05,2.2775466e-05,2.5186950999999997e-05,3.0790572e-05,4.0572759999999996e-05,6.781448e-05,9.242638e-05,0.00015415476000000001,2.684909,2.1747700000000005,0.0015561359999999998,102.10304000000001,95.10375,0.0003224022,6.746905,0.04697436,104.60313000000001,0.027081637000000002,0.0024811153400000003,0.07507748,233.74590000000003,0.027081637000000002,0.0024811153400000003,0.012044272,468.09794,0.027081637000000002,0.0024811153400000003,0.0094817,481.314343,0.027081637000000002,0.0024811153400000003,0.007138939999999999,6.61128e-05,8.713773999999999e-05,-0.022367150000000002,33.366304,0.09786933000000002,0.007741012,0.004778978999999999,2.9725302e-05,0.00030070739
73,1607399400,9.927289000000002,9.927303999999998,-0.0018907219999999998,-0.9366259000000001,5.906281000000001,2.618245,5.3249759999999995,4.325756,0.05345191000000001,4.023759,3.2223260000000004e-05,1.3465135999999998e-05,1.5118087e-05,1.8273515e-05,2.676211e-05,4.266792e-05,5.8848329999999985e-05,0.00011295753999999999,2.8379299999999996,2.1240440000000005,0.0013599873,103.75726999999999,92.95435,0.0003293301,6.407066,0.047032069999999995,106.81599999999999,0.029174965999999997,0.0026729673,0.07767802,249.22699999999995,0.029174965999999997,0.0026729673,0.012575386999999999,487.92929999999996,0.029174965999999997,0.0026729673,0.010047699999999998,502.17657999999994,0.029174965999999997,0.0026729673,0.006794140999999999,5.740361e-05,7.828862e-05,0.067623198,24.611362000000003,0.07168428000000002,0.007006178,0.003983844,2.2837666000000004e-05,0.00021825582
73,1607400000,19.148842,19.148874,-0.0018166235999999998,-1.4088602,7.048042,3.896748,6.278703,5.679961,0.8508115499999999,8.560908999999999,6.0140690000000004e-05,4.591017e-05,4.7938137e-05,5.8616995999999994e-05,8.438379000000001e-05,0.00011073767999999999,0.00018140282999999999,0.00036268273000000003,9.018601999999998,0.55345088,0.0014418005000000002,72.74035,57.72526999999999,0.000636392,6.272563,0.06652165,196.7474,0.006893123100000001,0.00062975642,0.13534692,781.5366000000001,0.006893123100000001,0.00062975642,0.011973839,199.97952999999998,0.006893123100000001,0.00062975642,0.008613566999999999,199.16903,0.006893123100000001,0.00062975642,0.0069660830000000005,6.51653e-05,8.642607000000001e-05,0.089569313,35.043403,0.10617499000000001,0.007432280999999999,0.004195348,4.0765472000000005e-05,0.00042122893999999993
73,1607400600,4.632253,4.632271,0.0016147370000000002,-1.410473,3.349227999999999,1.8023250000000002,2.9707280000000003,2.7220959999999996,0.291385376,2.2084722,2.468099e-05,5.616738999999999e-06,6.330893999999999e-06,9.680732000000001e-06,1.7535241000000003e-05,3.0514080000000002e-05,5.3108160000000005e-05,0.00010088446000000001,2.26609,0.049104270000000005,0.0007018228,73.08403000000001,53.51766,0.00015390671000000002,6.679903999999999,0.031821289999999995,51.13153,0.0047741992600000005,0.0004364588479999999,0.06429468,200.77674000000002,0.0047741992600000005,0.0004364588479999999,0.008153712999999998,101.06494,0.0047741992600000005,0.0004364588479999999,0.0050066849999999994,102.01182,0.0047741992600000005,0.0004364588479999999,0.006174164,4.99194e-05,7.086953000000001e-05,0.066763583,71.832143,0.09466012,0.004911546,0.002281924,3.8248873999999994e-05,0.00036044170000000005
73,1607401200,5.326994000000001,5.327013,-0.0019474436,-1.3721065,3.986033999999999,2.0215650000000003,3.264588,2.953178,0.19446364000000002,2.5507789,3.066824e-05,1.2578431e-05,1.3659062e-05,1.7819877e-05,2.6387459999999998e-05,4.541325e-05,6.244773999999999e-05,0.00011581332,2.5494812,0.11301459,0.0006938342999999999,74.25123,54.364279999999994,0.00017697983,6.655208,0.03548535,58.29154000000001,0.0033867941400000006,0.000309277513,0.07172471,224.91411,0.0033867941400000006,0.000309277513,0.007926764,74.341667,0.0033867941400000006,0.000309277513,0.0049260779999999995,74.59169,0.0033867941400000006,0.000309277513,0.006215593,4.938046e-05,6.971243999999999e-05,-0.041587755000000004,48.96233399999999,0.08832289,0.005213712,0.002720019,3.5744627000000004e-05,0.00035866877999999995
73,1607401800,16.795838,16.795852000000004,-0.0003229007000000001,-1.2304498000000001,6.777582,3.594901,6.085724999999999,5.354339,1.3498243200000002,8.171497,4.8587750000000006e-05,3.3101050000000004e-05,3.4023833e-05,4.1794132e-05,6.017647e-05,8.0540279e-05,0.00012917532,0.00026179124000000006,7.923546,0.4726128,0.0010821634,73.91686,56.27382,0.0005583058,5.926014,0.06419948,177.9393,0.01726821,0.0015806155700000002,0.12651501999999998,698.7062999999999,0.01726821,0.0015806155700000002,0.01283802,346.44597999999996,0.01726821,0.0015806155700000002,0.009551714,351.93370999999996,0.01726821,0.0015806155700000002,0.006436967,5.711313e-05,7.784394999999999e-05,0.09193318999999997,113.026597,0.14872513999999998,0.006119774,0.0032239660000000004,5.4273503e-05,0.00056885828
73,1607402400,16.6563,16.65633,-0.0005238983,-1.304526,6.863311,3.6218310000000002,6.108486,5.426303,0.66410953,7.866530000000002,5.722775000000001e-05,4.1656445999999996e-05,4.3403497e-05,5.1127322e-05,7.1362609e-05,9.736628000000001e-05,0.00014577013,0.00028128832000000006,7.018098,1.3077694999999998,0.0015118174,85.69812,67.04283000000001,0.0005530866,6.311541,0.06510095,177.52190000000002,0.028256451,0.0025879694,0.12082069999999998,620.6883,0.028256451,0.0025879694,0.014139546999999999,535.20761,0.028256451,0.0025879694,0.011085064,546.73016,0.028256451,0.0025879694,0.0063534640000000005,4.882075e-05,6.958533e-05,0.015512680000000001,32.625806000000004,0.08861896,0.0059425450000000005,0.003064344,2.22044e-05,0.00022890973000000005
73,1607403000,14.225,14.225040000000002,-0.00123065641,-1.571197,5.676621999999999,3.501067,5.218882,4.924688999999999,0.07874371999999999,5.7629600000000005,3.4699309999999996e-05,1.6774619000000002e-05,1.73008e-05,2.2567443999999997e-05,3.3937434000000004e-05,5.0175909999999996e-05,7.9217722e-05,0.00015828652,5.295418,1.81538,0.0013111955000000002,91.68384999999999,75.54053000000002,0.0004726579,6.1707149999999995,0.060709349999999995,152.4337,0.0422273559,0.00386899388,0.10703750000000001,471.2159,0.0422273559,0.00386899388,0.014481003000000001,723.75092,0.0422273559,0.00386899388,0.011682495000000001,744.16505,0.0422273559,0.00386899388,0.006282487000000001,4.5008640000000004e-05,6.586303e-05,-0.08531576599999999,24.636122999999998,0.06623038,0.005587030999999999,0.0030443019999999996,1.3874595999999997e-05,0.00011894699000000001
73,1607403600,14.898852,14.898874000000001,-0.0008022815999999997,-1.4633094999999998,6.103085999999999,3.522839,5.469392999999999,5.015853,0.46576414,6.508455,3.2659129999999996e-05,1.4913091e-05,1.5698783e-05,2.1041981e-05,3.5265977e-05,4.9233679999999994e-05,9.210774999999999e-05,0.00019312468000000002,5.655781,1.7916410000000003,0.0015734914,92.07057999999999,74.74206,0.0004944766999999999,6.2993999999999994,0.06116994,159.08709000000005,0.0310147195,0.00284106834,0.10831520000000001,500.54320000000007,0.0310147195,0.00284106834,0.013355505,536.30183,0.0310147195,0.00284106834,0.010462823,551.1568000000001,0.0310147195,0.00284106834,0.0062689090000000005,4.4416510000000005e-05,6.529074e-05,-0.055663693,32.399059,0.06634374,0.005697677,0.003036755,1.3578395e-05,0.0001183609
73,1607404200,14.16182,14.16183,-0.0005922366999999999,-1.515963,6.137473999999999,3.448956,5.338028,4.843049000000001,0.20720091999999996,5.95653,4.547374e-05,2.8822609000000002e-05,2.9334740000000005e-05,3.4769798e-05,4.9611747e-05,6.2851322e-05,9.62115e-05,0.00020049537,5.719896,1.3593979999999999,0.0010866984,92.7641,69.52253999999999,0.00047030100000000006,6.401454000000001,0.05952094000000001,149.19189999999998,0.023768670999999998,0.0021767971,0.1100916,502.91499999999996,0.023768670999999998,0.0021767971,0.013444594,451.09759999999994,0.023768670999999998,0.0021767971,0.010474655000000001,460.2210999999999,0.023768670999999998,0.0021767971,0.006024690000000001,3.891664e-05,6.003058999999999e-05,-0.051389251000000004,31.150040999999998,0.06864148,0.004928058000000001,0.0024049,1.6782623e-05,0.00017086625000000002
73,1607404800,13.460956999999999,13.46099,-0.0005425882,-1.2930699,6.188739,3.2544739999999996,5.129557,4.676356,0.70834155,6.810779999999999,3.850862000000001e-05,2.1379725000000003e-05,2.1954965e-05,2.7311333000000004e-05,4.191302699999999e-05,5.610303799999999e-05,9.163262000000001e-05,0.00019025641,5.8287320000000005,0.9001960999999998,0.0010714732,84.40109,65.00710000000001,0.00044726999999999994,6.354735,0.056778430000000005,142.35186,0.013130313299999998,0.00120167788,0.10797707000000001,510.8902,0.013130313299999998,0.00120167788,0.011255194,257.82018500000004,0.013130313299999998,0.00120167788,0.008180502000000001,262.280838,0.013130313299999998,0.00120167788,0.0062124680000000005,4.88788e-05,6.986413999999999e-05,0.087674682,68.434358,0.11792552999999999,0.005339934,0.0026726020000000005,4.2242425e-05,0.000432633
73,1607405400,8.779544,8.779572000000002,0.0042129360000000005,-1.613679,4.4703610000000005,2.7398510000000003,4.070824,3.6868880000000006,0.17592577000000004,3.719994,3.1728639999999996e-05,1.3870272000000002e-05,1.4001302999999999e-05,1.8104506e-05,2.8228966999999993e-05,4.7989659999999996e-05,6.697917000000001e-05,0.00013256401,4.063322,0.3249978,0.001100955,80.28729999999999,58.15163,0.00029177390000000004,6.236132,0.04839825,94.4154,0.00364094643,0.00033246567000000003,0.09249374,359.36280000000005,0.00364094643,0.00033246567000000003,0.00852831,98.54454100000001,0.00364094643,0.00033246567000000003,0.005482084000000001,98.198544,0.00364094643,0.00033246567000000003,0.006378252999999999,4.623997e-05,6.711376999999999e-05,-0.011796633000000003,18.459852,0.05315921,0.005676258,0.003238291,1.7331224e-05,0.00016165443
73,1607406000,14.76116,14.761189000000002,0.0021461910999999996,-1.5103570000000002,6.094349,3.3985969999999996,5.337389,4.831009,0.56310651,6.539278,6.975009e-05,5.5258327000000006e-05,5.8324858000000006e-05,7.054656e-05,9.988388e-05,0.00014189302,0.00021265396,0.00041383999999999995,7.0914600000000005,0.28643609999999997,0.0015842815999999999,71.59713,54.77736,0.0004901259999999999,6.617179999999999,0.060267219999999996,157.14757,0.0041912606,0.000382216188,0.11963292,625.3985,0.0041912606,0.000382216188,0.010339707,126.10077000000001,0.0041912606,0.000382216188,0.007100392,124.84810999999999,0.0041912606,0.000382216188,0.006938297,6.527918000000001e-05,8.584936e-05,-0.10234185199999998,52.25783900000001,0.12427606,0.007313516000000001,0.00444634,4.1210060000000004e-05,0.0004187687599999999
73,1607406600,16.00114,16.001151,0.00028556090000000017,-1.4349914000000001,6.460846999999999,3.5818060000000003,5.7494890000000005,5.101317,0.58016855,7.074164000000001,3.5423579999999996e-05,1.8207340999999996e-05,1.8172999999999997e-05,2.4438186000000004e-05,4.4635120000000004e-05,6.157721e-05,9.876054000000001e-05,0.00020698865000000002,7.083769999999999,0.9149505,0.0013599244,85.41874,64.23113,0.0005314728,6.367672,0.0633411,168.97084,0.024036193030000003,0.002201499625,0.11853136,622.3646000000001,0.024036193030000003,0.002201499625,0.013385184,466.3338790000001,0.024036193030000003,0.002201499625,0.010199749,475.879331,0.024036193030000003,0.002201499625,0.0071142789999999985,6.409489e-05,8.525366000000001e-05,0.0268580188,35.0378306,0.09789339000000001,0.0076746919999999995,0.0048396210000000005,3.1022622e-05,0.00032498431
73,1607407200,15.052690000000002,15.052710000000001,-0.002753489,-1.5794710000000003,6.011359,3.626812,5.626258999999999,4.9328270000000005,0.023251310000000004,6.0258400000000005,3.0415870000000003e-05,1.3315037e-05,1.2828785299999999e-05,1.7691539999999998e-05,3.535573e-05,4.746915999999999e-05,6.982525e-05,0.00015099545,6.286489,1.2382199999999999,0.0012754914,89.5395,66.48818000000001,0.0005002541,6.1173090000000006,0.06365661,159.9738,0.01948557,0.0017841478,0.11626919999999999,554.3066,0.01948557,0.0017841478,0.012980070000000002,379.3937,0.01948557,0.0017841478,0.009952106999999998,386.4471,0.01948557,0.0017841478,0.007045026,5.764547e-05,7.844308999999999e-05,0.008679779100000002,1.0602623000000002,0.03888299,0.0075099730000000005,0.004840235,8.698473e-06,6.784308000000001e-05
73,1607407800,15.85169,15.85172,-0.0036570989999999996,-1.3963688,6.611301,3.609483,6.014621,5.223271,0.2801911,6.6784989999999995,3.110411e-05,1.4621517000000002e-05,1.5028358000000002e-05,2.1618690000000003e-05,4.187703e-05,6.118517e-05,0.00010026615000000002,0.00022112083,6.804505999999999,1.1192268,0.0016213237999999999,84.77816999999999,64.49510000000001,0.0005263892999999999,6.438699,0.06434778,168.3501,0.0208690618,0.0019108840200000002,0.1204963,600.0033000000001,0.0208690618,0.0019108840200000002,0.012885377,419.22358,0.0208690618,0.0019108840200000002,0.009761853,426.13297,0.0208690618,0.0019108840200000002,0.007023327,5.993692000000001e-05,8.094426e-05,0.033636894,20.892411900000003,0.07602399,0.00744004,0.004723407000000001,2.3924597e-05,0.00024761041000000004
73,1607408400,17.499944,17.499946,-0.002302504,-1.4655936999999999,6.543049999999999,3.7755159999999997,5.812265,5.202272000000001,0.68645662,8.137202,5.384255000000001e-05,3.7960294e-05,3.887681199999999e-05,4.8755829999999994e-05,7.111116000000002e-05,9.294659000000002e-05,0.00013690687,0.0002666567,7.570424999999998,1.177437,0.0013815586,87.25228,66.92922000000002,0.0005812009999999999,6.236083,0.06649077,188.39653,0.039740041,0.0036404949,0.12306181000000001,670.999,0.039740041,0.0036404949,0.015528019999999998,721.37162,0.039740041,0.0036404949,0.012396525,739.08201,0.039740041,0.0036404949,0.007318076,7.069347e-05,9.16961e-05,-0.069269794,31.1754947,0.08956913,0.008058833999999999,0.005257282,3.6811546000000004e-05,0.00035478833000000007
73,1607409000,19.427840000000003,19.42788,-0.0041105049999999995,-1.4139731,6.9773890000000005,3.9546710000000003,6.45211,5.819577,0.3693125199999999,8.462536,3.2679269999999995e-05,1.6775697e-05,1.5920699e-05,2.1866574e-05,4.1445140000000003e-05,5.1214930000000005e-05,8.613229e-05,0.00019993913999999998,8.83195,0.8801221000000001,0.0014028665999999998,85.7105,60.44062,0.0006457133999999999,6.264166,0.07057998000000001,204.5586,0.03405374801,0.003119177711,0.1356036,776.6007999999999,0.03405374801,0.003119177711,0.014783391000000002,619.972315,0.03405374801,0.003119177711,0.011510162,634.68622,0.03405374801,0.003119177711,0.006834504,5.4518310000000004e-05,7.546752000000001e-05,0.053884526999999995,14.3245327,0.06143233,0.007098175,0.004350216,1.4005287999999997e-05,0.0001383636
73,1607409600,14.118724,14.118736000000002,-0.005716047,-1.2256556,6.509899,3.285324,5.707635999999999,4.823322999999999,0.6800304,6.343984,4.814234e-05,3.1051753e-05,3.2412077e-05,3.9196009e-05,5.625256e-05,7.144896000000001e-05,0.00011931237000000001,0.00023226283,5.897983,1.1596045,0.0011635014,87.35952999999999,70.04234,0.00046879439999999994,6.3851569999999995,0.05906673,149.20067999999998,0.027430971300000002,0.00251253912,0.10754956,518.2185,0.027430971300000002,0.00251253912,0.01326469,492.24921000000006,0.027430971300000002,0.00251253912,0.010195398999999999,503.758755,0.027430971300000002,0.00251253912,0.006097719999999999,4.3448550000000006e-05,6.471287e-05,0.03853852,41.795718699999995,0.08632292,0.0048656739999999995,0.002353765,2.6423653e-05,0.00024143019
73,1607410200,11.266670000000001,11.2667,-0.005970825,-1.2328305,5.737112999999999,3.003076,5.292198,4.4872,0.03826545,4.559037,3.260551e-05,1.4047149e-05,1.41854277e-05,1.7380438e-05,2.5989236000000004e-05,3.8064366e-05,5.8704454e-05,0.00011490564,4.179148,1.453098,0.0007955561,93.47559,75.82915,0.000374295,5.9776169999999995,0.05425926,119.3569,0.0256849728,0.0023528041099999996,0.09475079,368.5559,0.0256849728,0.0023528041099999996,0.012394704000000001,466.34433,0.0256849728,0.0023528041099999996,0.009525569,477.95735,0.0256849728,0.0023528041099999996,0.0057794890000000005,3.0599369999999995e-05,5.152524e-05,-0.007170853,2.9056436999999997,0.034045660000000005,0.004288896,0.0019971520000000003,5.339661999999999e-06,4.9768410000000003e-05
73,1607410800,11.40418,11.40419,-0.0057060240000000005,-1.3365035,5.690874,3.0511619999999997,5.195371,4.385948,0.043561569999999994,4.626617000000001,4.506192e-05,2.7337790000000004e-05,2.8823057999999997e-05,3.44925e-05,4.8005470000000004e-05,7.219286e-05,0.00010274176999999998,0.00020192550000000002,4.245863000000001,1.4545689999999998,0.0011138322,87.31747,75.5678,0.00037854360000000005,6.515707999999999,0.054833410000000006,121.53159999999998,0.01668490723,0.001528021685,0.09552622,374.9323,0.01668490723,0.001528021685,0.011620218,325.49307400000004,0.01668490723,0.001528021685,0.008754143,331.48060449999997,0.01668490723,0.001528021685,0.005970526,3.471375e-05,5.554667999999999e-05,0.015196703,2.3344085000000008,0.038976910000000003,0.0048281669999999995,0.0025235299999999995,5.999594e-06,5.7321249999999986e-05
73,1607411400,14.139720999999998,14.139723999999998,-0.004702263999999999,-1.2343223,6.348044,3.275424,5.641371,4.898287000000001,0.738332,6.665952999999999,3.242806e-05,1.4594385000000001e-05,1.4529496000000001e-05,1.8663783e-05,3.058026500000001e-05,4.337726999999999e-05,7.17508e-05,0.00015636707000000002,5.776487,1.2917766,0.0012320056,93.97811999999999,71.97893000000002,0.00046951119999999994,6.419236,0.05809875,148.14484,0.0258534253,0.00236797817,0.10659188,504.4264,0.0258534253,0.00236797817,0.013327981,451.95817000000005,0.0258534253,0.00236797817,0.01031247,464.11537,0.0258534253,0.00236797817,0.005883066000000001,3.7990129999999996e-05,5.881625e-05,0.033398819999999996,65.54523300000001,0.09941387,0.004653216,0.002203695,2.8254016999999997e-05,0.00030731971
73,1607412000,13.55105,13.55107,-0.004508812500000001,-1.3384337,5.946554999999999,3.2528289999999997,5.471192,5.023916,0.1344689,5.526391,4.344822e-05,2.5764688e-05,2.636981e-05,3.1727995e-05,4.4486268e-05,5.6872042e-05,9.173824e-05,0.00017981494999999998,5.474264,1.2998105,0.0009670801,87.83083,70.47248,0.0004502984,6.198768,0.05719671,140.8151,0.040348682000000004,0.0036966526999999997,0.10700862999999998,477.1004,0.040348682000000004,0.0036966526999999997,0.014968688999999999,692.1199300000001,0.040348682000000004,0.0036966526999999997,0.012086603000000001,711.57184,0.040348682000000004,0.0036966526999999997,0.005872611000000001,3.45266e-05,5.556373e-05,-0.00234715,18.027946,0.061581540000000004,0.0046683060000000005,0.0020647975,1.6448899e-05,0.00017363483
73,1607412600,19.53718,19.537219999999998,-0.0015770824,-1.3902638,7.187357,3.914725,6.332741,5.578108,0.82449876,8.867567,3.166523e-05,1.5577433e-05,1.43804853e-05,1.8926454000000003e-05,3.350910199999999e-05,4.735423000000001e-05,7.257510999999998e-05,0.00016739436,8.377693,1.389228,0.0012902732,91.25175,67.06169000000001,0.0006493613,6.061414999999999,0.0677635,208.5482,0.058098654000000007,0.0053231945,0.12908152,741.8441999999999,0.058098654000000007,0.0053231945,0.017151335999999996,969.02788,0.058098654000000007,0.0053231945,0.014021939,997.83357,0.058098654000000007,0.0053231945,0.00681721,6.178229999999999e-05,8.268675e-05,-0.17734330000000004,55.998083300000005,0.11084838999999999,0.007017329,0.004103746,3.3367587e-05,0.00034034793000000004
73,1607413200,16.326839999999997,16.32685,-0.0012896657,-1.541147,6.438872000000001,3.7424470000000007,5.846915999999999,5.106793,0.06358522,6.584094,4.5330889999999996e-05,2.9382766e-05,3.0567818e-05,3.8174119e-05,5.5945134e-05,8.227922e-05,0.00012549084999999998,0.00026281773000000005,6.833428,1.3279083000000003,0.0014243723000000002,87.69005999999999,66.25395,0.0005420281,6.344097,0.06384406,173.1183,0.0373055833,0.0034174926600000002,0.1212344,603.3693000000001,0.0373055833,0.0034174926600000002,0.015269182999999997,693.631117,0.0373055833,0.0034174926600000002,0.012286562,710.0268090000001,0.0373055833,0.0034174926600000002,0.006502274999999999,4.9399740000000004e-05,7.028825999999999e-05,-0.0337084493,16.1268758,0.06192664999999999,0.006265352,0.0035138339999999995,1.7169232000000002e-05,0.00016252191999999998
73,1607413800,14.637041,14.637053,-0.0001985574999999999,-1.5147574000000001,6.029847999999999,3.514793,5.441115999999999,4.886812,0.33317308,6.267501,5.462795999999999e-05,3.7940323e-05,4.002288e-05,4.7362958e-05,6.543840000000001e-05,9.055504999999999e-05,0.00013463572999999998,0.00025996722,5.7471559999999995,1.56927,0.0013822910000000001,89.99589,71.95075,0.00048563880000000004,6.429355000000001,0.059884650000000005,155.3878,0.014106249000000001,0.00129118214,0.11008923999999998,506.2138,0.014106249000000001,0.00129118214,0.011629529999999999,299.87050999999997,0.014106249000000001,0.00129118214,0.008703005000000002,303.98309000000006,0.014106249000000001,0.00129118214,0.0065991600000000015,5.3219219999999995e-05,7.424592e-05,-0.058563489,44.980023,0.07800737999999999,0.006368265,0.0036043279999999995,2.5741621999999998e-05,0.00024822888
73,1607414400,15.614610000000003,15.61466,-0.0016639868999999998,-1.566986,6.190989,3.675324,5.532844,4.998941,0.038179189999999995,6.279522999999999,6.366245e-05,4.7075204e-05,4.9614147000000005e-05,5.8973475999999995e-05,8.364548e-05,0.00010882050000000001,0.00016160527000000003,0.0003202187,6.275518,1.529418,0.0015050409000000001,88.59758000000001,69.62999,0.000518137,6.561279000000001,0.06276927000000002,166.2661,0.031343516710000005,0.002871216789,0.1161189,554.0437,0.031343516710000005,0.002871216789,0.013829066000000001,550.120456,0.031343516710000005,0.002871216789,0.010894042,563.9261740000002,0.031343516710000005,0.002871216789,0.0068273150000000005,5.611886e-05,7.731382e-05,0.014694334,21.292859999999997,0.06874431,0.006850884,0.004137192,1.9579276999999998e-05,0.0001907421
73,1607415000,19.49581,19.495839999999998,-0.0005452682599999998,-1.2773111,7.9120289999999995,3.909408,6.469361000000001,5.778026,1.38436863,10.312607,3.9575740000000004e-05,2.3902876000000002e-05,2.3902280000000002e-05,3.1991229e-05,5.2725389999999994e-05,6.952135e-05,0.00011215733,0.00024478158,8.443521,1.3022027,0.0016015525,86.77792,64.81993,0.0006478105000000001,6.48048,0.06702491000000001,205.1123,0.024500044000000002,0.00224352934,0.13059230000000002,739.1272999999999,0.024500044000000002,0.00224352934,0.014464619000000001,502.0302500000001,0.024500044000000002,0.00224352934,0.011268959999999998,510.28720999999996,0.024500044000000002,0.00224352934,0.007014117000000002,7.029716999999999e-05,9.141364e-05,-0.07297419,52.651156,0.12250968999999998,0.007247480999999998,0.004337019,4.810379299999999e-05,0.00043447721
73,1607415600,16.817939,16.817961,0.0008302623,-0.975449,7.462579000000001,3.3832820000000003,6.458335,5.613285,0.7192830100000001,7.675838999999999,6.19547e-05,4.5342565e-05,4.7944848e-05,5.950987099999999e-05,8.281297e-05,0.00010280364999999999,0.00015978763,0.00030846536,6.561462000000001,1.844955,0.0016921273,90.19021000000001,78.40274,0.0005583898,6.341769,0.059486460000000005,178.73254000000003,0.022021003020000002,0.0020165280690000002,0.11172205999999998,576.8796,0.022021003020000002,0.0020165280690000002,0.013214906000000002,442.06920999999994,0.022021003020000002,0.0020165280690000002,0.01026167,449.36981,0.022021003020000002,0.0020165280690000002,0.007077046000000001,6.515269e-05,8.627738999999999e-05,-0.03151781,17.39647,0.08975659,0.007452011999999999,0.004403055,2.2808609000000002e-05,0.00022350914000000003
73,1607416200,12.206719999999999,12.20674,0.008874859000000002,-0.9077829000000002,6.839347000000001,2.9569090000000005,5.986907,5.019678000000001,0.14200137,5.427216,3.856222e-05,1.993901e-05,2.114545e-05,2.5906471e-05,4.23603e-05,4.927016e-05,7.570801e-05,0.00015364343,4.011774000000001,2.089482,0.001678979,96.51801,84.42468000000001,0.00040525709999999994,6.304053,0.05030407,130.69959999999998,0.024700715,0.0022625864999999998,0.09260639999999999,353.53589999999997,0.024700715,0.0022625864999999998,0.013235430000000001,457.33779999999996,0.024700715,0.0022625864999999998,0.010626237,467.7476,0.024700715,0.0022625864999999998,0.006663531,5.293968000000001e-05,7.392308999999998e-05,-0.021362713999999994,7.38758,0.05391375,0.006338474000000001,0.003674553999999999,1.6570851e-05,0.00015031952
73,1607416800,11.503639,11.503651000000001,0.003244495,-0.7330136,6.56135,2.7684149999999996,5.971196,4.952102000000001,0.07833593999999999,4.671279,4.0418560000000004e-05,2.1637742e-05,2.2687712000000003e-05,2.6985624000000004e-05,3.8628049e-05,4.546355e-05,6.895605e-05,0.00013400901,3.5062399999999996,2.2439560000000003,0.0012362131,102.34218999999999,89.00641,0.0003819731,6.357876,0.04891409000000001,123.59042,0.0371704223,0.0034057588200000002,0.08695718,311.46049999999997,0.0371704223,0.0034057588200000002,0.013661902,634.9191,0.0371704223,0.0034057588200000002,0.011108063,653.26173,0.0371704223,0.0034057588200000002,0.00607257,3.933392e-05,6.0336689999999994e-05,0.019189146,12.378303,0.051210359999999996,0.004681125,0.0022103463,1.0980065000000001e-05,8.83536e-05
73,1607417400,14.353437,14.353459,0.0012518508000000002,-0.7935995000000001,7.1983820000000005,3.086522,6.390195,5.317174,0.6935531,6.308098,4.3541199999999996e-05,2.5447597000000002e-05,2.618014e-05,3.1170876e-05,4.3209651e-05,5.505248e-05,8.5418204e-05,0.00017816925,5.166663,2.008456,0.0011318571,96.01881,82.75209,0.0004766544,6.183282,0.05422413,152.905,0.014659971999999999,0.0013419638,0.10041421000000002,457.0326,0.014659971999999999,0.0013419638,0.012244325,304.17194,0.014659971999999999,0.0013419638,0.009405224000000002,308.40889000000004,0.014659971999999999,0.0013419638,0.005829742,4.1790800000000007e-05,6.278606000000001e-05,-0.25572193,116.98082200000002,0.12325436999999999,0.00409115,0.0012478553999999999,3.7391050999999994e-05,0.00039286789000000005
73,1607418000,16.19491,16.194920000000003,-0.0016571497500000002,-0.9858799999999999,7.348838000000001,3.45664,6.729281,5.693011,0.22109088,6.639276,4.285499e-05,2.5699159e-05,2.6850540000000003e-05,3.3212728e-05,4.7351084000000004e-05,6.2823058e-05,0.00010228747999999998,0.00021589929,6.187609,1.907872,0.0014325272999999997,92.15942000000001,75.65822999999999,0.0005375906000000001,6.24935,0.05835255000000002,171.6424,0.030363814500000003,0.00278129378,0.11319165,545.6087,0.030363814500000003,0.00278129378,0.014025624,554.32494,0.030363814500000003,0.00278129378,0.011155661,567.16563,0.030363814500000003,0.00278129378,0.005892621,3.8131410000000006e-05,5.9160099999999996e-05,0.04204255,38.821517,0.06973468000000001,0.004606430999999999,0.0015004069,1.8808669e-05,0.00017572836
73,1607418600,28.168019999999995,28.168029999999995,-0.0035767390000000002,-1.1265821999999999,8.877005,4.494902000000001,8.081309000000001,7.2343459999999995,1.1289087000000002,12.244201,5.9699110000000007e-05,4.6790099e-05,4.6909078e-05,5.696255699999999e-05,8.583889e-05,0.00010890621999999999,0.00018013558,0.00038101509000000003,12.90713,1.1740964,0.0018461239999999998,81.19771,60.85133,0.0009360258,6.173556,0.07854898,297.8532,0.019443315,0.001778927,0.16013970000000002,1139.5472000000002,0.019443315,0.001778927,0.01652116,505.06769999999995,0.019443315,0.001778927,0.012904422999999998,506.91610000000003,0.019443315,0.001778927,0.006898360999999999,6.437778e-05,8.573610999999999e-05,0.08234502,52.624442,0.11941462,0.007576872,0.0039985409999999996,3.8412481e-05,0.00040338053999999996
73,1607419200,16.496249999999996,16.496299999999998,-0.0029865255,-1.397884,6.722530999999999,3.7098970000000002,6.183789,5.3639,0.09934934,6.8393299999999995,5.1073649999999995e-05,3.4902153000000004e-05,3.5208478e-05,4.2284892000000004e-05,6.220970999999998e-05,8.146966000000001e-05,0.00011452790300000002,0.00023829554999999997,6.665525,1.5807,0.0012621523,89.99292,69.04700000000001,0.0005477155,6.146772,0.06380646000000001,174.06889999999999,0.0304293916,0.0027878741700000003,0.11953180000000001,586.9899,0.0304293916,0.0027878741700000003,0.01435865,580.4495999999999,0.0304293916,0.0027878741700000003,0.011312633,592.3366,0.0304293916,0.0027878741700000003,0.0064299,4.7241810000000006e-05,6.852887000000001e-05,0.012966698999999993,15.656837,0.06203699,0.005713457,0.003199863,1.684148e-05,0.00016181528000000001
73,1607419800,24.642470000000003,24.642480000000003,-0.0027615905,-1.506461,7.884052,4.474369,6.996925999999999,6.316506,0.7551258200000001,11.276921,4.987867e-05,3.5612110000000005e-05,3.47600031e-05,4.2647981000000004e-05,6.794186999999999e-05,8.371245899999998e-05,0.00012737227300000002,0.00027648325,11.226148,1.0930274,0.0013556393,81.17877999999999,60.42469000000001,0.0008192515,5.971621,0.07567017999999999,256.43489999999997,0.0275988282,0.0025268374600000004,0.1501334,980.7004000000001,0.0275988282,0.0025268374600000004,0.015388843000000003,552.78615,0.0275988282,0.0025268374600000004,0.011966447,562.68256,0.0275988282,0.0025268374600000004,0.007151389999999999,6.511002e-05,8.656903e-05,-0.067259614,26.583948,0.07979929,0.007623764999999999,0.0046247530000000005,2.2471252e-05,0.00022247248
73,1607420400,7.594735000000002,7.594748000000001,-0.005552064,-1.587601,4.109075,2.5034509999999996,3.6440620000000004,3.366628,0.21022726999999994,3.349796,3.376386e-05,1.4948739e-05,1.5500596000000004e-05,1.9356896999999996e-05,3.3146629999999994e-05,4.544762e-05,6.208232e-05,0.00012576516999999998,3.4989199999999996,0.2974274,0.0006867879,79.73751999999999,58.77467,0.00025230369999999997,6.399127,0.04372758,80.93379,0.0049639954,0.00045358417999999997,0.08408092,309.12030000000004,0.0049639954,0.00045358417999999997,0.008877669000000001,116.183907,0.0049639954,0.00045358417999999997,0.005787025,116.36343,0.0049639954,0.00045358417999999997,0.006280754000000001,4.433265e-05,6.552024e-05,-0.031081900000000006,6.581821,0.049862710000000005,0.004922330000000001,0.002978062,1.2081952000000001e-05,9.390329e-05
73,1607421000,3.5959969999999997,3.596017,0.0008141240000000001,-1.4129739999999997,3.309887,1.7216089999999997,2.850386,2.591555,0.043002649999999996,1.484346,2.5934339999999996e-05,6.415345000000001e-06,6.824435e-06,1.0068356e-05,2.331351e-05,2.0999766999999998e-05,2.9916548999999998e-05,5.8986879999999995e-05,1.6630030000000002,0.13424313000000002,0.0005900971,80.80404999999999,57.28542,0.0001194819,6.473957,0.029808399999999995,39.07846,0.0033349689,0.00030460693,0.05973003,146.7781,0.0033349689,0.00030460693,0.007708607000000001,71.95162,0.0033349689,0.00030460693,0.004629697,72.32571999999999,0.0033349689,0.00030460693,0.006383353,4.5759730000000004e-05,6.660221e-05,-0.0217009991,4.888706,0.048329029999999995,0.004700964,0.00324654,1.1716067999999999e-05,8.379075000000001e-05
73,1607421600,2.889534,2.889555,0.021990241,-1.0508450999999999,3.228624,1.4553110000000002,2.7633850000000004,2.4766909999999998,0.02516567,1.1988933999999998,2.5491199999999997e-05,5.8825249e-06,6.1500585e-06,8.541152e-06,1.3694658e-05,1.6735129e-05,2.4192507999999998e-05,4.767683e-05,1.330165,0.11397129999999997,0.0005031243,79.75978,58.27158000000001,9.603668000000001e-05,6.306984,0.0253046,31.031650000000003,0.00316255415,0.00028890393,0.05324283,117.27148000000003,0.00316255415,0.00028890393,0.007188312,59.88053000000001,0.00316255415,0.00028890393,0.00407125,60.45136999999998,0.00316255415,0.00028890393,0.005352526999999999,2.4556670000000003e-05,4.4967670000000004e-05,-0.026026122000000006,27.419905999999997,0.040785709999999996,0.0010568164999999999,-0.00037721400000000006,1.0327075000000001e-05,6.133816e-05
73,1607422200,1.9336248999999999,1.9336449000000002,0.0431093,-0.7990543,2.798823,1.1308034,2.35541,2.078464,0.034784536,0.8220976,2.3983660000000003e-05,4.357306e-06,4.6061075e-06,5.918239e-06,8.949665e-06,1.1937639e-05,1.8432016e-05,3.3912198000000005e-05,0.8569983999999999,0.10934632,0.0003736797,84.44838999999999,61.52602,6.426196e-05,6.359826,0.020101920000000002,21.058689,0.0016432186500000001,0.000149724764,0.04238159000000001,75.97481,0.0016432186500000001,0.000149724764,0.006746557,35.913509999999995,0.0016432186500000001,0.000149724764,0.003406944,35.759608,0.0016432186500000001,0.000149724764,0.0049075130000000005,1.5073929999999999e-05,3.540524e-05,-0.005834810000000007,44.41762,0.042108959999999994,-0.0010032591,-0.0022002130000000003,9.918634e-06,5.617637e-05
73,1607422800,1.069253,1.0692742,0.05829168,-0.9497555,2.102352,0.8723172,1.738102,1.553485,0.011965993999999999,0.45293620000000007,2.1812310000000002e-05,1.8829752000000003e-06,2.1348093e-06,3.1734905e-06,5.360019e-06,7.883222e-06,1.2603406e-05,2.2434123999999998e-05,0.485175,0.049053339999999994,0.0003405065,80.1425,59.343489999999996,3.551851e-05,6.499748000000001,0.01530812,11.785468,0.0012277645400000001,0.000111739639,0.03227464,42.88627999999999,0.0012277645400000001,0.000111739639,0.006247846999999999,24.571033000000003,0.0012277645400000001,0.000111739639,0.002655798,24.418841,0.0012277645400000001,0.000111739639,0.0048867500000000005,1.407216e-05,3.4413149999999994e-05,0.032691013000000005,50.4578,0.039333379999999994,-0.0016530639999999999,-0.002529518,1.0225629e-05,5.630514e-05
73,1607423400,1.149693,1.1497129999999998,0.05924894000000001,-0.8651389,2.170305,0.8839285,1.824693,1.6334,0.011407897,0.4817477,2.194289e-05,2.0757672e-06,2.4163574000000003e-06,3.527049e-06,5.9794170000000006e-06,8.485547e-06,1.4099905999999997e-05,2.6108510000000003e-05,0.5218759000000001,0.052533039999999996,0.00037245410000000007,82.55479,59.20871000000001,3.816073999999999e-05,6.542664,0.01591362,12.58665,0.0016116915200000003,0.000146917206,0.033458020000000005,45.967850000000006,0.0016116915200000003,0.000146917206,0.006491370000000001,30.642885,0.0016116915200000003,0.000146917206,0.0029552040000000003,30.66567,0.0016116915200000003,0.000146917206,0.004874751,1.3969879999999998e-05,3.422824e-05,0.13843888,48.215349999999994,0.04024744,-0.001558051,-0.0024368190000000007,9.962085e-06,5.323455e-05
73,1607424000,0.906077,0.9060969,0.07922367999999999,-0.6366278000000001,2.030498,0.7262824,1.6765630000000002,1.490745,0.01219031,0.3884768,2.138915e-05,1.6202950000000005e-06,1.8782477999999998e-06,2.8522189999999994e-06,4.748508000000001e-06,6.964982e-06,1.1172631000000002e-05,2.0066312e-05,0.3992575,0.05335729,0.00037286540000000003,85.74019000000001,61.95522000000001,3.008539e-05,6.4884,0.014339170000000002,9.995144,0.0016272584,0.00014835994,0.029180740000000004,35.04733,0.0016272584,0.00014835994,0.006472857000000001,30.569234,0.0016272584,0.00014835994,0.0028704029999999997,30.703909,0.0016272584,0.00014835994,0.004834672999999999,1.317036e-05,3.3161479999999996e-05,0.03223764900000001,54.74606,0.03931174,-0.001896386,-0.002738573,9.632461e-06,4.9751370000000004e-05
73,1607424600,0.8861128,0.8861329000000001,0.07989220999999999,-0.6367873000000001,2.2719300000000002,0.7270527,1.6661000000000001,1.475557,0.015348640000000002,0.3961871,2.137033e-05,1.9233585e-06,2.3124530000000005e-06,3.333995e-06,5.373398e-06,7.917312e-06,1.2324881e-05,2.1594669999999996e-05,0.38932369999999994,0.05328196,0.0003938725,85.376,62.09203,2.942589e-05,6.666053,0.014289910000000003,10.076656,0.00093784795,8.5180954e-05,0.028985119999999996,34.524260000000005,0.00093784795,8.5180954e-05,0.006085144,19.582601,0.00093784795,8.5180954e-05,0.0024688889999999997,19.296882,0.00093784795,8.5180954e-05,0.00486676,1.645549e-05,3.63521e-05,0.6978448899999999,126.45752999999999,0.07295863999999999,-0.001925371,-0.0028200200000000003,1.8875989e-05,0.00016781273
73,1607425200,1.0718199,1.0718399,0.06495669000000001,-0.7023699999999999,2.2358179999999996,0.8026372,1.799379,1.6126989999999999,0.012936369999999999,0.4643847,2.095638e-05,1.3853595999999999e-06,1.6532859e-06,2.6401120000000003e-06,4.696832e-06,7.325569999999999e-06,1.2170144e-05,2.278289e-05,0.47982260000000004,0.055649899999999995,0.000382109,85.13911,60.498979999999996,3.5585719999999995e-05,6.642241,0.01572133,11.84735,0.0016869053999999997,0.00015380969,0.03205978,42.20637,0.0016869053999999997,0.00015380969,0.006692109999999999,34.429147,0.0016869053999999997,0.00015380969,0.003162517,34.387941,0.0016869053999999997,0.00015380969,0.004836762,1.3602879999999998e-05,3.348772e-05,-0.09491931999999999,52.38442,0.04037957,-0.0017030390000000004,-0.0026981289999999996,1.0211962999999999e-05,5.4527299999999995e-05
73,1607425800,0.8663974000000001,0.8664171999999999,0.09223506000000001,-0.48950899999999997,2.0228880000000005,0.6913089,1.684064,1.470419,0.014303717999999998,0.3735812,2.1062240000000002e-05,1.4778511999999999e-06,1.7871579000000002e-06,2.788106e-06,4.7250460000000005e-06,7.414171e-06,1.1683882999999999e-05,2.1751244e-05,0.36326250000000004,0.06942276,0.0004602835,87.23563,66.44583,2.87397e-05,6.696464000000001,0.01432842,9.697658,0.00127224576,0.000115846363,0.02781615,31.979769999999995,0.00127224576,0.000115846363,0.006210119,25.323433,0.00127224576,0.000115846363,0.002579713,25.189854000000004,0.00127224576,0.000115846363,0.004827863999999999,1.307483e-05,3.3046209999999996e-05,-0.17003957,50.302400000000006,0.03773916000000001,-0.0017398130000000002,-0.0025767999999999998,9.497677e-06,5.409129e-05
73,1607426400,0.7494019000000001,0.7494213999999999,0.10091046000000001,-0.49379239999999996,1.9046809999999996,0.6435963000000001,1.575385,1.374981,0.010355464,0.31929290000000005,2.0605e-05,1.0617157e-06,1.3578839e-06,2.477617e-06,3.96351e-06,6.056151999999999e-06,9.823975000000001e-06,1.7738274999999997e-05,0.3140738,0.06012610999999999,0.0004564894999999999,86.34796000000001,66.16256999999999,2.487519e-05,6.590634,0.013339900000000002,8.431305,0.00091912304,8.35392009e-05,0.026000449999999998,27.760910000000003,0.00091912304,8.35392009e-05,0.005911317,19.030686999999997,0.00091912304,8.35392009e-05,0.002245629,18.806115000000002,0.00091912304,8.35392009e-05,0.004800222,1.3345179999999997e-05,3.305704e-05,0.03475104,45.39061,0.0373229,-0.001563418,-0.0022978480000000003,9.473581000000002e-06,5.6245669999999994e-05
73,1607427000,0.8023407,0.8023605,0.08688470000000001,-0.5816855,1.930335,0.6822315000000001,1.5986360000000002,1.412555,0.0105696,0.34208230000000006,2.066936e-05,1.086011e-06,1.3065216000000001e-06,2.337089e-06,3.6742560000000006e-06,5.680711999999999e-06,8.979798999999999e-06,1.6331861e-05,0.3444835,0.05623963,0.000405237,87.99191,64.14453999999999,2.6643729999999996e-05,6.472460999999998,0.013479550000000002,9.086788,0.0015007332100000002,0.000136837704,0.027238830000000002,30.499790000000008,0.0015007332100000002,0.000136837704,0.006304461999999999,28.525728000000004,0.0015007332100000002,0.000136837704,0.002667423,28.536407000000004,0.0015007332100000002,0.000136837704,0.004780961,1.2532109999999999e-05,3.226762e-05,0.06753374999999999,46.220729999999996,0.03714387,-0.0015822740000000003,-0.0023273110000000003,8.656109e-06,4.503718e-05
73,1607427600,0.9569184,0.9569392999999999,0.06372817,-0.6455584999999999,2.0718240000000003,0.768982,1.7191649999999998,1.523223,0.012471196,0.40837840000000003,2.141115e-05,1.8626847000000002e-06,2.1008886e-06,3.2809159999999994e-06,5.063433e-06,7.476607e-06,1.1721928e-05,2.153409e-05,0.41339370000000003,0.06467281,0.0003368948,85.77077,63.61315,3.1773679999999996e-05,6.671304999999999,0.014413279999999997,10.559654,0.00116967249,0.00010648629430000002,0.02974827,36.349909999999994,0.00116967249,0.00010648629430000002,0.0060651939999999994,22.7971,0.00116967249,0.00010648629430000002,0.002473217,22.664604,0.00116967249,0.00010648629430000002,0.004800554,1.266245e-05,3.256492e-05,-0.0029884809999999986,46.333540000000006,0.04032279,-0.0015052540000000001,-0.002311299,8.479203e-06,5.000432e-05
73,1607428200,0.7807988,0.7808187999999999,0.07081703,-0.5136464000000001,1.9311960000000004,0.6803184999999999,1.5859619999999999,1.386306,0.010389447999999999,0.3375452,2.090113e-05,1.2217347e-06,1.4324823000000002e-06,2.460301e-06,3.834452999999999e-06,5.786199e-06,9.241413e-06,1.5849013e-05,0.3201059,0.06995006,0.00030122689999999996,90.90364000000001,68.18542,2.59172e-05,6.554145,0.012969900000000001,8.809975999999999,0.0009338535599999999,8.48860135e-05,0.02613678,28.225099999999998,0.0009338535599999999,8.48860135e-05,0.005647364,17.2339005,0.0009338535599999999,8.48860135e-05,0.0019733452999999997,17.0122081,0.0009338535599999999,8.48860135e-05,0.004796755,1.238915e-05,3.227719e-05,-0.004154270000000006,47.555,0.03779378,-0.0016619430000000001,-0.002418536,8.91454e-06,5.056030000000001e-05
73,1607428800,0.7458826999999999,0.7459024999999999,0.08690375000000002,-0.5062694,1.881881,0.6569339000000001,1.56406,1.362417,0.00895742,0.31619830000000004,2.0883399999999997e-05,1.2726136e-06,1.5012713e-06,2.559476e-06,4.103231000000001e-06,6.0686170000000005e-06,9.711894e-06,1.759242e-05,0.309905,0.06260956,0.0003813211,90.62024,66.91224,2.4742060000000002e-05,6.7530470000000005,0.012864239999999999,8.452344,0.00115794711,0.00010536508599999997,0.02585362,27.470499999999998,0.00115794711,0.00010536508599999997,0.006240634,23.408070000000002,0.00115794711,0.00010536508599999997,0.002562627,23.210888,0.00115794711,0.00010536508599999997,0.004801633,1.226886e-05,3.2212910000000005e-05,-0.1339827,47.950950000000006,0.03652275,-0.001738752,-0.0024731629999999996,9.288344e-06,5.53101e-05
73,1607429400,0.7021508,0.7021704,0.07697520999999999,-0.5015466000000001,1.8303180000000001,0.6288242,1.5077710000000002,1.3228149999999999,0.008433157,0.29892,2.074568e-05,1.3845408e-06,1.6112272e-06,2.691614e-06,4.171058e-06,6.2971889999999995e-06,1.0041609e-05,1.7786641000000002e-05,0.2915851,0.05910701,0.00033538759999999997,88.43563,66.98065000000001,2.3297109999999998e-05,6.59721,0.012552230000000001,7.942304999999999,0.00116958544,0.00010654332719999999,0.025054379999999998,25.8033,0.00116958544,0.00010654332719999999,0.005904569,21.240948,0.00116958544,0.00010654332719999999,0.002238915,21.18507,0.00116958544,0.00010654332719999999,0.004745442,1.1916320000000001e-05,3.142302e-05,-0.010573176000000007,49.33865,0.03676538,-0.00173958,-0.002450204,8.39627e-06,4.870363e-05
73,1607430000,0.7556694,0.7556891,0.06781519,-0.570171,1.8976689999999998,0.6852170000000001,1.558023,1.360879,0.006695778999999999,0.3165611,2.089891e-05,1.4330978000000002e-06,1.6710707000000002e-06,2.3984491e-06,4.290013000000001e-06,6.348897e-06,9.945516e-06,1.7439770999999996e-05,0.3104727,0.06701607,0.0002984174,87.55637,67.92276999999999,2.5092499999999997e-05,6.560512,0.012618879999999999,8.472669999999999,0.00090507732,8.219343200000001e-05,0.025705689999999996,27.1452,0.00090507732,8.219343200000001e-05,0.006063112000000001,19.034035,0.00090507732,8.219343200000001e-05,0.00243175,18.76139,0.00090507732,8.219343200000001e-05,0.004780307,1.190528e-05,3.159524e-05,0.132188112,56.34448999999999,0.03874058,-0.0021114190000000007,-0.002888483,9.337623e-06,5.444001e-05
73,1607430600,0.7454684,0.7454882,0.06769749,-0.5217200999999999,1.889682,0.6666119,1.5508979999999999,1.355142,0.008226541,0.3158462,2.0914270000000002e-05,1.3840627e-06,1.6768071000000001e-06,2.5331643000000003e-06,4.2769670000000004e-06,6.513145e-06,1.0638959000000002e-05,1.9335788e-05,0.30327919999999997,0.06910377,0.0003030861,86.47802,68.65412,2.4736490000000002e-05,6.682642000000001,0.01258264,8.315825,0.00083568601,7.593234060000002e-05,0.025483860000000004,26.668379999999996,0.00083568601,7.593234060000002e-05,0.005708508,16.360998000000002,0.00083568601,7.593234060000002e-05,0.0020502707,16.098655200000003,0.00083568601,7.593234060000002e-05,0.004785721999999999,1.1768650000000001e-05,3.153350999999999e-05,0.07140033999999999,52.970229999999994,0.03665247,-0.002039338,-0.002821671,8.742543e-06,4.7463810000000005e-05
73,1607431200,0.7216303,0.7216500000000001,0.06992785999999998,-0.4898705,1.85597,0.6506677,1.539122,1.338752,0.0071844579999999995,0.3062763,2.104088e-05,1.5304337e-06,2.4082301e-06,3.581992e-06,5.603619000000001e-06,7.584680000000002e-06,1.2565880000000001e-05,2.1426974999999998e-05,0.2917984,0.06866275,0.00029787060000000003,89.69594000000001,69.18086,2.3965120000000003e-05,6.3892489999999995,0.01244131,8.312591000000001,0.0011125407499999998,0.00010134894999999999,0.024915149999999997,25.521269999999998,0.0011125407499999998,0.00010134894999999999,0.0059304250000000005,21.47915,0.0011125407499999998,0.00010134894999999999,0.002283251,21.319197,0.0011125407499999998,0.00010134894999999999,0.004871643,2.18854e-05,4.1598480000000004e-05,-0.07142922,68.74693,0.0604672,-0.001751991,-0.002497577,3.9074848000000005e-05,0.00037047185
73,1607431800,0.7110602,0.7110797,0.07433641999999999,-0.4541595,1.8528200000000001,0.6308246,1.530572,1.335228,0.00845395,0.30199529999999997,2.105029e-05,1.5995051000000002e-06,1.8225754000000003e-06,2.8986352e-06,4.363513e-06,6.270587e-06,1.0732897e-05,1.8307390000000003e-05,0.2872961,0.06788367000000001,0.000302063,87.11886000000001,69.22925000000001,2.359916e-05,6.643321,0.012456650000000001,7.892006,0.0016673618099999998,0.0001521382428,0.02482162,25.324659999999998,0.0016673618099999998,0.0001521382428,0.006352106000000001,30.827276,0.0016673618099999998,0.0001521382428,0.002687049,31.024613,0.0016673618099999998,0.0001521382428,0.0047485819999999995,1.127234e-05,3.08919e-05,0.02148149000000001,48.41437,0.036040090000000004,-0.001825342,-0.0025466,8.090955999999999e-06,4.612802e-05
73,1607432400,0.5969957,0.5970154000000001,0.09493675,-0.3455098,1.7220900000000001,0.564708,1.4222689999999998,1.22355,0.007457991999999999,0.26331910000000003,2.0778829999999997e-05,1.1959648e-06,1.3848528000000002e-06,2.1322809e-06,3.2327656e-06,4.60333e-06,7.122541e-06,1.3083188000000001e-05,0.2303959,0.06775619000000002,0.0003120065,93.3702,74.16838,1.980786e-05,6.726957999999999,0.011479893,6.485702999999999,0.0011044659,0.00010048499099999999,0.021864509999999997,20.07874,0.0011044659,0.00010048499099999999,0.005911431,21.009331,0.0011044659,0.00010048499099999999,0.002162405,20.881498999999998,0.0011044659,0.00010048499099999999,0.004650387,7.919074999999998e-06,2.7662220000000002e-05,-0.19228026,71.95157,0.034965829999999996,-0.0020854249999999997,-0.002700052,6.431744e-06,4.428114e-05
73,1607433000,0.47871410000000003,0.4787336000000001,0.10317348,-0.27705129999999994,1.549547,0.5095476000000001,1.296529,1.10422,0.007165421,0.2057947,2.050653e-05,9.649725e-07,1.0925637e-06,1.5844280000000002e-06,2.0325111e-06,2.6854013999999997e-06,4.017024e-06,7.481968e-06,0.17063630000000002,0.06842635999999999,0.0002732925,96.03639999999999,78.90494000000001,1.5895389999999996e-05,6.548568,0.010347827,5.159102,0.00109825541,9.9974785e-05,0.019140789999999998,15.10164,0.00109825541,9.9974785e-05,0.005826053,20.443037499999996,0.00109825541,9.9974785e-05,0.0019927256999999997,20.415806699999997,0.00109825541,9.9974785e-05,0.004514064,4.095227999999999e-06,2.373651e-05,-0.1775488,82.62908999999999,0.031122379999999998,-0.00221581,-0.0027300650000000003,3.778701e-06,3.4495129999999996e-05
73,1607433600,0.42731240000000004,0.4273319,0.1122355,-0.2194292,1.509159,0.48577059999999994,1.239188,1.0452689999999998,0.006510057,0.18397599999999997,2.026217e-05,7.2584585e-07,8.358998e-07,1.3599887e-06,1.7578432000000001e-06,2.4288599000000004e-06,3.7528844e-06,6.8074610000000004e-06,0.1400112,0.07334207,0.0002844059,98.89865,84.72239,1.4178540000000001e-05,6.684470999999999,0.009689721000000002,4.606183,0.00077768341,7.0583128e-05,0.0172151,12.225881000000001,0.00077768341,7.0583128e-05,0.00573334,15.560978899999999,0.00077768341,7.0583128e-05,0.0018711868,15.2761533,0.00077768341,7.0583128e-05,0.004517024,4.194381999999999e-06,2.3824329999999997e-05,-0.08516919999999999,95.00216999999999,0.032227570000000004,-0.002278889,-0.002782491,4.144703e-06,3.574405e-05
73,1607434200,0.3714305,0.3714502,0.11423489999999999,-0.19648369999999998,1.392079,0.45491300000000007,1.164749,0.9754051,0.0049774680000000005,0.15735749999999998,2.034386e-05,6.858889000000001e-07,7.452078e-07,1.1039882000000001e-06,1.5075323e-06,1.8816024999999999e-06,2.7369814e-06,4.978135e-06,0.11978930000000002,0.06565623000000001,0.00025537700000000005,99.51136999999999,85.59615,1.2330400000000003e-05,6.45996,0.009088684,4.0006319999999995,0.00079826442,7.2442654e-05,0.0159634,10.465644000000001,0.00079826442,7.2442654e-05,0.005579590000000001,14.111529,0.00079826442,7.2442654e-05,0.0016776580000000003,13.892390000000002,0.00079826442,7.2442654e-05,0.00449953,3.3002060000000003e-06,2.304577e-05,-0.266650955,73.86293467,0.025980248700000003,-0.002306911,-0.002778666,3.2520704e-06,3.094976e-05
73,1607434800,0.30198129999999995,0.3020009,0.1280397,-0.2654098,1.266639,0.41981209999999997,1.0428308000000002,0.8675513,0.004476864,0.1290237,2.00598e-05,3.3395769000000005e-07,4.118347299999999e-07,7.521901000000001e-07,1.0126428e-06,1.3594968e-06,2.0022398999999995e-06,3.883311e-06,0.08403982000000002,0.0666722,0.0002664767,102.84021,95.17719,1.0025362e-05,6.5439750000000005,0.008362953,3.331693,0.0007956160529999999,7.23018498e-05,0.013385030000000001,7.4893600000000005,0.0007956160529999999,7.23018498e-05,0.0056755339999999994,14.690180000000002,0.0007956160529999999,7.23018498e-05,0.0017114615000000002,14.414571170000002,0.0007956160529999999,7.23018498e-05,0.004498423999999999,3.219e-06,2.294973e-05,0.14228254,73.4486077,0.026473856,-0.002361809,-0.0028092200000000003,3.0313983999999996e-06,2.7832700000000002e-05
73,1607435400,0.27366680000000004,0.27368650000000005,0.151019,-0.4114471,1.242564,0.4117533,0.9907805,0.8091248,0.004538218,0.1179567,2.0240870000000003e-05,6.720852e-07,8.032469e-07,1.2823879e-06,1.9013040000000002e-06,2.6952410000000005e-06,4.128657000000001e-06,6.817155999999999e-06,0.06973426,0.06673535,0.0003447956,97.60489999999999,99.28062,9.077971e-06,6.833501000000001,0.008180256,3.097928,0.0009246184499999999,8.40740925e-05,0.01213026,6.081065000000001,0.0009246184499999999,8.40740925e-05,0.005715805,15.966401000000001,0.0009246184499999999,8.40740925e-05,0.0017643396000000002,15.851066,0.0009246184499999999,8.40740925e-05,0.004562437,5.503164000000001e-06,2.508113e-05,0.065166006,92.76512,0.0341377,-0.002397384,-0.0028723980000000004,5.16505e-06,3.8056089999999996e-05
73,1607436000,0.2549338,0.2549535,0.11598483,-0.6294668999999999,1.193698,0.4073183,0.9227907,0.7526105,0.004714614000000001,0.1128787,2.0078479999999996e-05,5.391714799999999e-07,6.556563e-07,1.1601578000000002e-06,1.4944396e-06,2.1161504e-06,3.2095204000000002e-06,5.272500999999999e-06,0.06428787999999999,0.0629007,0.0002593831,101.76931,99.89281000000001,8.455006e-06,6.734043,0.008011714,2.870774,0.0006428634099999999,5.828105719999999e-05,0.01170987,5.688241,0.0006428634099999999,5.828105719999999e-05,0.005457471,11.579622699999998,0.0006428634099999999,5.828105719999999e-05,0.0014944138,11.3118622,0.0006428634099999999,5.828105719999999e-05,0.004538434,4.905225e-06,2.446701e-05,0.39095833,77.7822999,0.029521723699999995,-0.002316343,-0.002795705,4.4774517000000005e-06,3.43715e-05
73,1607436600,0.30365649999999994,0.303676,0.07401485,-0.697046,1.2358889999999998,0.4463798,0.9866929000000001,0.8183125,0.004106803,0.1323183,1.964271e-05,3.4410899999999995e-07,4.4181679e-07,8.707311e-07,1.1502071999999999e-06,1.6162056000000003e-06,2.5475657e-06,4.798484e-06,0.09015243,0.061493919999999994,0.00016522399000000002,98.52151,90.67127,1.0075382e-05,6.631084999999999,0.008872721,3.356866,0.0008009727500000001,7.276297820000001e-05,0.013972769999999999,8.039272,0.0008009727500000001,7.276297820000001e-05,0.0056221759999999996,14.255708000000002,0.0008009727500000001,7.276297820000001e-05,0.0017101529,14.049380000000003,0.0008009727500000001,7.276297820000001e-05,0.0044770339999999995,3.803479e-06,2.312328e-05,0.24033801999999999,84.39673,0.0290999,-0.002358863,-0.0028100290000000003,3.722853e-06,3.071934999999999e-05
73,1607437200,0.3458449,0.3458641,0.03359651,-0.5869433,1.226588,0.4700223,1.0579070000000002,0.884877,0.00633638,0.1505473,1.950828e-05,2.5894394999999994e-07,2.692835e-07,5.405048e-07,6.053837e-07,6.903590999999999e-07,1.0805518999999999e-06,2.4561125e-06,0.11233092,0.0604774,0.00010680964,102.65159999999999,85.19371,1.1489770000000001e-05,6.225936,0.009346836,3.6914989999999994,0.0008530123899999998,7.7494172e-05,0.015548719999999999,9.954945000000002,0.0008530123899999998,7.7494172e-05,0.005699865,15.875903,0.0008530123899999998,7.7494172e-05,0.0018116955,15.72167,0.0008530123899999998,7.7494172e-05,0.004402753000000001,1.5879710000000001e-06,2.092741e-05,-0.045683529,8.0814406,0.006953372899999999,-0.002411452,-0.0028613599999999994,9.890893e-07,1.3211734e-05
73,1607437800,0.43409630000000005,0.4341158,0.02936974,-0.6772557000000001,1.304777,0.5396563999999999,1.150647,0.9859799,0.014027057,0.1949501,2.020418e-05,1.0059744e-06,1.0777228599999998e-06,1.4856344e-06,1.8551239999999999e-06,2.2834563e-06,3.6281212e-06,7.261283e-06,0.1644547,0.052428390000000005,0.0001449651,90.41684000000001,74.59196,1.440856e-05,6.654226000000001,0.010379052000000001,4.549513,0.00065937341,5.972665e-05,0.01860252,14.3221,0.00065937341,5.972665e-05,0.005455375,12.39443,0.00065937341,5.972665e-05,0.0016406323,12.104100999999998,0.00065937341,5.972665e-05,0.004394924,1.8713319999999998e-06,2.1123520000000003e-05,-0.139425084,17.3949536,0.0075820249000000004,-0.0022607810000000003,-0.0027479339999999996,1.1865913e-06,1.5628528e-05
73,1607438400,0.5701164,0.5701361,0.01719331,-1.0172998,1.369354,0.656733,1.255237,1.0963824,0.007406624999999998,0.24134300000000003,2.092402e-05,1.5697829e-06,1.63869801e-06,2.1273501e-06,2.6544426e-06,3.2593408999999996e-06,4.9845033e-06,9.948429e-06,0.23447699999999996,0.05041335,0.0001389715,87.19501,68.14434,1.8925640000000003e-05,6.443935000000001,0.012115486,5.968838,0.0011407023399999999,0.00010386885869999998,0.02230077,20.52796,0.0011407023399999999,0.00010386885869999998,0.0059382770000000005,20.841343,0.0011407023399999999,0.00010386885869999998,0.0021733449999999997,20.764052999999997,0.0011407023399999999,0.00010386885869999998,0.004419126,1.939928e-06,2.143999e-05,0.13044851000000002,2.38527642,0.0039189153,-0.0021741580000000003,-0.002672582,8.306876000000001e-07,1.152713e-05
73,1607439000,0.617568,0.6175877,0.0073396278,-1.2751462,1.376593,0.7081000000000001,1.225424,1.0709590000000002,0.012452861999999999,0.26802529999999997,2.0193179999999997e-05,6.314705e-07,6.248909299999999e-07,9.725141e-07,1.4159568e-06,1.6945689999999998e-06,2.7774735e-06,6.647935000000001e-06,0.2579292,0.050704990000000005,0.00013340681999999998,90.01274000000001,66.66834000000001,2.0518590000000003e-05,6.147602000000001,0.012780940000000001,6.5495019999999995,0.00020728971999999998,1.8378484800000003e-05,0.0235188,22.82073,0.00020728971999999998,1.8378484800000003e-05,0.005226331,6.8846177,0.00020728971999999998,1.8378484800000003e-05,0.0014360375999999998,6.3059639,0.00020728971999999998,1.8378484800000003e-05,0.004441241,1.912756e-06,2.1601940000000003e-05,0.020859741999999997,1.60423538,0.005975681000000001,-0.0021992860000000004,-0.002723713,8.820577000000001e-07,1.202089e-05
73,1607439600,0.5333906999999999,0.5334105,0.0013944073000000002,-1.6657540000000002,1.094584,0.68721,0.9770551999999999,0.9205780000000001,0.008910016,0.22930069999999997,2.04418e-05,7.592529e-07,7.573407e-07,1.0744030999999998e-06,1.5482036e-06,1.7949921e-06,2.7576254000000003e-06,6.139895e-06,0.21849539999999998,0.04806475,0.00011632261999999999,91.38193,68.14595,1.772481e-05,6.388103,0.01167948,5.671483,0.00074470018,6.754974799999999e-05,0.02164878,19.274409999999996,0.00074470018,6.754974799999999e-05,0.005526407,14.368304,0.00074470018,6.754974799999999e-05,0.0017113976000000003,14.089748500000002,0.00074470018,6.754974799999999e-05,0.004461177,1.9910310000000003e-06,2.1855280000000003e-05,0.0443801624,1.2934154999999998,0.0054978079,-0.002169503,-0.002686803,8.877711e-07,1.171605e-05
73,1607440200,0.5810932,0.5811128999999999,0.000749497,-1.5792220000000001,1.217474,0.7104918999999998,1.094357,0.9571046000000001,0.007718881000000001,0.2481373,2.100029e-05,1.3588455e-06,1.44583263e-06,1.8624823000000001e-06,2.5155869000000004e-06,3.1434775000000006e-06,4.812212999999999e-06,9.847922999999999e-06,0.2424177,0.04797687999999999,0.0001243348,87.41605,66.62154,1.929354e-05,6.537346000000001,0.012388010000000001,6.101872,0.0009538063399999999,8.6674439e-05,0.022773289999999998,21.299760000000003,0.0009538063399999999,8.6674439e-05,0.005869376000000001,19.472396999999997,0.0009538063399999999,8.6674439e-05,0.002088172,19.266179,0.0009538063399999999,8.6674439e-05,0.004443185,1.99067e-06,2.169251e-05,0.041507487999999995,1.6580877999999994,0.0042159915,-0.002163005,-0.00268064,8.944028999999999e-07,1.202165e-05
73,1607440800,0.5434884999999999,0.5435081,0.006339953000000001,-1.4934839999999998,1.1962139999999999,0.6804313000000001,1.097658,0.9369284999999999,0.006997046999999999,0.226157,2.040592e-05,8.766810999999998e-07,9.1714142e-07,1.2699319e-06,1.7877143e-06,2.1635875e-06,3.3777064e-06,7.375196999999999e-06,0.2133229,0.05828293,0.00011850937,90.72988000000001,71.57219,1.804422e-05,6.3011029999999995,0.01199353,5.744573000000001,0.00087134512,7.92197408e-05,0.021382679999999998,18.784,0.00087134512,7.92197408e-05,0.005795590000000001,17.9637375,0.00087134512,7.92197408e-05,0.0019944356,17.66094122,0.00087134512,7.92197408e-05,0.004427387,1.948059e-06,2.153808e-05,-0.021033237,0.81500649,0.0020533774999999996,-0.002145365,-0.0026546099999999995,8.612195e-07,1.122827e-05
73,1607441400,0.5491597,0.5491794,0.009390283999999999,-1.4224450000000002,1.238888,0.6798268000000001,1.1354209999999998,0.9737544999999999,0.007048187,0.22937749999999996,2.0269540000000002e-05,7.506368e-07,7.606131300000001e-07,1.1051841e-06,1.5073833999999999e-06,1.789886e-06,2.7464654e-06,6.0598251e-06,0.21740879999999999,0.05702841000000001,0.00012693746,91.41328000000001,70.90083,1.8245020000000004e-05,6.216169,0.011990750000000001,5.722596,0.0007129246599999999,6.4620667e-05,0.021487379999999997,18.92586,0.0007129246599999999,6.4620667e-05,0.0055752829999999995,14.082258,0.0007129246599999999,6.4620667e-05,0.0017732215,13.766687399999999,0.0007129246599999999,6.4620667e-05,0.004437402,1.9412180000000002e-06,2.1615090000000002e-05,-0.0027506430000000023,0.63995924,0.0021002243,-0.0021774449999999996,-0.002685714,8.253031e-07,1.12384e-05
73,1607442000,0.5675275,0.5675474,0.010496363,-1.4039530000000002,1.2788270000000002,0.6894747,1.1615980000000001,0.9977191999999999,0.0058213779999999994,0.2448786,2.0608660000000002e-05,9.566478e-07,9.820936000000002e-07,1.3092451e-06,1.8440118999999998e-06,2.2367788e-06,3.4528042999999997e-06,7.3524690000000005e-06,0.2264523,0.05716171000000001,0.00013056132,94.70958,70.29188,1.8838430000000005e-05,6.557893,0.01219392,5.906751,0.0008591985600000001,7.800896700000001e-05,0.02194801,19.751870000000004,0.0008591985600000001,7.800896700000001e-05,0.005900399,19.346906999999998,0.0008591985600000001,7.800896700000001e-05,0.0020951019999999997,19.019231,0.0008591985600000001,7.800896700000001e-05,0.004452171999999999,1.6942430000000004e-06,2.149992e-05,-0.015252398,2.1267388,0.003418938,-0.002334131,-0.002826437,7.919533999999999e-07,1.146423e-05
73,1607442600,0.5709042,0.5709239,0.008467701000000001,-1.5585650000000002,1.198726,0.7025901999999999,1.095558,0.9433037000000001,0.007007433,0.2421922,2.0126129999999996e-05,6.188278e-07,6.471163499999999e-07,1.0173245000000001e-06,1.5785128999999998e-06,2.0553006e-06,3.5133003999999996e-06,8.208369e-06,0.22878380000000004,0.056521520000000006,0.00012842307,88.31923,69.93119,1.894928e-05,6.443426,0.01224443,5.984802,0.0012342350299999999,0.00011239600299999999,0.02208833,20.027700000000003,0.0012342350299999999,0.00011239600299999999,0.005945877,23.381925,0.0012342350299999999,0.00011239600299999999,0.0021841469000000004,23.3269325,0.0012342350299999999,0.00011239600299999999,0.00442836,1.894766e-06,2.1482790000000003e-05,-0.013536264400000001,2.9902197979999996,0.0040641288,-0.002191774,-0.0026944580000000003,8.932954e-07,1.2299189999999998e-05
73,1607443200,0.5465886,0.5466084999999999,0.010602084999999999,-1.5239090000000002,1.190737,0.6838985,1.082583,0.9336283,0.0065474190000000005,0.2287782,2.0262270000000002e-05,7.307606e-07,7.331431500000001e-07,9.594780000000001e-07,1.5244055e-06,1.828449e-06,2.8594616e-06,6.400915e-06,0.21651389999999998,0.056644839999999995,0.00011959783,92.11508,70.87328,1.8156449999999998e-05,6.391606000000001,0.01196903,5.723702,0.00056088453,5.066988499999999e-05,0.02147985,18.948280000000004,0.00056088453,5.066988499999999e-05,0.005672234999999999,13.492257999999998,0.00056088453,5.066988499999999e-05,0.0018693079999999996,13.072779,0.00056088453,5.066988499999999e-05,0.004427627000000001,1.6272769999999999e-06,2.1215119999999998e-05,0.066481686,5.022656660000001,0.0032304885,-0.0023454379999999996,-0.0028293430000000002,8.030411999999999e-07,1.089727e-05
73,1607443800,0.6201026,0.6201220000000001,0.00652486,-1.619688,1.195125,0.7357066,1.1041830000000001,0.9664421000000001,0.0055519390000000005,0.25646579999999997,2.166733e-05,2.2600461000000003e-06,2.3701678000000003e-06,2.7566264e-06,3.6292096999999995e-06,4.4295857e-06,6.463379200000001e-06,1.2178986e-05,0.25355720000000004,0.056345370000000006,0.00011224186,87.55648,68.25955,2.057937e-05,6.38549,0.012749050000000001,6.485406,0.00044418505000000006,4.01144705e-05,0.02327294,22.230850000000004,0.00044418505000000006,4.01144705e-05,0.005412505,10.9115774,0.00044418505000000006,4.01144705e-05,0.0016526833999999998,10.447191499999999,0.00044418505000000006,4.01144705e-05,0.004421115999999999,1.53342e-06,2.10787e-05,0.014083594400000001,0.19200965,0.00041961606,-0.0023608490000000004,-0.0028511599999999997,8.150123e-07,1.0490778000000001e-05
73,1607444400,0.7069337,0.7069534,0.005480203000000001,-1.612849,1.2998649999999998,0.7851956,1.1887100000000002,1.0514945,0.008200955,0.2996066,2.201901e-05,2.677663e-06,2.7860574e-06,3.2696526e-06,4.269245000000001e-06,5.446319999999999e-06,8.213481e-06,1.5888384e-05,0.2968746,0.056421299999999994,0.00012565918,83.90106,66.26993,2.346233e-05,6.585035,0.01358875,7.3314580000000005,0.00166210307,0.000151629265,0.02507313,25.89124,0.00166210307,0.000151629265,0.006110877,29.725929700000005,0.00166210307,0.000151629265,0.0024020429000000004,29.925998900000003,0.00166210307,0.000151629265,0.004437543,1.454345e-06,2.1138959999999996e-05,-0.0007903589999999992,1.4983974999999998,0.0015723776700000002,-0.002432203,-0.002930612,8.755999000000001e-07,1.141875e-05
73,1607445000,0.7716719000000001,0.7716917999999999,0.0004384224000000002,-1.575732,1.3600919999999999,0.8187546999999998,1.2663379999999997,1.1149080000000002,0.005832993000000001,0.31945689999999993,2.066354e-05,1.0450427e-06,1.0794302e-06,1.4060624e-06,2.1378124e-06,2.8906919e-06,4.966010199999999e-06,1.1224045e-05,0.3284484,0.057223619999999996,0.00013672193999999998,86.41005,64.92997,2.56309e-05,6.451809,0.013688309999999999,7.965263,0.00078618617,7.1301817e-05,0.026402230000000006,28.58598,0.00078618617,7.1301817e-05,0.005843846,18.049574999999997,0.00078618617,7.1301817e-05,0.00215611,17.618081,0.00078618617,7.1301817e-05,0.004445549,1.377346e-06,2.112392e-05,0.021340000999999997,3.6697826,0.0030367321000000004,-0.0024783699999999997,-0.003010186,7.984496999999999e-07,1.116603e-05
73,1607445600,0.7440771,0.7440968,-0.0006901527333,-1.582077,1.347118,0.8044013999999999,1.2451120000000002,1.0864449999999999,0.005042564000000001,0.3099048,2.0503130000000002e-05,7.899648e-07,7.359262400000001e-07,8.8799106e-07,1.3422166e-06,1.5072442499999997e-06,2.3311020700000005e-06,5.226450000000001e-06,0.3153228,0.05659886000000001,0.00010294994,93.24269000000001,65.27450999999999,2.473652e-05,5.986883000000001,0.013490960000000001,7.863219000000001,0.0017433607600000002,0.0001590882624,0.026033240000000003,27.844239999999996,0.0017433607600000002,0.0001590882624,0.0062537090000000005,30.864035,0.0017433607600000002,0.0001590882624,0.0025470280000000002,31.119452000000003,0.0017433607600000002,0.0001590882624,0.004456284,1.288541e-06,2.113976e-05,0.015268581999999998,2.3460013,0.0014028192899999997,-0.00253589,-0.003053517,7.458046000000001e-07,1.0603858e-05
73,1607446200,0.7130601999999999,0.7130804,0.000379122,-1.5502259999999999,1.331965,0.7852618,1.233863,1.0748199999999999,0.005467906999999999,0.29328529999999997,2.113246e-05,1.2884245e-06,1.3185198899999997e-06,1.6040659199999999e-06,2.2919093e-06,2.9541173e-06,4.6959245e-06,1.0158547000000001e-05,0.3000933,0.056294269999999993,0.00011631410999999999,85.69757,65.87479,2.368723e-05,6.184095000000001,0.01303713,7.426428999999999,0.00142531887,0.00012991454019999998,0.025291429999999997,26.25052,0.00142531887,0.00012991454019999998,0.00615355,25.420461999999997,0.00142531887,0.00012991454019999998,0.002425776,25.516655000000004,0.00142531887,0.00012991454019999998,0.004470583,1.263851e-06,2.123725e-05,0.0016668309999999993,5.2514563,0.0031439247400000003,-0.002574341,-0.003099576,7.816871000000001e-07,1.0933236e-05
73,1607446800,0.7128466,0.7128662,-6.64528e-05,-1.543447,1.3282900000000002,0.7855211000000001,1.2423380000000002,1.083408,0.005377797,0.2933348,2.098136e-05,1.2463748000000001e-06,1.2434790999999998e-06,1.5033783e-06,2.1329038999999997e-06,2.6607423000000003e-06,4.158971600000001e-06,9.049869000000001e-06,0.30095250000000007,0.05532911,0.00011783642000000002,88.8846,65.62441,2.368959e-05,6.286796,0.01294876,7.367749999999999,0.0019353019900000001,0.00017662434499999999,0.02527644,26.225330000000003,0.0019353019900000001,0.00017662434499999999,0.006447759999999999,34.113946,0.0019353019900000001,0.00017662434499999999,0.0027483250000000002,34.454819,0.0019353019900000001,0.00017662434499999999,0.004456224,1.259532e-06,2.1118069999999998e-05,0.010980423,0.5219546,-6.740932e-05,-0.00256099,-0.0030762560000000003,7.960595000000001e-07,1.0493608999999999e-05
73,1607447400,0.6298842,0.6299041,0.0047975051,-1.6323700000000003,1.2238129999999998,0.7437723,1.096758,0.9923938,0.009484929999999999,0.2784281,2.0992640000000002e-05,1.3894589e-06,1.4630752499999998e-06,1.7623557999999996e-06,2.3934706e-06,3.1240497e-06,4.9001446e-06,1.0114644000000002e-05,0.2595811,0.055213580000000005,0.00012060428999999999,89.13586000000001,67.65696,2.091641e-05,6.459467999999999,0.01266575,6.532459999999999,0.0019900917999999997,0.0001816505,0.023479339999999998,22.6368,0.0019900917999999997,0.0001816505,0.00636311,33.356429000000006,0.0019900917999999997,0.0001816505,0.002609873,33.796731,0.0019900917999999997,0.0001816505,0.004449418,1.1740569999999998e-06,2.095957e-05,-0.009589517,6.154189499999999,0.00291849086,-0.00264221,-0.0031239120000000004,8.256882000000002e-07,1.1596546e-05
73,1607448000,0.6952442000000001,0.695264,0.0022357277,-1.696832,1.175736,0.785696,1.093082,1.0496199999999998,0.005712376,0.2875764,2.118075e-05,1.5242659999999999e-06,1.5450174000000003e-06,1.8533184999999999e-06,2.5134447999999994e-06,3.1980554e-06,4.9222971999999994e-06,1.0153847000000003e-05,0.2930239,0.05445577,0.00011469085,88.30271,65.76123000000001,2.309419e-05,6.370762,0.013356499999999999,7.270277,0.0009557111299999998,8.685113499999999e-05,0.024997949999999998,25.67079,0.0009557111299999998,8.685113499999999e-05,0.005778161,18.7355583,0.0009557111299999998,8.685113499999999e-05,0.0020351202,18.5293742,0.0009557111299999998,8.685113499999999e-05,0.004455738000000001,1.261097e-06,2.1111789999999996e-05,0.010592962000000001,0.7990919000000001,0.0009581155000000001,-0.002548509,-0.003049225,7.74244e-07,1.057495e-05
73,1607448600,0.7249215999999999,0.7249414999999999,0.0012235297400000002,-1.71357,1.1759629999999999,0.8035395,1.108983,1.062932,0.008194554,0.30902389999999996,2.1705699999999998e-05,2.1532121000000003e-06,2.2346424200000003e-06,2.6541505e-06,3.5451623999999995e-06,4.4880541e-06,6.889425899999999e-06,1.3756288e-05,0.3104854,0.05182231,0.00011473589000000001,83.26732,64.36343000000001,2.4078580000000002e-05,6.509391000000001,0.01375854,7.670813,0.0011882387499999997,0.000108189497,0.02584993,27.44693,0.0011882387499999997,0.000108189497,0.0060143440000000005,24.166519,0.0011882387499999997,0.000108189497,0.002278042,23.991369000000002,0.0011882387499999997,0.000108189497,0.0044488109999999996,1.3273819999999997e-06,2.111467e-05,0.020542921,0.8142771999999999,0.0012167042000000004,-0.0024975089999999998,-0.0030027089999999997,8.077887e-07,1.087705e-05
73,1607449200,0.3288889,0.3289085,0.036369159,-0.7820364,1.0189811,0.4645872,0.9208035000000001,0.7938997000000001,0.004772981,0.15098306,2.06115e-05,8.699278300000001e-07,9.062824599999999e-07,1.07537588e-06,1.3731915000000001e-06,1.7101021e-06,2.5366364e-06,4.7700927000000005e-06,0.11305511000000004,0.0512879,8.635821999999999e-05,101.86478,87.87236,1.0924796e-05,6.331684,0.008173477,3.480572,0.00037627327,3.38467878e-05,0.01456741,9.885111,0.00037627327,3.38467878e-05,0.0054334,8.676008999999999,0.00037627327,3.38467878e-05,0.0014712260000000002,8.175833,0.00037627327,3.38467878e-05,0.004446179999999999,8.172968e-07,2.057493e-05,0.085989337,16.048585000000003,0.0019507241199999998,-0.0029884150000000003,-0.0033628119999999997,8.804442000000001e-07,1.1689887e-05
73,1607449800,0.24395740000000005,0.2439769,0.04290725,-0.5887049,0.9797555000000001,0.3916347,0.8906896,0.7398977,0.003312593,0.10216270999999999,1.9786559999999995e-05,1.8754197000000002e-07,1.9346616999999997e-07,2.5890117999999996e-07,3.5748014000000003e-07,4.856599e-07,7.432356e-07,1.6996749e-06,0.07000079000000001,0.05189071999999999,8.218811e-05,107.49303,93.02383999999998,8.100262e-06,6.248199999999999,0.006915830999999999,2.557497,0.00069928093,6.34412732e-05,0.01219853,6.158398,0.00069928093,6.34412732e-05,0.005495806000000001,12.3010709,0.00069928093,6.34412732e-05,0.0015059262,12.063047599999999,0.00069928093,6.34412732e-05,0.004426045,7.243376e-07,2.0309579999999998e-05,0.0009507569999999993,4.4235292,0.0007056384399999999,-0.003040951,-0.003378055,7.761517999999999e-07,1.0151132999999999e-05
73,1607450400,0.24958010000000003,0.24959970000000004,0.03766372,-0.6140302,0.9970429,0.39672759999999996,0.8937272,0.749273,0.003377199,0.10640487000000001,1.9699229999999998e-05,2.0678595000000001e-07,2.2723780999999999e-07,3.1110353e-07,4.4903590000000006e-07,6.638274e-07,1.02768043e-06,2.3942454000000002e-06,0.07395767,0.05074478,8.119679999999999e-05,102.73301,90.90016,8.280609e-06,6.397437999999999,0.007022471,2.6520040000000003,0.00049541709,4.47497e-05,0.012562899999999998,6.504887999999999,0.00049541709,4.47497e-05,0.0054077840000000005,9.771817000000002,0.00049541709,4.47497e-05,0.0014320102000000001,9.3980379,0.00049541709,4.47497e-05,0.004414644,7.662097999999998e-07,2.025434e-05,-0.02621945,0.9554758,-7.398619999999995e-05,-0.002985898,-0.003326636,7.55194e-07,1.0141706999999999e-05
73,1607451000,0.2451755,0.24519499999999997,0.039522430000000004,-0.4682638,0.9962938000000001,0.38540030000000003,0.9018650000000001,0.7555354,0.0037141030000000007,0.10356260000000002,1.997389e-05,4.2773132e-07,4.5000908999999997e-07,5.4173851e-07,7.207695000000001e-07,9.046921e-07,1.30476975e-06,2.6549312000000003e-06,0.07267812,0.04983258,6.937236e-05,102.0598,90.87363,8.140782e-06,6.283523,0.006982768,2.615323,0.00046898112000000005,4.23663288e-05,0.01246094,6.400403999999999,0.00046898112000000005,4.23663288e-05,0.005386724999999999,8.950607000000002,0.00046898112000000005,4.23663288e-05,0.0014025487999999998,8.587350399999998,0.00046898112000000005,4.23663288e-05,0.004414660000000001,7.085365e-07,2.0197939999999998e-05,-0.003375082,0.5595228999999999,-0.0003862886000000001,-0.003043955,-0.003375362,7.631574999999999e-07,1.0107346e-05
73,1607451600,0.2668668,0.2668863,0.03744089,-0.6781712000000001,1.0142934000000001,0.41742370000000006,0.9195281,0.7695985000000001,0.0035434760000000003,0.11273511,1.9780909999999996e-05,1.8916228000000002e-07,1.9498891e-07,2.7489072e-07,4.0685889999999996e-07,5.4402779e-07,8.571067e-07,2.055964e-06,0.08319924000000001,0.05014785000000001,8.090101999999999e-05,100.30722000000002,87.8769,8.864319e-06,6.168937999999999,0.0072323349999999995,2.8166279999999997,0.0010093250299999998,9.1808509e-05,0.01331734,7.326613,0.0010093250299999998,9.1808509e-05,0.005767217,17.755968000000003,0.0010093250299999998,9.1808509e-05,0.0017992771999999998,17.689641,0.0010093250299999998,9.1808509e-05,0.004432076,7.290585000000001e-07,2.037152e-05,0.009652567000000003,1.3581531,0.000187665162,-0.0030209020000000002,-0.0033782060000000004,7.753111e-07,1.0042469e-05
73,1607452200,0.23593250000000002,0.23595239999999995,0.04225923,-0.4203829,0.9775805,0.3807125,0.8948147999999998,0.742035,0.002713015,0.09885868,1.992543e-05,2.4267816e-07,2.5906039999999996e-07,3.3885288e-07,4.5733015e-07,5.893392e-07,8.958015900000002e-07,1.962148e-06,0.06780737,0.05007859000000001,7.518639000000001e-05,103.23461000000002,92.81864999999999,7.835898000000002e-06,6.200366,0.006977812999999999,2.510513,0.0006074467499999999,5.500440179999999e-05,0.01201691,5.954631999999999,0.0006074467499999999,5.500440179999999e-05,0.005583634,11.285473999999999,0.0006074467499999999,5.500440179999999e-05,0.0015733449999999999,10.961042299999999,0.0006074467499999999,5.500440179999999e-05,0.004442789,7.130767999999999e-07,2.043825e-05,-0.027014380999999997,17.682753899999998,0.00251514249,-0.0030853869999999998,-0.003423042,7.554616e-07,1.0422020000000001e-05
73,1607452800,0.22426809999999997,0.224288,0.04663039,-0.2599675,0.9793424999999999,0.36337110000000006,0.8866021,0.7358100000000001,0.0030163819999999997,0.09609734,2.0235479999999998e-05,3.1136832000000006e-07,3.3115706000000004e-07,4.1947473999999997e-07,5.3147819e-07,6.8888031e-07,1.04328463e-06,2.1538579000000004e-06,0.06214749000000001,0.04990472,7.572473e-05,99.97492000000001,94.91781999999999,7.450122e-06,5.978032,0.006964046,2.377558,0.0007467874810000001,6.77747552e-05,0.01150186,5.468847,0.0007467874810000001,6.77747552e-05,0.005661213,13.62382,0.0007467874810000001,6.77747552e-05,0.0016238950000000002,13.429706999999999,0.0007467874810000001,6.77747552e-05,0.0044593110000000005,6.519528e-07,2.053299e-05,0.027487793,4.7699255,0.0007117829999999999,-0.003149326,-0.003473038,8.127906000000001e-07,1.0857879e-05
73,1607453400,0.26972310000000005,0.2697427,0.03802514,-0.3909815,1.0528819999999999,0.3978887,0.9506165,0.8046244999999999,0.004254158,0.11450972,1.981303e-05,2.917065600000001e-07,3.1101908e-07,4.1383849999999996e-07,6.021885e-07,7.897247e-07,1.2995205000000003e-06,2.9195590000000003e-06,0.08533839000000001,0.04942958,8.585454e-05,99.83855,86.86884,8.9505e-06,6.495715,0.007362328999999999,2.8564429999999996,0.0006446019700000001,5.8451382000000005e-05,0.013527299999999997,7.530805999999998,0.0006446019700000001,5.8451382000000005e-05,0.005586625999999999,12.423158599999999,0.0006446019700000001,5.8451382000000005e-05,0.0016203707000000001,12.1075557,0.0006446019700000001,5.8451382000000005e-05,0.004423153,7.596262999999999e-07,2.03136e-05,-0.00013425699999999944,6.627059,0.0021569183000000004,-0.0030236939999999995,-0.003373936,8.305149999999999e-07,1.1159546e-05
73,1607454000,0.21211290000000002,0.21213259999999998,0.03965502,-0.4807315,0.9319782999999999,0.36252650000000003,0.8422756,0.693396,0.0031266633,0.09026735,2.018969e-05,3.8282321e-07,4.0771348999999994e-07,4.9253159e-07,5.9463637e-07,7.6587876e-07,1.0638561900000002e-06,2.1355291999999998e-06,0.05581463,0.05016368000000001,7.155538e-05,104.8993,97.74707000000001,7.04438e-06,6.142532,0.006552647,2.2483840000000006,0.00038335400000000003,3.4552987400000004e-05,0.010892597000000002,4.917363999999999,0.00038335400000000003,3.4552987400000004e-05,0.005283619000000001,7.719372300000001,0.00038335400000000003,3.4552987400000004e-05,0.0012441384,7.3192324,0.00038335400000000003,3.4552987400000004e-05,0.004448104999999999,6.412910999999999e-07,2.042721e-05,-0.009199997,0.6456904,-0.00044498429,-0.0031371500000000004,-0.0034547170000000004,8.044782999999999e-07,1.0334636e-05
73,1607454600,0.2039973,0.2040169,0.03713235,-0.5891683,0.9058401999999999,0.36015349999999996,0.8119749,0.6711581,0.0025321321999999995,0.08661535,1.9953710000000002e-05,2.6867553e-07,2.9005124999999996e-07,3.6473364000000003e-07,4.4541320000000003e-07,5.839208999999999e-07,8.554361000000001e-07,1.7764987999999997e-06,0.05164765,0.050270510000000004,7.510255000000001e-05,107.33763000000002,99.53188,6.770161999999999e-06,6.346879,0.006458336,2.172624,0.0006037553099999999,5.463872299999999e-05,0.010505564,4.557855999999999,0.0006037553099999999,5.463872299999999e-05,0.005440821,10.635843,0.0006037553099999999,5.463872299999999e-05,0.0014011714,10.3440447,0.0006037553099999999,5.463872299999999e-05,0.004441011999999999,5.828095999999999e-07,2.030583e-05,0.011927308000000001,0.7457592999999999,-0.0006465745200000001,-0.003182217,-0.003495367,7.763015000000001e-07,1.0064188e-05
73,1607455200,0.2762023,0.2762222,0.031702219999999996,-0.5732091000000001,1.0561071,0.4134297,0.9409046,0.7909366,0.003392614,0.11969741,2.008613e-05,2.9382666000000004e-07,3.2424373e-07,4.3904414e-07,6.2386403e-07,8.710103e-07,1.4476611e-06,3.2925263e-06,0.08786251999999999,0.05015533000000001,7.574521e-05,94.6928,88.04272,9.176363000000001e-06,6.399339,0.007336558,2.901077,0.00100266127,9.12193208e-05,0.0134735,7.654923999999999,0.00100266127,9.12193208e-05,0.0058542789999999996,17.849173999999998,0.00100266127,9.12193208e-05,0.0018829339000000001,17.722324300000004,0.00100266127,9.12193208e-05,0.0044491420000000005,7.439075000000001e-07,2.051853e-05,0.10631178000000001,21.05855,0.0048426137,-0.003072605,-0.0034272819999999994,9.327812999999999e-07,1.2152837000000001e-05
73,1607455800,0.2775284,0.2775482,0.030873309999999998,-0.7238702,1.0341314000000001,0.4297046,0.9306657999999999,0.7781489,0.003929332,0.1205821,2.0067140000000002e-05,2.279378e-07,2.2923781999999999e-07,3.0269683999999995e-07,4.1468919999999997e-07,5.1515247e-07,8.089255999999999e-07,1.9089975000000005e-06,0.08888137,0.04980253999999999,7.524453e-05,103.92634000000001,86.54251000000001,9.218354e-06,6.058870000000001,0.007385414,2.9398050000000002,0.0008024497299999999,7.2832269e-05,0.013760050000000001,7.880749999999999,0.0008024497299999999,7.2832269e-05,0.0057728,14.636265999999997,0.0008024497299999999,7.2832269e-05,0.0017908768999999997,14.466083099999997,0.0008024497299999999,7.2832269e-05,0.004452116000000001,7.131690999999999e-07,2.052383e-05,-0.0764286,13.3580377,0.002365349,-0.003089097,-0.003436534,8.674537000000001e-07,1.1385334e-05
73,1607456400,0.24630019999999994,0.24631989999999998,0.030083779999999997,-0.7191115,0.9628053,0.4016507000000001,0.8815394000000001,0.7293223999999999,0.002173715,0.10282867,2.010385e-05,1.9134163e-07,2.0243812000000001e-07,2.729627e-07,3.8085006e-07,4.9261858e-07,8.038006900000001e-07,1.8660102e-06,0.07350815,0.04956125,7.601305000000001e-05,106.27041000000001,90.49668,8.176685e-06,6.330201000000001,0.007025437999999999,2.608529,0.0005713410000000001,5.1641079999999994e-05,0.01251163,6.455971,0.0005713410000000001,5.1641079999999994e-05,0.005635067,11.211929000000001,0.0005713410000000001,5.1641079999999994e-05,0.001611336,10.864138,0.0005713410000000001,5.1641079999999994e-05,0.00446294,6.329415e-07,2.0550830000000002e-05,-0.00358167,0.7048124,-0.0005265745,-0.003143683,-0.00348479,8.602476e-07,1.0467319999999999e-05
73,1607457000,0.22865529999999995,0.2286752,0.03470864,-0.6654246,0.9581544999999998,0.38313410000000003,0.8515010000000001,0.7027340000000001,0.003990526999999999,0.09960585000000001,2.0372750000000002e-05,4.0630932e-07,4.3822778999999995e-07,5.5612058e-07,7.1048226e-07,9.404896500000001e-07,1.4852864e-06,3.0294959e-06,0.06438601000000001,0.049859339999999995,7.245318e-05,98.59595999999999,93.83189,7.586632e-06,6.510133999999999,0.00678488,2.426414,0.00079480053,7.21621684e-05,0.011718709999999999,5.679365,0.00079480053,7.21621684e-05,0.005721024,14.187739000000002,0.00079480053,7.21621684e-05,0.0016752098,13.9609845,0.00079480053,7.21621684e-05,0.00447082,5.990625e-07,2.058415e-05,0.0096113029,3.8648134,0.0003686409199999999,-0.0032030459999999998,-0.003528921,8.202274e-07,1.0636626e-05
73,1607457600,0.22247279999999997,0.22249269999999996,0.03332259,-0.6511631999999999,0.9306284000000001,0.377629,0.8452383000000001,0.6957587999999999,0.002496041,0.09329124,2.0258519999999997e-05,3.0839053999999997e-07,3.1911305000000006e-07,4.0033204e-07,4.9472319e-07,6.3176177e-07,9.469536199999998e-07,1.9521049e-06,0.06158145,0.04957982,6.930938e-05,106.16988,94.70809,7.386284000000001e-06,6.396481,0.006714914,2.362824,0.0006052851299999998,5.479787099999999e-05,0.011463560000000001,5.414941000000001,0.0006052851299999998,5.479787099999999e-05,0.0054776980000000005,10.944999,0.0006052851299999998,5.479787099999999e-05,0.0014358634,10.643896799999998,0.0006052851299999998,5.479787099999999e-05,0.004467654,5.764147e-07,2.05293e-05,0.04986641,11.0263576,0.0011083152,-0.0032242720000000002,-0.0035485680000000006,7.792605000000001e-07,1.0643195000000001e-05
73,1607458200,0.20370719999999998,0.20372730000000003,0.03575825,-0.5777827,0.9116904,0.3593965,0.8207500999999999,0.6672578,0.0022705124,0.08707388,2.0306110000000003e-05,2.9771871e-07,3.2727965e-07,4.0098839e-07,5.0398316e-07,6.5813171e-07,1.0203329e-06,2.0734467000000003e-06,0.052296150000000007,0.049477980000000005,7.286258e-05,109.24592,98.81957,6.7576720000000015e-06,6.57353,0.006467296,2.169416,0.00056936332,5.1476801000000004e-05,0.010571596,4.622738,0.00056936332,5.1476801000000004e-05,0.005491640000000001,10.471957,0.00056936332,5.1476801000000004e-05,0.0014197664,10.1682321,0.00056936332,5.1476801000000004e-05,0.004474137,5.773816e-07,2.0579910000000003e-05,0.062494175,29.845112,0.003021298,-0.003272899,-0.0035851269999999996,9.569902e-07,1.2334958000000001e-05
73,1607458800,0.1887351,0.1887553,0.0293732,-0.8600918,0.8509388,0.3548481,0.7439853,0.6106689000000001,0.002234261,0.07973949999999999,2.013352e-05,1.2669449e-07,1.4572917000000003e-07,2.1139517000000006e-07,2.8338352e-07,3.8778447e-07,6.846054e-07,1.5674469999999998e-06,0.04549182,0.04880337999999999,6.836876e-05,106.37746,101.98789,6.261180000000001e-06,6.3800040000000005,0.006297146000000001,2.0006739999999996,0.000742938184,6.74656557e-05,0.00985685,4.023866,0.000742938184,6.74656557e-05,0.0056264950000000005,13.734535999999997,0.000742938184,6.74656557e-05,0.0015341604,13.503122229999999,0.000742938184,6.74656557e-05,0.004474103,5.038797999999999e-07,2.0520149999999997e-05,-0.001554985999999999,1.7437650999999998,-9.33130999999999e-05,-0.0033100110000000003,-0.0036100639999999996,7.246981e-07,1.0284214e-05
73,1607459400,0.1835281,0.18354779999999998,0.02892698,-0.8151965999999999,0.830688,0.3492855,0.7448101,0.6025685,0.002021886,0.07687980000000001,1.996992e-05,2.8001674e-07,3.0549978e-07,3.7231751e-07,4.3467614e-07,5.4229732e-07,8.265350000000001e-07,1.5953051e-06,0.0416524,0.050035470000000005,7.111767e-05,112.14859999999999,104.87943,6.083669000000001e-06,6.42383,0.0062830429999999994,1.964673,0.00038451334999999997,3.4582356e-05,0.009409837,3.670263,0.00038451334999999997,3.4582356e-05,0.005307711,7.720539,0.00038451334999999997,3.4582356e-05,0.0012509627999999998,7.285240999999999,0.00038451334999999997,3.4582356e-05,0.004436391,5.21761e-07,2.020178e-05,0.017332833,2.5990252000000003,0.0001337726,-0.003250096,-0.003550829999999999,8.031944e-07,1.0280748e-05
73,1607460000,0.1954509,0.1954706,0.03393709,-0.6264216,0.8785394,0.3542377,0.7937866,0.6491072000000001,0.0022644911,0.08190398,1.9899159999999998e-05,1.8737834e-07,2.0561564000000002e-07,2.7611498e-07,3.4461567999999997e-07,4.3636701e-07,6.930329699999999e-07,1.4877680999999999e-06,0.04765124,0.049999709999999996,6.979370000000001e-05,107.05485000000002,101.3546,6.490585999999999e-06,6.3122039999999995,0.006357404999999999,2.083951,0.00059026406,5.3392765999999995e-05,0.010124250000000001,4.236051000000001,0.00059026406,5.3392765999999995e-05,0.0055970920000000006,11.255143,0.00059026406,5.3392765999999995e-05,0.0015524576000000001,10.938167,0.00059026406,5.3392765999999995e-05,0.004435225,5.514189000000001e-07,2.022325e-05,0.010207325,0.6960132,-0.0009847402,-0.003206036,-0.0035225690000000006,7.711828999999999e-07,1.021497e-05
73,1607460600,0.17880189999999999,0.17882150000000002,0.03476563,-0.6071785999999999,0.8437008,0.34099440000000003,0.7633357999999999,0.6179065,0.001574418,0.07431316000000002,1.988421e-05,1.9334367e-07,2.1176856000000004e-07,2.7224221e-07,3.190922e-07,4.1739679999999995e-07,6.324407e-07,1.3331328e-06,0.0393098,0.050017400000000004,6.980260000000001e-05,110.9031,106.09740000000002,5.932225e-06,6.378431000000001,0.006149907,1.9078799999999998,0.00059378106,5.3716099e-05,0.009186313,3.4842,0.00059378106,5.3716099e-05,0.005494963,10.792311999999999,0.00059378106,5.3716099e-05,0.0014323281,10.486728999999999,0.00059378106,5.3716099e-05,0.004439054,5.077559e-07,2.0212880000000003e-05,-0.008803328,1.1538775000000001,-0.00035013830000000005,-0.003274082,-0.0035659629999999997,7.910961000000001e-07,9.991008e-06
73,1607461200,0.16803680000000004,0.16805659999999997,0.04784302,-0.629805,0.8464385,0.33184410000000003,0.7395975000000001,0.5939431,0.002599006,0.07390061,2.0011909999999998e-05,2.0790453999999998e-07,2.3216357000000002e-07,2.891775e-07,3.3546572000000006e-07,4.270662899999999e-07,6.361382e-07,1.2549418e-06,0.034191,0.049754389999999996,6.88348e-05,111.4281,109.4854,5.57956e-06,6.30793,0.006026253,1.7963430000000002,0.0003903992239999999,3.52197404e-05,0.008548906,3.0298590000000005,0.0003903992239999999,3.52197404e-05,0.005299318,7.9136223,0.0003903992239999999,3.52197404e-05,0.0012119794,7.47410604,0.0003903992239999999,3.52197404e-05,0.004447517,5.33913e-07,2.030146e-05,0.297604501,15.282175999999998,0.0031465004999999997,-0.003274286,-0.003566631,8.569291e-07,1.0658531e-05
73,1607461800,0.1790046,0.1790243,0.053220880000000005,-0.4989882,0.8621513000000001,0.3389856,0.7774738000000001,0.6328693,0.0023318021,0.07567751,1.991014e-05,1.7034153000000002e-07,1.9080052e-07,2.5076618000000003e-07,3.0581435e-07,4.0145278e-07,6.152475e-07,1.2843311999999998e-06,0.03883895,0.05058861,7.118582000000001e-05,113.65539999999999,106.7809,5.941735e-06,6.408453,0.006186757,1.912327,0.0006905484289999999,6.26411835e-05,0.009115152,3.4416200000000003,0.0006905484289999999,6.26411835e-05,0.005519985,12.26137,0.0006905484289999999,6.26411835e-05,0.0014596663000000002,12.020139,0.0006905484289999999,6.26411835e-05,0.004441384,5.927779e-07,2.0310900000000002e-05,-0.066409629,16.9443298,0.0012883755299999996,-0.0032091090000000004,-0.0035113889999999993,8.321715e-07,1.1600819999999999e-05
73,1607462400,0.2074233,0.207443,0.04810845,-0.6230154999999999,0.9099278999999999,0.36418150000000005,0.8232253,0.6728831,0.00274089,0.08743133,1.981647e-05,2.0158315000000003e-07,2.1981495000000002e-07,2.9197183000000006e-07,3.7217619999999997e-07,4.553579999999999e-07,6.80376e-07,1.4721126e-06,0.05372463000000001,0.04991034,7.130094000000001e-05,108.91506999999999,98.2791,6.891111e-06,6.250075,0.006522554999999999,2.2150399999999997,0.00065221024,5.9123416699999995e-05,0.010765432,4.789486999999999,0.00065221024,5.9123416699999995e-05,0.005658754,12.683926999999999,0.00065221024,5.9123416699999995e-05,0.0016323163999999997,12.393443,0.00065221024,5.9123416699999995e-05,0.0044294899999999995,6.418779e-07,2.026171e-05,0.00034835400000000156,0.7884007000000001,-8.278439999999995e-05,-0.00311712,-0.0034387490000000005,7.906041e-07,1.0032874e-05
73,1607463000,0.2074081,0.2074278,0.05132114,-0.557331,0.9204656,0.3620469,0.8274627999999999,0.6815082,0.0029246350000000005,0.08820053,2.008086e-05,3.1533133e-07,3.4457527000000003e-07,4.3133770000000007e-07,5.6469142e-07,7.301408e-07,1.1115662e-06,2.3082518e-06,0.053147259999999995,0.05046912,8.132904e-05,105.55458000000002,98.82359,6.883496000000001e-06,6.506368,0.0065091739999999995,2.2122029999999997,0.00050307191,4.5438597600000004e-05,0.010693379999999999,4.716800999999999,0.00050307191,4.5438597600000004e-05,0.005462834,9.701603000000002,0.00050307191,4.5438597600000004e-05,0.0014144647,9.339160999999999,0.00050307191,4.5438597600000004e-05,0.004448541999999999,6.335261e-07,2.042071e-05,0.028418150000000003,2.002128,0.0003474504999999999,-0.003142976,-0.003466482,7.729388999999999e-07,1.0442173999999999e-05
73,1607463600,0.1716329,0.17165249999999999,0.04527485,-0.5697990999999999,0.8490259,0.3356977,0.7512603999999999,0.6089436000000001,0.0021765190000000005,0.07282272,1.985632e-05,1.6868401e-07,1.9366069999999997e-07,2.5281521e-07,3.2095520000000004e-07,4.3626356e-07,6.555937999999999e-07,1.3571922e-06,0.03416398,0.05157605,7.246881999999999e-05,108.878,110.67179999999999,5.698207e-06,6.356203000000001,0.006088234999999999,1.8266010000000001,0.00089521641,8.1348316e-05,0.008504654,3.0220839999999995,0.00089521641,8.1348316e-05,0.0057571919999999995,15.517024000000001,0.00089521641,8.1348316e-05,0.0016939695000000002,15.383872,0.00089521641,8.1348316e-05,0.004433661,5.651382e-07,2.022266e-05,-0.011947374,0.6503121999999999,-0.00038858065000000003,-0.0032140890000000007,-0.003506815000000001,7.563511e-07,1.0165439e-05
73,1607464200,0.16848230000000003,0.168502,0.0493302,-0.4740693,0.8665763,0.3304541,0.7570357999999999,0.6106687,0.002516516,0.07497018,1.984391e-05,1.2011350999999998e-07,1.3986482999999998e-07,1.9088144e-07,2.4538827e-07,3.315728e-07,5.140768000000001e-07,1.112272e-06,0.0342162,0.04995636,6.511325e-05,110.33332,109.60649999999998,5.591848e-06,6.437143000000001,0.006085360999999999,1.811751,0.0007322664700000002,6.6407465e-05,0.008540099,3.0256969999999996,0.0007322664700000002,6.6407465e-05,0.005641242999999999,12.903151,0.0007322664700000002,6.6407465e-05,0.0015775308000000002,12.687039000000002,0.0007322664700000002,6.6407465e-05,0.0044334349999999995,5.564416e-07,2.0204490000000002e-05,0.050928850000000005,7.384880099999999,0.0015831653000000002,-0.0032369160000000003,-0.003525139,7.76206e-07,1.0320675000000001e-05
73,1607464800,0.1833152,0.18333470000000002,0.05185555000000001,-0.5793221,0.8685640000000001,0.34338750000000007,0.7710236,0.6320442999999999,0.003039236,0.07799733,1.9658800000000002e-05,5.1145299999999995e-08,6.134423000000001e-08,1.062277e-07,1.6132115000000003e-07,1.836798e-07,3.2476344999999997e-07,8.362116e-07,0.04230235,0.049277839999999996,7.366016000000001e-05,113.876,104.07458,6.088149e-06,6.431479999999999,0.0061919010000000005,1.953122,0.00085652646,7.78765577e-05,0.009558846999999999,3.8051790000000003,0.00085652646,7.78765577e-05,0.005678676,15.131271900000002,0.00085652646,7.78765577e-05,0.0016277442,14.978053400000002,0.00085652646,7.78765577e-05,0.004429232,6.223695e-07,2.0223949999999998e-05,-0.03549429,27.0541134,0.00305475386,-0.003190276,-0.003492237,9.113157000000001e-07,1.2447542e-05
73,1607465400,0.1826818,0.18270139999999999,0.028575980000000008,-0.8566635999999999,0.8236378,0.35118710000000003,0.7331473,0.5984434999999999,0.00210969,0.07705166999999999,1.996663e-05,2.4821458000000007e-07,2.7042411e-07,3.401719900000001e-07,4.2594186e-07,5.5127824e-07,8.301225e-07,1.6809354e-06,0.04041172,0.05084974999999999,7.358231000000001e-05,107.79489999999998,105.87459999999999,6.058268e-06,6.419174,0.006265195000000001,1.9519750000000002,0.00062639664,5.67610687e-05,0.009324974,3.6062469999999998,0.00062639664,5.67610687e-05,0.005577213,11.573477,0.00062639664,5.67610687e-05,0.0015176706000000002,11.2861279,0.00062639664,5.67610687e-05,0.004434558999999999,5.539530000000001e-07,2.0219470000000003e-05,0.021489644399999997,0.6401215,-0.0007421398,-0.003212755,-0.0035125289999999995,7.490619e-07,1.0108388e-05
73,1607466000,0.17436000000000001,0.1743794,0.05714749000000001,-0.6033597,0.8467008,0.3393655,0.7597732,0.6098435999999999,0.0023416720000000004,0.07391963,1.952133e-05,9.729541e-08,1.1780093000000001e-07,1.6450354e-07,2.3681722e-07,3.0024664e-07,4.857280999999999e-07,1.1241518e-06,0.034772010000000006,0.0523207,8.386932e-05,112.71756,110.1987,5.787606e-06,6.458834999999999,0.006185474,1.876115,0.00080724266,7.330102700000001e-05,0.008676661,3.125294,0.00080724266,7.330102700000001e-05,0.005628828000000001,14.343226999999999,0.00080724266,7.330102700000001e-05,0.0015910351,14.1506554,0.00080724266,7.330102700000001e-05,0.004410083999999999,5.734921e-07,2.001507e-05,-0.023141918000000004,6.054922899999999,0.0015140202500000001,-0.003192137,-0.0034907920000000004,7.475407e-07,1.0089663999999999e-05
73,1607466600,0.1842165,0.18423590000000004,0.05558226000000001,-0.4571206,0.8932396,0.3446546,0.7886492,0.6420946000000001,0.0038444100000000004,0.08122652000000001,1.9727759999999998e-05,2.066822e-07,2.3159032e-07,2.8780600000000003e-07,3.807936e-07,4.2313259e-07,6.650043e-07,1.3201699999999999e-06,0.038415000000000005,0.05362416999999999,6.518328e-05,111.68825000000001,108.76682000000001,6.118764000000001e-06,6.324433000000001,0.006445608,1.9700049999999998,0.0005715355200000001,5.17674455e-05,0.009083974,3.4594250000000004,0.0005715355200000001,5.17674455e-05,0.005439467000000001,10.595416199999999,0.0005715355200000001,5.17674455e-05,0.0013941254,10.292366,0.0005715355200000001,5.17674455e-05,0.004418042,6.368311e-07,2.013801e-05,0.05261224599999999,13.460961600000001,0.0046228752,-0.003153518,-0.0034613480000000004,8.187005000000002e-07,1.0333814000000001e-05
73,1607467200,0.33378150000000006,0.3338009,0.05463152,-0.29876040000000004,1.17825,0.4296976,1.0649568999999999,0.9092531999999999,0.005522782,0.1436813,2.0083320000000003e-05,5.3750597e-07,5.6126713e-07,6.8807132e-07,9.677148e-07,1.21145374e-06,1.8646850000000003e-06,3.8968595e-06,0.11341071,0.05336022,0.00010925090999999998,95.75593,82.58038,1.1088894e-05,6.178109000000001,0.008615506,3.5558880000000004,0.00077136135,7.00459939e-05,0.015621050000000001,10.119743,0.00077136135,7.00459939e-05,0.005606507,14.485681500000002,0.00077136135,7.00459939e-05,0.0016786311,14.2548026,0.00077136135,7.00459939e-05,0.0044206259999999995,8.688654999999998e-07,2.039611e-05,-0.02630831,4.649961500000001,0.0032444628499999997,-0.0029232930000000004,-0.0033067609999999996,8.513206999999999e-07,1.0811557e-05
73,1607467800,0.2304275,0.2304469,0.05692752000000001,-0.4006462,1.0134683,0.37505770000000005,0.8851395,0.7299598,0.005883799,0.10564604,1.975755e-05,2.3633591e-07,2.6364283000000005e-07,3.5752035999999997e-07,4.6935800000000007e-07,6.525000999999999e-07,1.0359203e-06,2.3327937e-06,0.061605469999999996,0.05351397,8.845072e-05,103.23656000000001,97.03457,7.650566999999999e-06,6.233583,0.006912793,2.440089,0.0011903952,0.00010839532,0.01137125,5.389329,0.0011903952,0.00010839532,0.0060225520000000005,20.593906,0.0011903952,0.00010839532,0.0020412869999999997,20.603960999999998,0.0011903952,0.00010839532,0.0044221009999999995,7.220853000000001e-07,2.024909e-05,-0.05550232999999999,31.1137425,0.0073777115,-0.0031136670000000005,-0.0034345849999999995,9.379126000000001e-07,1.2282362e-05
73,1607468400,0.49201379999999995,0.49203329999999995,0.020340155000000002,-1.2297101000000001,1.1958369999999998,0.6239374000000001,1.1038463,0.9513298999999998,0.007683114,0.20762160000000002,2.0197440000000004e-05,7.891486200000001e-07,7.869367699999999e-07,9.676671799999998e-07,1.3313968999999998e-06,1.65748743e-06,2.60377373e-06,5.4904213e-06,0.19257982,0.053304830000000004,0.00010730450000000001,93.80681000000001,73.36646000000002,1.6347011e-05,6.037826,0.010411737,5.255044,0.0006050132,5.4718940000000005e-05,0.02008978,17.113394,0.0006050132,5.4718940000000005e-05,0.005512213,11.165460000000001,0.0006050132,5.4718940000000005e-05,0.001691005,10.823066,0.0006050132,5.4718940000000005e-05,0.004422369,9.519903000000001e-07,2.05078e-05,0.017023028,1.0425609,0.0002830839999999999,-0.0027707599999999997,-0.0032114620000000004,8.13255e-07,1.0300365000000001e-05
73,1607469000,0.5182621000000001,0.5182817,0.011029863,-1.4652049999999999,1.175287,0.6621,1.08382,0.9342663,0.006356334,0.21842259999999997,2.0338290000000004e-05,8.082979e-07,8.284938500000001e-07,1.06373838e-06,1.5459313000000001e-06,2.06252792e-06,3.41371066e-06,7.505921199999999e-06,0.2020811,0.05694316000000001,8.817055e-05,88.33363,72.25539,1.7209210000000002e-05,6.175339,0.01096251,5.450380000000001,0.0012454610399999998,0.00011347507959999999,0.020772500000000003,17.79571,0.0012454610399999998,0.00011347507959999999,0.005878298,21.570719,0.0012454610399999998,0.00011347507959999999,0.0020586444,21.626575,0.0012454610399999998,0.00011347507959999999,0.004434381,9.736974e-07,2.0635310000000003e-05,0.034760339999999994,0.5719018000000001,0.00050429803,-0.0027415089999999996,-0.0031958230000000004,7.470041000000001e-07,1.0445251e-05
73,1607469600,0.514371,0.5143907999999999,0.013309631999999998,-1.429545,1.203337,0.657791,1.0972089999999999,0.9415788,0.004924087,0.21666909999999998,2.0621959999999997e-05,1.0305994e-06,1.0493153700000001e-06,1.26527544e-06,1.6706974e-06,2.0516776000000003e-06,3.1243525e-06,6.3364671e-06,0.20029779999999997,0.056793060000000006,7.672754e-05,94.00188,72.15455,1.709217e-05,6.228317,0.01093117,5.47254,0.00045611927999999997,4.125922500000001e-05,0.0207737,17.73645,0.00045611927999999997,4.125922500000001e-05,0.005407895000000001,10.325099,0.00045611927999999997,4.125922500000001e-05,0.0015934838,9.854974200000001,0.00045611927999999997,4.125922500000001e-05,0.004429702,9.896088e-07,2.060141e-05,0.034775889,4.6379843,0.0028280244000000003,-0.0027586789999999996,-0.0032050530000000002,8.037872999999999e-07,1.1209228000000001e-05
73,1607470200,6.1944208000000005,6.1944417000000005,-0.0006213039999999998,-1.0636990000000002,3.78709,2.1226453,3.4062290000000006,3.2095730000000002,0.11208121200000001,2.7614777999999998,3.419942e-05,1.64284878e-05,1.661475727e-05,1.9727071119999998e-05,2.7042909e-05,3.415374044e-05,5.326118109999999e-05,0.00010791547999999998,3.0510546000000005,0.045500679999999995,0.00036215609999999996,68.45190999999998,53.6999,0.00020599559,5.896130000000001,0.036654759999999995,64.696593,0.006265903200000001,0.0005730218400000001,0.07654029999999999,268.11850999999996,0.006265903200000001,0.0005730218400000001,0.009062011,122.35516,0.006265903200000001,0.0005730218400000001,0.00596861,123.95584999999998,0.006265903200000001,0.0005730218400000001,0.004742626,1.21229915e-05,3.203821e-05,-0.039062103,140.7659969,0.03330077,0.0006594470000000001,-0.0010555496,1.9523765400000002e-05,0.00021481721999999995
73,1607470800,7.248774,7.248797000000001,-0.004962062000000001,-1.36194,4.136639,2.376055,3.956821,3.725027,0.066510928,2.9799480000000003,3.755329e-05,1.9557621e-05,1.9636386000000002e-05,2.2858750599999998e-05,3.0752087e-05,3.7839462499999997e-05,5.71735863e-05,0.000114623373,3.586029,0.037681900000000004,0.0003571749,64.77599999999998,51.070389999999996,0.0002410889,5.7357439999999995,0.04202489,75.59303000000001,0.004752153730000001,0.000434201312,0.0875946,315.1487,0.004752153730000001,0.000434201312,0.008902386000000002,101.773541,0.004752153730000001,0.000434201312,0.005890063,102.266443,0.004752153730000001,0.000434201312,0.004811213,1.0406642000000001e-05,3.072225e-05,0.034618455,13.114842599999998,0.0159991,0.001157622,-0.0007365139,2.7534079000000005e-06,3.5474550000000004e-05
73,1607471400,5.956180000000001,5.9562,0.0020247069999999997,-1.514944,3.794852,2.2028860000000003,3.3864669999999997,3.212424,0.12612789,2.533697,2.8261939999999997e-05,1.0166114e-05,1.0098190699999998e-05,1.2834093299999999e-05,2.0043729999999998e-05,2.6400197e-05,4.3221927e-05,9.559249e-05,2.9387600000000003,0.03862902,0.0004704674999999999,69.67258,51.36083,0.0001980221,6.083159,0.038535080000000006,63.575799999999994,0.0065212790000000005,0.0005964321,0.07889271,259.6562,0.0065212790000000005,0.0005964321,0.009065949,121.11826,0.0065212790000000005,0.0005964321,0.0060590489999999995,123.09160999999999,0.0065212790000000005,0.0005964321,0.004968382,1.8385415e-05,3.879839e-05,0.0007926999999999962,84.1222503,0.06480825900000001,0.0009792394300000003,-0.0006514316,1.7086964000000002e-05,0.00015237149000000002
73,1607472000,5.1126374,5.1126534999999995,-0.001880762,-1.0829656,3.8148770000000005,1.6515469,3.3134500000000005,2.858563,0.28822810000000004,2.3106762,2.9529079999999997e-05,1.03418783e-05,1.06828988e-05,1.2731764699999998e-05,1.73071993e-05,2.1798847e-05,3.3044156300000006e-05,6.3180024e-05,1.8220988999999999,0.73346177,0.0005787856099999999,95.50419,80.98176,0.00016992008,6.318554000000001,0.031007369999999996,55.418289,0.0130608154,0.00119614086,0.0547774,163.95129999999997,0.0130608154,0.00119614086,0.009627581,227.38642,0.0130608154,0.00119614086,0.006445787999999999,233.537619,0.0130608154,0.00119614086,0.005023502,1.7618800999999997e-05,3.7790410000000004e-05,-0.12494265999999998,85.25597919999998,0.06307759900000001,0.0007344730000000002,-0.0013312335,1.4018084599999998e-05,0.00013746117
73,1607472600,17.714411000000002,17.714415,-0.0026129866,-1.2882279,7.2040809999999995,3.74542,6.308404,5.597531999999999,0.31906201,7.8187809999999995,5.713176e-05,4.1822835999999994e-05,4.2559957e-05,5.053583e-05,7.023955e-05,8.782059000000001e-05,0.00013732023999999998,0.00027199788999999997,7.7588610000000005,1.0963488,0.0012411578000000002,83.26165,65.711,0.0005886198,6.29751,0.06647661,185.36034,0.0272323704,0.00249396418,0.12560152000000002,679.5404000000001,0.0272323704,0.00249396418,0.014156779999999999,506.53327,0.0272323704,0.00249396418,0.011016964,517.25593,0.0272323704,0.00249396418,0.006090289,4.4783799999999996e-05,6.520149e-05,0.12327053000000002,99.26356899999999,0.10244388,0.005159017,0.002331122,2.8599874e-05,0.00028500121
73,1607473200,21.314369999999997,21.3144,-0.0005501958,-1.2542994,7.831702000000002,4.068968,7.078976999999999,6.282265000000001,0.5775251200000001,8.980476,6.47512e-05,5.0362721e-05,5.0849257000000004e-05,6.0308634999999996e-05,8.255683999999999e-05,0.00010203909,0.00015544835000000002,0.00031182175,9.412813000000002,1.2422499999999999,0.0012673860000000001,86.13607,62.18921,0.0007082036,6.1870709999999995,0.06987544000000001,224.7687,0.0167081864,0.00152895191,0.1409829,829.4308000000001,0.0167081864,0.00152895191,0.012327517999999999,315.892286,0.0167081864,0.00152895191,0.009106954999999998,321.83719699999995,0.0167081864,0.00152895191,0.006505530000000001,5.1229170000000005e-05,7.217981e-05,0.03765229,22.788747000000004,0.08158187,0.006561002000000001,0.0031938041,2.1806068e-05,0.00021362421999999997
73,1607473800,7.910410999999999,7.910430000000001,0.004434987,-0.9283076999999998,5.453192,2.332458,4.505839,3.8196789999999994,0.28234929,3.570917,2.553376e-05,6.512316000000001e-06,7.660286e-06,1.0721623999999998e-05,1.6824879e-05,2.5584410999999995e-05,4.482491e-05,0.00010234535000000001,2.2709300000000003,1.6830880000000001,0.0009653913999999999,99.46213000000002,95.19672,0.00026246770000000003,6.6035449999999996,0.04402804,86.06249,0.0280600784,0.00257097043,0.06742768,201.94229,0.0280600784,0.00257097043,0.012046881,485.76003000000003,0.0280600784,0.00257097043,0.009324467,499.2269,0.0280600784,0.00257097043,0.005752371,3.340932e-05,5.392809e-05,-0.12591796,45.489751999999996,0.06694588,0.0042686189999999995,0.0015997240999999999,1.5762794e-05,0.00015009868
73,1607474400,15.311853999999997,15.311882999999998,-0.0011631145999999998,-1.0476534000000002,6.893497999999999,3.185762,5.832479999999999,5.139195,0.48383054000000003,7.270244999999998,4.9852269999999995e-05,3.3240234999999996e-05,3.4157747e-05,4.1456258e-05,5.7469852e-05,7.2474305e-05,0.00011276467100000001,0.00023002352000000003,6.1138718,1.5403030000000002,0.0011458395,93.51059000000001,85.16567,0.0005086008,6.192342,0.055792160000000014,159.84364,0.02113459387,0.001935746087,0.1001387,533.0097499999999,0.02113459387,0.001935746087,0.012658724,405.33653,0.02113459387,0.001935746087,0.009591639,412.48685000000006,0.02113459387,0.001935746087,0.006179199,4.604103999999999e-05,6.671006e-05,-0.08791278,59.975905999999995,0.08277365,0.005438277,0.0023648053000000003,2.3326324e-05,0.00022372870000000002
73,1607475000,9.914144,9.914158,0.0012119747999999998,-0.9839772,5.918355999999999,2.647219,5.304200000000001,4.3569960000000005,0.03817055,4.018553,3.344909e-05,1.4159781999999999e-05,1.5094970999999998e-05,1.7924178e-05,2.4728543e-05,3.1682785999999996e-05,4.78678e-05,9.471604e-05,2.8413270000000006,2.114444,0.0010367385,104.39011,92.7086,0.0003291556,6.146958,0.045989459999999996,105.99710000000002,0.038921761000000006,0.0035664514,0.07815823000000001,251.7898,0.038921761000000006,0.0035664514,0.012830335000000002,628.8109499999999,0.038921761000000006,0.0035664514,0.010314557,649.15007,0.038921761000000006,0.0035664514,0.005818976,3.326318e-05,5.404219e-05,0.008212459000000002,5.824541999999999,0.035750189999999994,0.004357955,0.0015555271,9.238491000000002e-06,5.888667e-05
73,1607475600,12.738752,12.738773,0.0013304532999999998,-1.1250723,6.5199489999999996,3.065437,5.579458000000001,4.777046,0.62299912,5.849364,4.917347e-05,3.0813168e-05,3.3428225e-05,3.9578613e-05,5.2246645999999995e-05,6.764098e-05,0.00010238554000000001,0.00020109753,4.437506000000001,1.9300989999999996,0.0012127282,97.52700999999999,83.97625000000001,0.00042276400000000006,6.3296399999999995,0.0526875,136.62971000000002,0.028365141,0.0025984386,0.09427903,392.1079,0.028365141,0.0025984386,0.013197279000000001,489.8675999999999,0.028365141,0.0025984386,0.010505814,504.0164,0.028365141,0.0025984386,0.005994244000000001,4.484885000000001e-05,6.54175e-05,-0.013489549999999984,81.270545,0.10294325,0.004886573,0.0019920236,3.9805845e-05,0.00039801771
73,1607476200,26.38479,26.38479,-0.0024747310000000004,-1.694059,7.291460000000001,4.815130999999999,6.664628,6.230777,0.66094139,11.377827,7.49402e-05,6.2452659e-05,6.3761136e-05,7.6256484e-05,0.00010935464,0.00013806137,0.00021695849999999999,0.00044979450000000006,12.15197,1.0374976,0.0017475482,78.63183000000001,57.98046000000001,0.0008765343,6.160301,0.08219318,278.39439999999996,0.034998742320000005,0.0032054127209999997,0.1607533,1071.2196,0.034998742320000005,0.0032054127209999997,0.015479337,662.60455,0.034998742320000005,0.0032054127209999997,0.011916742,676.7910099999999,0.034998742320000005,0.0032054127209999997,0.006887271,5.707386e-05,7.803101e-05,0.031293145,13.035907,0.06840842999999999,0.007305458000000001,0.004849145,1.7059319e-05,0.00016278461999999998
73,1607476800,13.203768,13.203793999999998,0.0025244603,-1.0794855,6.701079,3.149197,5.89728,5.085343,0.38121401999999993,5.780508,4.055704e-05,2.3069791000000003e-05,2.4331404e-05,3.0012216e-05,4.2540018000000005e-05,5.4611095e-05,8.722391e-05,0.0001718532,4.936395,1.663933,0.0010923031,91.10539,75.58583,0.00043850369999999994,6.096689,0.05304477,140.7807,0.024444439000000005,0.00223898649,0.10197947999999998,437.04449999999997,0.024444439000000005,0.00223898649,0.013272585,468.37824,0.024444439000000005,0.00223898649,0.010446827,478.2480299999999,0.024444439000000005,0.00223898649,0.006115064000000001,4.418532e-05,6.495028e-05,-0.07151575,45.570605,0.08785583,0.005400766999999999,0.0022353150000000003,1.9078417e-05,0.00017776553999999996
73,1607477400,15.35764,15.357669999999999,0.001966766,-1.300015,6.737457000000001,3.5426049999999996,6.145837,5.306637,0.05434367999999999,6.222365999999999,4.002767e-05,2.2595403e-05,2.3513237999999998e-05,2.9620399e-05,4.397566999999999e-05,5.6191382e-05,9.158329999999997e-05,0.00018912119000000002,5.9542530000000005,1.722645,0.0014485947,94.73829,72.44368,0.0005100245,6.3082970000000005,0.05885859,162.1728,0.048439731269999994,0.004438538165,0.1129819,524.2130999999999,0.048439731269999994,0.004438538165,0.015473101999999999,840.6137110000002,0.048439731269999994,0.004438538165,0.012673753999999999,862.8652480000001,0.048439731269999994,0.004438538165,0.006180286000000001,4.2072999999999995e-05,6.275922e-05,0.049455698,17.660325,0.05271585000000001,0.005710392,0.0026972660000000002,1.4407392e-05,0.00012686693999999999
73,1607478000,14.97493,14.97493,-0.0036047989999999997,-1.2536865000000001,6.643214,3.466409,6.031307999999999,5.246185,0.23983645999999997,6.156828000000001,4.164745000000001e-05,2.4650975e-05,2.6041779999999997e-05,3.2523346999999996e-05,4.728489e-05,6.159616000000001e-05,0.00010066626000000002,0.00021192514999999996,5.579153,1.906278,0.001508143,94.36926,75.55084,0.0004968705999999999,6.5541350000000005,0.06174597,159.31869999999998,0.007832298040000001,0.000716368068,0.1091359,491.6424999999999,0.007832298040000001,0.000716368068,0.010805525,200.04550799999998,0.007832298040000001,0.000716368068,0.007893499000000002,201.07163199999997,0.007832298040000001,0.000716368068,0.006056624,4.340313e-05,6.409982999999999e-05,-0.009017197,43.834719,0.07902108,0.00531902,0.002325659,2.9883342000000004e-05,0.00026982665000000003
73,1607478600,20.281769999999998,20.281779999999998,-0.004865696000000001,-1.3648357,7.189007999999999,3.990307,6.565401,5.959757,0.68620192,8.959147,3.576044e-05,2.0498211000000003e-05,2.0158595e-05,2.6782115999999996e-05,4.5907609999999995e-05,6.275567999999998e-05,0.00010507279999999999,0.00024039225,8.714737,1.4239691,0.0016399389,85.03246999999999,66.70867,0.0006739005999999999,6.308289,0.07029479,213.363,0.01482492719,0.0013568693489999998,0.13268372,764.5831999999999,0.01482492719,0.0013568693489999998,0.013470382999999999,370.86891099999997,0.01482492719,0.0013568693489999998,0.010264208,373.31194400000004,0.01482492719,0.0013568693489999998,0.006775637999999999,5.939399e-05,7.985789e-05,0.06462628000000001,36.184687000000004,0.10586964000000001,0.0071569599999999995,0.004171884999999999,3.7866567000000004e-05,0.00040197569
73,1607479200,26.809739999999998,26.809800000000003,-0.0074644989999999994,-0.9953164000000001,8.784604999999999,4.325252,8.276800999999999,7.524942999999999,0.40297823,11.188374999999999,3.688823e-05,2.3497345000000003e-05,2.2102710000000002e-05,3.1791243e-05,5.784334e-05,7.070533e-05,0.00012821999000000003,0.00029346726,12.582141,0.8202012,0.0018909077000000003,80.05230999999999,57.1059,0.0008913426,6.222376,0.08072801,282.00050000000005,0.0285929665,0.00261786203,0.1625192,1108.4122,0.0285929665,0.00261786203,0.01697428,599.1978,0.0285929665,0.00261786203,0.013315155999999998,607.2850000000001,0.0285929665,0.00261786203,0.007286587,6.658972e-05,8.722915e-05,-0.0555898,7.0178818,0.05871841999999999,0.008581408,0.005209364,1.6464179e-05,0.00015919087999999998
73,1607479800,18.463468,18.463469999999997,-0.008205923,-0.5761072,8.088322999999999,3.352496,7.337510999999999,6.449521999999999,0.54499586,8.091078999999997,5.8792529999999985e-05,4.491147400000001e-05,4.8384218e-05,5.9024355999999996e-05,8.121291999999999e-05,9.857193e-05,0.00015033056000000002,0.00029238564999999994,8.105202,1.124473,0.0012427207,82.16369,63.21541,0.0006134231999999999,6.217952,0.06534814,195.1308,0.0344681793,0.00315713616,0.12972535999999998,713.5319,0.0344681793,0.00315713616,0.015499175,633.0718,0.0344681793,0.00315713616,0.01238273,647.98288,0.0344681793,0.00315713616,0.007475947999999999,8.760706e-05,0.00010818272000000001,-0.11035648,22.166783,0.08512942,0.008347069,0.005094229,5.1134279999999995e-05,0.00036081067
73,1607480400,16.62678,16.62678,-0.0030852826999999998,-1.2629012,6.967263,3.5939570000000005,6.083736,5.6020710000000005,0.27367760999999996,7.931265000000001,5.435994e-05,3.9592042000000005e-05,4.8111842e-05,5.883656000000001e-05,8.431496999999999e-05,0.00010426602,0.00016073747,0.00032206680000000003,6.4317459999999995,1.878725,0.0020659799999999994,90.3844,74.15362999999999,0.0005512611,6.626123,0.06460495,177.36780000000002,0.0347483723,0.0031832287200000003,0.11608660000000001,567.1745,0.0347483723,0.0031832287200000003,0.01252468,577.4150000000001,0.0347483723,0.0031832287200000003,0.009669687,594.50036,0.0347483723,0.0031832287200000003,0.008238074000000001,0.00011550364,0.00013596099999999998,0.03195347,14.921128299999998,0.09711829000000001,0.009864929,0.006377893,6.6865766e-05,0.00042170293
73,1607481000,14.644499999999999,14.644549999999999,-0.0017567910000000002,-1.4893570000000003,5.897131,3.501119,5.398178,5.099143,0.04400555999999999,5.8906849999999995,2.690412e-05,8.799728e-06,1.2133677999999999e-05,1.6394046e-05,4.619269e-05,6.3454556e-05,4.8560514e-05,0.00015502366000000003,5.038984,2.2815640000000004,0.0013499023000000001,100.26712,81.23876999999999,0.00048661779999999995,5.950638,0.06135957999999999,158.7117,0.017619769,0.00161354797,0.10381610000000001,442.23580000000004,0.017619769,0.00161354797,0.011464351,344.090262,0.017619769,0.00161354797,0.008702577,349.906207,0.017619769,0.00161354797,0.009235162999999998,0.00015040899,0.00017086479,-0.028351130999999995,1.0690452,0.049392059999999995,0.012930687,0.00858873,4.4479198999999997e-05,0.00024026523
73,1607481600,18.61241,18.61241,-0.0019783679,-1.4279556000000002,7.116704999999999,3.896005,6.077585,5.609308,0.82922034,8.727831,4.671897e-05,3.1595202000000004e-05,3.3607180000000004e-05,4.461152999999999e-05,7.613036e-05,8.311619999999998e-05,0.00013198945,0.00027572099999999993,7.250076,2.053527,0.0018840789999999999,90.43548000000001,74.0888,0.0006179401,6.477653000000001,0.06755210999999998,198.22850000000003,0.032934493,0.0030166901999999995,0.12164760000000001,636.8464,0.032934493,0.0030166901999999995,0.014717531,607.36781,0.032934493,0.0030166901999999995,0.011845741000000002,621.50296,0.032934493,0.0030166901999999995,0.008612875999999998,0.00010567753,0.00012619266,-0.009615717630000001,8.074508400000001,0.09938949999999999,0.011286405999999999,0.007745189000000001,2.8898564e-05,0.00025358257
73,1607482200,17.984469999999998,17.9845,-0.0005791815999999999,-1.4391488000000003,6.644153,3.849353,6.077025000000001,5.567831,0.34898574,7.550895,4.9915029999999994e-05,3.494029000000001e-05,3.6847911999999996e-05,5.0633718e-05,7.594232000000001e-05,8.145156e-05,0.00012456071000000002,0.00025020082,6.599679,2.390215,0.0016577480000000001,93.41074,78.12065000000001,0.0005970718000000001,6.400805999999998,0.06660292000000001,194.24429999999998,0.0466328264,0.004272644149999999,0.11766791000000001,586.7811,0.0466328264,0.004272644149999999,0.014918151,787.7669199999999,0.0466328264,0.004272644149999999,0.012158841,810.89544,0.0466328264,0.004272644149999999,0.008633359,0.00010359480000000001,0.00012400094000000002,-0.010201151,10.94933181,0.07049775,0.011356556,0.007855517,2.8200234999999997e-05,0.00024022171
73,1607482800,32.94848,32.94851,-0.0019807182339999997,-1.61408,8.632613000000001,5.34229,7.985268,7.346248,0.31238526,13.44311,7.156911000000001e-05,6.051832e-05,6.1589998e-05,7.7822845e-05,0.00011266283000000003,0.00014172746999999999,0.00022844412999999995,0.0005011747800000001,15.157150000000001,1.3134568,0.0023793636,79.93361999999999,57.92366,0.0010950235999999999,6.335117,0.09266316000000001,353.2489,0.0220556696,0.00201878114,0.18101930000000002,1349.091,0.0220556696,0.00201878114,0.01617626,563.50862,0.0220556696,0.00201878114,0.012340977,567.1890500000001,0.0220556696,0.00201878114,0.007524449999999999,7.274509999999999e-05,9.366045e-05,0.003175216999999999,20.3924515,0.08471812000000001,0.009077304,0.005792444,2.2327784e-05,0.00021647118
73,1607483400,25.3529,25.35291,-0.00137639792,-1.4992450000000002,8.123011,4.614879,7.304999,6.581637000000001,0.7484213,11.13704,3.072003e-05,1.7182999e-05,1.6261904e-05,2.4695231e-05,5.156372e-05,6.532987e-05,0.00011723935999999999,0.00029401802,11.606236,1.0674359999999998,0.0021845091000000003,84.62861000000001,59.021910000000005,0.0008424006,6.305706000000001,0.08219934000000001,271.07710000000003,0.0173467412,0.0015873938199999996,0.1568986,1030.7208000000003,0.0173467412,0.0015873938199999996,0.014508801999999998,427.72725900000006,0.0173467412,0.0015873938199999996,0.010927111,430.216036,0.0173467412,0.0015873938199999996,0.007306908000000001,6.734862e-05,8.853073e-05,0.023764559,22.2745702,0.08616655000000002,0.008254853,0.005185817999999999,2.6234756999999997e-05,0.00025959504
73,1607484000,16.21833,16.21833,-0.0049798559999999995,-0.7142776000000001,7.55588,3.2871140000000003,6.912736,6.0598849999999995,0.42813391999999995,7.109978000000001,3.2585909999999996e-05,1.549988e-05,1.4951371e-05,1.9235246999999997e-05,3.8008100000000006e-05,4.1617095e-05,6.684682000000002e-05,0.00015354785,6.923622999999999,1.1839333,0.0012254543999999997,89.52972999999999,64.50737999999998,0.0005388385000000001,6.138453,0.062292610000000005,170.9595,0.01776918808,0.0016269065710000003,0.12136740000000001,609.0336,0.01776918808,0.0016269065710000003,0.013265587,375.53375000000005,0.01776918808,0.0016269065710000003,0.010165734,380.98157000000003,0.01776918808,0.0016269065710000003,0.006785893999999999,5.5368859999999995e-05,7.623532e-05,-0.057637717,22.3907475,0.06769860999999999,0.006811515,0.004173066,2.2161236e-05,0.00022064071
73,1607484600,15.209240000000003,15.209280000000001,-0.00666626,-0.5331276,7.323711,2.951595,6.825546,5.952294,0.35639265000000003,6.413071,4.263669e-05,2.6186717e-05,2.6231883999999998e-05,3.164348e-05,5.028248e-05,5.598485999999999e-05,8.419834999999999e-05,0.00017435059,6.466717000000001,1.1361592,0.0012769985999999999,88.07982999999999,66.24416,0.0005054604,6.375382,0.05878243,160.6221,0.0257200967,0.0023558521499999997,0.11617298000000001,567.8417,0.0257200967,0.0023558521499999997,0.014448306,492.1438,0.0257200967,0.0023558521499999997,0.011450512999999999,502.14040000000006,0.0257200967,0.0023558521499999997,0.006986989000000001,5.7315359999999994e-05,7.792517000000001e-05,-0.012851936999999999,1.599005,0.041026019999999996,0.0074530429999999995,0.004601653000000001,9.288282e-06,8.750623e-05
73,1607485200,12.139,12.139009999999999,-0.0035830600999999995,-0.6759504000000001,6.361618000000001,2.8120070000000004,5.906917999999999,5.095094,0.30771708000000003,5.515585,3.608668e-05,1.8984377e-05,2.0104564999999998e-05,2.5906841e-05,4.6090460000000006e-05,5.5105599999999996e-05,8.518255e-05,0.00018609213,4.712459999999999,1.355138,0.0014429920000000001,89.22003,73.68439,0.0004031568,6.500081,0.054296920000000005,126.90780000000002,0.020725785000000004,0.0018981387,0.09878284,410.7112,0.020725785000000004,0.0018981387,0.012252006,387.04991,0.020725785000000004,0.0018981387,0.00941883,395.33966999999996,0.020725785000000004,0.0018981387,0.006931669,5.801218e-05,7.840815e-05,0.07152520700000001,13.758184199999999,0.06064576999999999,0.007223145,0.004481133,2.1249379e-05,0.00021780747
73,1607485800,13.120770000000002,13.12079,-0.0034402492,-0.9159024,6.129562000000001,3.036072,5.724288,4.97959,0.29525798999999997,5.450125,5.0379190000000006e-05,3.3889094e-05,3.5714767e-05,4.2565312e-05,6.516141e-05,7.625818699999999e-05,0.00011625572999999999,0.00023743623000000002,5.365587,1.192852,0.0013080074,83.23554999999999,70.37619,0.00043576140000000003,6.352206,0.056499339999999995,135.9415,0.031975269099999995,0.00292918271,0.10453523999999999,464.4076,0.031975269099999995,0.00292918271,0.013504818999999998,553.42374,0.031975269099999995,0.00292918271,0.010624552999999998,567.82936,0.031975269099999995,0.00292918271,0.006740765,5.370145e-05,7.403573999999999e-05,0.021705339,18.8201122,0.06368225,0.006753539,0.004230955,2.1365053999999997e-05,0.00022236501000000002
73,1607486400,10.661759,10.661779,-0.000664062,-0.9160799000000001,5.756576,2.638772,4.982439,4.399821,1.18950905,5.6354587,2.786134e-05,1.0904878999999999e-05,1.1538749000000001e-05,1.6998246000000002e-05,3.828845e-05,4.9284779999999985e-05,8.086883e-05,0.00019477247,5.141849,0.18737493999999996,0.0012430074,75.26456999999999,55.39858,0.00035423283000000005,6.58108,0.04687468,110.12201999999999,0.014885175,0.0013626283000000002,0.09627812,444.47650000000004,0.014885175,0.0013626283000000002,0.012113462,280.41778999999997,0.014885175,0.0013626283000000002,0.009027474,285.81718,0.014885175,0.0013626283000000002,0.006827999999999999,5.99545e-05,8.0476e-05,0.006371458999999999,32.44380917,0.09801164000000001,0.006604186000000001,0.0042379670000000005,2.4998849000000003e-05,0.00022778301999999999
73,1607487000,2.478275,2.478295,0.01790114,-1.331762,2.81371,1.4055779999999998,2.4137980000000003,2.215605,0.021029735,1.0240747000000001,2.7219370000000004e-05,7.802276999999999e-06,8.558361999999999e-06,1.1176967000000001e-05,2.302115e-05,3.0717659999999996e-05,3.487819e-05,7.016177e-05,1.183984,0.05444103,0.0005178029,74.62464,54.46146,8.229692000000001e-05,6.73707,0.024358929999999997,27.50933,0.0024929553,0.00022754031000000001,0.05036456,104.31257000000001,0.0024929553,0.00022754031000000001,0.007057495,48.46155900000001,0.0024929553,0.00022754031000000001,0.003952629,48.810131,0.0024929553,0.00022754031000000001,0.006690671999999999,5.124305000000001e-05,7.156841999999999e-05,-0.015856000000000002,1.987122,0.04074311,0.005854641,0.004048596999999999,1.0007424e-05,7.97797e-05
73,1607487600,8.099421111111111,8.099445555555555,0.01127945,-1.24599313,4.430134444444445,2.241703333333333,3.5974855555555556,3.383687777777778,0.3432789,4.030577444444444,3.17973e-05,1.4267686000000002e-05,1.4186889999999999e-05,1.8599205555555554e-05,3.296574333333333e-05,3.824799555555556e-05,5.5206325555555556e-05,0.00011743666666666666,4.001867000000001,0.04694673333333334,0.0005877821111111111,71.66369999999999,52.979511111111115,0.0002694807111111111,6.293684444444445,0.039095477777777776,86.62156666666667,0.005839763666666667,0.0005337662,0.08060356666666667,351.33967777777775,0.005839763666666667,0.0005337662,0.009333787777777776,137.1721822222222,0.005839763666666667,0.0005337662,0.006057298888888889,137.8851511111111,0.005839763666666667,0.0005337662,0.006512368888888889,5.108201111111111e-05,7.138673333333333e-05,1.7388888888889317e-05,25.13984888888889,0.0706811,0.005615709777777779,0.0034251704444444447,1.915231333333334e-05,0.0001791850888888889
73,1607488200,10.884489,10.884501,-0.004896696999999999,-0.8144670000000002,5.739362,2.544854,4.8628480000000005,4.107837000000001,0.88157526,5.95,2.345472e-05,6.657336100000001e-06,6.31356e-06,1.0325519e-05,2.1129855e-05,2.8971450000000002e-05,5.618067e-05,0.00013723392000000002,5.2496597000000005,0.19140679,0.0009025285,77.40074999999999,55.77196,0.00036185016,6.429615,0.045892779999999994,116.95725,0.008336518900000001,0.0007625022500000001,0.09290984000000001,465.38773999999995,0.008336518900000001,0.0007625022500000001,0.010229393,178.51677999999998,0.008336518900000001,0.0007625022500000001,0.006954175999999999,180.36522,0.008336518900000001,0.0007625022500000001,0.005693645,3.586759e-05,5.6219339999999995e-05,0.05032595999999999,85.99212399999999,0.09755916,0.0036765394,0.0013615645700000001,2.9595757e-05,0.00030949183
73,1607488800,12.051845,12.051864,-0.0003304509499999999,-1.1905776,5.763099,2.936105,5.288411,4.677968000000001,0.43548995,5.1371009999999995,4.450285e-05,2.7559962000000003e-05,2.9961773e-05,3.3360336e-05,4.754067e-05,6.168612999999999e-05,8.762869e-05,0.00018079986999999998,5.517555,0.5070585000000001,0.0008145837999999999,81.73261,62.58737,0.0004006465,6.397386,0.05357326,129.72797,0.014477240959999998,0.00132552688,0.10438948,490.8275,0.014477240959999998,0.00132552688,0.011420376,277.71679000000006,0.014477240959999998,0.00132552688,0.008335780999999999,283.18966,0.014477240959999998,0.00132552688,0.006580599000000001,5.387371e-05,7.440945e-05,-0.099072649,44.2402629,0.09851916999999999,0.006416993,0.0038159189999999996,2.1805351e-05,0.00020800303999999998
73,1607489400,5.848048,5.848066,0.0011718346,-1.216033,4.249740999999999,2.1576910000000002,3.9067570000000003,3.290164,0.02157265,2.373106,3.070171e-05,1.2120253e-05,1.7988801e-05,1.5908416999999998e-05,2.3543608e-05,3.521879e-05,4.216202e-05,7.825356e-05,2.0834479999999997,0.8395395999999999,0.0007982074,96.63118,78.78667,0.0001942554,6.3110230000000005,0.039335339999999996,62.799580000000006,0.0178995373,0.00163961504,0.06676109000000001,182.8972,0.0178995373,0.00163961504,0.009872645000000001,298.34072000000003,0.0178995373,0.00163961504,0.007049966,307.21509000000003,0.0178995373,0.00163961504,0.006679840000000001,5.112274e-05,7.119664999999999e-05,-0.005430168999999999,1.6410483,0.03960358,0.006673965999999999,0.004250110999999999,8.377221999999999e-06,7.041606e-05
73,1607490000,11.494982000000002,11.495003999999998,-0.0008737206999999998,-1.2029631999999997,5.630835,2.885383,4.92975,4.34147,0.6391245,5.5657049999999995,2.696561e-05,9.9771e-06,1.1732915e-05,1.2111919e-05,4.1174861000000004e-05,7.82759e-05,4.402224e-05,0.00013383415,5.149397,0.5969899,0.0007597685,84.36451000000001,65.30650999999999,0.00038237590000000005,5.889929,0.052184610000000006,128.27389,0.022290754000000003,0.00204155924,0.09907269999999999,458.4438,0.022290754000000003,0.00204155924,0.011667153000000001,384.06364,0.022290754000000003,0.00204155924,0.008699003,394.22263000000004,0.022290754000000003,0.00204155924,0.008240191,0.00014752232000000002,0.00016763328,0.047550287000000004,11.88726,0.08684803,0.011547746,0.0053548250000000006,9.6111382e-05,0.0005089363199999999
73,1607490600,7.752826000000001,7.752846,-0.00085453789,-1.4068229999999997,4.671855,2.513546,4.120137000000001,3.5947090000000004,0.20431507,3.313539,3.205204e-05,1.4109581999999999e-05,1.5847323e-05,1.9571451999999996e-05,4.032229e-05,6.815159e-05,6.524832e-05,0.0001372906,3.128991,0.7462185,0.0008295889000000001,89.88909000000001,69.69912,0.00025747749999999994,6.4159120000000005,0.04426194000000001,85.63248,0.015962730600000002,0.0014618534499999999,0.0817431,277.2336,0.015962730600000002,0.0014618534499999999,0.010441378,277.49879,0.015962730600000002,0.0014618534499999999,0.007663793,284.57909,0.015962730600000002,0.0014618534499999999,0.0075634460000000014,0.00010601130000000003,0.00012635399,0.04933329999999998,51.534648000000004,0.11793456000000002,0.00880249,0.004829765999999999,8.136097499999999e-05,0.0005837228
73,1607491200,14.238616000000002,14.238643000000001,-0.001118697,-1.3744355000000001,5.994332999999999,3.3199300000000003,5.297412,4.772284000000001,0.62627059,6.315178,6.995063000000001e-05,5.4319696e-05,5.707154700000001e-05,6.8575314e-05,9.360735e-05,0.00011763218,0.00017357111000000002,0.00032815903000000006,6.648662,0.4686742,0.0010389181,77.03372,58.98725,0.00047292870000000003,6.455571999999999,0.058592450000000004,149.89136000000002,0.0071335756,0.0006520448999999999,0.11530100000000001,581.741,0.0071335756,0.0006520448999999999,0.010506015999999998,173.694396,0.0071335756,0.0006520448999999999,0.007359441999999999,174.01816200000002,0.0071335756,0.0006520448999999999,0.007261470000000001,6.872879e-05,8.913184999999999e-05,0.030712294000000008,24.145043299999998,0.10668571,0.008081657,0.005275925,3.2737633e-05,0.00033255271
73,1607491800,7.829815000000001,7.829836,0.0016592919999999997,-1.6297059999999999,4.313606999999999,2.617605,3.916659,3.4270050000000003,0.08571767999999999,3.210619,2.8638840000000004e-05,1.0808062e-05,1.1550697e-05,1.7428659e-05,3.097287e-05,4.4706330000000005e-05,5.769621999999999e-05,0.00012197316999999999,3.2878130000000008,0.6259253,0.0008642554,87.95385,66.04804000000001,0.00025990919999999997,6.386927,0.04583299,84.49722,0.00912326187,0.0008349706219999999,0.08393093,289.8645,0.00912326187,0.0008349706219999999,0.010468325,219.35165,0.00912326187,0.0008349706219999999,0.007619783,220.72566999999998,0.00912326187,0.0008349706219999999,0.0073522729999999994,6.717823e-05,8.741466e-05,-0.037697210999999994,9.8504706,0.05812598,0.008304639999999999,0.005587189000000001,2.0086053000000002e-05,0.00019190712
73,1607492400,8.410697,8.410712,0.0013660032,-1.3870977,4.667693,2.5862290000000003,4.244192,3.755326999999999,0.12992803000000003,3.589123,4.53035e-05,2.8527392999999998e-05,3.0083826999999995e-05,3.9513728000000004e-05,5.310506999999999e-05,7.137469999999999e-05,9.600407e-05,0.00017843252,3.6608779999999994,0.5431838,0.0007668223999999999,84.25244,63.73923,0.0002791525,6.413422,0.04618346999999999,90.02203999999999,0.015958455729999998,0.001461662941,0.08785681999999999,321.92220000000003,0.015958455729999998,0.001461662941,0.010623978000000001,286.20078,0.015958455729999998,0.001461662941,0.007765965,292.97189999999995,0.015958455729999998,0.001461662941,0.007504022000000001,7.285375e-05,9.28753e-05,-0.00856056,21.829021899999997,0.08176069,0.008684365,0.005854420000000001,2.8293027999999998e-05,0.00028278599
73,1607493000,8.245331,8.245349000000001,-0.0012740451,-1.656672,4.3516330000000005,2.694322,3.888418,3.5636200000000002,0.16001309999999996,3.5074529999999995,3.805613e-05,2.0962627e-05,2.2542481e-05,3.1891328e-05,4.198915e-05,5.605512999999999e-05,7.984965999999999e-05,0.00015185448,3.535121,0.5863332,0.0007870284,82.13459999999999,64.24937,0.00027399259999999996,6.289126999999999,0.04695613999999999,89.39212,0.016457974099999998,0.0015073227549999998,0.08706267999999999,312.8169,0.016457974099999998,0.0015073227549999998,0.010324361,283.31824,0.016457974099999998,0.0015073227549999998,0.0075002049999999985,290.66564999999997,0.016457974099999998,0.0015073227549999998,0.007502099000000001,7.142368e-05,9.150595000000001e-05,-0.02429933400000001,4.2457249,0.05512081,0.008802849000000001,0.005744346,1.6646005e-05,0.00015642554000000003
73,1607493600,10.840700000000002,10.84074,-0.00035908619999999996,-1.5008407,5.305137,3.028484,4.82291,4.263805,0.043094480000000004,4.3956669999999995,3.975188e-05,2.3099193999999998e-05,2.4218295e-05,3.2286946e-05,4.910958000000001e-05,6.340742e-05,8.993914e-05,0.00018601614,4.755559,0.6633072,0.0009992079999999997,82.46034,62.24014,0.0003601308,6.369757999999999,0.05198388,115.40230000000001,0.017804241199999998,0.00163053676,0.10093215,417.77709999999996,0.017804241199999998,0.00163053676,0.011641951000000001,347.18251,0.017804241199999998,0.00163053676,0.008762044,353.63694,0.017804241199999998,0.00163053676,0.0074125300000000005,6.853481e-05,8.865923999999998e-05,-0.035239636000000005,13.210177299999998,0.06587755,0.008525129000000001,0.005757202,2.0564840000000003e-05,0.00020621413999999996
73,1607494200,13.991904000000002,13.991927,0.0032489680000000005,-1.4080236,5.945733,3.3145050000000005,5.410553999999999,4.735419,0.88690873,6.435574,4.634273e-05,3.0828600999999994e-05,3.2284574e-05,4.2469488e-05,6.397963000000001e-05,8.452622e-05,0.00012345424000000002,0.00025692824,6.237103,0.7568904,0.0013041803,86.12972,63.61006,0.0004646443,6.476189000000001,0.05649134,146.49380000000002,0.025751926,0.0023586713199999997,0.10994149,543.2897999999999,0.025751926,0.0023586713199999997,0.012828718999999999,465.2682699999999,0.025751926,0.0023586713199999997,0.00984038,476.46075,0.025751926,0.0023586713199999997,0.0075115,7.727141999999999e-05,9.727154e-05,0.07159090500000001,43.139382299999994,0.11474451999999999,0.008705757000000001,0.005796228,3.978472800000001e-05,0.00039315701999999996
73,1607494800,12.766983,12.767026,0.0013540551,-1.544283,5.8436520000000005,3.3259479999999995,5.271274,4.5526,0.10313964999999999,5.234791,5.719426999999999e-05,4.105247999999999e-05,4.3352260000000006e-05,5.509960000000001e-05,7.853545000000001e-05,0.00010287557000000002,0.00014999734000000002,0.0002945349,5.266462000000001,1.1146473000000001,0.001579674,84.92445000000001,67.49942,0.0004234527,6.650949,0.05562089,136.8707,0.018286628399999998,0.00167447199,0.10649133000000002,467.2822,0.018286628399999998,0.00167447199,0.012287119,358.51507200000003,0.018286628399999998,0.00167447199,0.009450631000000001,365.46024,0.018286628399999998,0.00167447199,0.007633274,7.221404e-05,9.246875000000001e-05,-0.016596516999999998,0.7720146999999999,0.043095690000000006,0.009064787000000001,0.006116997000000001,1.0810324e-05,8.181418e-05
73,1607495400,13.39033,13.39034,0.0005121870999999998,-1.500291,6.158924,3.382578,5.446104,4.757544,0.11055277999999999,5.718168,2.8024969999999995e-05,1.1905051e-05,1.2181668000000001e-05,2.0324496e-05,3.847561e-05,5.451789e-05,8.249888999999999e-05,0.00019062274000000002,5.654804,1.0384430999999998,0.0014920536000000001,85.99341,65.53246,0.00044467860000000004,6.359402,0.05756971000000001,142.9954,0.02185927575,0.002002524871,0.1101782,499.1701999999999,0.02185927575,0.002002524871,0.012055598,391.23432999999994,0.02185927575,0.002002524871,0.009149262,400.19422,0.02185927575,0.002002524871,0.007525180000000001,7.177023e-05,9.193463e-05,-0.07039774000000001,17.678364600000002,0.07787430999999999,0.008763324,0.00596982,1.786705e-05,0.00017071707999999998
73,1607496000,28.179899999999996,28.179899999999996,-0.0024211149999999997,-1.5081479999999998,8.352366999999997,4.842703,7.659533999999999,6.9987260000000004,0.30376394,11.705116,7.482109999999999e-05,6.391604600000001e-05,6.3700829e-05,8.0734205e-05,0.00011023736999999998,0.00013417057200000002,0.00021087319000000004,0.00043919276000000003,12.928175999999999,1.158369,0.0022448909999999997,79.78793999999999,58.76307999999999,0.0009366063000000001,6.186495,0.08166031999999998,296.6363,0.0176340244,0.0016135222299999998,0.16530059999999996,1138.7386000000001,0.0176340244,0.0016135222299999998,0.015210249999999998,404.73929,0.0176340244,0.0016135222299999998,0.011654517999999999,407.81573,0.0176340244,0.0016135222299999998,0.007598569000000001,7.154661e-05,9.176915999999999e-05,0.013452593600000002,0.6432547099999999,0.040296030000000004,0.009238662,0.006052104000000001,8.78751e-06,6.967593000000001e-05
73,1607496600,32.52806,32.52807,-0.00190953739,-1.395832,9.617196,5.152948,8.255838,7.536906,1.10818179,15.023092,8.855618000000001e-05,8.407908000000001e-05,7.813963679999998e-05,9.6406929e-05,0.00013060115,0.000156209145,0.00023871179,0.00047871729,15.170514,1.0898525000000001,0.002326035,76.49096999999999,57.09236,0.0010816325,5.756231,0.08642662999999999,338.25989999999996,0.028713062,0.0026280481999999997,0.17795809999999998,1324.6517,0.028713062,0.0026280481999999997,0.017160889999999998,573.9972,0.028713062,0.0026280481999999997,0.013791337,583.4525999999998,0.028713062,0.0026280481999999997,0.00858682,9.987359999999999e-05,0.00012068671,0.04218012000000001,11.203283552999999,0.07815869,0.011323894,0.007683101,2.2713125e-05,0.00021646020000000004
73,1607497200,27.60005,27.60005,0.00020091420000000002,-1.2097287,8.899284,4.625479000000001,8.221414000000001,7.396765,0.32234435,11.351579000000001,7.937540999999999e-05,7.094662199999999e-05,7.1139986e-05,8.9300775e-05,0.0001252239,0.00015587368399999998,0.00024854604000000005,0.00050890989,12.581295999999998,1.215057,0.0023365622000000004,80.11847,59.6275,0.0009167118999999999,6.261926,0.0785192,287.87559999999996,0.032831196,0.0030061070999999997,0.1624971,1101.5465,0.032831196,0.0030061070999999997,0.01701826,615.2938,0.032831196,0.0030061070999999997,0.013815238999999998,629.0448999999999,0.032831196,0.0030061070999999997,0.007870835,8.188058e-05,0.00010245079000000001,0.030917548999999996,15.9525573,0.07385710999999999,0.009686527,0.006314122,2.8777103999999997e-05,0.00028353933
73,1607497800,33.0679,33.06795,-0.0015183423,-1.3601839999999998,9.319034,5.175742,8.75543,8.006984,0.17722448000000002,13.420679999999999,9.150102999999999e-05,9.245173e-05,8.16025922e-05,9.706678099999999e-05,0.00013382521,0.000164875188,0.00025299054399999997,0.00051969816,15.550550000000001,0.9795845,0.002415378,75.25940999999999,55.95300999999999,0.001098894,6.0448900000000005,0.08719966,347.5059,0.015313783000000001,0.0013998467,0.1827312,1369.9879999999998,0.015313783000000001,0.0013998467,0.015610210000000003,354.6293,0.015313783000000001,0.0013998467,0.012525139999999999,357.27697,0.015313783000000001,0.0013998467,0.008343751,9.026459e-05,0.00011123252,0.0016307900000000007,0.5179279,0.04171205,0.010833732999999998,0.007220124,1.0807302e-05,8.198143e-05
73,1607498400,27.632849999999998,27.63288,-0.00029871570000000015,-1.3140899999999998,8.782015999999999,4.693335,7.987182999999999,7.131105,0.8572721,12.25352,6.131914000000001e-05,5.5329549e-05,5.0210254000000004e-05,6.296918e-05,9.624172e-05,0.00012500873,0.00020761704,0.00045432978000000003,12.760101,1.0523764999999998,0.002866482,79.38133,58.541579999999996,0.0009177122000000001,6.3279119999999995,0.07877111,289.2751999999999,0.0233878805,0.0021406122199999996,0.16296090000000002,1119.9849000000002,0.0233878805,0.0021406122199999996,0.01586751,501.54299999999995,0.0233878805,0.0021406122199999996,0.012771425,508.0334,0.0233878805,0.0021406122199999996,0.0076000040000000005,7.506895e-05,9.590276e-05,0.008123710900000001,6.9273194,0.06172035,0.009229794999999999,0.005743344,1.9038742e-05,0.00017677882
73,1607499000,20.373379,20.373403,-0.006319871,-1.0017567,7.762511000000001,3.756946,7.07324,6.21019,1.1098928700000001,9.190197000000001,5.984835000000001e-05,4.4957663000000004e-05,4.6068273e-05,5.506482800000001e-05,7.729840699999999e-05,9.715135e-05,0.00015201844999999998,0.00031392558,9.378162999999999,0.8063222,0.0013685170999999997,80.31147000000001,59.96453000000001,0.0006770225000000001,6.3069049999999995,0.06818518,212.97053999999997,0.016393106799999998,0.0015005014,0.13664343,822.9379999999999,0.016393106799999998,0.0015005014,0.013327925,341.06482,0.016393106799999998,0.0015005014,0.009974466999999999,345.24993,0.016393106799999998,0.0015005014,0.006166215,4.25807e-05,6.326008e-05,-0.04689821000000001,18.368709000000003,0.06840777,0.0058870020000000006,0.0026015865,1.6880735999999998e-05,0.00017666158
73,1607499600,9.944577,9.944593999999999,-0.006321443,-1.2004949999999996,5.422625999999999,2.813135,4.875523,4.280118,0.17162559,4.389660000000001,3.9326830000000006e-05,2.1589486e-05,2.2578605999999997e-05,2.7480056e-05,4.080554e-05,5.2856218000000007e-05,8.5744036e-05,0.00017561091,4.165514,0.8038983,0.002421462,86.63336999999999,68.2426,0.00033004149999999995,6.409364999999999,0.05035647,104.76503,0.0072161924700000005,0.000660225292,0.09232177000000001,364.49436000000003,0.0072161924700000005,0.000660225292,0.009838702,180.72388600000002,0.0072161924700000005,0.000660225292,0.006818060000000001,181.34234600000002,0.0072161924700000005,0.000660225292,0.005667395,3.292495e-05,5.311453e-05,0.1258367,101.3354958,0.07061142000000001,0.0038927852,0.0017528670000000004,2.0242035000000003e-05,0.00021356248999999998
73,1607500200,5.169238,5.1692540000000005,-0.012652576000000002,-0.5110031000000002,4.598688999999999,1.7778459999999998,3.7908029999999995,3.102469,0.51015165,2.7504079999999997,3.005857e-05,1.05403677e-05,1.10375866e-05,1.3297688900000001e-05,1.8027157e-05,2.4842927e-05,3.8952549999999994e-05,7.5660609e-05,1.8724885999999998,0.709722,0.0021984990000000005,96.06563,86.59567999999999,0.00017163632,6.266741000000001,0.03338354,55.92315,0.0087941762,0.0008050213299999999,0.05732005,165.29363,0.0087941762,0.0008050213299999999,0.008898019000000002,153.83977,0.0087941762,0.0008050213299999999,0.005852733000000001,157.65272,0.0087941762,0.0008050213299999999,0.005075060000000001,2.3590810999999998e-05,4.352424e-05,0.07040179099999999,133.71095026,0.09306383,0.0017104133000000001,-5.868869999999998e-05,3.3961520000000005e-05,0.00034106379
73,1607500800,4.878084,4.878103,0.015710524,-0.20004602999999999,4.631317,1.630538,4.089874,3.4353299999999996,0.06950378,2.0370280000000003,2.593499e-05,6.4414616000000005e-06,7.002394700000002e-06,8.600569e-06,1.2530211e-05,1.6730512e-05,2.9018087e-05,6.140240000000001e-05,1.604456,0.8323097,0.002128459,100.69216,85.16676,0.00016186993,6.3698440000000005,0.03306072,52.000710000000005,0.00861280796,0.000788562644,0.05803206999999999,141.15248999999997,0.00861280796,0.000788562644,0.008631486,149.33783,0.00861280796,0.000788562644,0.005692575,152.77341000000004,0.00861280796,0.000788562644,0.004984321,1.5972029999999998e-05,3.553922e-05,-0.021609800000000002,24.664404,0.034223119999999996,0.0016067333,-0.0006939862,7.775437999999999e-06,7.269837000000001e-05
73,1607501400,14.773904000000002,14.773926,0.007714338000000001,-0.4836249,7.2637469999999995,2.863351,6.063599000000001,5.254287,0.99269612,7.3611580000000005,5.5891449999999995e-05,4.1221527e-05,4.1072614e-05,4.7901128000000005e-05,6.7325859e-05,8.747494e-05,0.00013535413,0.00026604255,6.525807,0.8580849,0.002333968,84.12084,69.04065,0.0004907018000000001,6.404011,0.052998880000000005,156.04319,0.027733000799999998,0.0025404786800000004,0.10565563,574.6240999999999,0.027733000799999998,0.0025404786800000004,0.013458122,502.2268,0.027733000799999998,0.0025404786800000004,0.010537789,514.8436899999999,0.027733000799999998,0.0025404786800000004,0.006037946000000001,4.401283e-05,6.347684e-05,-0.06208758999999999,43.003395100000006,0.07044618999999999,0.005121763,0.0024300118,1.8461760000000004e-05,0.0001733355
73,1607502000,18.649476999999997,18.649499,0.00743094347,-0.7857290000000001,8.339655,3.482594,7.076052999999999,6.1966149999999995,1.0289923599999997,8.593142999999998,4.5012009999999996e-05,3.0700924e-05,2.9247203999999994e-05,3.6309202e-05,5.595807e-05,7.313721e-05,0.00011851382,0.00025441852,8.168470000000001,1.1515986000000002,0.0040474940000000004,88.01998999999998,66.04617,0.0006194728000000001,6.459724,0.06396347,197.49989999999997,0.024198533600000002,0.00221591711,0.12744172999999998,720.6952,0.024198533600000002,0.00221591711,0.014318804999999999,466.23704,0.024198533600000002,0.00221591711,0.011245727,475.0111800000001,0.024198533600000002,0.00221591711,0.006400612,5.0765619999999995e-05,7.127111e-05,-0.31621246299999994,28.253580999999997,0.08642166999999998,0.006324881,0.00305431,2.2193848000000002e-05,0.00022675828
73,1607502600,9.208812,9.208842,0.013615760000000001,-0.5628214,6.031271,2.404725,5.432792000000001,4.5987659999999995,0.09615487,3.82789,4.0692690000000004e-05,2.2059726e-05,2.3302472e-05,2.7270304e-05,3.6983881e-05,4.7714497000000004e-05,7.1665452e-05,0.00013716871999999998,3.2369030000000003,1.365442,0.0016742108999999999,97.06852,80.48082000000001,0.00030571179999999996,6.3771260000000005,0.04796191,98.63094999999998,0.01609523142,0.00147403606,0.08315471999999999,287.69010000000003,0.01609523142,0.00147403606,0.010618366,291.784919,0.01609523142,0.00147403606,0.007876697999999998,298.642948,0.01609523142,0.00147403606,0.005523736,2.801939e-05,4.7796730000000005e-05,-0.017579370000000004,5.21101,0.03200351,0.0036582259999999992,0.001011732183,6.80405e-06,4.816114e-05
73,1607503200,9.291031,9.291056000000001,0.013215157,-0.6382979,6.012108,2.428776,5.341252,4.404435,0.43755135,4.149903,2.4717959999999997e-05,6.610438e-06,6.649957e-06,9.470613000000001e-06,1.9954859999999998e-05,2.3260097000000003e-05,3.3010907e-05,7.111512e-05,3.2621200000000004,1.382357,0.0008663887000000001,98.39072,82.94582,0.0003086797,6.120684,0.04726899,99.06067,0.011001818,0.0010070875,0.08085221000000001,287.4395,0.011001818,0.0010070875,0.011022157999999999,246.88367,0.011001818,0.0010070875,0.008246201,249.22722000000005,0.011001818,0.0010070875,0.006311092,4.667511e-05,6.641412999999999e-05,0.003569924,17.7833777,0.06274415,0.005621253,0.0033318020000000005,2.0008949e-05,0.00020006268
73,1607503800,9.501956999999999,9.501971999999999,0.011486396999999999,-0.5806153000000001,6.416859,2.4866080000000004,5.357525,4.446023,0.63472855,4.831838,3.322316e-05,1.5670483000000002e-05,1.6423946e-05,2.2892322e-05,3.2628853e-05,3.957540699999999e-05,6.0928617999999994e-05,0.00012091331000000001,3.368302,1.3814600000000001,0.0008941773999999999,93.74578000000001,80.64527999999999,0.00031548090000000007,6.148678,0.04781125,101.22927999999999,0.01499243394,0.001372964036,0.08264290999999999,295.0383,0.01499243394,0.001372964036,0.010518956999999999,272.316645,0.01499243394,0.001372964036,0.007725823,277.73502500000006,0.01499243394,0.001372964036,0.006278562,4.775624e-05,6.744247e-05,-0.009481125000000003,33.252311999999996,0.08136692999999999,0.0055151259999999995,0.003272014,1.84377e-05,0.00016873348999999998
73,1607504400,13.673222999999998,13.673246,0.0012025053,-0.7859415000000001,6.992351000000001,2.97325,6.098923,5.137504,0.48989586999999996,5.982030999999999,4.53226e-05,2.9040632999999998e-05,3.0477888000000002e-05,3.8308084e-05,5.057835599999999e-05,6.712493899999999e-05,0.00010393416799999999,0.00021424828000000002,5.102867000000002,1.7317819999999997,0.0013960723,94.06867,81.05302,0.0004538398,6.385545,0.053562660000000005,145.51516999999998,0.037135539,0.0034022469,0.09842437000000001,450.941,0.037135539,0.0034022469,0.015414640000000002,691.7448,0.037135539,0.0034022469,0.012615726000000002,707.5441000000001,0.037135539,0.0034022469,0.006028339,4.5237830000000005e-05,6.518175e-05,0.038090399999999996,54.52710300000001,0.08834248,0.0047335384999999995,0.0020264781000000004,3.0989861999999996e-05,0.00030638535
73,1607505000,21.387963,21.387985,-7.67013999999999e-05,-0.9107399,8.094513000000001,3.780485,7.269823,6.340842,0.5385053899999999,9.012623000000001,3.745265e-05,2.2818207e-05,2.2237399299999997e-05,2.8072637e-05,4.4948413e-05,5.7009458e-05,9.3808138e-05,0.00021239172,8.920793,1.7712759999999999,0.0014128214,91.93987,74.57912,0.0007104575,6.0557,0.0661125,224.5516,0.033554692000000004,0.0030732460099999995,0.12811701999999997,782.3611,0.033554692000000004,0.0030732460099999995,0.014723574,618.8043200000001,0.033554692000000004,0.0030732460099999995,0.011645382,633.35652,0.033554692000000004,0.0030732460099999995,0.006057138,4.857499e-05,6.814887e-05,-0.043892151000000004,119.30646200000001,0.11456552,0.00537766,0.0019633884999999997,4.476367699999999e-05,0.00046953101
73,1607505600,19.56315,19.56317,-0.0009602167,-1.0489452,7.921517,3.8412189999999997,7.268059000000001,6.318492,0.5134405400000001,8.279415,7.266059e-05,5.8300471999999985e-05,6.091318999999999e-05,7.129765700000001e-05,9.455288e-05,0.00012035735000000001,0.00018437831,0.00035830177,8.128342,1.6506669999999999,0.0015562288,88.29744000000001,67.86375,0.0006494253,6.455477999999999,0.06332932,207.4386,0.023455421599999998,0.00214780267,0.1303122,718.0258000000001,0.023455421599999998,0.00214780267,0.012839955,439.5312899999999,0.023455421599999998,0.00214780267,0.009852625,448.55631999999997,0.023455421599999998,0.00214780267,0.006105087,4.1724310000000004e-05,6.189498000000002e-05,-0.01025588,7.308893,0.04997447,0.005858006000000001,0.00238106,1.2133167e-05,9.768353999999998e-05
73,1607506200,15.164269999999998,15.1643,0.0019141240000000001,-1.0735489999999999,7.169468,3.403378,6.3335680000000005,5.586657000000001,0.40063427999999995,6.593748000000001,5.173502000000001e-05,3.7021379e-05,3.8636175e-05,4.6803258e-05,6.597537999999999e-05,8.67846e-05,0.00013839163,0.00028642729,6.616912999999999,0.9633267,0.0011665755,81.47405,62.914570000000005,0.0005035694000000001,6.396307999999999,0.05794307,160.0624,0.02320131998,0.002124874232,0.11866890000000001,582.7677000000001,0.02320131998,0.002124874232,0.013487933000000002,439.50267,0.02320131998,0.002124874232,0.010466765999999999,447.79052,0.02320131998,0.002124874232,0.005697731,3.754571e-05,5.762632e-05,0.07576198999999999,79.40107,0.10015895999999999,0.004320134,0.0011840705999999997,2.7213395e-05,0.00026850474000000005
73,1607506800,12.946616,12.946629999999999,0.0022518020000000002,-1.188104,6.227252999999999,3.1214709999999997,5.6172200000000005,5.034941000000001,0.30945248,5.498608,3.183122e-05,1.4760009999999998e-05,1.46510071e-05,1.9306509e-05,3.1695665e-05,4.145302499999999e-05,7.173733299999999e-05,0.00016368534999999999,5.916591,0.5553842,0.00095945,80.18822,58.42763,0.0004303576,6.156016,0.052460040000000006,137.67201999999997,0.010955239500000002,0.00100227064,0.11032803,524.0631999999999,0.010955239500000002,0.00100227064,0.011745783000000001,232.48992999999996,0.010955239500000002,0.00100227064,0.008695866,235.60045999999997,0.010955239500000002,0.00100227064,0.005504899000000001,2.8805099999999993e-05,4.897156e-05,-0.05157247499999999,15.260546999999999,0.047144420000000006,0.0032230219,0.0006619003,9.7632e-06,6.907083999999999e-05
73,1607507400,2.3345520000000004,2.33457,0.005028645,-1.4213449999999999,2.747483,1.375611,2.2632319999999995,2.005375,0.08219073,1.0377891,2.4152669999999998e-05,5.4647703e-06,5.7760154e-06,7.385120000000001e-06,1.0926904999999999e-05,1.4693931000000002e-05,2.3274861e-05,4.5977390000000004e-05,1.0999587,0.066917,0.0002809956,76.47247,55.59779999999999,7.758169e-05,6.188554999999999,0.023406909999999996,24.9478,0.0030112876500000005,0.0002752105800000001,0.04817949,96.79299,0.0030112876500000005,0.0002752105800000001,0.006929436,54.420821000000004,0.0030112876500000005,0.0002752105800000001,0.003783877,55.061007,0.0030112876500000005,0.0002752105800000001,0.004845451,1.477975e-05,3.443723e-05,-0.03504340499999999,36.91218,0.03840623,-0.0006528514699999999,-0.0017504630999999999,9.132136e-06,5.353267000000001e-05
73,1607508000,1.397045,1.397065,0.015505605,-1.557982,2.0852130000000004,1.0937852,1.69269,1.5443719999999999,0.021679979999999998,0.6021563999999999,2.1420669999999998e-05,2.4318957e-06,2.6608182e-06,3.7142607999999994e-06,5.9718440000000005e-06,8.297003e-06,1.3111871000000001e-05,2.4293426e-05,0.6487368,0.04947687,0.00024537,81.14818,57.30561,4.643489e-05,6.333229000000001,0.0186965,15.486669999999998,0.0005879646500000001,5.31135285e-05,0.0373092,57.532439999999994,0.0005879646500000001,5.31135285e-05,0.005969737000000001,20.078207,0.0005879646500000001,5.31135285e-05,0.0025691290000000003,19.392544,0.0005879646500000001,5.31135285e-05,0.004774058999999999,1.4035790000000001e-05,3.339809e-05,-0.12569781,50.28428,0.04255362,-0.0013581465000000001,-0.002182172,1.0328592000000001e-05,6.275821e-05
73,1607508600,1.4779440000000001,1.4779639999999998,0.02491884,-1.2864970000000002,2.283669,1.0861274,1.892307,1.720702,0.019217980000000003,0.6217908000000001,2.1405230000000002e-05,2.6182707e-06,2.9250693999999997e-06,4.186412e-06,6.856362999999999e-06,9.944907000000001e-06,1.6198148000000005e-05,3.128459e-05,0.6775758,0.060987309999999996,0.00033015050000000004,76.70996,58.42484999999999,4.910986e-05,6.467497999999999,0.01843604,16.143340000000002,0.0015375149800000002,0.00014017376349999999,0.03816771000000001,59.96038,0.0015375149800000002,0.00014017376349999999,0.006432752999999999,31.714886999999997,0.0015375149800000002,0.00014017376349999999,0.0031067769999999994,31.660681,0.0015375149800000002,0.00014017376349999999,0.004765105,1.393581e-05,3.322574e-05,0.14302921,49.82021,0.04276759000000001,-0.0013304159999999998,-0.0022805769999999998,9.993293000000002e-06,5.3913320000000006e-05
73,1607509200,1.237171,1.237189,0.02094729,-1.198517,2.1496420000000005,0.9856273,1.770654,1.594697,0.015148742000000001,0.5260868000000001,2.1660040000000002e-05,2.8687259e-06,3.275238e-06,4.535732e-06,7.277596e-06,1.0599424999999999e-05,1.7360179e-05,3.335684e-05,0.5487764,0.06941177000000001,0.00031234000000000004,80.58205000000001,61.36204,4.104223e-05,6.641405000000001,0.01657134,13.52217,0.0008850026399999999,8.04295636e-05,0.03431417,48.38021,0.0008850026399999999,8.04295636e-05,0.005940095,20.536883999999997,0.0008850026399999999,8.04295636e-05,0.002516608,20.147561,0.0008850026399999999,8.04295636e-05,0.004748218,1.320986e-05,3.252073e-05,-0.012609829999999994,53.86541999999999,0.042096,-0.0015411529999999998,-0.002390411,9.678153e-06,5.5634549999999994e-05
73,1607509800,1.4388479999999997,1.4388679999999998,0.015577009999999999,-1.5746189999999998,2.12414,1.115502,1.739865,1.581873,0.010434709,0.5966551,2.0611620000000002e-05,1.9036943999999997e-06,2.1029735e-06,3.1948953e-06,5.668528999999999e-06,8.169864999999999e-06,1.4029804999999998e-05,2.765238e-05,0.6554323,0.06365005,0.0002753181,81.46215000000001,58.887600000000006,4.779125e-05,6.3655729999999995,0.01891685,15.815570000000003,0.0015938784500000001,0.000145313462,0.037612519999999997,58.16898,0.0015938784500000001,0.000145313462,0.006375204,31.914538000000004,0.0015938784500000001,0.000145313462,0.003032967,31.895198,0.0015938784500000001,0.000145313462,0.004732561000000001,1.295759e-05,3.216320000000001e-05,0.014144049999999997,49.326480000000004,0.03981948,-0.0014476520000000002,-0.0022347639999999998,9.441302000000001e-06,5.4113679999999995e-05
73,1607510400,1.520888,1.5209079999999997,0.01143455,-1.6523280000000002,2.1342290000000004,1.1557979999999999,1.720589,1.566497,0.020119707000000004,0.6432805,2.2808860000000002e-05,3.9267515e-06,4.3702649999999996e-06,5.626913599999999e-06,8.684133999999998e-06,1.2404763000000002e-05,1.9283984e-05,3.6019299999999996e-05,0.6954017000000001,0.06469185,0.0002549424,78.60802,58.59955,5.051703e-05,6.299289,0.019528419999999998,16.44737,0.00202838832,0.00018512406099999997,0.03852217,60.96267,0.00202838832,0.00018512406099999997,0.006264701,35.566987999999995,0.00202838832,0.00018512406099999997,0.002957846,35.93054000000001,0.00202838832,0.00018512406099999997,0.004770249,1.443716e-05,3.373169e-05,-0.032994060000000006,47.846799999999995,0.04158966,-0.0012793813,-0.002112343,1.0248214999999999e-05,6.1010269999999985e-05
73,1607511000,1.538658,1.5386769999999999,0.009709226999999999,-1.6111809999999998,2.1631030000000004,1.1565470000000002,1.751565,1.598673,0.02304666,0.6567654,2.2535860000000003e-05,3.8903077e-06,4.1842667e-06,5.451514e-06,8.138499e-06,1.1167246999999999e-05,1.7175871e-05,3.1874480000000007e-05,0.7040974,0.06491633,0.0002287955,82.07237999999998,58.501560000000005,5.111209e-05,6.358022000000001,0.01954715,16.61986,0.00319685709,0.00029232552890000004,0.038814299999999996,61.85818999999999,0.00319685709,0.00029232552890000004,0.0066637680000000005,54.042665,0.00319685709,0.00029232552890000004,0.0033560589999999993,55.131624,0.00319685709,0.00029232552890000004,0.004758507,1.3640680000000002e-05,3.299623e-05,-0.12194460199999999,47.45907,0.040983359999999996,-0.001281851,-0.002136739,9.609576999999999e-06,5.6446019999999996e-05
73,1607511600,1.542678,1.542699,0.01301794,-1.4861380000000002,2.224644,1.137303,1.8254820000000003,1.683052,0.015170132999999997,0.6471522000000001,2.382089e-05,5.0507333e-06,5.5088097e-06,7.012328e-06,1.0176614000000002e-05,1.4279264e-05,2.2462762e-05,4.223592e-05,0.7250989000000001,0.04580223,0.00032637789999999996,77.8273,56.01411999999999,5.1210329999999995e-05,6.672712,0.01918703,16.49841,0.00147240841,0.00013416834000000002,0.03935296,63.57192,0.00147240841,0.00013416834000000002,0.006231932000000001,29.113875000000007,0.00147240841,0.00013416834000000002,0.002934992,29.065921999999993,0.00147240841,0.00013416834000000002,0.004744898,1.304632e-05,3.237627e-05,0.034903439999999994,45.60577000000001,0.03865787,-0.001297066,-0.0021696090000000003,8.980182e-06,5.264629e-05
73,1607512200,1.3812200000000001,1.3812380000000002,0.009884957000000002,-1.570368,2.089564,1.089108,1.6815120000000001,1.5457990000000001,0.013979894999999997,0.5795255,2.144823e-05,2.4301468e-06,2.620773e-06,3.7652113e-06,6.014893000000001e-06,8.618125e-06,1.3976281e-05,2.6301125e-05,0.6455505,0.04472389,0.00026746920000000006,80.98069,56.5586,4.5884179999999995e-05,6.330175,0.018428870000000003,14.931539999999998,0.00212293318,0.00019379129800000002,0.03716482,56.700620000000015,0.00212293318,0.00019379129800000002,0.006461583,37.032603,0.00212293318,0.00019379129800000002,0.0031083220000000006,37.392229,0.00212293318,0.00019379129800000002,0.004770146,1.3227030000000003e-05,3.268507e-05,0.07479395000000001,46.407579999999996,0.0378506,-0.00143296,-0.0022868619999999997,9.294138999999998e-06,5.03526e-05
73,1607512800,1.388841,1.38886,0.008403604,-1.665708,2.013775,1.103925,1.6184370000000001,1.496671,0.010153134,0.5759584,2.167533e-05,2.7268579e-06,2.9322306e-06,4.0738321e-06,6.319173999999999e-06,9.037688e-06,1.4143665999999998e-05,2.7848289999999995e-05,0.6491949,0.04489416,0.00025091100000000004,79.17433000000001,56.544889999999995,4.615324000000001e-05,6.294728999999999,0.01878503,15.096970000000002,0.0022341103600000004,0.0002040039905,0.037332220000000006,57.296530000000004,0.0022341103600000004,0.0002040039905,0.006586175,41.83547299999999,0.0022341103600000004,0.0002040039905,0.00322808,42.23698900000001,0.0022341103600000004,0.0002040039905,0.004735026000000001,1.244923e-05,3.177454e-05,0.12192171,45.878159999999994,0.03700264999999999,-0.001465652,-0.002259156,8.817162e-06,4.936509e-05
73,1607513400,1.5476580000000002,1.547677,0.009895593999999999,-1.578346,2.1702660000000003,1.151986,1.765704,1.633136,0.009969323,0.6400341,2.431005e-05,5.676999999999999e-06,6.077704100000001e-06,7.3040188e-06,1.0540931e-05,1.3778249e-05,2.0516246999999997e-05,3.748785e-05,0.7299335000000001,0.043525350000000004,0.0002597341,76.36645,55.67938,5.142463e-05,6.335298,0.019603080000000002,16.73095,0.0008303599,7.5352227e-05,0.03961393999999999,64.43744999999998,0.0008303599,7.5352227e-05,0.00581032,18.583458,0.0008303599,7.5352227e-05,0.002494944,18.185513,0.0008303599,7.5352227e-05,0.004728181999999999,1.279331e-05,3.204856e-05,0.010849704999999992,46.883430000000004,0.03840599,-0.0013268750000000001,-0.0021496560000000007,8.731561000000001e-06,4.997568e-05
73,1607514000,1.6757849999999999,1.675805,0.010058171,-1.4860929999999999,2.3218829999999997,1.1824440000000003,1.8918959999999998,1.744555,0.015266686000000002,0.6992079,2.262633e-05,3.991352200000001e-06,4.3259137e-06,5.771564000000001e-06,8.920195000000001e-06,1.2608725000000002e-05,2.0482174e-05,4.035894e-05,0.7943296,0.043147769999999995,0.00031116450000000007,77.00697999999998,55.275479999999995,5.564278e-05,6.567135,0.02004025,17.99104,0.00194735423,0.000177647317,0.04116501,69.72260000000001,0.00194735423,0.000177647317,0.006652976,39.355545,0.00194735423,0.000177647317,0.0034004969999999997,39.486782,0.00194735423,0.000177647317,0.004728235999999999,1.287086e-05,3.21004e-05,-0.16418562000000003,45.107049999999994,0.037215399999999996,-0.0012172769,-0.0020888289999999995,8.959536999999999e-06,5.5569159999999994e-05
73,1607514600,1.873624,1.8736420000000003,0.008198865000000001,-1.6446429999999999,2.26443,1.273357,1.8686070000000001,1.7550529999999998,0.011040827,0.7711223,2.1889e-05,3.430941e-06,3.7374073000000006e-06,5.1465786e-06,8.277810000000001e-06,1.1878958e-05,1.959775e-05,3.933627e-05,0.9001490999999999,0.03626376,0.0003024753,74.52516,53.95761,6.225633e-05,6.5182020000000005,0.02150803,19.6781,0.0016666423,0.00015198410200000003,0.0436988,78.39604,0.0016666423,0.00015198410200000003,0.006373248,37.666097,0.0016666423,0.00015198410200000003,0.0031714219999999993,37.50428599999999,0.0016666423,0.00015198410200000003,0.004734276,1.3153359999999999e-05,3.239869e-05,0.050742529999999994,43.05072,0.037774,-0.0011269654,-0.0019298490000000002,8.919087e-06,4.5127669999999996e-05
73,1607515200,1.76293,1.7629499999999996,0.004360166599999999,-1.6925820000000003,2.174615,1.2400470000000001,1.7549040000000002,1.6506509999999999,0.018738436999999997,0.7366339999999999,2.4058060000000003e-05,5.206952e-06,5.558621e-06,6.91033e-06,1.0106945999999999e-05,1.3468243e-05,2.1507206e-05,3.8143200000000004e-05,0.8452641,0.03581704,0.0002760537,76.30310999999999,54.21148000000001,5.858126e-05,6.488908,0.02108918,18.68114,0.0027674789300000005,0.00025281711999999997,0.042331379999999995,73.75823,0.0027674789300000005,0.00025281711999999997,0.006702498000000001,49.229288,0.0027674789300000005,0.00025281711999999997,0.003469274,49.992815,0.0027674789300000005,0.00025281711999999997,0.004755735,1.3425460000000001e-05,3.2811130000000004e-05,0.03143066999999999,48.24168,0.04227456,-0.0012234220999999999,-0.002008062,9.484761e-06,6.108602e-05
73,1607515800,1.2601137000000002,1.2601335,0.007757154,-1.6891310000000002,1.939482,1.0508902,1.5185330000000001,1.398381,0.017533152,0.5352509000000001,2.2046789999999996e-05,3.1893066000000003e-06,3.5129842e-06,4.590193e-06,6.857687999999999e-06,9.531803e-06,1.4726154000000002e-05,2.7800969999999998e-05,0.5869465,0.04254561,0.0004867372,79.76801,57.23107,4.1867110000000005e-05,6.404589000000001,0.01792403,13.800480000000002,0.00135863191,0.000123744028,0.03524634,51.57284,0.00135863191,0.000123744028,0.005963629999999999,25.621457,0.00135863191,0.000123744028,0.002553223,25.608510000000003,0.00135863191,0.000123744028,0.004722464,1.229171e-05,3.1553910000000004e-05,-0.23346155,52.710119999999996,0.03897354,-0.0016226070000000003,-0.002308597,8.938549e-06,5.289445999999999e-05
73,1607516400,1.279735,1.279753,0.013942069999999997,-1.5897510000000001,2.018985,1.0517417,1.630774,1.484632,0.013710024999999997,0.538435,2.080056e-05,1.8845391999999998e-06,2.0892668e-06,2.9844235000000003e-06,5.013771e-06,7.439903999999999e-06,1.1850224e-05,2.2110466e-05,0.5887736,0.05050911,0.0005160685999999999,82.67368,57.967639999999996,4.251983e-05,6.318464,0.01787156,14.046090000000001,0.00085450895,7.75807821e-05,0.035565820000000005,52.023709999999994,0.00085450895,7.75807821e-05,0.005933646,20.913406,0.00085450895,7.75807821e-05,0.002496865,20.493282,0.00085450895,7.75807821e-05,0.004738849,1.208645e-05,3.147312e-05,0.13316196999999996,47.678470000000004,0.037687290000000005,-0.001599509,-0.00234282,8.801852e-06,5.176166e-05
73,1607517000,1.207672,1.20769,0.018812390000000002,-1.5214389999999998,2.021723,1.0159144999999998,1.632274,1.474882,0.009573788,0.5015092999999999,2.139922e-05,2.3501729000000003e-06,2.5604220999999998e-06,3.5606689000000003e-06,5.6193420000000005e-06,7.953763e-06,1.2641753e-05,2.4223005999999998e-05,0.5461634,0.05712821999999999,0.0004828547,82.94973,59.60761000000001,4.013046e-05,6.420369000000001,0.01689801,12.807510000000002,0.0018290264,0.00016683719000000003,0.0339907,47.42044,0.0018290264,0.00016683719000000003,0.006511807,35.02888299999999,0.0018290264,0.00016683719000000003,0.003115611,35.201783000000006,0.0018290264,0.00016683719000000003,0.004734730999999999,1.171966e-05,3.114183e-05,0.09468038000000001,46.684490000000004,0.03486623,-0.001559573,-0.0023567849999999997,8.198544e-06,4.406818e-05
73,1607517600,1.0450368,1.0450559,0.018756110000000003,-1.5943799999999997,1.8516559999999997,0.9526119,1.4759309999999999,1.336317,0.01138833,0.4472506,2.183092e-05,2.8964276e-06,3.1875226999999997e-06,4.2685056e-06,6.41901e-06,9.062268e-06,1.4281174e-05,2.6804392e-05,0.4736861,0.04843199000000001,0.0003309033,77.99398,59.38453,3.471749000000001e-05,6.616085,0.01593191,11.20513,0.0007169375,6.50188571e-05,0.03164118,41.07786,0.0007169375,6.50188571e-05,0.0057954569999999995,17.308932,0.0007169375,6.50188571e-05,0.0023302950000000005,16.899889,0.0007169375,6.50188571e-05,0.004727289,1.1584410000000001e-05,3.088724000000001e-05,-0.06013414,45.98834,0.03693122,-0.001621884,-0.002373925,8.316915e-06,5.060398e-05
73,1607518200,1.0339059000000002,1.0339246000000002,0.02285226,-1.56204,1.868494,0.9430285999999999,1.4820090000000001,1.3490300000000002,0.012100121,0.43843390000000004,2.1376620000000003e-05,2.6098746999999995e-06,2.9379583e-06,3.920285e-06,5.996083e-06,8.587511e-06,1.3720224e-05,2.5148490000000004e-05,0.470322,0.046211789999999996,0.00035333779999999996,78.19294,59.07958,3.43502e-05,6.613455999999999,0.01585802,11.23218,0.00113696618,0.00010352097100000001,0.03151004,40.75034,0.00113696618,0.00010352097100000001,0.005876517,21.819238000000002,0.00113696618,0.00010352097100000001,0.002433204,21.729706,0.00113696618,0.00010352097100000001,0.0047372659999999995,1.213309e-05,3.131799e-05,0.009008412799999999,42.1314,0.03608428,-0.001446253,-0.0022857859999999997,8.02077e-06,4.562606e-05
73,1607518800,0.6792656,0.6792847,0.031205700000000003,-1.528656,1.538636,0.754275,1.2042375,1.0579061,0.011914883999999999,0.2918173,2.147597e-05,2.3451472e-06,2.6654042e-06,3.5566441e-06,5.240499e-06,7.413012999999999e-06,1.1272171999999999e-05,1.9873373e-05,0.2796292,0.05962276,0.00032501139999999997,85.86849,69.98646,2.2557089999999997e-05,6.636548,0.01263532,7.449732999999999,0.0006095499499999999,5.517088900000001e-05,0.02381164,24.240270000000002,0.0006095499499999999,5.517088900000001e-05,0.005571152,13.638784999999999,0.0006095499499999999,5.517088900000001e-05,0.0019387410000000001,13.217913999999999,0.0006095499499999999,5.517088900000001e-05,0.004723892,1.1317344e-05,3.058252e-05,-0.5170355,51.678189999999994,0.03527024,-0.0018621500000000004,-0.0026309650000000003,8.202062e-06,4.670515e-05
73,1607519400,0.4847702,0.4847898,0.0490516,-1.357593,1.425229,0.6319308,1.10092,0.9288661000000001,0.008592845999999998,0.21072510000000003,2.0027290000000003e-05,6.476495e-07,8.534491999999999e-07,1.5079326e-06,2.6414460000000002e-06,4.204163e-06,6.901645e-06,1.1842401e-05,0.1749536,0.0670553,0.000343857,94.83471,77.91066000000001,1.6092519999999997e-05,6.698086999999999,0.010807009999999999,5.6451530000000005,0.0010526721000000002,9.575969700000001e-05,0.019398480000000003,15.55258,0.0010526721000000002,9.575969700000001e-05,0.005958293000000001,20.55794,0.0010526721000000002,9.575969700000001e-05,0.002179719,20.393227000000003,0.0010526721000000002,9.575969700000001e-05,0.004726243,1.0249372e-05,2.9737739999999994e-05,-0.4081824399999999,56.400890000000004,0.03360103,-0.002288852,-0.0029428780000000003,7.496139e-06,4.29591e-05
73,1607520000,0.5291077999999999,0.5291273999999999,0.03479811000000001,-1.500909,1.421669,0.6698566999999999,1.07152,0.9415788,0.008897514,0.2293781,2.035517e-05,9.296037e-07,1.1544411e-06,1.8113551000000001e-06,3.010715e-06,4.544322000000001e-06,7.563306000000001e-06,1.3165173e-05,0.19549310000000003,0.06866225000000001,0.00036485339999999997,94.69934,76.12048999999999,1.7558570000000003e-05,6.730253,0.011527609999999999,6.061452,0.0011023009100000001,0.00010030395299999999,0.020451990000000003,17.241899999999998,0.0011023009100000001,0.00010030395299999999,0.005922582,19.971192,0.0011023009100000001,0.00010030395299999999,0.0021650169999999995,19.869449000000003,0.0011023009100000001,0.00010030395299999999,0.00473275,1.0241679e-05,2.976675e-05,-0.19594451999999998,52.07591,0.03377652,-0.002217239,-0.002876259,7.53537e-06,4.285154e-05
73,1607520600,0.5084603999999999,0.5084799,0.02800826,-1.552689,1.352927,0.6609944,1.0268195,0.9143529999999999,0.006459503,0.21911719999999998,2.012024e-05,7.322291e-07,9.375525999999999e-07,1.592373e-06,2.741126e-06,4.19152e-06,6.693548e-06,1.1177896000000001e-05,0.19045030000000002,0.06341457,0.0003353226,95.13631000000001,75.1534,1.6875209999999998e-05,6.633715,0.011321359999999999,5.767625000000001,0.00134039993,0.00012214934000000002,0.020111510000000003,16.63961,0.00134039993,0.00012214934000000002,0.006042339000000001,24.703829500000005,0.00134039993,0.00012214934000000002,0.0022828006,24.732643200000002,0.00134039993,0.00012214934000000002,0.0047377800000000005,1.0600353999999998e-05,3.0194680000000003e-05,-0.304626108,64.50838,0.0380086,-0.002410517,-0.0029935249999999995,8.532011e-06,4.722217e-05
73,1607521200,0.6330205999999999,0.6330402,0.019356313999999996,-1.6189140000000002,1.4463069999999998,0.7391684,1.100698,0.9934051,0.011358828000000001,0.2718925,2.080864e-05,1.3349606e-06,1.5194069300000002e-06,2.1117341e-06,3.2634705000000003e-06,4.726605e-06,7.269945300000001e-06,1.3608276e-05,0.25541559999999996,0.06062381,0.0004358539000000001,88.88458,70.58663999999999,2.1023050000000002e-05,6.4229780000000005,0.01254963,6.8753470000000005,0.0011420279799999999,0.00010397517,0.023007259999999998,22.235400000000002,0.0011420279799999999,0.00010397517,0.005780503,20.549346000000003,0.0011420279799999999,0.00010397517,0.0020876844000000004,20.4712968,0.0011420279799999999,0.00010397517,0.004624553000000001,7.2507660000000004e-06,2.681761e-05,0.40129713999999994,84.07349,0.03622138,-0.002282827,-0.0028945989999999994,6.215115e-06,4.4160090000000004e-05
73,1607521800,0.6067294000000001,0.6067491,0.035301240000000005,-1.575822,1.442894,0.7265167,1.151024,1.0007559000000001,0.007223659,0.2581352,2.001304e-05,8.809786e-07,1.0018013e-06,1.5312261999999998e-06,2.4788635e-06,3.5537796999999994e-06,5.73581e-06,1.0769313e-05,0.24751230000000005,0.05539501,0.0004308898,89.91672,68.55715000000001,2.015422e-05,6.513524000000001,0.01210002,6.547385,0.00099922175,9.088860679999999e-05,0.02287247,21.517249999999997,0.00099922175,9.088860679999999e-05,0.005820201,19.450105999999998,0.00099922175,9.088860679999999e-05,0.0021359962999999995,19.2495754,0.00099922175,9.088860679999999e-05,0.004574375,6.562396000000001e-06,2.590295e-05,0.10652869999999996,96.99759999999999,0.0362491,-0.002363022,-0.002919672,5.980908e-06,4.351571e-05
73,1607522400,0.5807466,0.5807656999999999,0.05776306999999999,-1.3303880000000001,1.4859079999999998,0.6913763000000002,1.2151109999999998,1.0573086,0.009868380000000001,0.2510013,1.983903e-05,8.156519000000001e-07,8.746127899999999e-07,1.2764858000000001e-06,1.9771191e-06,2.7543795e-06,4.3747379000000005e-06,8.535835000000001e-06,0.23962939999999996,0.05035191,0.0003703718,90.4678,67.74609999999998,1.9294400000000003e-05,6.347101,0.01136759,6.232780999999999,0.00037540888,3.37990783e-05,0.02245611,20.7927,0.00037540888,3.37990783e-05,0.005203020000000001,8.249112999999998,0.00037540888,3.37990783e-05,0.0015079264999999999,7.729455399999999,0.00037540888,3.37990783e-05,0.004505872000000001,5.003915e-06,2.4151860000000002e-05,-0.27793791999999995,72.8023383,0.027374626699999998,-0.0024252320000000003,-0.0029648279999999996,4.5640802e-06,3.2242254e-05
73,1607523000,0.8256328,0.8256522000000001,0.056595530000000005,-1.2139820000000001,1.588547,0.8107149000000001,1.475558,1.314979,0.008802941,0.3473326,2.1183e-05,1.9929621e-06,2.0660923e-06,2.5204552e-06,3.485045e-06,4.514453e-06,7.150930999999999e-06,1.4740333e-05,0.36806,0.04439148,0.000325705,84.74143,60.873360000000005,2.740625e-05,6.5040819999999995,0.013384950000000001,8.671403,0.00131416374,0.0001197318164,0.028033770000000003,32.30800000000001,0.00131416374,0.0001197318164,0.006110262,24.065255,0.00131416374,0.0001197318164,0.002521629,24.125822,0.00131416374,0.0001197318164,0.004414408,1.941599e-06,2.1265279999999996e-05,-0.029543801999999997,3.6842674000000004,0.004112443679999999,-0.0022284689999999994,-0.002805846,8.948602999999999e-07,1.1384787000000001e-05
73,1607523600,0.7683392,0.7683586,0.031948750000000005,-1.2752260000000002,1.514109,0.7850866999999999,1.38728,1.234239,0.011107213999999999,0.328506,2.054825e-05,1.4062989e-06,1.46504694e-06,1.8430199999999999e-06,2.6010611000000003e-06,3.3836049999999996e-06,5.5571313e-06,1.1741051000000001e-05,0.3352071,0.048730890000000006,0.0002023788,86.60252,63.382850000000005,2.5527030000000004e-05,6.158108,0.01285086,7.985999000000001,0.00132605112,0.00012079367799999998,0.026467830000000005,29.07192,0.00132605112,0.00012079367799999998,0.006100370000000001,25.329211000000004,0.00132605112,0.00012079367799999998,0.002480052,25.309569,0.00132605112,0.00012079367799999998,0.004443315,2.5070310000000005e-06,2.1856600000000003e-05,0.019212497000000002,7.304071,0.007497373999999999,-0.002101108,-0.002751033,9.299342000000001e-07,1.166576e-05
73,1607524200,0.5608144,0.5608332,0.029026970000000003,-1.263009,1.3029389999999998,0.6754698,1.200713,1.0525449999999998,0.008124511000000001,0.240429,1.981218e-05,9.807902e-07,1.0192305e-06,1.2875882999999999e-06,1.825625e-06,2.3274297999999996e-06,3.7919120000000004e-06,8.219486e-06,0.23346349999999996,0.04679122,0.0001314938,88.77993,66.81336,1.8626990000000002e-05,6.394188999999999,0.0109742,5.833831,0.00046769207000000007,4.22542918e-05,0.02222733,20.296529999999997,0.00046769207000000007,4.22542918e-05,0.005397081,11.412764999999998,0.00046769207000000007,4.22542918e-05,0.0017094710000000002,10.972807,0.00046769207000000007,4.22542918e-05,0.00437775,1.6555320000000001e-06,2.0634299999999997e-05,0.05814188799999999,4.9994049,0.004456644719999999,-0.002422799,-0.0029436709999999997,8.526018000000001e-07,1.0793247e-05
73,1607524800,0.49541520000000006,0.4954344,0.031641390000000005,-1.1643659999999998,1.2526129999999998,0.6268444,1.152447,1.0085561,0.0056098269999999995,0.21057389999999998,1.971418e-05,7.505948e-07,7.300046300000001e-07,9.2272007e-07,1.2419718e-06,1.49993087e-06,2.3134406000000005e-06,5.114613000000001e-06,0.2047082,0.04288024,0.0001053647,92.88225,67.41951,1.6464290000000004e-05,5.8955589999999995,0.010174467,5.159641,0.0007157588,6.49428272e-05,0.02087146,17.881890000000002,0.0007157588,6.49428272e-05,0.005546121,14.121932000000001,0.0007157588,6.49428272e-05,0.0018238880999999999,13.816298,0.0007157588,6.49428272e-05,0.004365368,1.0936092000000001e-06,2.0132199999999997e-05,-0.079720697,6.852065400000001,0.00329637298,-0.002657946,-0.003096298,7.895516999999999e-07,1.0989462e-05
73,1607525400,0.5269058,0.5269248,0.03630818,-1.0244053999999998,1.3095769999999998,0.6318892,1.2124500000000002,1.063945,0.006259932,0.2228054,1.9201659999999997e-05,3.1091600000000003e-07,2.9313227e-07,4.883804e-07,8.554002e-07,1.1783092000000001e-06,2.1779308000000007e-06,5.541442999999999e-06,0.22079429999999997,0.042511549999999995,0.0001351998,91.42152999999999,66.39917,1.749188e-05,6.280986,0.010397238,5.5259529999999994,0.0012972355499999999,0.000118193599,0.02168832,19.381439999999998,0.0012972355499999999,0.000118193599,0.005971755,22.958011,0.0012972355499999999,0.000118193599,0.0022633639999999995,22.993924,0.0012972355499999999,0.000118193599,0.004361470000000001,1.0638164e-06,2.0084810000000002e-05,-0.002701108000000001,0.7351311999999999,0.00037816300000000005,-0.0026456179999999998,-0.0031063569999999997,7.655934e-07,1.0033905999999999e-05
73,1607526000,0.2970377,0.2970567,0.04964613999999999,-0.4163283,1.0973579999999998,0.41848070000000004,0.9991057999999999,0.8481258,0.005809421,0.1286934,1.989557e-05,8.739441e-07,9.202035699999999e-07,1.10966059e-06,1.3653009000000002e-06,1.7431138e-06,2.6114644e-06,5.0905768000000006e-06,0.10535311,0.04300147000000001,0.0001491726,93.69102000000001,79.20401,9.857807000000002e-06,6.453297999999999,0.007640956,3.149831,0.0004663887500000001,4.2122054900000007e-05,0.01500803,9.281487,0.0004663887500000001,4.2122054900000007e-05,0.005263212,8.703202300000001,0.0004663887500000001,4.2122054900000007e-05,0.0013947207,8.3707413,0.0004663887500000001,4.2122054900000007e-05,0.004361596,7.973943000000001e-07,1.980347e-05,0.386300348,14.459215299999997,0.0033750840400000003,-0.002931213,-0.003301131,8.571025e-07,1.0809674999999999e-05
73,1607526600,0.3355081,0.3355271000000001,0.04761786,-0.420011,1.1416840000000001,0.4417712,1.0567090000000001,0.9088776999999999,0.00384337,0.1409685,1.9592840000000003e-05,5.8345702e-07,5.931645199999999e-07,7.4569669e-07,9.455602000000001e-07,1.16911157e-06,1.7639913500000001e-06,3.6700957000000003e-06,0.1242924,0.04327142,0.0001797515,98.47679000000001,75.96237,1.114284e-05,6.432705,0.008116426,3.488959,0.00062883591,5.697382119999999e-05,0.016243109999999998,10.822920000000002,0.00062883591,5.697382119999999e-05,0.005513696,12.18099,0.00062883591,5.697382119999999e-05,0.0016615426999999998,11.831529,0.00062883591,5.697382119999999e-05,0.004371088,7.780341000000001e-07,1.9885159999999998e-05,-0.006973469999999998,0.9785923000000001,-0.00040662101000000004,-0.0029377020000000004,-0.003315981,7.987501e-07,1.0074683e-05
73,1607527200,0.3745982,0.37461730000000004,0.04751199,-0.38639199999999996,1.2203629999999999,0.4562150000000001,1.119071,0.9656176000000001,0.004743646,0.1629158,1.957903e-05,5.805816300000002e-07,5.925531099999999e-07,7.5902328e-07,1.0039916e-06,1.27473964e-06,2.0556890000000004e-06,4.4093675e-06,0.143672,0.04345428,0.000160826,92.13690999999999,73.38796,1.2446270000000001e-05,6.2869530000000005,0.008721772999999999,3.8882760000000003,0.00065670328,5.9609719800000004e-05,0.01745751,12.5093,0.00065670328,5.9609719800000004e-05,0.00549997,12.711578000000001,0.00065670328,5.9609719800000004e-05,0.0016903688,12.415519999999999,0.00065670328,5.9609719800000004e-05,0.0043575509999999994,8.524953e-07,1.982578e-05,-0.139216466,19.2012438,0.003208541761,-0.0029092270000000003,-0.003299377,8.443233999999999e-07,1.1087854e-05
73,1607527800,0.2996837,0.2997028,0.05089698,-0.33825439999999996,1.1202340000000002,0.411269,1.0084437,0.8564137,0.006343615999999999,0.1312143,1.969022e-05,6.968073499999999e-07,7.2592094e-07,8.8983881e-07,1.0991125e-06,1.4154073500000002e-06,2.1036929499999995e-06,4.1609014e-06,0.09914079,0.050532969999999997,0.00015560090000000002,97.04821,84.77831,9.947132999999999e-06,6.432929,0.007874888,3.158239,0.00044005834000000006,3.97418947e-05,0.014413599999999999,8.661991,0.00044005834000000006,3.97418947e-05,0.00525228,8.565590799999999,0.00044005834000000006,3.97418947e-05,0.0013694786000000001,8.2177081,0.00044005834000000006,3.97418947e-05,0.0043682040000000005,7.524773e-07,1.981957e-05,0.030049258000000006,5.958131699999999,0.0028205438,-0.002985286,-0.0033484480000000004,8.304983000000001e-07,1.0129381000000001e-05
73,1607528400,0.32417749999999995,0.3241966,0.05428292,-0.5960074,1.128599,0.45551569999999997,1.0210065,0.8626388,0.00495033,0.1377529,1.9411610000000003e-05,3.7317798e-07,3.8198681999999995e-07,5.168346399999999e-07,6.629647999999999e-07,8.569183499999999e-07,1.4119108e-06,3.1183462e-06,0.10568316000000003,0.056226790000000006,0.0001708408,100.3831,85.06104,1.0763626e-05,6.4806989999999995,0.007993219999999999,3.3969430000000003,0.0009612424400000001,8.7452806e-05,0.01494472,9.241218,0.0009612424400000001,8.7452806e-05,0.005742288,18.119726000000004,0.0009612424400000001,8.7452806e-05,0.0018742994999999998,17.977243400000003,0.0009612424400000001,8.7452806e-05,0.004362278,7.264778999999999e-07,1.974965e-05,-0.002027916200000001,3.6949783000000003,0.0012265473,-0.0029713219999999998,-0.003345144,7.421523e-07,1.0268213000000002e-05
73,1607529000,0.2800734,0.28009239999999996,0.0566731,-0.6244116,1.046545,0.43288380000000004,0.9529039000000001,0.7981743,0.003705676,0.11748969999999999,1.966147e-05,5.9775051e-07,6.117905e-07,7.566181e-07,9.477334e-07,1.1863121e-06,1.7819894999999999e-06,3.6493898999999995e-06,0.09024263,0.04962029,0.0001625867,97.32054000000001,85.80911,9.299058999999998e-06,6.453163999999999,0.007601259999999999,2.9574740000000004,0.0008067836,7.324786e-05,0.013848850000000001,7.934045,0.0008067836,7.324786e-05,0.00556562,14.109452999999998,0.0008067836,7.324786e-05,0.0016618829000000002,13.959212000000003,0.0008067836,7.324786e-05,0.004369841000000001,6.76707e-07,1.9767290000000002e-05,-0.0057673839999999995,3.8323926,0.0010349618,-0.003034005,-0.0033800120000000004,7.823593e-07,1.0196498000000001e-05
73,1607529600,0.2493378,0.24935650000000004,0.06386909,-0.2855213,1.040771,0.38665910000000003,0.936966,0.7746613000000001,0.003220497,0.10608096999999998,1.920153e-05,3.4824500000000003e-07,3.724517e-07,4.99789e-07,6.043297e-07,8.119522999999999e-07,1.2900012e-06,2.7997221999999997e-06,0.06461444,0.05987826,0.0001678703,106.85445999999999,98.48396,8.265168e-06,6.539011,0.007372611999999999,2.6619460000000004,0.00078769639,7.1536746e-05,0.01175584,5.715929,0.00078769639,7.1536746e-05,0.0055542479999999995,14.174347999999998,0.00078769639,7.1536746e-05,0.0016581234,13.979493999999999,0.00078769639,7.1536746e-05,0.004339239,6.525842e-07,1.947667e-05,-0.045883995,5.7532573000000005,0.0008999176000000001,-0.0030411939999999997,-0.0033760699999999997,8.271188999999999e-07,1.0283944e-05
73,1607530200,0.22873740000000004,0.22875620000000002,0.06481062,-0.3590276,1.0084066000000003,0.37608010000000003,0.8908396999999999,0.7262472,0.004100295999999999,0.09998428000000001,1.909572e-05,2.4897943e-07,2.6011945e-07,3.6153252e-07,4.2679619999999996e-07,5.422717100000001e-07,8.496286000000001e-07,1.8524778000000002e-06,0.055250310000000004,0.05896189999999999,0.0001511611,109.8172,102.01008,7.590243e-06,6.1547909999999995,0.00723776,2.430217,0.0011185611000000002,0.00010183906999999999,0.010844430999999998,4.87072,0.0011185611000000002,0.00010183906999999999,0.005812267,19.239164000000002,0.0011185611000000002,0.00010183906999999999,0.0018946172000000004,19.205097,0.0011185611000000002,0.00010183906999999999,0.00434046,6.712466e-07,1.949352e-05,0.081894855,26.2676532,0.00329078471,-0.003066343,-0.003384504,9.083317e-07,1.1933081e-05
73,1607530800,0.2333384,0.2333571,0.062448800000000006,-0.32047873,1.0170312,0.3777202,0.9024278000000001,0.739185,0.0047591149999999995,0.10298104999999999,1.908083e-05,2.5538244e-07,2.7019002000000003e-07,3.7675222e-07,4.4063021000000007e-07,5.862633300000001e-07,9.3393929e-07,2.0024897000000002e-06,0.05884387,0.05768451,0.0001333985,106.42631999999999,100.64184,7.748457000000001e-06,5.9641210000000004,0.007244977,2.470047,0.00052677126,4.76658643e-05,0.011114677,5.194535,0.00052677126,4.76658643e-05,0.005331568,10.222502,0.00052677126,4.76658643e-05,0.0014040116,9.862852700000001,0.00052677126,4.76658643e-05,0.004336759999999999,5.93288e-07,1.940048e-05,-0.003150061,1.3423053,-0.00028121053999999996,-0.003101701,-0.0034135190000000003,7.188028e-07,9.66588e-06
73,1607531400,0.2913561,0.291375,0.06400716000000001,-0.21139670000000002,1.1392079999999998,0.4049857,1.0121191999999999,0.8506009000000001,0.006131735999999999,0.1302718,1.942897e-05,4.7428025999999997e-07,4.980359399999999e-07,7.173736600000001e-07,7.5417766e-07,9.4197786e-07,1.4131641999999998e-06,2.8789078e-06,0.09001803,0.0555373,0.0001140821,102.5465,88.48954,9.677263e-06,6.247693,0.007921315000000002,3.0726129999999996,0.0007301600580000001,6.628418900000001e-05,0.013800499999999999,7.870692000000001,0.0007301600580000001,6.628418900000001e-05,0.00555142,13.52636,0.0007301600580000001,6.628418900000001e-05,0.0016631047,13.354951,0.0007301600580000001,6.628418900000001e-05,0.004355644,8.865570999999999e-07,1.984998e-05,0.031044594000000002,3.3876672999999995,0.00231901003,-0.002859585,-0.003220188,7.461486e-07,1.0325791999999998e-05
73,1607532000,0.2168176,0.21683660000000002,0.059627929999999996,-0.2816155,0.9724427999999999,0.3627281,0.8770766,0.7178093000000001,0.002922234,0.09247331,1.928714e-05,2.2832152e-07,2.595866e-07,3.9047336999999997e-07,3.9170668e-07,5.0947631e-07,8.089713000000001e-07,1.7559509000000002e-06,0.053924459999999994,0.05435961,0.0001200475,108.05058999999999,100.5087,7.197253e-06,6.424248,0.00691547,2.309197,0.0007497243000000001,6.8031234e-05,0.010705739,4.734576000000001,0.0007497243000000001,6.8031234e-05,0.005545970999999999,13.477068,0.0007497243000000001,6.8031234e-05,0.0015985862,13.288379,0.0007497243000000001,6.8031234e-05,0.004360948,7.196307e-07,1.973764e-05,-0.015132880000000001,0.67305744,-0.00038392619999999994,-0.002994907,-0.003315513,8.278444000000001e-07,1.0169383e-05
73,1607532600,0.20316829999999997,0.2031875,0.06191453,-0.3351853,0.9438661999999999,0.35403609999999996,0.8421257000000001,0.6890835,0.002386667,0.08653463,1.9333480000000002e-05,2.2948155000000003e-07,2.5326074e-07,4.2313109999999997e-07,3.9673051000000003e-07,5.2336779e-07,8.2142392e-07,1.7083303999999998e-06,0.047768679999999994,0.05369638,0.00011326682,106.84438,103.31717999999998,6.7452150000000004e-06,6.297205,0.006707839,2.1655879999999996,0.0006407401600000001,5.808193929999999e-05,0.010106994,4.240937999999999,0.0006407401600000001,5.808193929999999e-05,0.005468051,11.879878,0.0006407401600000001,5.808193929999999e-05,0.0014897712000000003,11.603516599999999,0.0006407401600000001,5.808193929999999e-05,0.004364403,7.376762e-07,1.9779669999999998e-05,-0.0836907944,9.001000000000001,0.0011906178,-0.003006317,-0.003316736,8.108275999999999e-07,1.0779906e-05
73,1607533200,0.2156056,0.2156246,0.058769190000000006,-0.5628575,0.9548538000000001,0.37040090000000003,0.8462508999999999,0.686271,0.0036441599999999996,0.09659499,1.9317250000000002e-05,2.1456551999999997e-07,2.281707e-07,3.2540947e-07,3.7378776e-07,4.810894899999999e-07,7.680972e-07,1.6832327000000003e-06,0.0539531,0.053738799999999996,0.00010644273999999999,109.00885000000001,100.45342000000001,7.156963e-06,6.540090000000001,0.007212797000000002,2.282916,0.0005498836000000001,4.9708258e-05,0.010684025,4.732304,0.0005498836000000001,4.9708258e-05,0.005436841,9.843411999999999,0.0005498836000000001,4.9708258e-05,0.0014797249999999999,9.528368,0.0005498836000000001,4.9708258e-05,0.004373772000000001,6.505499999999999e-07,1.9757850000000003e-05,-0.16768206999999996,39.694325500000005,0.0052704082,-0.0031302250000000004,-0.003439169,9.196076000000001e-07,1.2386854999999998e-05
73,1607533800,0.24977850000000004,0.24979750000000003,0.03908286,-0.5067453000000002,1.0092314,0.39457159999999997,0.9063278,0.7510352000000001,0.0038701279999999996,0.10689359999999999,1.914976e-05,2.5937823e-07,2.7271105e-07,3.7682370000000004e-07,4.6729394000000005e-07,6.118356299999999e-07,9.532191399999998e-07,2.1040106e-06,0.06968818,0.05512299,7.192046e-05,99.48924,94.43805,8.300773999999999e-06,5.919106,0.007767530999999999,2.6514770000000003,0.0011176979,0.00010175473,0.012215789999999999,6.1548739999999995,0.0011176979,0.00010175473,0.005923009,19.912483,0.0011176979,0.00010175473,0.0020126690000000004,19.871467000000003,0.0011176979,0.00010175473,0.004343385,6.552024e-07,1.951811e-05,-0.0033031060000000014,2.3310440999999997,0.000530513444,-0.00303895,-0.003364934,8.183071999999999e-07,1.0001131999999999e-05
73,1607534400,0.22913099999999997,0.2291503,0.04462729,-0.29983170000000003,0.9979058000000001,0.3716215,0.8937648999999999,0.7358475,0.0039470550000000005,0.09877216,1.941656e-05,2.9537566999999995e-07,3.0580862e-07,4.1226584e-07,5.096059000000002e-07,6.65599e-07,1.024547e-06,2.1774876000000002e-06,0.0588656,0.055618520000000005,7.54647e-05,102.73175999999998,98.86030000000001,7.606698e-06,6.308048,0.007205192000000001,2.4440289999999996,0.0005967283700000001,5.4091241200000004e-05,0.01121436,5.181841999999999,0.0005967283700000001,5.4091241200000004e-05,0.005403566,11.1815902,0.0005967283700000001,5.4091241200000004e-05,0.0014382086999999999,10.897239099999998,0.0005967283700000001,5.4091241200000004e-05,0.0043734839999999995,6.149162999999999e-07,1.9742340000000002e-05,0.01119081,0.9032120000000001,-0.0004555187999999999,-0.003104918,-0.00342007,7.374384e-07,9.805325e-06
73,1607535000,0.21957849999999998,0.2195978,0.05735411,-0.29657199999999995,0.9741297000000001,0.3670762,0.8847270999999999,0.7134595000000001,0.003151963,0.09284100999999999,1.930856e-05,1.3773203e-07,1.4709402999999998e-07,2.3696240999999998e-07,2.8944185999999995e-07,4.1536070000000003e-07,6.281604999999999e-07,1.4588877e-06,0.053218030000000006,0.056476250000000006,9.071090000000001e-05,114.3622,101.71671,7.283356000000001e-06,6.645758000000001,0.007080275000000001,2.342251,0.0005181393200000001,4.68618588e-05,0.010665910999999998,4.68304,0.0005181393200000001,4.68618588e-05,0.005464636,11.0457187,0.0005181393200000001,4.68618588e-05,0.0014899375000000002,10.6646415,0.0005181393200000001,4.68618588e-05,0.004373801,6.710793e-07,1.979473e-05,-0.059538382000000015,7.7333243,0.00113101378,-0.00306044,-0.003386095,8.228730999999999e-07,1.0896624999999998e-05
73,1607535600,0.227431,0.22744989999999995,0.05498689,-0.35757010000000006,0.9806927,0.37324260000000004,0.8874271,0.7320598,0.003659539,0.09824447,1.9262939999999998e-05,2.3295755000000002e-07,2.4487930000000006e-07,3.386719e-07,3.9262653e-07,5.129002099999999e-07,7.5398076e-07,1.5926004e-06,0.05822082999999999,0.055407019999999994,8.156783999999999e-05,107.33688,99.23188999999999,7.552118000000001e-06,6.130013,0.007277877,2.437849,0.00038199667799999995,3.43905193e-05,0.011134184,5.13169,0.00038199667799999995,3.43905193e-05,0.005247646,7.583144000000002,0.00038199667799999995,3.43905193e-05,0.0012889757,7.158415099999999,0.00038199667799999995,3.43905193e-05,0.004364447,7.042435999999999e-07,1.973641e-05,-0.15127851370000003,23.8565945,0.0033231950999999997,-0.003052621,-0.003380241,8.205933000000001e-07,1.052827e-05
73,1607536200,0.2070033,0.2070222,0.04349021000000001,-0.4252553,0.9380160999999999,0.3600496,0.8408507000000001,0.6828208,0.0028198529999999998,0.08831810999999999,1.939468e-05,3.5154122e-07,3.7944983e-07,4.960328199999999e-07,6.077936099999999e-07,7.830432500000001e-07,1.2185877999999999e-06,2.4948985999999996e-06,0.048957089999999995,0.05446086,7.595047e-05,101.35462,102.78989999999999,6.869601e-06,6.445645999999999,0.007012109,2.2190870000000005,0.00059120906,5.35673944e-05,0.010253763,4.3329569999999995,0.00059120906,5.35673944e-05,0.005380780999999999,10.6263299,0.00059120906,5.35673944e-05,0.001410815,10.3612505,0.00059120906,5.35673944e-05,0.004364357,6.404722e-07,1.968451e-05,-0.0032290809999999995,2.0804156000000003,0.0007740491,-0.0030785059999999995,-0.003391992,7.911097e-07,1.0088608999999998e-05
73,1607536800,0.1843777,0.1843967,0.05346832,-0.43517510000000004,0.8896022,0.34450880000000006,0.7961869,0.6416822,0.002642633,0.07817584,1.934096e-05,2.6621361e-07,2.8273466e-07,3.9409477000000005e-07,4.3651190000000005e-07,5.658897e-07,8.556219000000002e-07,1.6864435999999998e-06,0.03866332000000001,0.05344649,7.407253999999999e-05,106.6221,108.4201,6.1200170000000005e-06,6.519553999999999,0.0065300620000000005,1.9742739999999999,0.0006114833,5.535417e-05,0.009074955,3.420335,0.0006114833,5.535417e-05,0.0055669050000000005,11.661302000000001,0.0006114833,5.535417e-05,0.0015731920000000004,11.401338,0.0006114833,5.535417e-05,0.004366984,5.734519e-07,1.963733e-05,0.015104331000000002,10.978463199999998,0.0009668954999999998,-0.003158722,-0.0034558889999999993,7.574703e-07,9.907734999999999e-06
73,1607537400,0.17737370000000002,0.17739270000000001,0.05489824,-0.47188739999999996,0.8773391,0.3391056,0.7779986999999999,0.6242814999999999,0.00227141,0.07578341,1.927849e-05,1.9883076000000002e-07,2.196542e-07,3.162311e-07,3.4470370000000004e-07,4.772436e-07,7.288821e-07,1.5016469e-06,0.03486156,0.05374455,7.572473999999999e-05,111.96706999999999,110.8667,5.879938e-06,6.553137000000001,0.006440040000000001,1.907891,0.0006709610900000002,6.0815351e-05,0.008640288999999999,3.0902830000000003,0.0006709610900000002,6.0815351e-05,0.005559242000000001,12.226416,0.0006709610900000002,6.0815351e-05,0.0015587857999999999,11.943328,0.0006709610900000002,6.0815351e-05,0.004366091,5.586159e-07,1.962156e-05,0.015367999999999998,0.7312767,-0.0005395310199999999,-0.0031534769999999996,-0.003447086,7.961373000000001e-07,1.009887e-05
73,1607538000,0.1918146,0.19183370000000002,0.05880812999999999,-0.3993665,0.9246285999999999,0.34811849999999994,0.8096121999999999,0.6634703,0.0024838609999999995,0.08315488000000001,1.930088e-05,2.5941845e-07,2.8120117e-07,3.784415e-07,4.3881459999999995e-07,5.758323e-07,8.663265e-07,1.7633561e-06,0.041945869999999996,0.053879739999999995,7.578396999999999e-05,110.2553,106.63228000000001,6.3615439999999995e-06,6.596013999999999,0.006558503,2.0436829999999997,0.00046824697000000004,4.2250322e-05,0.009449388,3.7034190000000002,0.00046824697000000004,4.2250322e-05,0.005369051,9.267828,0.00046824697000000004,4.2250322e-05,0.0013952797,8.922621500000002,0.00046824697000000004,4.2250322e-05,0.004358973,6.143912e-07,1.960808e-05,-0.077345217,9.7311892,0.0013382889,-0.003102624,-0.003407409,8.621312000000001e-07,1.0776647e-05
73,1607538600,0.1993501,0.1993687,0.05754303000000001,-0.3468062,0.9383537000000001,0.35205030000000004,0.8326754,0.6810957,0.003448494,0.08532053,1.88674e-05,2.4427865000000004e-07,2.5862367e-07,3.5653505000000003e-07,4.1149519e-07,5.585334000000001e-07,8.306827000000001e-07,1.7516305e-06,0.046094729999999993,0.053501889999999996,7.347687999999999e-05,108.30484999999999,103.97756,6.611249e-06,6.593669,0.006733639,2.130481,0.0006474415099999999,5.8677163e-05,0.009924063,4.079400000000001,0.0006474415099999999,5.8677163e-05,0.005335181,11.350964,0.0006474415099999999,5.8677163e-05,0.0013991649,11.1246373,0.0006474415099999999,5.8677163e-05,0.004320595,6.391818999999999e-07,1.9292500000000002e-05,0.10765035889999999,24.781661500000002,0.0030579015,-0.003066406,-0.003369796,7.782498e-07,1.0394215e-05
73,1607539200,0.15970990000000002,0.1597287,0.046120839999999996,-0.6148450000000001,0.8183123999999999,0.32938,0.7206970000000001,0.5754176,0.0024565324999999997,0.06798109999999999,1.9020179999999997e-05,7.494200000000001e-08,8.52266e-08,1.5463322000000004e-07,1.4379223000000004e-07,1.8875565e-07,2.6753050000000003e-07,6.187115e-07,0.02720085,0.05258412,6.708650000000001e-05,117.6987,116.5624,5.3044850000000004e-06,6.013396999999999,0.006161098,1.725472,0.00057407548,5.1936338000000003e-05,0.007572024999999999,2.41898,0.00057407548,5.1936338000000003e-05,0.0054406160000000005,10.446715000000001,0.00057407548,5.1936338000000003e-05,0.001437528,10.162119,0.00057407548,5.1936338000000003e-05,0.004347809,5.478588e-07,1.9450829999999996e-05,0.00012562199999999988,1.1788108000000002,-0.00025433441999999994,-0.003145549,-0.003435573,6.749823999999998e-07,9.548503000000002e-06
73,1607539800,0.1434204,0.14343920000000002,0.04429869,-0.7787440999999999,0.7595482000000001,0.31816219999999995,0.6697328999999999,0.5192035999999999,0.0022586909,0.06162862,1.904567e-05,1.2375512e-07,1.4326865e-07,2.1615517999999998e-07,2.1304376e-07,2.978669100000001e-07,4.2050576e-07,8.278707e-07,0.018358199999999998,0.05328061999999999,6.801969000000001e-05,117.7088,124.54870000000001,4.760158000000001e-06,6.3693159999999995,0.005900107,1.5580679999999998,0.00036890401,3.316385499999999e-05,0.006260790999999999,1.639584,0.00036890401,3.316385499999999e-05,0.005209374000000001,7.167848000000001,0.00036890401,3.316385499999999e-05,0.0011944252000000003,6.769156499999999,0.00036890401,3.316385499999999e-05,0.004345827000000001,5.65072e-07,1.945169e-05,0.011835982399999997,0.5671733000000001,-0.0003554991,-0.0031224600000000005,-0.003414794,7.815324000000001e-07,9.839776e-06
73,1607540400,0.1392148,0.1392337,0.05134767,-0.846506,0.7513729,0.3169733,0.6602075999999999,0.5053278999999999,0.0019697093999999997,0.06057945,1.911891e-05,1.1866046000000002e-07,1.3665692e-07,2.1525694e-07,1.9883247999999998e-07,2.9478916000000003e-07,4.169105e-07,8.036837e-07,0.015102670000000002,0.054428519999999994,7.325375e-05,122.27939999999998,128.3792,4.618898e-06,6.515015,0.0058053259999999995,1.499645,0.00092025071,8.37296677e-05,0.005691842,1.3604370000000001,0.00092025071,8.37296677e-05,0.005713872,15.908211999999997,0.00092025071,8.37296677e-05,0.0016872183999999998,15.8161065,0.00092025071,8.37296677e-05,0.004353331,5.440784e-07,1.949395e-05,0.034746353,1.3693059,0.00010505624400000005,-0.003156515,-0.00344442,7.527227999999999e-07,9.938113000000001e-06
73,1607541000,0.14563779999999998,0.145657,0.047,-0.7866322,0.7822737,0.3222203,0.6773833,0.5264036000000001,0.0018799316999999999,0.06257335,1.931026e-05,7.437799999999999e-08,9.161926000000001e-08,1.5969139e-07,1.3520425e-07,2.1084768e-07,3.0151099e-07,6.440479999999999e-07,0.017539899999999997,0.05520094000000001,7.543527000000002e-05,118.27298,126.11019999999999,4.836173e-06,6.274011,0.0059135690000000005,1.573666,0.0005992887799999999,5.4256200000000004e-05,0.0060933459999999995,1.5565080000000002,0.0005992887799999999,5.4256200000000004e-05,0.0054794349999999995,11.154603,0.0005992887799999999,5.4256200000000004e-05,0.0014300677000000002,10.8688983,0.0005992887799999999,5.4256200000000004e-05,0.004378706,5.437581e-07,1.9713169999999997e-05,0.007464169999999999,4.4132485,0.00027938889999999997,-0.003183285,-0.003469088,7.479729e-07,1.0040079e-05
73,1607541600,0.1505852,0.15060429999999997,0.04076546,-0.7413626,0.7774363000000001,0.3248841,0.6926462000000001,0.5414791,0.0014938598,0.06309496,1.9188599999999998e-05,1.2132939999999998e-07,1.3907813e-07,2.1654706999999998e-07,2.1711385e-07,2.9976504e-07,4.3883339999999996e-07,8.847061000000001e-07,0.02051265,0.05469495,8.180626e-05,117.11500000000001,122.8067,4.997462e-06,6.2933,0.005986956,1.6166079999999998,0.00059685359,5.404762999999999e-05,0.006651485,1.8340949999999996,0.00059685359,5.404762999999999e-05,0.00540643,10.774887999999999,0.00059685359,5.404762999999999e-05,0.0013894287999999997,10.542298899999999,0.00059685359,5.404762999999999e-05,0.004362292,5.458802e-07,1.956626e-05,-0.0048364100000000045,18.112303399999995,0.00120720517,-0.0031803150000000004,-0.00346763,8.330931999999999e-07,1.0673889e-05
73,1607542200,0.1383052,0.1383243,0.04038168,-0.8358604,0.7551232000000001,0.3152138,0.6514324,0.5052154,0.0017486792,0.05954358,1.9187390000000005e-05,9.99617e-08,1.1512822999999998e-07,1.9015748e-07,1.7386177e-07,2.4639227e-07,3.633639e-07,7.391444e-07,0.01587778,0.05319895,7.252842000000001e-05,117.48714,127.2634,4.590855e-06,6.196082,0.005763058999999999,1.4845860000000002,0.00056072654,5.074521200000001e-05,0.005811202,1.4256153999999999,0.00056072654,5.074521200000001e-05,0.005363276,9.7576,0.00056072654,5.074521200000001e-05,0.0013262532000000002,9.4774037,0.00056072654,5.074521200000001e-05,0.00436456,5.237571999999999e-07,1.9565689999999997e-05,0.049545349,9.2646374,0.0018869435200000004,-0.003206722,-0.003486094,7.877699e-07,1.0283216e-05
73,1607542800,0.1495974,0.1496162,0.04302306,-0.7167920999999999,0.7850113,0.32359720000000003,0.6915586,0.5452667,0.001813128,0.06302838000000001,1.9128770000000004e-05,1.3184985000000002e-07,1.4784474e-07,2.2422329000000003e-07,2.1295317e-07,2.8708929999999996e-07,4.2462776999999997e-07,8.665225e-07,0.0207498,0.05397354,7.218011e-05,116.58130000000001,122.3692,4.967343e-06,6.180132,0.005976388,1.615747,0.0006966185500000001,6.319728399999999e-05,0.006672506999999999,1.85049,0.0006966185500000001,6.319728399999999e-05,0.005539006000000001,12.6740186,0.0006966185500000001,6.319728399999999e-05,0.0015247659999999999,12.427599700000002,0.0006966185500000001,6.319728399999999e-05,0.004348709000000001,5.235823e-07,1.94355e-05,0.011258508,0.6760754,-0.0006275011200000001,-0.0031677249999999997,-0.003451014,7.745693e-07,9.894797e-06
73,1607543400,0.1741122,0.1741314,0.042445069999999994,-0.5134161,0.8620763,0.337362,0.7596607000000001,0.6142688,0.003177642,0.07452044999999999,1.937146e-05,2.8187389e-07,3.0732272000000005e-07,4.0497570000000004e-07,4.484571e-07,6.10995e-07,8.563301999999998e-07,1.7549116e-06,0.03375132,0.05322142,7.817148000000001e-05,110.32180000000001,112.6147,5.775196e-06,6.487492999999999,0.00632373,1.867389,0.0006289776200000001,5.700970969999999e-05,0.008317942999999998,2.988026,0.0006289776200000001,5.700970969999999e-05,0.005398785,10.9539452,0.0006289776200000001,5.700970969999999e-05,0.0013995712000000001,10.701976400000001,0.0006289776200000001,5.700970969999999e-05,0.004363032,6.070258000000001e-07,1.9639639999999997e-05,-0.017307346,3.520252,0.00047357452999999977,-0.003111305,-0.003413753,7.6542e-07,1.012873e-05
73,1607544000,0.1620356,0.1620547,0.0452996,-0.6966665000000001,0.8340628999999999,0.3311896,0.7174721000000001,0.5659299,0.0026305289,0.07126517,1.912189e-05,6.955195999999999e-08,8.222008e-08,1.5255389e-07,1.543903e-07,2.2429771000000002e-07,3.455331e-07,7.910050000000001e-07,0.026982665,0.05395932,7.306933e-05,117.85600000000002,119.24210000000001,5.378099e-06,6.377826000000001,0.00618255,1.744367,0.00042360593,3.8182015e-05,0.007246116999999999,2.3933857,0.00042360593,3.8182015e-05,0.005322412,8.570791000000002,0.00042360593,3.8182015e-05,0.0013132484999999999,8.1962288,0.00042360593,3.8182015e-05,0.004366409,6.101918999999998e-07,1.9668490000000003e-05,-0.006215554999999999,5.340468899999999,0.0012707321000000001,-0.0031176650000000004,-0.003412819,7.985005999999999e-07,1.0050115000000002e-05
73,1607544600,0.133004,0.1330231,0.04828176,-1.050929,0.7158593,0.31471889999999997,0.6114937000000001,0.4797147,0.0013822055,0.05590147000000001,1.9059890000000003e-05,8.308649000000001e-08,1.0441987000000001e-07,1.7682005e-07,1.5404788000000002e-07,2.4596291000000003e-07,3.470883e-07,6.890218e-07,0.012564975,0.053865739999999995,6.930978e-05,119.90330000000002,131.2405,4.413469e-06,6.3556159999999995,0.005752040000000001,1.444925,0.0005291449180000001,4.78976216e-05,0.005173754000000001,1.1259393,0.0005291449180000001,4.78976216e-05,0.005345949,9.852643,0.0005291449180000001,4.78976216e-05,0.0013163273,9.5461434,0.0005291449180000001,4.78976216e-05,0.004353433999999999,6.175987e-07,1.9555540000000002e-05,-0.029118439000000003,24.977755499999997,0.0030935373999999996,-0.003122264,-0.0034099330000000004,8.355299e-07,1.097485e-05
73,1607545200,0.12901369999999998,0.12903249999999997,0.0390418,-1.0642278,0.6947462000000001,0.30946670000000004,0.5948056,0.4706017000000001,0.0015069814,0.05423671,1.9002820000000002e-05,1.0686746e-07,1.2735671e-07,1.9762829e-07,1.7855616999999998e-07,2.617689e-07,3.622007e-07,6.531646000000001e-07,0.011791573000000001,0.052645410000000004,6.739648e-05,121.0596,132.19620000000003,4.28478e-06,6.221941,0.005690187,1.4106660000000002,0.00056464556,5.1130515e-05,0.0049331439999999996,1.056892,0.00056464556,5.1130515e-05,0.005346180000000001,9.963151,0.00056464556,5.1130515e-05,0.0013195737000000001,9.690771999999999,0.00056464556,5.1130515e-05,0.004342083,5.8072e-07,1.943318e-05,0.033251141,0.7204336,-0.0002503812,-0.003096595,-0.0033877860000000003,7.632417e-07,9.735951e-06
73,1607545800,0.1347296,0.1347485,0.04036339,-0.9152887999999999,0.7359601,0.3130927,0.6341068,0.48864,0.0019505437000000001,0.057918819999999996,1.893737e-05,1.1555515e-07,1.3127909e-07,2.1007377e-07,1.9760763e-07,2.4976165e-07,3.671658e-07,6.823093e-07,0.01469479,0.052596149999999994,7.113814e-05,124.96759999999999,128.39979999999997,4.468831e-06,6.671791000000001,0.0057487960000000005,1.4620649999999997,0.00067595998,6.1312019e-05,0.005587935,1.32124,0.00067595998,6.1312019e-05,0.0054861549999999995,12.017707999999999,0.00067595998,6.1312019e-05,0.0014757842,11.802295099999998,0.00067595998,6.1312019e-05,0.004339781,5.863358000000001e-07,1.941369e-05,0.035851502,4.6093684,0.0014394201100000003,-0.00310013,-0.003389579,7.573416e-07,1.0042894e-05
73,1607546400,0.13770329999999997,0.13772199999999998,0.03991639,-1.0773496999999999,0.7106842000000001,0.3177235,0.6060559999999999,0.4949777000000001,0.0025074083,0.06025627,1.8915299999999998e-05,9.186739999999999e-08,1.0694643000000002e-07,1.8180289e-07,1.7264432000000002e-07,2.4905501e-07,3.4007169999999997e-07,6.913621e-07,0.016028588,0.05275348999999999,6.711595e-05,117.8531,127.7882,4.573028e-06,6.096284,0.0058853939999999995,1.5192029999999999,0.00033926624000000003,3.0436089999999997e-05,0.005688614,1.4268817999999999,0.00033926624000000003,3.0436089999999997e-05,0.0051470940000000005,6.377673,0.00033926624000000003,3.0436089999999997e-05,0.0011310741,5.979092,0.00033926624000000003,3.0436089999999997e-05,0.0043410589999999995,6.394495e-07,1.9476890000000003e-05,-0.03676248,5.6840311,0.0015699280699999999,-0.00305037,-0.0033517869999999997,8.310761e-07,1.0378533000000001e-05
73,1607547000,0.16944340000000002,0.1694621,0.03821361,-1.12755,0.7293222,0.34621369999999996,0.6410445,0.5833679,0.0026670390000000004,0.07175223,1.8884260000000002e-05,1.3361786000000002e-07,1.4859277e-07,2.2700945e-07,2.5449122000000003e-07,3.730673e-07,5.212495e-07,1.0868214e-06,0.03124569,0.053391,8.179806000000001e-05,112.81681,113.37100000000001,5.624807000000002e-06,6.4587900000000005,0.006454947,1.8417409999999996,0.0005780772299999999,5.2320536999999996e-05,0.008149350999999999,2.76906,0.0005780772299999999,5.2320536999999996e-05,0.00540552,10.714523,0.0005780772299999999,5.2320536999999996e-05,0.0014338470999999998,10.4399697,0.0005780772299999999,5.2320536999999996e-05,0.004326134,6.848416e-07,1.940055e-05,0.014589838999999999,0.2570122,-0.0009880106,-0.002970777,-0.0032821699999999996,7.183979e-07,9.665104e-06
73,1607547600,0.14170869999999997,0.1417274,0.04030162999999999,-1.1650909999999999,0.6948211,0.3229992,0.5904181000000001,0.5145532,0.0028150960000000004,0.06090569,1.903978e-05,1.3861868e-07,1.5820916e-07,2.4674997e-07,2.6130382e-07,3.8576680000000003e-07,5.369172e-07,1.0728833999999998e-06,0.0176622,0.053108029999999994,8.001028000000001e-05,117.33807999999999,126.5661,4.701926000000001e-06,6.615625,0.005883108,1.520876,0.0008833231999999999,8.02848e-05,0.005815467,1.5895262000000001,0.0008833231999999999,8.02848e-05,0.005565173,14.742600000000001,0.0008833231999999999,8.02848e-05,0.0015609316,14.655079,0.0008833231999999999,8.02848e-05,0.004343344999999999,7.046131999999999e-07,1.9551989999999998e-05,0.009693368299999994,24.1931424,0.0031486331,-0.0030122390000000003,-0.003319283,8.166091000000001e-07,1.0382447999999999e-05
73,1607548200,0.1259032,0.1259221,0.045333109999999996,-1.149278,0.668083,0.3090819,0.5789801,0.4620516,0.0013608189,0.05217408,1.912716e-05,5.2699633e-08,6.814301000000001e-08,1.3494947e-07,1.1572358e-07,1.5538759000000004e-07,2.2307672999999998e-07,4.109153000000001e-07,0.009075711,0.05379606,7.733552000000001e-05,126.69500000000002,135.7531,4.179439e-06,6.3274550000000005,0.005573495,1.3482379999999998,0.0008239861300000002,7.485657599999999e-05,0.004385786,0.8355618,0.0008239861300000002,7.485657599999999e-05,0.005640013,14.266770000000003,0.0008239861300000002,7.485657599999999e-05,0.0015915396999999997,14.1495229,0.0008239861300000002,7.485657599999999e-05,0.004361497000000001,5.822384000000001e-07,1.960506e-05,0.005720928999999998,0.4412955,-0.00049011008,-0.003109758,-0.0033984310000000004,7.483055999999999e-07,9.780787999999998e-06
73,1607548800,0.1358858,0.1359047,0.03764316,-1.0613039,0.6989088999999999,0.3176985,0.6098809999999999,0.48710250000000005,0.001470678,0.05766865,1.926951e-05,1.7411094e-07,1.9933795e-07,2.8013645e-07,2.7420554999999997e-07,3.483351e-07,4.953678e-07,8.965879000000001e-07,0.013654711,0.054210539999999995,7.433295e-05,121.02470000000001,130.0318,4.509002e-06,6.54913,0.0057892180000000005,1.4630560000000001,0.00056716396,5.1425732999999995e-05,0.005409874,1.2318992,0.00056716396,5.1425732999999995e-05,0.005390654,10.5976326,0.00056716396,5.1425732999999995e-05,0.0013480680000000002,10.2910571,0.00056716396,5.1425732999999995e-05,0.00436192,5.853459e-07,1.9608230000000002e-05,0.035238302,2.7949536999999998,0.00025523881,-0.0031086580000000003,-0.0034060849999999997,8.074479e-07,1.004171e-05
73,1607549400,0.1329398,0.1329588,0.03430295,-0.9174191,0.7410224999999999,0.3116596,0.6305067,0.48507740000000005,0.0016910567,0.05744671,1.9106470000000002e-05,1.1364636000000002e-07,1.3410393000000003e-07,2.1081762000000005e-07,2.1021993000000005e-07,2.7938053999999995e-07,4.175439999999999e-07,8.323460999999999e-07,0.013837295,0.05256403,6.537362000000002e-05,119.61510000000001,129.4736,4.411802e-06,6.383803,0.005696626999999999,1.447438,0.0006051156400000001,5.4815856000000004e-05,0.005400908000000001,1.2511075,0.0006051156400000001,5.4815856000000004e-05,0.005354429,10.4465826,0.0006051156400000001,5.4815856000000004e-05,0.001323064,10.207284999999999,0.0006051156400000001,5.4815856000000004e-05,0.004358434999999999,5.883279e-07,1.957365e-05,-0.08535656999999999,16.0763826,0.0023976076999999998,-0.0031392920000000006,-0.0034234,8.195616e-07,1.1099654e-05
73,1607550000,0.1421064,0.1421255,0.03229453,-0.7666668000000001,0.7625105999999999,0.3171141,0.669808,0.5217909000000001,0.0016333018,0.059623319999999994,1.921491e-05,6.812429e-08,8.189137000000001e-08,1.5617794e-07,1.37492e-07,1.8511043000000002e-07,2.9322000000000003e-07,6.606423e-07,0.017758100000000006,0.05322129,7.173305999999999e-05,122.10979999999999,125.2345,4.716539e-06,6.536466999999999,0.00583001,1.545965,0.0008389353000000001,7.6208949e-05,0.00616247,1.6042,0.0008389353000000001,7.6208949e-05,0.005689036,14.631015,0.0008389353000000001,7.6208949e-05,0.0016602424,14.463334,0.0008389353000000001,7.6208949e-05,0.00437009,5.512652e-07,1.9649600000000002e-05,0.009956622000000002,0.532724,-0.00073970556,-0.003158239,-0.0034427930000000004,7.615983e-07,9.868071e-06
73,1607550600,0.12830190000000002,0.12832110000000002,0.04173752,-1.06058,0.7002586000000001,0.31026869999999995,0.6016684999999999,0.46047649999999996,0.0013184488000000001,0.05337495,1.9333520000000002e-05,4.8052e-08,6.477167000000001e-08,1.3542635e-07,1.0872207e-07,1.5113533999999997e-07,2.2319468999999997e-07,4.6135690000000003e-07,0.009540663999999999,0.05454358,6.515681e-05,123.2308,135.2969,4.263991e-06,6.214805,0.005644374,1.3910609999999999,0.0008669120000000001,7.876602e-05,0.004486713000000001,0.8771812000000001,0.0008669120000000001,7.876602e-05,0.0057266669999999995,15.069346,0.0008669120000000001,7.876602e-05,0.001657144,14.952663999999999,0.0008669120000000001,7.876602e-05,0.004387714,5.619993e-07,1.980309e-05,-0.06801117500000001,27.033743899999997,0.0015223992000000003,-0.0032016320000000003,-0.003484877000000001,7.783058999999999e-07,1.0411782e-05
73,1607551200,0.1274759,0.12749530000000003,0.06896439000000001,-1.0141943999999998,0.7099717,0.30803259999999993,0.6107435999999999,0.4672642000000001,0.0013409962000000002,0.05308968000000001,1.952359e-05,8.884665999999999e-08,1.0332027e-07,1.7552453000000002e-07,1.5368619000000002e-07,2.0724924e-07,2.8643769e-07,5.794588e-07,0.010510373,0.053118109999999996,0.00010670402,122.4263,133.65659999999997,4.233256e-06,6.4584019999999995,0.005593658,1.375539,0.00055792081,5.0445617e-05,0.004718919,0.9616750999999999,0.00055792081,5.0445617e-05,0.005444706999999999,9.998273000000001,0.00055792081,5.0445617e-05,0.0013576378000000001,9.685562999999998,0.00055792081,5.0445617e-05,0.004408532000000001,5.804765e-07,2.001324e-05,-0.579593706,15.414448799999999,0.0003733447,-0.0031948420000000007,-0.003480383,8.104642000000001e-07,1.0509505e-05
73,1607551800,0.1327868,0.1328065,0.07264912999999999,-1.0114919,0.7418103,0.3145324,0.6277693,0.47746469999999996,0.0015425024,0.05711049,1.961313e-05,6.163386999999999e-08,7.837568e-08,1.5126305e-07,1.3407119e-07,1.7481119e-07,2.6342360000000005e-07,5.480997999999999e-07,0.011369603,0.05491179,0.00011015254999999998,122.7921,133.0077,4.412118e-06,6.222484,0.005733037,1.440524,0.00040165986,3.6165907e-05,0.004939858,1.0344339999999999,0.00040165986,3.6165907e-05,0.005317392,7.609324000000001,0.00040165986,3.6165907e-05,0.0012198403,7.200100000000001,0.00040165986,3.6165907e-05,0.004419083,6.092933999999999e-07,2.012565e-05,-0.011044997,9.0819793,0.002040991,-0.003173795,-0.003466069,7.93651e-07,1.0264247000000001e-05
73,1607552400,0.14795410000000003,0.1479735,0.0807234,-0.7813484999999999,0.7937493,0.3237927,0.6876960000000001,0.5298912,0.0021032790000000004,0.06306404000000002,1.948005e-05,9.303799e-08,1.1240997e-07,1.9362900000000002e-07,1.9728134000000002e-07,2.5467109999999996e-07,3.8463809999999997e-07,8.346421000000001e-07,0.01804199,0.055816569999999996,0.00011582638,116.62539999999998,126.0327,4.91216e-06,6.403266,0.005965339,1.611075,0.00071399424,6.487505920000001e-05,0.006178583,1.634521,0.00071399424,6.487505920000001e-05,0.005484878,12.485221,0.00071399424,6.487505920000001e-05,0.0014235626,12.290042880000001,0.00071399424,6.487505920000001e-05,0.004400436,6.135176e-07,1.996342e-05,0.05389493599999999,8.0536375,0.0029368807,-0.003159021,-0.0034492049999999995,7.483065000000001e-07,1.0007200999999999e-05
73,1607553000,0.16206369999999998,0.16208289999999997,0.09407243,-0.6422602,0.8492886000000001,0.3338421,0.7388475999999999,0.5821304,0.002385664,0.06914984999999998,1.942648e-05,1.5240902e-07,1.7308225999999998e-07,2.5433994999999996e-07,2.8903366000000003e-07,3.3816033e-07,5.304550000000001e-07,1.1044772e-06,0.02450069,0.05638272999999999,0.0001449839,112.70263,120.1991,5.380424999999999e-06,6.448832,0.006082977,1.723996,0.00068572611,6.221286020000001e-05,0.007237477000000001,2.219308,0.00068572611,6.221286020000001e-05,0.005462824,11.615606,0.00068572611,6.221286020000001e-05,0.0014322529999999999,11.422559799999998,0.00068572611,6.221286020000001e-05,0.004387108,6.106282e-07,1.985155e-05,-0.41117903599999994,14.7896242,0.0013642007,-0.003148655,-0.003445165,8.043333999999999e-07,1.0437408000000001e-05
73,1607553600,0.1487825,0.1488016,0.07089472,-0.7910566,0.7863990999999999,0.3249687,0.689871,0.5367539,0.0020213354999999997,0.06320046,1.924721e-05,8.063134e-08,9.498131999999999e-08,1.6060264e-07,1.4446849e-07,2.0588977e-07,3.003452e-07,6.170887000000001e-07,0.017960693000000003,0.056310210000000006,0.00011808158999999998,119.343,126.27059999999999,4.940289000000001e-06,6.206906,0.005909902999999999,1.5942399999999999,0.0003351911,3.0055865999999998e-05,0.006120735,1.6004441,0.0003351911,3.0055865999999998e-05,0.005295164,7.242483,0.0003351911,3.0055865999999998e-05,0.0012567831,6.816357000000001,0.0003351911,3.0055865999999998e-05,0.004372989000000001,5.506594e-07,1.966894e-05,-0.036198161,4.9427506999999995,0.0006555347,-0.003174175,-0.003461235,7.712499999999999e-07,1.0260995e-05
73,1607554200,0.1778837,0.1779028,0.05436145999999999,-0.9940084,0.8036871000000001,0.3522751,0.6983089,0.5851678,0.0034934129000000007,0.0772825,1.928098e-05,1.4235139000000001e-07,1.6119581e-07,2.3953924000000004e-07,2.3986255e-07,3.2155247999999996e-07,4.898019e-07,9.776074e-07,0.03157883400000001,0.057262219999999996,9.748603e-05,115.24839999999999,116.57843,5.9063699999999995e-06,6.298091000000001,0.0066046939999999995,1.9094950000000002,0.0006812783,6.175209e-05,0.007922013,2.8098728,0.0006812783,6.175209e-05,0.005678832,12.846266,0.0006812783,6.175209e-05,0.0016787061,12.553339999999999,0.0006812783,6.175209e-05,0.00437057,6.357427000000001e-07,1.971491e-05,0.025851561000000002,26.601945600000004,0.004260931399999999,-0.003130661,-0.0034320339999999996,9.266751e-07,1.1526483e-05
73,1607554800,0.20139449999999998,0.20141369999999997,0.056918289999999996,-0.6813041,0.9109782,0.3625798,0.7973493,0.6476072,0.003157022,0.08761213000000001,1.9275180000000003e-05,1.0529997e-07,1.1821509000000001e-07,2.0041509e-07,2.1505917999999996e-07,3.0825433000000006e-07,5.144405000000001e-07,1.1700849e-06,0.04224092,0.05836671,8.612649999999999e-05,111.97957999999998,110.76787999999999,6.68492e-06,6.258838,0.006667601,2.1583300000000003,0.0006780846759999999,6.152015199999998e-05,0.009181072,3.7486293,0.0006780846759999999,6.152015199999998e-05,0.005512929,12.2638558,0.0006780846759999999,6.152015199999998e-05,0.0015292963,12.024891700000001,0.0006780846759999999,6.152015199999998e-05,0.004382947,6.270889e-07,1.982086e-05,0.07145666399999999,11.1606588,0.0041693981,-0.003131988,-0.003440692,8.600696e-07,1.0882618e-05
73,1607555400,0.24658760000000002,0.2466067,0.04713698,-0.6242257,0.9988808000000002,0.3970854,0.8907646999999999,0.7278222,0.005695364,0.10741383000000002,1.9401199999999996e-05,1.5677159999999997e-07,1.6473809000000004e-07,2.6251434e-07,3.118041e-07,4.202917100000001e-07,7.0587502e-07,1.6423309e-06,0.06295173,0.060254489999999994,8.319207999999999e-05,109.20305,99.43801,8.183184e-06,6.275855,0.007104362,2.6195880000000002,0.00086381263,7.8489719e-05,0.011564978,5.599494999999999,0.00086381263,7.8489719e-05,0.005678356,15.920774,0.00086381263,7.8489719e-05,0.0017227642000000002,15.763655,0.00086381263,7.8489719e-05,0.00438765,6.540471e-07,1.990027e-05,-0.021137921,3.8669802000000004,0.001101559291,-0.003070281,-0.0034106370000000002,7.951631999999999e-07,1.0293332999999999e-05
73,1607556000,3.4093136,3.4093331,0.017874983,-0.9604914000000001,2.53354,1.3795202,2.420361,2.2258812000000003,0.118184055,1.4415073,2.137477e-05,3.2764646999999997e-06,3.1796096999999996e-06,4.4034709e-06,7.938334999999999e-06,1.0881816000000002e-05,2.0057110000000002e-05,4.7436305999999995e-05,1.6479119,0.05633272,0.00031096232000000004,80.29616000000001,66.33305,0.00011331843999999999,6.442708999999999,0.023927414,36.143615999999994,0.0019215353700000003,0.000175170162,0.04927419,145.86543999999998,0.0019215353700000003,0.000175170162,0.0069903510000000006,47.833692,0.0019215353700000003,0.000175170162,0.0036184198,47.574492,0.0019215353700000003,0.000175170162,0.004514506,5.684604499999999e-06,2.4823880000000003e-05,0.181744009,41.674714800000004,0.0172177971,-0.0008626009999999998,-0.0020050382,2.7187008e-06,3.1545247000000006e-05
73,1607556600,7.5976,7.597619999999999,-0.003037853,-1.4944029999999997,4.038047,2.4916579999999997,3.9094939999999996,3.702637,0.03497671,3.0873600000000008,3.39481e-05,1.6965658e-05,1.698691092e-05,2.05935927e-05,2.9338851000000004e-05,3.75939931e-05,6.03059705e-05,0.00012816823,3.747106,0.050878469999999995,0.0004896321,68.41788,51.369690000000006,0.0002525731,6.0629100000000005,0.0429389,79.26003,0.007537908,0.0006894798,0.08960087,329.3501,0.007537908,0.0006894798,0.009986941000000001,151.32128000000003,0.007537908,0.0006894798,0.007058623,153.11382999999998,0.007537908,0.0006894798,0.004746817,1.0390206e-05,2.9895550000000002e-05,0.0090429608,0.3415583,0.006076127,0.0015331429999999998,-0.0003732774,8.424674e-07,1.434528e-05
73,1607557200,5.73313,5.733149,0.0043914642,-1.3335054,3.884442,2.1198740000000003,3.5906599999999997,3.288398,0.043161,2.359471,3.2420860000000004e-05,1.48952079e-05,1.5630192299999998e-05,1.9040067300000002e-05,2.7213513999999998e-05,3.568514100000001e-05,5.675961499999999e-05,0.00012072311999999998,2.7057149999999996,0.16005484999999997,0.0004900601,76.21446999999999,56.837469999999996,0.00019052160000000002,6.209993000000001,0.03655048,61.29145000000001,0.00667768851,0.000610886094,0.07548788000000001,239.96499999999997,0.00667768851,0.000610886094,0.008633371,120.08098099999998,0.00667768851,0.000610886094,0.005713762999999999,122.38005400000002,0.00667768851,0.000610886094,0.0048232990000000005,1.4148525e-05,3.3841810000000006e-05,0.07021273399999998,82.7652003,0.04243856,0.0008123624,-0.0009746437999999999,9.786346200000002e-06,8.963133999999999e-05
73,1607557800,9.922506,9.922515999999998,0.0011953960999999999,-1.611607,5.22421,2.876048,4.2317789999999995,3.951383,0.19332076,4.680861999999999,4.278038000000001e-05,2.636367e-05,2.7027300399999994e-05,3.3059317e-05,4.6140262e-05,6.069512200000001e-05,9.774959500000002e-05,0.00020029746,4.732042,0.22697340000000002,0.0017213721000000001,74.99548,55.04401,0.00032961320000000004,6.3153369999999995,0.04914436,105.14349999999999,0.008147642,0.00074519134,0.09898923000000001,416.7474,0.008147642,0.00074519134,0.009989110999999998,168.658077,0.008147642,0.00074519134,0.006982619,170.79292700000002,0.008147642,0.00074519134,0.005525674999999999,3.0644779999999994e-05,5.038523e-05,-0.17497605,60.02660999999999,0.06032003000000001,0.0033261003999999995,0.0012726936,1.1755366e-05,9.963738000000001e-05
73,1607558400,10.816568,10.816583,0.000581843,-1.2930233999999998,6.014996,2.897439,4.9134,4.227429000000001,0.9764479999999999,5.612069,4.2239709999999995e-05,2.5075928999999994e-05,2.5973320999999998e-05,3.2263118e-05,4.6763308e-05,6.320692199999999e-05,0.00010802734999999998,0.00022366607,4.729658000000001,0.6751958,0.0028761660000000003,83.84881,62.652229999999996,0.00035896140000000006,6.598043,0.04976998,116.24598,0.0093620674,0.0008567890800000001,0.09766317999999999,418.50329999999997,0.0093620674,0.0008567890800000001,0.010923569,238.27318,0.0093620674,0.0008567890800000001,0.007953936,238.96161,0.0093620674,0.0008567890800000001,0.0059635239999999996,4.1081579999999995e-05,6.100917e-05,0.018399454,23.01381,0.07655092,0.004785563,0.0019520769,1.4948642e-05,0.00014047003999999996
73,1607559000,29.210279999999994,29.210279999999994,-0.0021702099999999997,-1.6905640000000002,7.679409,5.0505510000000005,7.02629,6.5032250000000005,0.59985856,12.560884,3.859928e-05,2.6134045000000004e-05,2.19295284e-05,2.9409386999999998e-05,5.097306999999999e-05,6.2986892e-05,0.00011238404599999999,0.00026307329,13.780269999999998,0.8217871000000001,0.002480083,78.72119,55.7889,0.0009715339999999999,5.626166,0.08616891,304.3675999999999,0.00792610924,0.0007238817700000001,0.1708424,1207.067,0.00792610924,0.0007238817700000001,0.014006369000000001,265.30499999999995,0.00792610924,0.0007238817700000001,0.010415349,263.861082,0.00792610924,0.0007238817700000001,0.007036603000000001,6.151046999999999e-05,8.200271e-05,0.075400832,13.772165900000001,0.07033364,0.0079962,0.005089197,2.0319813e-05,0.00021304047999999996
73,1607559600,28.431639999999998,28.431669999999997,-0.0029761412,-1.626558,8.167708000000001,4.918215,7.204792,6.482035000000001,1.1841453100000001,13.204649,7.738146e-05,4.788228999999999e-05,4.657052e-05,5.81618e-05,8.607641000000001e-05,0.00010760558000000001,0.0001723668,0.00038387090000000006,13.43442,0.7784487,0.002002787,76.94635000000001,55.77769000000001,0.0009449860999999999,6.2917369999999995,0.08487205,300.0461,0.029763624,0.00272807309,0.16814810000000002,1185.6593,0.029763624,0.00272807309,0.016720432,606.4701200000001,0.029763624,0.00272807309,0.012542778,615.17846,0.029763624,0.00272807309,0.007627058000000001,6.936555e-05,0.00010349799,-0.015528522000000003,12.654647999999998,0.08969556999999999,0.0070395990000000006,0.004292631,3.3879548e-05,0.00028559030999999996
73,1607560200,15.49924,15.49925,-0.0015248838000000002,-1.4298235,6.479036000000001,3.571969,5.752037,5.0916809999999995,0.44757985,6.7370410000000005,3.6555139999999994e-05,1.9462117e-05,2.0080516000000002e-05,2.650509e-05,4.1995504999999995e-05,5.601248600000001e-05,0.00010226714000000001,0.00022378451999999997,6.449204,1.297106,0.002796077,90.23179999999999,68.05533999999999,0.0005143980999999999,6.171966,0.06129711,164.01989999999998,0.041014415,0.0037575630000000007,0.1161413,567.7166,0.041014415,0.0037575630000000007,0.01469884,695.77017,0.041014415,0.0037575630000000007,0.01179647,715.46912,0.041014415,0.0037575630000000007,0.006247954,4.3106859999999996e-05,6.372768e-05,0.079925544,12.3358272,0.061812860000000004,0.005824674,0.002988194,1.3111536000000003e-05,0.00012930701
73,1607560800,18.00737,18.0074,-0.00096861277,-1.255089,7.390724999999999,3.81942,6.743156999999999,5.865405000000001,0.16560338,7.3851640000000005,3.859509e-05,1.9862254999999998e-05,1.89650303e-05,2.2871389000000003e-05,3.514163e-05,4.1934682e-05,6.936489e-05,0.00015123520999999997,7.356001000000001,1.6449190000000002,0.0023825170000000002,93.83893,68.54301,0.0005983737,5.767893,0.06280039000000001,190.454,0.022992267499999997,0.0021053684300000003,0.12529240000000003,648.4473,0.022992267499999997,0.0021053684300000003,0.0143046,477.1496,0.022992267499999997,0.0021053684300000003,0.01145097,484.55780000000004,0.022992267499999997,0.0021053684300000003,0.006343307000000001,4.406467e-05,6.459953e-05,0.0030001799999999994,2.3255380000000003,0.03845595,0.006152108000000001,0.003257856,7.3694580000000004e-06,5.7421239999999994e-05
73,1607561400,17.47207,17.47209,-0.0015428244999999999,-1.0847171999999998,7.670783999999999,3.595469,6.733893,5.458214,1.6129288800000001,9.122432,4.0721780000000006e-05,2.4498108000000004e-05,2.5465342000000003e-05,3.2639320000000006e-05,5.1598661000000005e-05,6.9885616e-05,0.00012706604,0.00026906760999999995,7.110705,1.6220309999999998,0.0026714919999999997,92.46023,72.44847,0.0005801205,6.385871,0.061852210000000005,187.40759999999995,0.0465024877,0.00426053427,0.11820101999999999,632.4988000000001,0.0465024877,0.00426053427,0.0166047,841.0449000000001,0.0465024877,0.00426053427,0.013695959999999998,862.2124,0.0465024877,0.00426053427,0.006308329999999999,4.9585699999999995e-05,7.054471000000002e-05,-0.15937254899999997,32.025013,0.08497979,0.005776656,0.0028379940000000004,3.0874026e-05,0.00028170645
73,1607562000,15.65351,15.65352,-0.0011535156500000001,-1.228189,7.121092,3.53119,6.308592,5.412765,0.18478431,6.466240000000001,3.3900739999999995e-05,1.6614986e-05,1.7982058e-05,2.1440771e-05,3.48075e-05,4.9137e-05,8.304209e-05,0.00018125323,6.020301000000001,1.803472,0.002555942,93.13174000000001,74.43537,0.0005200025,6.310263000000001,0.05874296,167.8321,0.030082053739999996,0.002755957838,0.11275516000000001,534.2882,0.030082053739999996,0.002755957838,0.013477319000000001,549.17358,0.030082053739999996,0.002755957838,0.010610759,561.06501,0.030082053739999996,0.002755957838,0.006587445000000002,5.0510500000000004e-05,7.105293e-05,0.045259637000000005,8.748771999999999,0.053475260000000004,0.006595134,0.003772267,1.2551737e-05,0.0001196269
73,1607562600,30.01597,30.016000000000002,-0.0033365026999999997,-1.4295190000000002,8.695953999999999,4.9093539999999996,7.8527819999999995,7.114305999999999,1.23003004,14.093821,9.541685000000001e-05,7.0167127e-05,7.192414e-05,8.3488997e-05,0.00011810834,0.00015377734,0.00022992882000000001,0.00046679959000000003,13.833997,1.1705432999999998,0.0021835557,76.97036,60.18167,0.0009977105,5.996053,0.08274422999999999,314.688,0.040938118,0.00375307409,0.16702789999999998,1212.993,0.040938118,0.00375307409,0.01860266,842.6356,0.040938118,0.00375307409,0.014739611000000003,854.4446,0.040938118,0.00375307409,0.008319448,8.597295e-05,0.00011871131999999999,0.0156832674,8.9133002,0.08129752,0.009098690999999999,0.005555085999999999,2.5069705e-05,0.00021431444
73,1607563200,25.749519999999997,25.749579999999998,-0.0033536760000000007,-1.289733,8.837669,4.562853,7.927555,7.057751999999999,0.34294866,10.769114,4.176966e-05,2.9537388000000003e-05,2.7460498e-05,3.6388931e-05,6.140037e-05,8.511798e-05,0.00014476388999999998,0.00031882953,11.462903,1.4084800000000002,0.002663968,83.99769,61.240660000000005,0.0008554653,6.202413,0.0755414,270.6516,0.0286066241,0.0026193924799999993,0.15600930000000002,1004.8669000000002,0.0286066241,0.0026193924799999993,0.015940170000000004,545.04299,0.0286066241,0.0026193924799999993,0.012763601000000003,556.3086599999999,0.0286066241,0.0026193924799999993,0.007717066,7.644533e-05,9.723283000000001e-05,0.008058572999999998,1.8672111,0.04797343999999999,0.009628237999999999,0.0059742530000000005,1.1847218000000002e-05,9.404914999999999e-05
73,1607563800,27.888979999999997,27.889010000000003,-0.003034128,-1.312844,9.003462,4.752765,8.104973,7.290672000000001,0.4637694999999999,11.724779999999999,7.315594999999999e-05,6.61445e-05,6.2725491e-05,7.4576112e-05,0.00010795745,0.00014456976000000002,0.00021329639999999997,0.00043661567000000004,12.620287000000001,1.3202760000000002,0.0027801650000000002,80.98803999999998,59.613459999999996,0.0009266100999999998,6.022317999999999,0.07927578,293.04679999999996,0.022175955000000004,0.00202954496,0.163856,1107.7472,0.022175955000000004,0.00202954496,0.01610384,498.6288600000001,0.022175955000000004,0.00202954496,0.013005015,503.30559000000005,0.022175955000000004,0.00202954496,0.008155760000000001,8.776144999999999e-05,0.00010857632000000001,0.04045775,6.310359400000001,0.06456111,0.010505791,0.006849717000000001,1.4728247999999997e-05,0.00012103026999999999
73,1607564400,30.25564,30.25566,-0.002953349,-1.2971730000000001,9.139666,4.941315,8.586863000000001,7.726774000000001,0.07688074000000002,12.17784,6.110751e-05,5.5759860000000005e-05,5.0552818000000004e-05,6.3436642e-05,9.69743e-05,0.00013697084,0.00020669111000000002,0.0004443061,13.88734,1.23625,0.0031400810000000003,80.76813,58.21213,0.0010052076,6.4227170000000005,0.08238159999999999,317.6379,0.0235920458,0.0021594561799999994,0.1724231,1219.74,0.0235920458,0.0021594561799999994,0.017018726,558.0398299999999,0.0235920458,0.0021594561799999994,0.013841038,562.76066,0.0235920458,0.0021594561799999994,0.008449402,9.433234e-05,0.00011493,0.012473950000000001,0.7198328999999999,0.04551859,0.01123709,0.007445439000000001,1.1730061999999999e-05,8.972073e-05
73,1607565000,22.920130000000004,22.92018,-0.002810831,-1.2701734000000002,8.288048999999999,4.195253,7.179594999999999,6.398521,0.7075796700000001,10.178226,3.962468e-05,2.7581746e-05,2.5417055999999994e-05,3.3751278e-05,5.727227e-05,8.187378000000001e-05,0.00013496297,0.00030178587000000005,10.332747,1.1243336,0.002307243,84.18404,61.97745000000001,0.0007616503999999999,6.342736,0.07248274999999998,239.8744,0.03958965,0.0036260912999999994,0.14512328000000002,905.4997,0.03958965,0.0036260912999999994,0.016870837000000003,738.08713,0.03958965,0.0036260912999999994,0.013763356,754.58948,0.03958965,0.0036260912999999994,0.007489779,7.601734000000001e-05,9.688264999999999e-05,0.0376053351,22.1174378,0.09355218000000001,0.00869895,0.005419500999999999,2.2692665999999997e-05,0.00019918026999999998
73,1607565600,13.424132,13.424150000000001,0.0004249938000000001,-0.6149324999999999,7.57429,2.7560260000000003,6.003897,5.122319,0.72279467,6.300945999999999,4.002e-05,2.35925447e-05,2.472277e-05,2.9989433e-05,4.3946909e-05,6.162106e-05,9.990483000000001e-05,0.00019605759999999998,5.2336998999999995,1.4761611000000001,0.0017089482,94.52991999999999,86.19782,0.0004455975,6.568104,0.05386666999999999,143.74656,0.019948233899999997,0.0018269303200000003,0.09314056,461.7673900000001,0.019948233899999997,0.0018269303200000003,0.012398905,390.94404,0.019948233899999997,0.0018269303200000003,0.009362135999999998,397.89523,0.019948233899999997,0.0018269303200000003,0.0064377340000000005,5.377897999999999e-05,7.391271999999999e-05,-0.1280431,67.668893,0.10075816,0.006413026,0.0032111972999999995,3.0859833e-05,0.00032012472
73,1607566200,21.877160000000003,21.877160000000003,-0.00038987930000000003,-0.9638152000000002,8.092375,3.904401,7.463327000000001,6.548374,0.6209085799999998,9.254451,4.4741079999999996e-05,2.9731912e-05,2.9069915999999995e-05,3.6394029e-05,5.638355e-05,7.913872e-05,0.00012932332,0.00028071020000000006,9.509032999999999,1.4262622,0.0026195710000000002,86.47984,66.17594,0.0007265873,6.269647,0.06870471,233.37959999999998,0.02735369137,0.002505036954,0.13885000000000003,841.4603,0.02735369137,0.002505036954,0.015129623,511.69507000000004,0.02735369137,0.002505036954,0.012065023000000001,522.48235,0.02735369137,0.002505036954,0.006926287000000001,5.92602e-05,7.981129e-05,0.010455201000000003,11.2100811,0.06671159,0.007702072999999999,0.004392399999999999,1.7190157000000003e-05,0.00017398505999999999
73,1607566800,23.970850000000002,23.970900000000004,-0.0022102500000000004,-1.573258,7.775525,4.557753,7.092628,6.276491000000001,0.26303404,9.863652999999998,5.6398760000000003e-05,4.4672179999999994e-05,4.2811183e-05,5.1557640000000005e-05,7.382841e-05,0.00010399031000000001,0.00015468286,0.00033334996000000005,10.407847,1.573897,0.002848183,84.4438,63.178039999999996,0.0007960216,6.291903,0.0766752,253.06200000000007,0.035079976299999996,0.0032129631969999998,0.1493528,916.5884,0.035079976299999996,0.0032129631969999998,0.015096782000000003,626.1215,0.035079976299999996,0.0032129631969999998,0.012033986,641.46194,0.035079976299999996,0.0032129631969999998,0.007258489999999999,6.785554e-05,8.876674000000001e-05,0.23886338999999998,19.1622236,0.07682154,0.008259937,0.00512986,2.7251806e-05,0.00028381979000000003
73,1607567400,24.18002,24.18007,-0.0021025269,-1.4904936000000002,7.984780000000001,4.521834,7.283848000000001,6.432723,0.46783977,10.289683,8.281645e-05,7.318961000000001e-05,7.3026299e-05,8.5837841e-05,0.00011662312000000003,0.00015406296000000002,0.00023470722,0.00045572866999999995,10.542936,1.5430030000000001,0.002827109,84.47642,62.99353,0.0008028205,6.400116,0.07595377,253.2404,0.0457251844,0.00418912193,0.1494672,922.7466000000001,0.0457251844,0.00418912193,0.016775793,843.45288,0.0457251844,0.00418912193,0.013786909,861.86612,0.0457251844,0.00418912193,0.00726279,6.733606e-05,8.820709e-05,0.015327979999999995,16.1133365,0.07072443,0.008280341,0.005151149000000001,2.3377355999999997e-05,0.00021471701999999999
73,1607568000,24.867839999999998,24.867870000000003,-0.0017370161999999997,-1.585271,8.089144999999998,4.637522,7.03754,6.2347150000000005,0.9083941899999999,11.746031000000002,7.489746e-05,6.419520999999999e-05,6.3250096e-05,7.5163315e-05,0.00011160712,0.00014562349,0.00022226733,0.00044321907000000006,10.980329,1.4496259999999999,0.0027845959999999994,82.71355,61.8636,0.0008260487,6.428959000000001,0.07762158,261.2657,0.043368884,0.00397265535,0.1520845,961.3886,0.043368884,0.00397265535,0.01699004,806.40381,0.043368884,0.00397265535,0.013958635,824.3865600000001,0.043368884,0.00397265535,0.007831867,7.977797e-05,0.00010076504999999999,-0.028643983,3.9525464999999995,0.06338519,0.009518111999999999,0.006216031000000001,2.0147517e-05,0.00019379382
73,1607568600,14.101310000000002,14.101339999999999,-0.0031840946000000004,-1.1213659,6.7803569999999995,3.2934959999999998,5.987957,5.227621999999999,0.51906535,6.4341539999999995,4.440901000000001e-05,2.8268717000000002e-05,2.8904135000000002e-05,3.5592175999999995e-05,5.333271999999999e-05,6.828914999999999e-05,9.851935000000001e-05,0.00020263181,5.695328,1.3535595000000002,0.0012286250000000001,86.04626,69.4863,0.0004685266,6.222600000000001,0.059184179999999996,149.59520000000003,0.03878269661000001,0.003553419947,0.10926024000000001,499.1916,0.03878269661000001,0.003553419947,0.014438334000000002,661.55605,0.03878269661000001,0.003553419947,0.011559082000000002,680.26163,0.03878269661000001,0.003553419947,0.007042520000000001,6.618333e-05,8.671662e-05,0.022441519999999993,36.574543000000006,0.10651751000000001,0.0075484689999999995,0.004603100000000001,3.9134415000000004e-05,0.00039351600999999996
73,1607569200,27.63959,27.639609999999998,-0.0007954852,-1.4401309999999998,8.378017,4.753634999999999,7.510053999999999,6.677604,1.2785865600000001,12.472037,6.128210000000001e-05,4.9448904000000005e-05,4.87511e-05,5.907138799999999e-05,8.611937999999999e-05,0.00011534642999999999,0.00017864456,0.00037942769,12.460945,1.3555920000000001,0.002304613,78.87568,61.32744,0.0009187920000000001,6.065918,0.0813339,295.01919999999996,0.0373436665,0.0034206341199999996,0.16060061,1105.2839,0.0373436665,0.0034206341199999996,0.016724990000000002,741.79087,0.0373436665,0.0034206341199999996,0.013284985999999999,754.3554200000001,0.0373436665,0.0034206341199999996,0.007178912,6.474456e-05,8.532841000000001e-05,-0.005417725000000002,21.176632100000003,0.08253975,0.00823395,0.0050893069999999995,2.1388067000000003e-05,0.00022765867
73,1607569800,21.895580000000002,21.89559,-0.0018097750000000002,-1.5151299999999999,7.118879,4.255466,6.531313,5.928108,0.69588812,9.426531999999998,4.639362e-05,3.0763152000000006e-05,2.9903965e-05,3.6901176000000006e-05,5.628081e-05,7.201833e-05,0.00011060529999999998,0.00024449299,9.600508000000001,1.3449659999999999,0.0017081020999999998,87.22434,63.52829999999999,0.0007276937,6.276234,0.07354051,234.07649999999998,0.043752705,0.0040079699,0.141214,852.5084999999999,0.043752705,0.0040079699,0.016403166000000004,806.52205,0.043752705,0.0040079699,0.013133148,825.13544,0.043752705,0.0040079699,0.006884939000000001,6.010635000000001e-05,8.117952e-05,-0.012860895000000006,45.0981806,0.09377508,0.007255745000000001,0.004326894999999999,3.2899322e-05,0.0003435749
73,1607570400,25.38183,25.38186,-0.0019085563000000004,-1.443799,8.339879,4.597033,7.50473,6.68653,0.75364612,11.09397,6.880922e-05,6.0429050000000004e-05,5.7689483999999987e-05,7.039567000000001e-05,0.00010136383,0.00013508042,0.0002103982,0.0004430237,11.328923,1.358099,0.0027781380000000003,80.65746,60.95491,0.0008432792999999999,6.361291999999999,0.07679377000000001,263.60420000000005,0.04452095704000001,0.004078431703000001,0.154242,987.3324,0.04452095704000001,0.004078431703000001,0.016390291999999997,779.018973,0.04452095704000001,0.004078431703000001,0.013484318,800.280356,0.04452095704000001,0.004078431703000001,0.007856552999999999,7.987203e-05,0.00010044418,0.016151147012400002,8.0267029,0.0658517,0.009727985,0.006430849,1.8676342e-05,0.00018198191
73,1607571000,20.042250000000003,20.042279999999998,-0.0003322743,-1.1891,7.817265000000001,4.001796000000001,7.247058999999998,6.357943000000001,0.051731759999999995,8.07939,6.0104470000000005e-05,4.808849e-05,4.6477908e-05,5.5565197e-05,7.738224999999999e-05,0.00010510462,0.00015949269000000002,0.00032728297,8.416821,1.600703,0.0027528400000000003,87.04812,66.04734,0.0006656030000000001,6.435225,0.06492186999999999,207.7044,0.024375934,0.0022318716,0.13360350000000001,731.7920999999999,0.024375934,0.0022318716,0.014498979999999998,467.08900000000006,0.024375934,0.0022318716,0.0117407,476.92085,0.024375934,0.0022318716,0.006690267999999999,5.0197170000000006e-05,7.087414e-05,-0.004142033999999998,0.9989831,0.0358973,0.006915639999999999,0.004111205,6.227923999999999e-06,5.425080999999999e-05
73,1607571600,18.604906999999997,18.604919,-0.00046924849999999997,-1.0263548,7.895372,3.6424399999999997,6.74601,5.807315,1.14752926,9.752238,5.8056199999999995e-05,4.2864003e-05,4.4689210000000006e-05,5.3773932e-05,7.706828200000001e-05,0.000101148384,0.000165595276,0.00033815314000000004,7.665735,1.6342244999999997,0.0016297091999999999,86.2569,73.90007,0.0006182314000000001,6.1832709999999995,0.06103432000000001,191.26207,0.027294660000000005,0.002499548,0.11876081000000001,661.6007,0.027294660000000005,0.002499548,0.015117769999999999,530.366,0.027294660000000005,0.002499548,0.012074668,541.4854,0.027294660000000005,0.002499548,0.006131578,4.8320139999999994e-05,6.900399999999999e-05,0.04491879509999999,66.391632,0.09963583,0.005223904000000001,0.0023633354,3.1395769e-05,0.00028097475999999997
73,1607572200,11.458499,11.458523,0.002333743,-0.99263675,6.309755,2.9436990000000005,5.644709000000001,4.643317,0.2814221,4.9140749999999995,3.4552949999999996e-05,1.6784502e-05,1.796919e-05,2.292221e-05,3.346276e-05,4.5963489999999994e-05,8.226946000000001e-05,0.00017761669999999998,3.987916,1.7386679999999999,0.002256251,86.57399000000001,80.80594,0.00038060610000000006,6.4914049999999985,0.048583320000000006,119.00094000000001,0.024538046440000003,0.002247847588,0.08973697,342.6741,0.024538046440000003,0.002247847588,0.012115662999999999,425.81383000000005,0.024538046440000003,0.002247847588,0.009447482000000002,437.29859000000005,0.024538046440000003,0.002247847588,0.005455428,2.6771919999999998e-05,4.695345e-05,0.01633913,31.390963999999997,0.04626542,0.0034571489999999996,0.00116207205,1.3110215000000001e-05,0.00012328416000000002
73,1607572800,18.232530000000004,18.23256,-0.0026954685,-1.4048047000000001,6.925411999999999,3.7889309999999994,6.011809,5.552907,0.8587648600000002,8.669564,5.3350130000000005e-05,3.7828587e-05,3.76507852e-05,4.4755625e-05,6.5018567e-05,7.999389199999999e-05,0.00013038473,0.00027687331,8.821005,0.2923997400000001,0.002153361,70.89410000000001,54.16867,0.0006064406000000001,6.052909,0.06445809,186.9876,0.0196703695,0.00180055447,0.13330132,763.7588999999999,0.0196703695,0.00180055447,0.013818694000000001,386.58405,0.0196703695,0.00180055447,0.010543714999999999,393.12525,0.0196703695,0.00180055447,0.005997214,4.116496e-05,6.160065000000001e-05,-0.03994098,55.684785399999996,0.09259024,0.005130411,0.0025589804999999995,2.882344e-05,0.00031283921999999997
73,1607573400,11.633486000000001,11.633498000000001,-0.0018916711,-1.542839,5.208908999999999,3.102648,4.707857000000001,4.489149,0.17726457999999998,4.857537,4.528804000000001e-05,2.6010708999999996e-05,2.6167990800000003e-05,3.07863972e-05,4.326817e-05,5.3944145999999997e-05,8.705804000000001e-05,0.00018201148000000002,5.74421,0.06975202999999999,0.002305348,67.37877,51.262080000000005,0.00038703969999999996,5.963927,0.053257,120.6356,0.011676704,0.001068361,0.1102843,499.57280000000003,0.011676704,0.001068361,0.011385009999999997,218.22015000000002,0.011676704,0.001068361,0.00847882,222.33568,0.011676704,0.001068361,0.005771498,3.5804929999999995e-05,5.608802e-05,0.0047305709999999985,55.91722699999999,0.07049255,0.004197679,0.0020074470000000003,1.8591429000000002e-05,0.00018010035000000002
73,1607574000,12.501290000000001,12.501299999999999,-0.0023973293000000002,-1.551669,5.396302,3.222236,4.886324,4.634016000000001,0.14912295000000003,5.183914,5.0666609999999994e-05,3.3413249e-05,3.4517552999999994e-05,4.263315e-05,6.054252e-05,8.146421e-05,0.00013607277,0.0002885472,6.164122,0.08299265,0.0028187100000000003,66.18404,51.38733,0.00041544270000000005,6.530233,0.05491009,127.88499999999999,0.0090011109,0.0008230712299999998,0.11397439999999999,533.2982,0.0090011109,0.0008230712299999998,0.011270664,195.8511,0.0090011109,0.0008230712299999998,0.008330714999999999,197.72667,0.0090011109,0.0008230712299999998,0.005887014,3.758979e-05,5.790656e-05,-0.06897664,31.270173,0.057590300000000004,0.004598905,0.002297834,1.6243737000000003e-05,0.00014995739
73,1607574600,20.474814,20.474815999999997,-0.0024487202000000002,-1.4425557,7.098592999999999,3.932339,6.231339999999999,5.793252,1.23762825,9.595103,4.926793000000001e-05,3.4662406e-05,3.5313353e-05,4.4222124000000004e-05,6.780648999999999e-05,8.7571945e-05,0.000147515841,0.00032130224,10.028159,0.20690207999999996,0.0015713929,70.49622000000001,53.053459999999994,0.0006807454000000001,6.130147000000001,0.06886306,213.69075000000004,0.012828447600000004,0.00117335242,0.14011173000000002,875.8671,0.012828447600000004,0.00117335242,0.012985011000000001,282.011287,0.012828447600000004,0.00117335242,0.009492802000000002,284.832171,0.012828447600000004,0.00117335242,0.0064505510000000005,5.676861e-05,7.730171e-05,-0.132290773,86.37300300000001,0.12986112,0.006206000000000001,0.00333368,4.1015365e-05,0.00040507829
73,1607575200,30.60202,30.60202,-0.0024216679999999997,-1.66152,8.205924,5.164953000000001,7.566157,6.967338000000001,0.26174016000000005,12.467882,4.996556999999999e-05,4.0819337000000005e-05,3.7372569e-05,4.6309942000000004e-05,7.75374e-05,0.00010025518000000001,0.00016576735999999996,0.00035334972000000003,14.37799,0.9193214,0.00283895,81.94421,56.023939999999996,0.0010173956000000001,6.017542000000001,0.08676442,317.7705,0.03903767649999999,0.0035750651,0.1747164,1254.8464,0.03903767649999999,0.0035750651,0.017379230000000002,711.97581,0.03903767649999999,0.0035750651,0.013971131000000001,727.30189,0.03903767649999999,0.0035750651,0.007819938000000002,7.795248000000001e-05,9.860959e-05,-0.048056685,4.3503778,0.049973140000000006,0.009636115,0.006383795,1.1359989000000001e-05,9.783638000000002e-05
73,1607575800,28.172907,28.172929,-0.00311247935,-1.5586134999999999,8.110032999999998,4.761031999999999,7.078867000000001,6.4439720000000005,1.4395578299999998,13.353063,9.678995000000001e-05,7.936731300000001e-05,8.2447905e-05,9.7704017e-05,0.00013737506000000002,0.00017880758,0.00027536122,0.00055933615,13.248860000000002,0.8332697,0.002854593,76.22707,57.68107,0.0009362501000000003,6.382002,0.08065813,291.34889999999996,0.0164526858,0.0015052381799999998,0.16116217,1154.2303,0.0164526858,0.0015052381799999998,0.015051280000000004,427.2768300000001,0.0164526858,0.0015052381799999998,0.011263794,428.6925499999999,0.0164526858,0.0015052381799999998,0.0076403109999999995,7.824106999999999e-05,0.00010432114000000002,-0.0003409879999999914,44.0645378,0.10271595999999998,0.008234765000000002,0.005024035,3.9292437999999994e-05,0.00037996509
73,1607576400,19.58214,19.58215,-0.001161969665,-1.61172,6.682067000000001,4.0773340000000005,6.031947000000001,5.4322289999999995,0.32302729,8.44401,4.4938510000000004e-05,2.7571832999999996e-05,2.6529520000000005e-05,3.2019356999999996e-05,4.9758090000000007e-05,6.226343299999999e-05,9.923703999999999e-05,0.00021012714999999997,8.984776,0.8031609,0.002595437,81.80621,58.657439999999994,0.0006512688,5.926598,0.07073400999999999,202.8164,0.01249393155,0.001143446103,0.1374728,782.6922000000001,0.01249393155,0.001143446103,0.012578002,285.018457,0.01249393155,0.001143446103,0.00938261,287.282368,0.01249393155,0.001143446103,0.006613851,5.016431999999999e-05,7.091439999999999e-05,0.047954409999999996,17.4050851,0.06604943,0.0068083530000000005,0.003962739,1.4917969e-05,0.00015900206
73,1607577000,15.845099999999999,15.84514,-0.002542845,-1.666961,6.053997000000001,3.7464129999999995,5.518256,4.85891,0.08803857000000001,6.482598,4.184071e-05,2.3315686e-05,2.3785911e-05,2.8929037999999998e-05,4.6990890000000004e-05,6.334757100000001e-05,0.00010117623,0.00021780286,6.814954,1.1039806000000003,0.003075725,86.30460000000001,64.0081,0.000526494,6.20954,0.06264455999999999,165.08120000000002,0.0049338920000000005,0.00045012769999999995,0.1203473,593.9523999999999,0.0049338920000000005,0.00045012769999999995,0.011806693,205.91215000000003,0.0049338920000000005,0.00045012769999999995,0.008809941000000002,202.48925,0.0049338920000000005,0.00045012769999999995,0.006344176,5.20127e-05,7.265715999999999e-05,-0.01263378,3.3587800000000003,0.04061824,0.005759978000000001,0.0030148130000000003,2.2948747e-05,0.00014421832999999995
73,1607577600,15.392069000000001,15.392084000000002,-0.0015114205,-1.588921,6.005621,3.5678740000000007,5.289387,4.744082000000001,0.9293412099999999,7.0409169999999985,4.759210999999999e-05,3.190281400000001e-05,3.2497942e-05,4.0676761e-05,5.982278e-05,8.003607e-05,0.00013953099999999998,0.00029359993,7.005261,0.6869617,0.0031046290000000002,81.4145,59.61208999999999,0.0005111038999999999,6.497656000000001,0.060322560000000004,159.12573,0.02037462349,0.001866456243,0.11770652,607.3181999999999,0.02037462349,0.001866456243,0.012411585999999999,409.57244000000003,0.02037462349,0.001866456243,0.009354445999999999,416.57291999999995,0.02037462349,0.001866456243,0.00600209,3.889418e-05,5.945172000000001e-05,-0.03415774,31.263081999999997,0.06330237,0.00493693,0.0025575748000000002,1.6348975e-05,0.00015753906
73,1607578200,13.319239999999999,13.31925,-0.0015850278,-1.5485092999999999,5.844141,3.3528640000000003,5.020429,4.592352,0.36426752999999995,5.981542,4.282975e-05,2.5158667000000003e-05,2.5542895e-05,3.1546561999999996e-05,4.496836999999999e-05,5.981027000000001e-05,0.00010640603,0.00020367121,6.029961,0.6267592,0.0023708899999999996,81.48425,59.64873,0.00044259290000000004,6.4065650000000005,0.058019409999999993,137.9747,0.0191859593,0.0017566610699999998,0.1126404,523.8507,0.0191859593,0.0017566610699999998,0.012170527,340.00178999999997,0.0191859593,0.0017566610699999998,0.009198830000000002,348.26815000000005,0.0191859593,0.0017566610699999998,0.0059524439999999994,3.6625730000000006e-05,5.7048090000000006e-05,-0.024008026999999998,28.6391979,0.062027870000000006,0.004904868999999999,0.0026437780000000003,1.3422921e-05,0.00013735783
73,1607578800,19.616290000000003,19.61632,0.0005940701999999999,-1.4481505,7.094318000000001,3.9728920000000003,6.463809,5.770676,1.11175664,9.196541999999999,4.677561e-05,3.1187775e-05,3.0664112e-05,3.7352989e-05,5.5298695e-05,7.101886700000001e-05,0.00011741987,0.0002473854,9.004874000000001,0.8001267999999999,0.002534377,81.64791,59.58287999999999,0.0006521241,6.243892,0.06902861000000002,200.3271,0.025409027799999994,0.0023266696500000004,0.134484,777.6656999999999,0.025409027799999994,0.0023266696500000004,0.013473861999999998,436.69822999999997,0.025409027799999994,0.0023266696500000004,0.010278324,448.14207000000005,0.025409027799999994,0.0023266696500000004,0.006254903000000001,4.32978e-05,6.37091e-05,0.03641605999999999,12.1171654,0.06765338,0.005933302999999999,0.0032533729999999995,1.5889559000000002e-05,0.00016788914
73,1607579400,20.665570000000002,20.66559,-0.00041357300640000003,-1.5689204,6.915023,4.211629,6.231227,5.763664,0.55300598,8.84079,5.413884e-05,3.7338404e-05,3.7906132999999996e-05,4.6843697e-05,6.920805000000001e-05,9.150948e-05,0.0001481307,0.00030713505,8.697095000000001,1.6321754000000002,0.0027455459999999998,86.76370999999999,65.78779999999999,0.0006863934999999999,6.25237,0.07242878,217.14719999999997,0.046340554,0.004245238899999999,0.1357046,763.5038,0.046340554,0.004245238899999999,0.01743917,882.4757999999999,0.046340554,0.004245238899999999,0.014380462,900.7946,0.046340554,0.004245238899999999,0.006801205,5.390913999999999e-05,7.446536000000001e-05,-0.0366786313,15.637237100000004,0.05051785000000001,0.0071841200000000004,0.004435211,1.1006496000000001e-05,0.00010563789
73,1607580000,26.02907,26.029110000000003,-0.003223886,-1.546456,8.253176999999999,4.72754,7.386190000000001,6.588202000000001,0.49999934999999995,11.205589999999999,6.749604e-05,5.7848319999999994e-05,5.4875642000000015e-05,6.7987546e-05,9.511563e-05,0.00011994926200000001,0.00018476201,0.00038221115000000003,11.787212,1.2237149999999999,0.0025892379999999998,81.22068,59.55486,0.0008651735000000001,6.117568999999999,0.07875493,269.9239,0.0399797847,0.00366215056,0.1577903,1027.4785000000002,0.0399797847,0.00366215056,0.01714664,771.1145100000001,0.0399797847,0.00366215056,0.014075309,786.96593,0.0399797847,0.00366215056,0.0076761,7.483386000000001e-05,9.546211e-05,-0.014442916599999998,9.8088325,0.06651532,0.009318791,0.006096506999999999,1.8244477999999998e-05,0.00019004413000000005
73,1607580600,30.10637,30.106389999999998,-0.0019370307,-1.4620301,8.788287,4.9432540000000005,7.944503999999999,7.030191,1.96711941,14.419754000000001,0.00010572506999999999,9.742588999999999e-05,9.7015154e-05,0.00011743287000000002,0.00015405807999999997,0.00019335910999999998,0.00029245681,0.0005770033999999999,13.853277,1.1957606,0.0025386977999999998,77.57719,58.82867,0.0010004823000000001,6.324806,0.08281364,307.7891,0.017517060869999997,0.0016031800999999999,0.16771320000000003,1197.7877,0.017517060869999997,0.0016031800999999999,0.01467812,391.49032,0.017517060869999997,0.0016031800999999999,0.011331221999999998,394.28507999999994,0.017517060869999997,0.0016031800999999999,0.0077369,7.826409e-05,9.911847999999999e-05,-0.004057596600000002,13.7823373,0.08751528,0.009581639,0.006148334,2.2192436e-05,0.00023060839999999999
73,1607581200,18.31918,18.319209999999998,-0.00271414,-1.3461760000000003,7.34381,3.888263,6.616365,5.816878999999999,0.30972928999999993,7.992989,6.947891000000001e-05,5.4914113e-05,5.7041254e-05,7.155241099999999e-05,9.479779e-05,0.00011866719599999998,0.0001824008,0.00036331387000000003,7.712694000000001,1.444486,0.0014181966,82.11417000000002,65.91161,0.0006081834,6.366930999999999,0.06577154,193.02839999999998,0.02470968805,0.002263469886,0.1279873,676.9675,0.02470968805,0.002263469886,0.013943558,516.326378,0.02470968805,0.002263469886,0.010845196000000001,524.080287,0.02470968805,0.002263469886,0.006811272,5.7227799999999994e-05,7.778864e-05,0.052053989999999994,28.406699200000002,0.08523306,0.007158781,0.0042448650000000004,2.0446629e-05,0.00020397849
73,1607581800,34.07649,34.07651,-0.002108025,-1.526799,9.674916,5.3397060000000005,8.111121,7.430626999999999,1.1756001,15.776382000000002,8.025598000000001e-05,7.498444e-05,7.261438999999999e-05,9.170556e-05,0.00013051263999999996,0.00016621009,0.0002708041,0.0005722695000000001,15.766761000000002,1.2669989999999998,0.003043306,81.13872,58.16210000000001,0.0011321642999999998,6.584743999999999,0.08927007,347.8712,0.0497592888,0.0045576500700000005,0.18033110000000002,1364.5341999999998,0.0497592888,0.0045576500700000005,0.01960095,978.8092999999999,0.0497592888,0.0045576500700000005,0.015969737,996.73206,0.0497592888,0.0045576500700000005,0.007636138000000001,7.812978000000001e-05,9.862394e-05,-0.10668229999999998,29.079409400000003,0.10922654000000001,0.009410309,0.0060073719999999995,2.4073837e-05,0.00024196365000000005
73,1607582400,31.40247,31.40249,-0.0019289214999999998,-1.5304818999999998,9.037774,5.116299,7.762176000000001,7.066079,1.4546843900000002,15.058269999999998,7.320047000000001e-05,6.223608e-05,6.0857421e-05,7.348479e-05,0.00010397238999999999,0.00013222595,0.00019950313,0.000402691,14.077787999999998,1.6203759999999998,0.0019880174,81.07684000000002,61.63324,0.0010438407000000001,6.085601,0.08618588999999999,324.8551,0.07991588999999999,0.0073219571,0.1695207,1225.6365999999998,0.07991588999999999,0.0073219571,0.02144249,1407.2724999999998,0.07991588999999999,0.0073219571,0.01801046,1443.7941,0.07991588999999999,0.0073219571,0.007535056,7.640552e-05,9.719882999999999e-05,0.010281281999999996,45.329225599999994,0.1154463,0.008910653000000001,0.005767448999999999,3.987109e-05,0.0004240105
73,1607583000,34.0237,34.0237,-0.00010612670000000003,-1.5762530000000001,8.990821,5.384802,8.226026999999998,7.552543999999999,0.8460699700000001,14.432510000000002,0.00010147634999999999,9.305542e-05,9.506372000000002e-05,0.00011578209,0.00016103616,0.00021184919999999997,0.00032424209,0.0006731689999999999,16.05781,0.9495979999999999,0.002683174,75.27123999999999,55.698339999999995,0.0011303472999999997,6.500718000000001,0.09050319,354.9319,0.0219010026,0.0020040357999999998,0.1845807,1409.377,0.0219010026,0.0020040357999999998,0.016439,499.38143999999994,0.0219010026,0.0020040357999999998,0.012536121,504.4142500000001,0.0219010026,0.0020040357999999998,0.007921398,7.998144e-05,0.00010080684000000001,0.014809800000000003,2.955753833,0.06372555999999999,0.00990127,0.006555165,1.3080807999999997e-05,0.00012996902000000002
73,1607583600,37.82449999999999,37.82451,-0.00039115738,-1.6048369999999998,9.524548,5.690955000000001,8.459508,7.824953000000001,0.9181318900000001,16.529040000000002,5.853774e-05,5.300477399999999e-05,4.7513093e-05,6.147779000000001e-05,9.537687999999998e-05,0.00012939849999999998,0.000203435928,0.00045931202,17.66988,1.2384624,0.0028285990000000002,81.10805,56.909389999999995,0.0012574817,6.057659,0.09620886,394.4828,0.047696718299999996,0.0043684380100000005,0.193201,1549.4840000000002,0.047696718299999996,0.0043684380100000005,0.018719549999999998,902.6892899999999,0.047696718299999996,0.0043684380100000005,0.015074602000000001,921.30506,0.047696718299999996,0.0043684380100000005,0.008376446999999999,9.268634e-05,0.00011386634,0.05585614000000001,6.178116439999999,0.07420826999999999,0.010906346,0.007312470999999999,1.6776246e-05,0.00016726279
73,1607584200,32.67467,32.674699999999994,-0.00020899301000000002,-1.4563490000000001,9.289663,5.17806,8.331817,7.436891,1.9833395699999996,15.989800000000002,8.348403e-05,3.5330641e-05,3.2608967e-05,4.1521856999999995e-05,6.630159e-05,8.651768999999999e-05,0.00012384276200000003,0.00027586069,14.59915,1.735876,0.0015991933,83.39952000000001,61.550689999999996,0.0010867037,5.949419,0.08681709,342.1958,0.085643373,0.0078453331,0.1735805,1280.6605000000002,0.085643373,0.0078453331,0.0226072,1483.2785,0.085643373,0.0078453331,0.01813648,1523.7155,0.085643373,0.0078453331,0.009112509,0.00012129606000000002,0.00016013057,-0.23170250000000006,19.96937749,0.09280587,0.009917205,0.006513036,7.235379299999999e-05,0.00045119605
73,1607584800,19.356117,19.356131,0.0013741769700000002,-0.9817244,7.768210999999999,3.759281,6.5508880000000005,5.73535,1.0851616400000001,9.387736,4.2734299999999995e-05,2.7236570999999997e-05,2.7854102e-05,4.049251e-05,5.650159000000001e-05,8.596082e-05,0.00013041912,0.00027607849,8.512044,1.1635323,0.0018051331,85.90165999999999,65.22274,0.0006427103,6.398464,0.06475715,204.98988,0.0306945353,0.0028113644399999998,0.12803512,749.3963000000001,0.0306945353,0.0028113644399999998,0.01540866,614.23802,0.0306945353,0.0028113644399999998,0.012207205,624.7676100000001,0.0306945353,0.0028113644399999998,0.007602007000000001,7.776683e-05,9.855306000000001e-05,-0.039168154999999996,33.1076674,0.10163059,0.00894236,0.005816460000000001,2.8337648e-05,0.00027337719
73,1607585400,17.02824,17.02827,-0.0024268560000000007,-1.540354,6.44326,3.776893,5.8440650000000005,5.164955999999999,0.5219410999999999,7.1636359999999994,3.935084e-05,2.3218993e-05,2.3167778999999998e-05,3.2242886e-05,4.603104e-05,6.987337000000001e-05,8.850336e-05,0.00018529228,7.203877000000001,1.3082466,0.0014966435,86.54308999999999,66.88826000000002,0.0005659224,6.204832999999999,0.06460597000000001,181.7275,0.013021128600000001,0.00119141483,0.1218958,636.344,0.013021128600000001,0.00119141483,0.012162099,295.91370500000005,0.013021128600000001,0.00119141483,0.009082258,298.6500909999999,0.013021128600000001,0.00119141483,0.007882919999999998,8.361283000000002e-05,0.00010435487,-0.05792085699999999,14.644970399999997,0.08251971,0.009583072,0.006359494,3.2316505e-05,0.00032249085
73,1607586000,15.52519,15.525210000000001,-0.002304829,-1.6009079999999998,6.136950000000001,3.6816310000000003,5.601545,4.879126,0.05893828999999999,6.284397,3.786978e-05,2.1044713e-05,2.1566774e-05,3.2291728e-05,4.4613140000000004e-05,6.902024999999999e-05,8.930025e-05,0.00019178212,6.283989,1.476338,0.0017457017000000001,92.23098000000002,69.06052,0.0005155601,6.267162,0.062122430000000006,166.0215,0.022103659,0.0020240931,0.11646399999999998,557.3473,0.022103659,0.0020240931,0.013947504,455.22367,0.022103659,0.0020240931,0.011007453,462.74985,0.022103659,0.0020240931,0.007830993,7.751259999999999e-05,9.783316000000001e-05,-0.028192549,1.3106441,0.04669361,0.009570772,0.006418397000000001,1.2468802e-05,0.00010480771
73,1607586600,15.45521,15.45523,-0.0025203739999999997,-1.6144960000000002,6.068099,3.6683749999999997,5.49718,4.827034,0.18857778,6.333438,3.80269e-05,2.102188e-05,2.1726948999999998e-05,2.891582e-05,4.451751e-05,5.417248000000001e-05,8.620788999999999e-05,0.00018807081,6.226567,1.4987499999999998,0.001819981,94.4945,69.50786,0.0005133163000000001,6.362965,0.061598280000000005,161.9958,0.0389212126,0.00356593532,0.1149043,543.2266999999999,0.0389212126,0.00356593532,0.014701462000000002,713.90935,0.0389212126,0.00356593532,0.011791124,730.90379,0.0389212126,0.00356593532,0.006704054999999999,5.203863000000001e-05,7.240724e-05,0.0671970374,4.5535619,0.055700309999999996,0.006735805,0.004135069,1.1528005e-05,0.00010601833
73,1607587200,19.49814,19.49814,-0.0033519100000000005,-1.3613537,7.379023999999999,3.938064,6.466059,5.675236,1.05922775,9.244786999999999,5.021304e-05,3.6075496e-05,3.7958232e-05,5.096228e-05,7.301225000000002e-05,9.357917e-05,0.00015633995,0.0003337542,8.410869000000002,1.3352903,0.0020502569999999998,82.66834,65.94206000000001,0.0006473643,6.312259999999999,0.06775219,206.41469999999998,0.017216462300000002,0.00157590425,0.12994957000000001,741.0814,0.017216462300000002,0.00157590425,0.013530261000000002,395.58772999999997,0.017216462300000002,0.00157590425,0.010433158,399.69339,0.017216462300000002,0.00157590425,0.0068332,6.146023e-05,8.160524999999999e-05,-0.08160222,44.3157611,0.10427655999999999,0.007049838,0.0043191819999999995,2.597811e-05,0.00025702132999999995
73,1607587800,16.232729999999997,16.232750000000003,0.00019522150000000001,-1.3740745,6.719568,3.638918999999999,6.118911,5.306223000000001,0.28063425999999997,6.930343000000001,3.85262e-05,2.1467361e-05,2.134536e-05,3.137581899999999e-05,4.0193658e-05,5.0084174e-05,8.011451999999998e-05,0.00017570826,6.637632000000001,1.476709,0.0015683183,93.10244,68.46402000000002,0.0005393698000000001,6.211132,0.06212395,172.435,0.020352815,0.0018636403500000003,0.11901387,585.7169000000001,0.020352815,0.0018636403500000003,0.012894534000000003,430.74368000000004,0.020352815,0.0018636403500000003,0.009910247,436.91732999999994,0.020352815,0.0018636403500000003,0.006565545000000001,5.340671e-05,7.391791e-05,0.11631543500000001,42.72393699999999,0.08735277999999999,0.006295157,0.003634006,2.612539e-05,0.00026764272
73,1607588400,11.611536,11.61156,-0.0060625553,-1.2378388,5.986457,2.992941,5.225036000000001,4.5422530000000005,0.4300594699999999,5.146068,4.522931e-05,2.8690541000000005e-05,2.9856637000000003e-05,3.9275637e-05,5.104969999999999e-05,6.382139e-05,9.892732e-05,0.00020001838999999998,4.478024,1.3255419,0.001657182,92.74625,74.21749,0.0003853173,6.588696999999999,0.052749559999999994,122.7681,0.0101941468,0.00093289229,0.09644936000000001,392.54589999999996,0.0101941468,0.00093289229,0.010452748,217.27800000000002,0.0101941468,0.00093289229,0.007675428999999999,219.84426,0.0101941468,0.00093289229,0.006279519999999999,4.6153829999999994e-05,6.624348e-05,0.027321175000000003,34.423266,0.0809235,0.00551326,0.003238993,2.2317962e-05,0.00022261629999999996
73,1607589000,13.99803,13.998050000000001,-0.0018429081,-1.4785,6.031384999999999,3.3495619999999997,5.264485,4.719333,0.4917561999999999,6.480141999999999,3.65361e-05,1.9798249e-05,2.0223327e-05,2.6816098000000004e-05,4.085831e-05,5.570085e-05,8.635262999999999e-05,0.00018132750999999998,5.646711,1.3503264000000001,0.0015048792,95.81105,73.26297000000001,0.0004650802,6.368717999999999,0.05735572,149.38770000000002,0.021613286509999996,0.001979929429,0.10570063999999998,499.5651000000001,0.021613286509999996,0.001979929429,0.012511458,420.2248000000001,0.021613286509999996,0.001979929429,0.009649521,427.66921,0.021613286509999996,0.001979929429,0.006827338,5.818559e-05,7.842975e-05,-0.05070857000000001,16.837068,0.06835789,0.007010529,0.004301429000000001,2.0151816000000003e-05,0.00019144676
73,1607589600,10.191886,10.191899999999999,-0.0024813251000000004,-1.3390338,5.418465,2.8571820000000003,4.703320000000001,4.24273,0.28276312,4.392729999999999,2.6293429999999997e-05,8.323953e-06,8.723163e-06,1.2675455e-05,2.2496553999999998e-05,3.4249990000000005e-05,5.501746e-05,0.00011383935999999999,3.721621,1.372604,0.0014312502,94.90745999999999,77.47794,0.000338391,6.307092,0.050043159999999996,109.75322000000001,0.025267349499999998,0.00231466256,0.08873597000000001,329.38680000000005,0.025267349499999998,0.00231466256,0.012529571,443.02186,0.025267349499999998,0.00231466256,0.009836878000000002,454.0451999999999,0.025267349499999998,0.00231466256,0.006464215999999999,5.126118e-05,7.136721e-05,-0.06808675500000001,35.36593599999999,0.08954693,0.006055693999999999,0.0036022140000000003,2.5673253000000002e-05,0.00026189581000000007
73,1607590200,14.890980000000003,14.890989999999999,-0.0017423105000000001,-1.531016,5.993131,3.484821,5.41014,4.804271,0.43718482999999997,6.451207999999999,2.987874e-05,1.3697115000000002e-05,1.3919241e-05,1.8725314e-05,3.0811519e-05,4.216101999999999e-05,7.449464e-05,0.00017002273999999998,6.168657,1.2749805,0.0014730212999999998,90.07097000000002,71.48178999999999,0.0004948144,6.026571000000001,0.059082789999999996,157.66889999999998,0.015817539999999998,0.0014479119,0.11026074000000001,543.9091,0.015817539999999998,0.0014479119,0.012854636999999999,330.85285000000005,0.015817539999999998,0.0014479119,0.009837630000000002,335.39916000000005,0.015817539999999998,0.0014479119,0.005840194,3.739738e-05,5.737403e-05,-0.16359899099999997,38.058049000000004,0.06988411,0.004620811999999999,0.0022874720000000005,2.5399466000000003e-05,0.00025777098000000003
73,1607590800,12.88006,12.880109999999998,-0.0033951348,-1.3689339999999999,6.069786,3.2386489999999997,5.2496730000000005,4.638742,0.29922115,5.888636,4.110417e-05,2.412951e-05,2.5000260000000002e-05,2.9519357000000003e-05,4.1264612e-05,5.244064500000001e-05,8.151133700000001e-05,0.0001703883,5.211343,1.2270236,0.0012259488,92.42954999999999,70.09611000000001,0.00042784120000000005,6.207478,0.05577226,137.22729999999999,0.005434737100000001,0.0004969207159999999,0.10469511000000001,460.77970000000005,0.005434737100000001,0.0004969207159999999,0.010640881000000001,180.50413000000003,0.005434737100000001,0.0004969207159999999,0.007731278999999999,178.81133,0.005434737100000001,0.0004969207159999999,0.005527470999999999,3.052995e-05,5.050858e-05,-0.010509600999999997,78.278044,0.08414024,0.003697046,0.0014535639,2.3377812e-05,0.00024540686
73,1607591400,15.113024999999999,15.113058999999998,-0.000870705,-1.395972,6.294866,3.4894110000000005,5.742026,5.06948,0.6192029299999999,6.783557,3.255652e-05,1.6412962000000003e-05,1.6257889999999998e-05,2.0596523e-05,3.2084942e-05,4.757357e-05,7.484998e-05,0.00014932037,6.420529999999999,1.1343243,0.0012812311000000001,88.86135,67.05497,0.0005020965,6.2642940000000005,0.06014575000000001,158.99380000000002,0.0219342019,0.00200903052,0.11474688,563.6805999999999,0.0219342019,0.00200903052,0.012831587,421.49548999999996,0.0219342019,0.00200903052,0.009841077,429.8841199999999,0.0219342019,0.00200903052,0.006257904,5.0060839999999996e-05,6.994959000000002e-05,0.06229245799999998,98.6858518,0.12407272000000003,0.005716692,0.0032792856999999996,4.6836095000000003e-05,0.00050692622
73,1607592000,19.786076,19.786118000000002,0.0007498928999999999,-1.4742723999999998,6.924361,3.9875780000000005,6.204939999999999,5.553057,0.7437552499999999,8.957225000000001,4.886923e-05,3.5470620999999996e-05,3.6330178e-05,4.5889182e-05,6.912286999999999e-05,0.00010708641,0.00015517333,0.00033434800000000005,8.983709000000001,0.9065757999999999,0.0019295288,80.45151,60.80814999999999,0.0006572891,6.488168,0.06752889000000001,206.58974000000003,0.006018928099999999,0.00054979216,0.13388469,785.4259,0.006018928099999999,0.00054979216,0.011437363,170.61452000000003,0.006018928099999999,0.00054979216,0.008194869999999998,169.64068,0.006018928099999999,0.00054979216,0.0069651290000000005,6.008437e-05,8.015291999999998e-05,-0.025654094,26.724955599999998,0.07643321,0.007507388000000001,0.004868880000000001,2.4368308e-05,0.00026392767
73,1607592600,13.728070000000002,13.728100000000001,0.0014096662,-1.23298,6.384158,3.2959450000000006,5.840203,5.237184,0.1256194,5.67863,4.035582e-05,2.4352621000000002e-05,2.46734444e-05,3.0378221000000004e-05,4.6391766999999995e-05,6.65777e-05,8.8082545e-05,0.00018836915,6.193262,0.6692905,0.0009957224,82.94559,59.67520999999999,0.00045615349999999995,6.133656,0.05463459,143.0128,0.02718602409,0.00249017879,0.1147586,540.9289,0.02718602409,0.00249017879,0.013486383,462.6969000000001,0.02718602409,0.00249017879,0.010623934,474.95241000000004,0.02718602409,0.00249017879,0.006424088999999999,4.49852e-05,6.474191e-05,-0.011129578300000002,1.1464447,0.03982806,0.005915663,0.0038149600000000005,6.474392999999999e-06,6.860774999999999e-05
73,1607593200,5.907382999999999,5.90741,0.0007568779000000001,-1.2420856,4.073149,2.100162,3.5096199999999995,3.1765719999999993,0.42847968999999997,2.8843585000000003,3.066288e-05,1.2960386e-05,1.3879171600000001e-05,1.69860181e-05,2.6953578000000002e-05,4.292937e-05,5.6418322e-05,0.00011536259,2.8264444,0.12639126,0.0005604552,72.67728,54.33612999999999,0.00019623299,6.356744000000001,0.03644915,64.35287000000001,0.00917213886,0.000839486528,0.07473917,249.02501,0.00917213886,0.000839486528,0.009499305000000001,166.158676,0.00917213886,0.000839486528,0.006537582,169.677998,0.00917213886,0.000839486528,0.0059699390000000005,4.596603000000001e-05,6.569767e-05,0.034862989999999996,101.89973219999999,0.12019535,0.004422911,0.0028494659999999997,4.643274900000001e-05,0.0004862514299999999
73,1607593800,1.511428,1.5114480000000001,0.009248692,-1.631112,2.039949,1.141888,1.686315,1.5562219999999998,0.029361649,0.6490699999999999,2.204921e-05,3.1346395999999997e-06,3.3326908000000004e-06,5.5086759000000005e-06,1.4228578e-05,1.4751295e-05,1.1905408e-05,2.3532592e-05,0.7216962,0.03365589,0.0002817794,78.59755,54.49657,5.023291e-05,6.498774,0.01952734,16.69033,0.00099853283,9.074298e-05,0.03915711,63.15652,0.00099853283,9.074298e-05,0.0061463310000000005,25.588906,0.00099853283,9.074298e-05,0.002845325,25.106759000000004,0.00099853283,9.074298e-05,0.006139927000000001,3.840831e-05,5.783758000000001e-05,-0.01190445,0.62977434,0.03708927000000001,0.004526132999999999,0.00340409,6.115892e-06,5.8501530000000004e-05
73,1607594400,2.245215,2.245233,-0.0007508350000000004,-1.2880867,2.687557,1.3240409999999998,2.280406,2.047676,0.035662120000000005,0.9832028000000002,2.5407240000000002e-05,6.6827868e-06,7.0520104e-06,1.0019496e-05,2.0731169999999997e-05,2.0146566e-05,2.2694009000000005e-05,4.1484161999999994e-05,1.0226967999999999,0.09938118,0.0003898678,81.92869,58.1164,7.458745e-05,6.525295,0.024106560000000003,24.826060000000002,0.00209256669,0.000190936755,0.04674107,90.36111,0.00209256669,0.000190936755,0.006521098,43.731916999999996,0.00209256669,0.000190936755,0.0033597830000000003,43.91758639999999,0.00209256669,0.000190936755,0.00624199,4.216171e-05,6.167499000000001e-05,-0.015207289499999999,7.3273304999999995,0.05070819,0.004792551000000001,0.0034914910000000006,9.423184e-06,8.234123999999999e-05
73,1607595000,2.5780649999999996,2.578084,-0.006410674999999999,-1.0127837,2.945004,1.375596,2.6224929999999995,2.296644,0.03468501000000001,1.075263,2.3854759999999998e-05,5.1866494e-06,5.5332955e-06,7.4911790000000004e-06,1.8223606000000003e-05,2.1371970000000003e-05,2.2418287e-05,4.237173e-05,1.1405604,0.147794314,0.0005418533,81.53765000000001,60.72789,8.565779000000001e-05,6.347983,0.02591274,28.413300000000003,0.0032007356099999994,0.000292469694,0.049487340000000005,100.9292,0.0032007356099999994,0.000292469694,0.007029264,62.553488,0.0032007356099999994,0.000292469694,0.003928201000000001,63.167028,0.0032007356099999994,0.000292469694,0.006283887,4.509803e-05,6.457458e-05,0.0033364439999999996,4.136692999999999,0.04533154,0.004809140000000001,0.003376266,1.0753217e-05,7.775050999999999e-05
73,1607595600,1.9669979999999998,1.967018,0.0028746639000000003,-1.648622,2.25648,1.298933,1.8391300000000002,1.7780429999999998,0.02333333,0.8272504000000002,2.2507370000000002e-05,3.8188879e-06,4.1304953e-06,6.595101999999999e-06,2.106023e-05,1.3667439e-05,1.9795793000000002e-05,3.660893e-05,0.9704482999999999,0.012356899000000001,0.0005817416,72.78020000000001,51.32219,6.537053e-05,6.498918000000001,0.022830259999999998,22.13243,0.0014647591500000002,0.00013344381499999999,0.04572933,85.90471,0.0014647591500000002,0.00013344381499999999,0.006394332000000001,32.815310000000004,0.0014647591500000002,0.00013344381499999999,0.0032214179999999993,32.596997,0.0014647591500000002,0.00013344381499999999,0.006379578999999999,4.646478e-05,6.596315999999999e-05,-0.014735149999999999,3.6495759999999997,0.044862309999999996,0.0049545449999999994,0.0035622760000000005,1.0662268e-05,7.639812999999999e-05
73,1607596200,2.0034350000000005,2.003454,-0.0006097181,-1.6510849999999997,2.305682,1.314295,1.8568330000000004,1.78918,0.016175366,0.8495852999999999,2.100993e-05,2.2557454e-06,2.4585706e-06,4.186581e-06,1.563662e-05,1.3574788000000001e-05,1.3632382999999999e-05,2.6683770000000005e-05,0.9815321000000001,0.019509389999999998,0.0005935621,76.42724000000001,52.01852,6.661264e-05,6.449185,0.02299106,22.39309,0.001577272,0.000143712117,0.04590607000000001,86.43207,0.001577272,0.000143712117,0.006490893,37.16192399999999,0.001577272,0.000143712117,0.003336437,36.915106,0.001577272,0.000143712117,0.006316397,4.573626e-05,6.524275e-05,0.012126422,4.486603000000001,0.04976973999999999,0.004859367,0.003451089,1.1267145e-05,8.303966000000002e-05
73,1607596800,1.9353529999999997,1.9353720000000003,-0.003501649,-1.2636153,2.565229,1.230774,2.048349,1.776954,0.08559225000000001,0.8822049000000002,2.184982e-05,3.0001839e-06,3.2603022e-06,6.303164999999999e-06,1.6998039999999998e-05,1.1612808e-05,1.5088249999999997e-05,2.8513090000000002e-05,0.8798773000000001,0.08703827,0.0006703141000000001,80.20641,57.50515,6.431267e-05,6.545908,0.02244752,21.652980000000003,0.00211913382,0.00019340793199999998,0.04336762,77.86935,0.00211913382,0.00019340793199999998,0.006244530000000001,41.07872,0.00211913382,0.00019340793199999998,0.0030464439999999997,41.266947,0.00211913382,0.00019340793199999998,0.0061931009999999995,4.3076029999999994e-05,6.250576e-05,0.007945409000000002,3.7294979999999995,0.04302156,0.004548036,0.0032167280000000007,1.00426e-05,6.696084e-05
73,1607597400,2.04268,2.0426990000000003,-0.0028931229999999996,-1.419947,2.452275,1.2882149999999997,2.1063650000000003,1.9303710000000003,0.021374854,0.8502838,2.257797e-05,4.1347156e-06,4.797787999999999e-06,1.2617878999999999e-05,1.4643859000000002e-05,1.4837937e-05,2.239278e-05,4.4766080000000004e-05,0.9814176,0.03914241,0.0006556474,75.67319999999998,53.78583,6.782687999999999e-05,6.718733,0.02314169,22.4518,0.0023681444999999997,0.00021616663,0.04586897999999999,86.50046999999999,0.0023681444999999997,0.00021616663,0.006979955999999998,48.85952,0.0023681444999999997,0.00021616663,0.0038078969999999998,49.044647999999995,0.0023681444999999997,0.00021616663,0.006048416,4.0576719999999995e-05,6.005215e-05,0.029567894,4.0685519999999995,0.042213169999999994,0.004216437,0.002895943,9.761527000000002e-06,6.764571e-05
73,1607598000,2.118641,2.1186610000000003,-0.008688583,-1.367779,2.516776,1.294246,2.1601790000000003,2.0017739999999997,0.027077691000000004,0.9093178,2.5859730000000005e-05,7.118573e-06,7.829059e-06,1.6272828e-05,1.6651907e-05,1.8099101e-05,2.6576006e-05,5.0048639999999997e-05,1.0299943999999999,0.02862232,0.0005544822999999999,71.81478000000001,52.89678,7.038884000000001e-05,6.613105999999999,0.023502850000000002,23.142010000000003,0.0025674949000000003,0.00023442399,0.04666167,90.14959,0.0025674949000000003,0.00023442399,0.006782556,47.853966,0.0025674949000000003,0.00023442399,0.0036019659999999994,48.279433999999995,0.0025674949000000003,0.00023442399,0.005938259,3.8296879999999994e-05,5.795134e-05,-0.017759451000000002,3.931604000000001,0.040144110000000004,0.003984778,0.0026447790000000003,9.302321e-06,6.221068000000001e-05
73,1607598600,1.319715,1.319735,-0.0042077498,-1.4066509999999999,2.034701,1.0404735,1.714779,1.57411,0.012078617000000002,0.5523730999999998,2.1953400000000002e-05,2.8955353999999997e-06,3.5517864000000002e-06,9.516086e-06,1.1861511e-05,1.3839263999999998e-05,1.6716656e-05,3.29834e-05,0.6227681,0.03655593,0.00043901439999999997,75.89200000000001,55.650710000000004,4.382169000000001e-05,6.797134,0.01889791,14.726149999999999,0.0012933743,0.000117748262,0.03627811000000001,53.98342,0.0012933743,0.000117748262,0.005971013,24.940239,0.0012933743,0.000117748262,0.002607547,24.929306,0.0012933743,0.000117748262,0.005944471,3.851879e-05,5.798635000000001e-05,-0.019176813,3.92331,0.04095446,0.003872335,0.002710084,9.056367e-06,6.501591e-05
73,1607599200,1.181824,1.1818426,0.0015981233999999996,-1.320214,1.972973,0.9705615,1.6395500000000003,1.50117,0.02265466,0.5104488,2.112559e-05,2.3328209e-06,2.7513012000000004e-06,6.050015e-06,9.698691e-06,9.878872e-06,1.2748372000000002e-05,2.2964606e-05,0.5529339999999999,0.03752314999999999,0.0003860633,82.37763,56.88578,3.926328e-05,6.6111260000000005,0.017289310000000002,13.137798,0.0017664024800000005,0.000161214907,0.03410451999999999,48.36818,0.0017664024800000005,0.000161214907,0.006058442,30.906097999999997,0.0017664024800000005,0.000161214907,0.0026585090000000003,31.174976999999995,0.0017664024800000005,0.000161214907,0.005519924000000001,2.9529519999999997e-05,4.878267e-05,-0.07299601,17.243187,0.03942334,0.002165002,0.001112656,9.322912e-06,6.137511e-05
73,1607599800,0.7794173,0.7794367,0.017394729999999997,-1.1529557000000001,1.8294559999999997,0.7792143,1.4121800000000002,1.2676510000000003,0.018683914,0.3416399,2.0381420000000002e-05,1.2580516e-06,1.4930312e-06,2.3175712e-06,3.887494e-06,5.742278e-06,9.590153e-06,1.8038597e-05,0.3386519,0.050730410000000004,0.0002812139,86.20035,63.236689999999996,2.587789e-05,6.6179559999999995,0.01308947,8.675587,0.00087116524,7.9152814e-05,0.026893490000000003,29.845769999999998,0.00087116524,7.9152814e-05,0.005790946,18.874687,0.00087116524,7.9152814e-05,0.002190934,18.531449000000002,0.00087116524,7.9152814e-05,0.004717377,1.1448120000000001e-05,3.074568e-05,0.10865224999999998,51.12146,0.03700354,-0.0018009900000000001,-0.002537131,8.573703e-06,4.875678e-05
73,1607600400,0.9711053999999999,0.9711250000000001,0.008882759,-1.54908,1.8426189999999998,0.9132474,1.412668,1.272939,0.02410579,0.42363340000000005,2.0818649999999998e-05,1.7623405000000002e-06,1.9490879999999998e-06,2.809726e-06,4.51201e-06,6.582629e-06,1.0429635e-05,1.8345707999999998e-05,0.429699,0.05556953,0.0002340077,86.10946,61.672630000000005,3.2265230000000006e-05,6.316986,0.01541517,10.673328999999999,0.00167535071,0.00015281193899999997,0.03022583,37.68842,0.00167535071,0.00015281193899999997,0.00631332,32.650330000000004,0.00167535071,0.00015281193899999997,0.002811481,32.840848,0.00167535071,0.00015281193899999997,0.004737571,1.227151e-05,3.15962e-05,-0.06059798999999999,49.80026,0.04030438000000001,-0.0016499439999999998,-0.002399356,9.158422999999998e-06,5.800683000000001e-05
73,1607601000,0.9166407999999999,0.9166603999999999,0.009420553000000002,-1.6444420000000002,1.745079,0.8957813,1.326191,1.2075739999999997,0.021424349999999998,0.40192839999999996,2.048718e-05,1.5600246e-06,1.7788320000000003e-06,2.648959e-06,4.384413e-06,6.793207999999999e-06,1.1205977e-05,2.1199229999999997e-05,0.4093173,0.048701470000000004,0.00024711059999999997,84.46179000000001,61.07307999999999,3.0426269999999998e-05,6.722627,0.01515503,9.967951,0.0015347014900000003,0.000139923941,0.029454500000000005,35.83989999999999,0.0015347014900000003,0.000139923941,0.0060812109999999996,28.885794999999995,0.0015347014900000003,0.000139923941,0.002569826,28.961973,0.0015347014900000003,0.000139923941,0.0047049629999999995,1.10489e-05,3.0246229999999997e-05,-0.031493890000000004,47.28401,0.03417507,-0.0017929919999999998,-0.0024868689999999996,7.887433e-06,4.748394e-05
73,1607601600,1.1697060000000001,1.169726,0.00069131549,-1.692145,1.8719069999999998,1.0159034999999998,1.45137,1.345953,0.021440313,0.5043874,2.081514e-05,2.1882073000000003e-06,2.3798298e-06,3.5100885e-06,5.949432e-06,8.142254999999998e-06,1.3092226999999999e-05,2.5807209000000004e-05,0.5491495,0.03535499,0.00028276250000000005,78.13485,56.11972000000001,3.885491e-05,6.4496389999999995,0.017385119999999997,12.80884,0.0006412553599999999,5.80774176e-05,0.03433266,48.42761,0.0006412553599999999,5.80774176e-05,0.005776884,17.302911,0.0006412553599999999,5.80774176e-05,0.0023424119999999994,16.754948900000002,0.0006412553599999999,5.80774176e-05,0.004708045,1.203395e-05,3.112396999999999e-05,-0.14888909,48.27358,0.03691320000000001,-0.0016697590000000003,-0.00236424,8.389988e-06,4.577087e-05
73,1607602200,1.3198359999999998,1.319855,0.0012950423999999999,-1.6125250000000002,2.0055959999999997,1.0640846000000002,1.5907240000000002,1.480994,0.02252394,0.5593158,2.002133e-05,1.2245201999999999e-06,1.3471893e-06,2.2447328e-06,4.252823e-06,6.373201999999999e-06,1.0766128000000002e-05,2.159094e-05,0.6287106999999998,0.0308809,0.00027530759999999996,79.48382,54.830909999999996,4.386417e-05,6.350384,0.01820538,14.387350000000001,0.00110283889,0.00010030181500000001,0.036698470000000004,55.58935,0.00110283889,0.00010030181500000001,0.0059912970000000005,22.023839000000002,0.00110283889,0.00010030181500000001,0.002617655,21.874022,0.00110283889,0.00010030181500000001,0.004708565,1.2197130000000001e-05,3.129502e-05,-0.09415023000000003,46.52447,0.03765979,-0.001485442,-0.0022513100000000003,8.355412e-06,4.8282959999999996e-05
73,1607602800,1.3761900000000002,1.37621,0.004359069,-1.5436520000000002,2.074714,1.079513,1.670825,1.5514970000000001,0.02264145,0.5877981000000001,2.130893e-05,2.7649240999999997e-06,2.9799568000000003e-06,4.0225845e-06,6.394768000000001e-06,9.067609999999998e-06,1.4573647e-05,2.7511239999999998e-05,0.6573224,0.030444659999999995,0.0002540928,76.54127,54.498839999999994,4.574146e-05,6.407169999999999,0.018388170000000002,14.872420000000002,0.0010195663,9.263704900000001e-05,0.03751965,57.94094,0.0010195663,9.263704900000001e-05,0.006183864,24.188547,0.0010195663,9.263704900000001e-05,0.0028353280000000002,23.759397,0.0010195663,9.263704900000001e-05,0.0047136420000000005,1.224962e-05,3.1383340000000004e-05,-0.11883302,46.990050000000004,0.036589290000000003,-0.001408163,-0.002221081,8.730443000000001e-06,5.26449e-05
73,1607603400,1.212646,1.212666,0.003986948000000001,-1.628005,1.960448,1.0249971,1.5149329999999999,1.4105320000000001,0.02534558,0.5230196,2.0737159999999996e-05,2.1329523e-06,2.3053852e-06,3.2923688e-06,5.494825e-06,7.955936999999999e-06,1.2947310999999997e-05,2.5193299999999998e-05,0.5729652000000001,0.03304475,0.0002488337000000001,78.09421,55.56410999999999,4.028791e-05,6.386384,0.017414129999999996,13.075999999999999,0.00121213133,0.00011039172999999999,0.03492911,50.15308,0.00121213133,0.00011039172999999999,0.005966923000000001,24.633868,0.00121213133,0.00011039172999999999,0.0025872939999999995,24.45881,0.00121213133,0.00011039172999999999,0.004686157000000001,1.197095e-05,3.089215e-05,-0.036661280000000004,50.9574,0.04210961,-0.0015606520000000003,-0.0023113199999999995,8.822002e-06,5.982969e-05
73,1607604000,1.0078305,1.0078503,0.004026218199999999,-1.5513089999999998,1.866918,0.9304593000000001,1.4542950000000001,1.312615,0.019504221,0.4366014,2.025656e-05,1.3754642e-06,1.525273e-06,2.3463662e-06,4.009532e-06,6.078487e-06,9.659583e-06,1.836347e-05,0.4621421,0.04148085,0.0002429864,84.12975,58.35506,3.3484150000000004e-05,6.391899,0.01574893,11.090279,0.00149301276,0.000136142966,0.03146307,40.719939999999994,0.00149301276,0.000136142966,0.006071563,27.910894000000003,0.00149301276,0.000136142966,0.002583421,28.021948999999996,0.00149301276,0.000136142966,0.004719078,1.18266e-05,3.1005100000000006e-05,0.12187421999999999,48.962920000000004,0.03669423,-0.001744627,-0.002478073,8.702625e-06,5.04485e-05
73,1607604600,0.9585751,0.9585937000000001,0.011225500999999999,-1.6077839999999999,1.78918,0.9122086000000001,1.38773,1.267013,0.019383193,0.4114854,2.2152449999999998e-05,3.3324472999999997e-06,3.6600336e-06,4.805651e-06,7.05785e-06,1.0005934999999998e-05,1.5876956e-05,2.9024760000000004e-05,0.43792169999999997,0.04101864,0.00026883829999999997,76.52386,58.71196,3.182394e-05,6.709766,0.015377690000000003,10.359512,0.00065202136,5.907646920000001e-05,0.030508230000000004,38.24781,0.00065202136,5.907646920000001e-05,0.00562551,15.0682067,0.00065202136,5.907646920000001e-05,0.002135689,14.6305868,0.00065202136,5.907646920000001e-05,0.004701112,1.126903e-05,3.044072e-05,0.04181946999999999,50.35687,0.03667069,-0.0018086419999999998,-0.002517585,8.087799000000001e-06,4.491397000000001e-05
73,1607605200,0.8963614000000002,0.8963805,0.012853818,-1.580234,1.7159790000000001,0.8806339,1.348091,1.2201369999999998,0.018329489999999997,0.38576020000000005,2.0153630000000002e-05,1.3644402e-06,1.5029063e-06,2.2593495e-06,3.6880172e-06,5.630441999999999e-06,8.807947e-06,1.7547415999999998e-05,0.3968587,0.05108786,0.0001915172,83.63528,61.639649999999996,2.9770569999999997e-05,6.338330000000001,0.014815219999999999,9.694355,0.00108298468,9.86343748e-05,0.029048399999999995,34.76026,0.00108298468,9.86343748e-05,0.005668233,19.073333800000004,0.00108298468,9.86343748e-05,0.0021390943000000003,19.0360409,0.00108298468,9.86343748e-05,0.004617103,8.991615e-06,2.810008e-05,0.28721499,67.84094999999999,0.03662547,-0.001983002,-0.0026270209999999993,7.180109999999999e-06,4.582701e-05
73,1607605800,0.8913028000000001,0.8913222000000001,0.01176937,-1.5610700000000002,1.7619529999999997,0.8778029999999999,1.381205,1.230451,0.016608565,0.3833597,2.0921180000000004e-05,1.8802213e-06,2.1236651999999996e-06,2.9839974e-06,4.85254e-06,7.164530999999999e-06,1.1176206e-05,2.010278e-05,0.3903777,0.05502811999999999,0.00019061390000000002,84.04915000000001,62.42111,2.959522e-05,6.472498,0.014844839999999998,9.814425,0.00171757683,0.000156735202,0.028943829999999997,34.41267,0.00171757683,0.000156735202,0.006133988999999999,31.068557,0.00171757683,0.000156735202,0.002603807,31.255955,0.00171757683,0.000156735202,0.004721597999999999,1.1753089999999999e-05,3.099707e-05,0.11876054999999999,55.153099999999995,0.039098400000000005,-0.0019078600000000002,-0.0025887559999999998,8.808906999999999e-06,5.3040050000000004e-05
73,1607606400,1.0420329000000002,1.0420507,0.015531779999999999,-1.473355,1.87412,0.9395102999999999,1.53331,1.3776039999999998,0.010871656,0.4403938,2.158668e-05,2.8686966999999996e-06,3.1725910000000003e-06,4.1210948e-06,6.001297e-06,8.276716e-06,1.2565977000000002e-05,2.29798e-05,0.46756770000000003,0.05319448,0.0001906257,82.90449,60.30802,3.4612930000000004e-05,6.419803,0.01576212,11.34041,0.0009926304799999998,9.026384900000001e-05,0.0316381,41.166669999999996,0.0009926304799999998,9.026384900000001e-05,0.005886415,21.323123000000002,0.0009926304799999998,9.026384900000001e-05,0.0024155450000000003,21.075676000000005,0.0009926304799999998,9.026384900000001e-05,0.004645303999999999,1.0293668e-05,2.9373659999999993e-05,-0.13539751000000003,62.60979,0.036962640000000005,-0.0017803680000000003,-0.002526398,8.204859999999999e-06,4.7820450000000004e-05
73,1607607000,1.0406647,1.0406846,0.01982264,-1.323986,1.9429720000000004,0.9221849000000001,1.5945850000000001,1.427968,0.010589361,0.4367376,2.069343e-05,1.9414282e-06,2.1178156e-06,2.9652063000000004e-06,4.595516000000001e-06,6.343164e-06,1.0146958000000001e-05,1.9298609e-05,0.4662814999999999,0.05380396,0.0001980476,84.21956,60.43415,3.457857e-05,6.47045,0.015282069999999998,11.048919999999999,0.00140152255,0.00012778849400000002,0.031456359999999996,40.59325,0.00140152255,0.00012778849400000002,0.0061297159999999995,27.068120999999998,0.00140152255,0.00012778849400000002,0.0026911699999999997,27.080932,0.00140152255,0.00012778849400000002,0.0046208840000000004,9.565411000000002e-06,2.862387e-05,-0.32630649999999994,65.10663,0.03610239,-0.0017991289999999996,-0.002542844,7.874474e-06,4.788537e-05
73,1607607600,0.8253781,0.8253968,0.01844324,-1.5082229999999999,1.691902,0.8414803,1.36073,1.213163,0.006908111999999999,0.3463315,2.1246689999999997e-05,2.5430328000000004e-06,2.7568089e-06,3.515422799999999e-06,5.013509e-06,6.723251000000001e-06,1.0103959000000001e-05,1.8710898999999998e-05,0.36111609999999994,0.05132830000000001,0.000191168,83.52575,62.534259999999996,2.7408640000000003e-05,6.487079,0.014029110000000001,8.912636,0.00080688173,7.325470799999999e-05,0.027783350000000002,31.74864,0.00080688173,7.325470799999999e-05,0.005758574,18.125477999999998,0.00080688173,7.325470799999999e-05,0.0022108939999999997,17.784585,0.00080688173,7.325470799999999e-05,0.004558232000000001,7.676670999999998e-06,2.664349e-05,0.18014133999999998,79.6689,0.03823625,-0.002061922,-0.0026914359999999993,7.280463999999999e-06,4.964785e-05
73,1607608200,0.7345319000000001,0.7345509,0.013276457,-1.6089680000000002,1.4604069999999998,0.8022482999999999,1.2285369999999998,1.081008,0.006887826999999999,0.30908579999999997,1.962788e-05,9.003628999999999e-07,9.136496000000001e-07,1.2461395e-06,1.9322441999999997e-06,2.5725092e-06,4.281402899999999e-06,8.997547e-06,0.3080039,0.05906271,0.000177683,90.16824,66.21825000000001,2.4402370000000003e-05,6.3393250000000005,0.013275329999999998,7.643243000000001,0.0006616580899999998,5.997333399999999e-05,0.025555459999999995,26.802609999999998,0.0006616580899999998,5.997333399999999e-05,0.005683216,17.516095,0.0006616580899999998,5.997333399999999e-05,0.0020916510000000004,17.088086999999998,0.0006616580899999998,5.997333399999999e-05,0.004403356999999999,2.848697e-06,2.17946e-05,-0.16702005999999997,91.0942156,0.026511114999999995,-0.0023040680000000003,-0.00281717,2.9545868000000005e-06,2.9565476999999997e-05
73,1607608800,0.8040311000000001,0.8040500999999999,0.015666560999999996,-1.541499,1.5351079999999997,0.8325042,1.3183159999999998,1.174534,0.010957536,0.3448149,2.161749e-05,3.4011291e-06,2.7618399e-06,2.6111761e-06,3.0059635000000003e-06,3.6472071e-06,5.558361999999999e-06,1.1611986e-05,0.3454841,0.056302439999999995,0.00019343019999999998,84.86313,64.22936,2.670126e-05,6.459540000000001,0.0137073,8.496253,0.0011462655600000002,0.00010607045499999999,0.02706418,30.232819999999997,0.0011462655600000002,0.00010607045499999999,0.005898176,22.856906000000002,0.0011462655600000002,0.00010607045499999999,0.002315373,22.626036,0.0011462655600000002,0.00010607045499999999,0.004427625,1.5540921000000003e-05,3.45808e-05,-4.424784051,237.63715570000005,0.0258398886,-0.002267972,-0.00281521,3.4144323200000004e-05,0.00032999143
73,1607609400,0.7701315999999999,0.7701508,0.007881310999999998,-1.6730040000000002,1.355367,0.8263882,1.2183009999999999,1.085357,0.006217249999999999,0.3191949,2.036067e-05,1.5285393e-06,1.71642564e-06,2.24718013e-06,3.1234665e-06,3.88288476e-06,5.5121672e-06,1.0496801e-05,0.3352992,0.0495539,0.00018294532,87.02011999999999,62.9923,2.560689e-05,6.122396999999999,0.01369686,7.988538000000001,0.0006628600800000001,6.0058548e-05,0.02664098,29.11576,0.0006628600800000001,6.0058548e-05,0.0054304539999999995,13.207093,0.0006628600800000001,6.0058548e-05,0.0018227470000000002,12.897364999999999,0.0006628600800000001,6.0058548e-05,0.004402985,6.958813999999999e-06,2.6101979999999997e-05,0.031451242000000004,157.12016218699998,0.0396252692,-0.0023303259999999998,-0.002846862,2.2014923999999997e-05,0.00023821109200000004
73,1607610000,0.6790893333333333,0.6791085555555556,0.0254517,-1.5305155555555556,1.3979588888888892,0.7653574444444443,1.2349100000000002,1.0869911111111112,0.006623275555555556,0.2873241111111111,2.0636866666666662e-05,1.530691e-06,1.5884042888888889e-06,1.9773327777777777e-06,2.694924666666667e-06,3.5247227777777777e-06,5.527830888888889e-06,1.1260973333333332e-05,0.28953022222222224,0.04970487777777778,0.00027983966666666663,86.7379111111111,64.81042222222223,2.2555322222222222e-05,6.224796666666666,0.012592855555555556,7.050726666666666,0.0009343676555555557,8.500572066666667e-05,0.024766522222222222,25.188788888888887,0.0009343676555555557,8.500572066666667e-05,0.005421401111111111,16.200242222222226,0.0009343676555555557,8.500572066666667e-05,0.0017740775555555558,16.061051555555554,0.0009343676555555557,8.500572066666667e-05,0.004398773333333333,1.8534244444444444e-06,2.1032077777777777e-05,0.28204815,60.62797122222222,0.016333791444444447,-0.0024392788888888887,-0.0029297155555555554,1.7613745555555557e-06,2.0897965555555554e-05
73,1607610600,0.6347822,0.6348015,0.03509776,-1.484704,1.3009519999999999,0.7363587,1.2169880000000002,1.0755329999999999,0.0057806970000000004,0.2639093999999999,2.0310039999999996e-05,1.2772458e-06,1.3176822900000002e-06,1.6118575100000002e-06,2.1602804000000004e-06,2.7732363e-06,4.321592e-06,9.113471e-06,0.2703959,0.04667043,0.0003007401,86.23477,64.83407000000001,2.1089349999999998e-05,6.162374,0.01213601,6.657846999999999,0.0010225249499999998,9.3043073e-05,0.02402514,23.69731,0.0010225249499999998,9.3043073e-05,0.005893255,19.616661,0.0010225249499999998,9.3043073e-05,0.002212274,19.416483,0.0010225249499999998,9.3043073e-05,0.004383023000000001,1.2679379999999997e-06,2.047419e-05,0.011285342000000002,0.9460582000000001,0.0012677436100000002,-0.002495962,-0.00296518,7.860231000000001e-07,1.0510255e-05
73,1607611200,0.5754669000000001,0.575486,0.03163028,-1.539273,1.2277879999999999,0.7048444,1.139846,1.0016564000000001,0.005723636000000001,0.24109320000000004,2.070858e-05,1.6744294999999999e-06,1.7185797900000003e-06,2.0130519e-06,2.5840054000000003e-06,3.258304e-06,4.7647424e-06,9.197233000000001e-06,0.2435346,0.043859209999999996,0.0003125209,85.12935999999999,65.39587,1.912369e-05,6.318111999999999,0.0116135,5.985924,0.00043867606,3.9505138999999996e-05,0.022746750000000003,21.23291,0.00043867606,3.9505138999999996e-05,0.00539548,10.625440999999999,0.00043867606,3.9505138999999996e-05,0.001682117,10.075416,0.00043867606,3.9505138999999996e-05,0.004379166,1.250571e-06,2.0418510000000002e-05,0.024516602,0.6185691,0.0013204795,-0.002509112,-0.002976896,7.967363e-07,1.0539003e-05
73,1607611800,0.43280890000000005,0.4328278,0.03403017,-1.5049730000000001,1.089258,0.6076122,0.9831301,0.8569761,0.00717787,0.1838991,1.981646e-05,9.144415e-07,9.3995063e-07,1.1726122000000002e-06,1.5557563e-06,2.0516170999999997e-06,3.1879165999999997e-06,6.5880568e-06,0.17533692,0.040730260000000004,0.0003200683,89.49742,69.42558,1.4372929999999998e-05,6.429951,0.010032875,4.5142,0.000980571195,8.927621599999998e-05,0.019209979999999998,15.264273,0.000980571195,8.927621599999998e-05,0.005562763,17.863844,0.000980571195,8.927621599999998e-05,0.0017992465,17.7576792,0.000980571195,8.927621599999998e-05,0.004352792999999999,1.0203581e-06,1.996396e-05,0.023558092699999998,0.6226186,0.0008473602099999998,-0.002666149,-0.0030783769999999998,7.401511e-07,1.0014264e-05
73,1607612400,0.21612650000000003,0.2161454,0.10076726,-0.8897036999999999,0.9215532,0.39018790000000003,0.8142623999999999,0.6816582,0.003539715,0.09378172,1.9298779999999998e-05,3.3599013999999996e-07,3.5394572e-07,4.4985187999999996e-07,5.4699039e-07,6.910882e-07,9.817211999999999e-07,2.1188584e-06,0.06827508,0.03948588,0.00029525918,103.96666,86.90146,7.173589e-06,6.370389,0.0066224610000000005,2.2902050000000003,0.00038855392,3.50124293e-05,0.01208167,6.021451,0.00038855392,3.50124293e-05,0.0052265689999999995,7.8905460000000005,0.00038855392,3.50124293e-05,0.0012886175999999997,7.4469634,0.00038855392,3.50124293e-05,0.004362542,7.766733e-07,1.979546e-05,0.0006939400000000029,11.7892012,0.0034188626999999997,-0.0029353300000000003,-0.0032863629999999996,7.959846e-07,1.0492781999999998e-05
73,1607613000,0.24455469999999999,0.24457380000000004,0.048331360000000004,-0.6273283,0.9915683,0.3968158,0.881877,0.7468727,0.004547244,0.10746956999999999,1.941123e-05,2.7321594e-07,2.9820291000000003e-07,4.154212e-07,5.647196e-07,8.0298576e-07,1.2506996e-06,2.8077813e-06,0.08148351000000001,0.04068504999999999,0.00010176671000000001,98.24683,83.58838,8.119884999999999e-06,6.445842000000001,0.006888915000000001,2.586315999999999,0.000915157,8.318185e-05,0.01316794,7.158313999999999,0.000915157,8.318185e-05,0.005676397,15.857304000000003,0.000915157,8.318185e-05,0.0017613349000000001,15.743372000000003,0.000915157,8.318185e-05,0.004375776,8.587702999999999e-07,1.999385e-05,0.06277535000000001,6.2022416,0.0032605409699999997,-0.0028605870000000004,-0.003237744,8.289700999999999e-07,1.0951111e-05
73,1607613600,0.28181769999999995,0.2818367,0.04291121,-0.6574724,1.0313189999999999,0.432362,0.9428538000000002,0.8072497000000001,0.004220189,0.1189332,1.944458e-05,3.2039366999999994e-07,3.2621417e-07,4.5009613e-07,6.052146e-07,7.932745200000001e-07,1.2655935600000001e-06,2.9290465e-06,0.10102923,0.03975439000000001,0.00011793437,99.9148,78.42895999999999,9.353956e-06,6.3177949999999985,0.007340149999999999,2.961671,0.0006970566499999999,6.3200656e-05,0.01467054,8.855391000000001,0.0006970566499999999,6.3200656e-05,0.005553789999999999,12.838281,0.0006970566499999999,6.3200656e-05,0.001665796,12.5890979,0.0006970566499999999,6.3200656e-05,0.004374688999999999,8.284260000000001e-07,1.996042e-05,0.0172082721,3.4319196999999995,0.00152221813,-0.00288141,-0.0032583139999999996,7.834713000000001e-07,1.0378638e-05
73,1607614200,0.2153473,0.21536629999999998,0.026885360000000004,-0.6062242,0.9169029,0.3733464000000001,0.8286628,0.6824084000000001,0.0033021249999999995,0.09242498,1.929656e-05,3.1434064e-07,3.3721792999999995e-07,4.489841700000001e-07,5.341548e-07,6.745076e-07,1.0049653e-06,2.1426704000000005e-06,0.05888948999999999,0.04869047,8.78025e-05,105.90447000000002,97.92751000000001,7.148584000000002e-06,6.471764,0.006643763,2.2842309999999997,0.00056160289,5.0796754e-05,0.010921235999999999,5.152998999999999,0.00056160289,5.0796754e-05,0.005395395000000001,10.438177,0.00056160289,5.0796754e-05,0.0014577044,10.1312347,0.00056160289,5.0796754e-05,0.004354795,7.702968e-07,1.973204e-05,0.017744069999999994,1.7302922000000003,0.0009002063000000001,-0.002911661,-0.003262689,8.083439e-07,1.0284017999999998e-05
73,1607614800,0.2077269,0.2077458,0.03026745,-0.3232494,0.9449163,0.35340420000000006,0.8403257,0.6999962999999999,0.0031660050000000004,0.08957454999999999,1.8917029999999997e-05,3.198257e-07,3.3662929000000004e-07,4.372497500000001e-07,5.1670947e-07,6.2576351e-07,9.102557e-07,1.8350535e-06,0.05393305,0.04984219,8.132978e-05,106.00993999999999,98.80631,6.897159e-06,6.260962000000001,0.006751826,2.211958,0.00050181011,4.533065499999999e-05,0.010667362,4.740547,0.00050181011,4.533065499999999e-05,0.005275676,9.025534799999999,0.00050181011,4.533065499999999e-05,0.0013665375,8.7032658,0.00050181011,4.533065499999999e-05,0.004317915,7.505151e-07,1.939195e-05,-0.058276709999999995,2.6285441,0.0006916633199999999,-0.0029091250000000003,-0.003253263,7.977631000000001e-07,1.0130646e-05
73,1607615400,0.2372572,0.2372762,0.016262019,-0.9003095,0.9355043999999999,0.4040044,0.8127247000000001,0.6928711,0.005169689999999999,0.10451711999999999,1.952113e-05,5.822670100000001e-07,6.1438196e-07,7.5263939e-07,8.741016599999998e-07,1.1049095e-06,1.5665828999999998e-06,3.0452910000000003e-06,0.06848950000000001,0.05003652000000001,9.315535000000001e-05,102.72686999999999,92.95831,7.876267e-06,6.4225080000000005,0.00706525,2.5129870000000003,0.000405797936,3.66273786e-05,0.011976779999999998,5.9807250000000005,0.000405797936,3.66273786e-05,0.005217595,8.1495411,0.000405797936,3.66273786e-05,0.0012974408999999998,7.78750179,0.000405797936,3.66273786e-05,0.004356267,8.656137e-07,1.9817110000000004e-05,0.036822429999999996,9.329341499999998,0.006186433599999999,-0.00286707,-0.0032351050000000007,7.852557e-07,1.0554198e-05
73,1607616000,0.2304787,0.23049739999999996,0.01887757,-0.9157823,0.9155529999999998,0.3966792,0.8095748,0.6795582,0.003227017,0.09972926000000001,1.9064469999999998e-05,1.5325239000000001e-07,1.6123124e-07,2.535224e-07,3.055153e-07,4.1459511000000007e-07,6.2670278e-07,1.4997606e-06,0.06341471000000001,0.05172547999999999,9.434713e-05,107.92293,95.17166999999999,7.653083e-06,6.293267,0.006903673000000001,2.443314,0.00084631611,7.688616399999999e-05,0.011632809999999999,5.602075000000001,0.00084631611,7.688616399999999e-05,0.005661814,15.099073,0.00084631611,7.688616399999999e-05,0.0017510283,14.953803000000002,0.00084631611,7.688616399999999e-05,0.004352379,8.576863000000001e-07,1.979051e-05,0.015326209999999998,5.3336577,0.00215598332,-0.0028329550000000003,-0.003210242,7.718622e-07,1.0247173999999998e-05
73,1607616600,0.2243846,0.22440350000000003,0.022277730000000003,-0.7763845999999999,0.9281156999999999,0.3837493,0.8295628,0.6806081,0.002443705,0.0957574,1.91354e-05,2.4249676e-07,2.6011366e-07,3.6759148e-07,4.6292078999999997e-07,6.240027000000001e-07,9.378289900000001e-07,2.1038862000000002e-06,0.05824216,0.05385831,8.611793e-05,104.82189000000001,98.23182,7.4499180000000005e-06,6.373286,0.006818811000000001,2.393974,0.00091391214,8.309638300000002e-05,0.011173659999999998,5.157356,0.00091391214,8.309638300000002e-05,0.005628183,15.967637999999999,0.00091391214,8.309638300000002e-05,0.0017090154,15.879552499999999,0.00091391214,8.309638300000002e-05,0.004339747,7.703212000000001e-07,1.960428e-05,-0.008438530000000001,0.5572824000000001,-0.000325629695,-0.0028928240000000004,-0.003245584,7.429685999999999e-07,9.896736000000001e-06
73,1607617200,0.23651769999999997,0.23653639999999995,0.023951979999999998,-0.866818,0.9289033,0.39878690000000006,0.8368005999999999,0.6876959,0.002800796,0.09892794,1.90272e-05,2.0280049999999998e-07,2.1722102999999999e-07,3.2091941e-07,3.836037e-07,5.2891853e-07,7.833206400000001e-07,1.8131192000000005e-06,0.06315272000000002,0.05501297000000001,8.685926e-05,107.8608,96.7381,7.84949e-06,6.278431,0.007030578,2.516145,0.0007416712299999999,6.7309326e-05,0.01160868,5.564989,0.0007416712299999999,6.7309326e-05,0.00547277,13.301317999999998,0.0007416712299999999,6.7309326e-05,0.0015598737,13.140791799999999,0.0007416712299999999,6.7309326e-05,0.0043444,8.252710999999999e-07,1.9685909999999998e-05,0.043887085,12.247044200000001,0.0031244500499999998,-0.0028721040000000003,-0.003238281,8.428441999999998e-07,1.1253116e-05
73,1607617800,0.23168420000000003,0.2317031,0.02417702,-0.7302282000000001,0.9519295,0.38835729999999996,0.8495507999999999,0.6974088,0.002354783,0.0986599,1.9284809999999996e-05,5.530437600000001e-07,5.996988e-07,7.423542000000001e-07,8.935754000000001e-07,1.14013682e-06,1.6730955000000003e-06,3.2147866000000006e-06,0.061792040000000006,0.053965950000000006,7.366725e-05,99.03544000000001,96.79284,7.690906e-06,6.3482330000000005,0.006894021,2.459185,0.0007540327,6.843120999999998e-05,0.011462219999999999,5.416085000000001,0.0007540327,6.843120999999998e-05,0.005651405,14.201661000000001,0.0007540327,6.843120999999998e-05,0.00176065,13.987103000000001,0.0007540327,6.843120999999998e-05,0.004330540000000001,7.578348999999999e-07,1.950952e-05,-0.009325261999999999,1.1265120999999998,0.0001880596,-0.002904556,-0.0032589560000000004,7.523397000000001e-07,1.002402e-05
73,1607618400,0.2110246,0.2110436,0.023898759999999998,-0.763344,0.8987899,0.3720578,0.8032743,0.6582574999999999,0.0021883840000000002,0.08914417,1.9153859999999997e-05,2.7238932000000004e-07,3.0032713e-07,4.1108600000000006e-07,4.958313e-07,6.628231e-07,1.0064679e-06,2.1580583e-06,0.05160218000000001,0.05382724,7.645823000000001e-05,107.63005000000001,101.27239,7.001358e-06,6.489238,0.006647767000000001,2.248425,0.0011011927000000002,0.00010024706000000001,0.010469191,4.53232,0.0011011927000000002,0.00010024706000000001,0.005792249,18.497167,0.0011011927000000002,0.00010024706000000001,0.0018642879999999998,18.488841999999998,0.0011011927000000002,0.00010024706000000001,0.004339661999999999,7.250495e-07,1.9557910000000002e-05,0.014437389,0.5663196,-3.899476999999999e-05,-0.002935839,-0.0032810149999999995,7.417459000000001e-07,1.0031901e-05
73,1607619000,0.2135697,0.21358839999999998,0.01773565,-0.8588684000000001,0.8944773999999999,0.377643,0.7946494000000001,0.6461448000000001,0.0029146930000000003,0.09107439,1.9243150000000002e-05,4.0915782999999996e-07,4.487817599999999e-07,5.698006999999999e-07,6.791701000000001e-07,8.635399999999999e-07,1.2539437e-06,2.4978064e-06,0.05145776,0.0552461,7.307493000000001e-05,104.82221999999999,101.91284,7.086768999999999e-06,6.394356,0.006741975,2.279065,0.00041538332699999996,3.74441773e-05,0.010506710999999998,4.558595,0.00041538332699999996,3.74441773e-05,0.005234531999999999,7.858047399999999,0.00041538332699999996,3.74441773e-05,0.0012926675000000001,7.501757899999999,0.00041538332699999996,3.74441773e-05,0.004344554,7.489655999999999e-07,1.9615079999999997e-05,0.047745579,5.8146431,0.0020101136,-0.00292482,-0.003276918,7.593535999999999e-07,1.0058290000000001e-05
73,1607619600,0.2095735,0.2095925,0.02030678,-0.8421945999999998,0.8828145,0.37352930000000006,0.7908616,0.6399572,0.0019253909999999998,0.08724275000000001,1.9087310000000003e-05,2.1308335e-07,2.4087013e-07,3.3937429000000005e-07,3.9694928e-07,5.195027700000001e-07,8.188237e-07,1.8114945999999998e-06,0.05037359,0.054331649999999995,7.686986e-05,108.40185999999999,102.17045,6.956021999999999e-06,6.520779999999999,0.006664319999999999,2.217699,0.00048045848999999995,4.3374487e-05,0.010326432,4.403594,0.00048045848999999995,4.3374487e-05,0.005254551,9.139544,0.00048045848999999995,4.3374487e-05,0.0013219509,8.780047499999998,0.00048045848999999995,4.3374487e-05,0.004339465999999999,7.039317000000001e-07,1.9535140000000005e-05,0.031209119999999996,0.6330895,-0.00017594967999999997,-0.00294414,-0.003294098,7.5415e-07,1.0007266e-05
73,1607620200,0.20440809999999998,0.204427,0.017276869999999996,-0.9542854000000001,0.8498511000000001,0.372761,0.7608984,0.6128811,0.0022668890000000002,0.08606218,1.907041e-05,2.9582271000000005e-07,3.1329403e-07,4.0800446999999996e-07,4.6700567000000007e-07,5.756761399999999e-07,8.434139e-07,1.6904984e-06,0.04836954,0.0537551,7.403156000000001e-05,111.10799999999999,102.96765,6.784794e-06,6.46417,0.006661762999999999,2.1673030000000004,0.0006896828400000001,6.253871800000001e-05,0.010119229,4.238085,0.0006896828400000001,6.253871800000001e-05,0.005390364,11.932970000000001,0.0006896828400000001,6.253871800000001e-05,0.0014663639,11.737279,0.0006896828400000001,6.253871800000001e-05,0.004334922999999999,7.259075999999999e-07,1.950703e-05,-0.02252741326,19.508068899999998,0.0022544463,-0.002965761,-0.0033080569999999997,8.693495000000001e-07,1.1263800999999998e-05
73,1607620800,0.2095342,0.20955300000000002,0.012382801,-0.9808962000000001,0.8603888999999999,0.37806370000000006,0.7622857,0.6185814000000001,0.0023718009999999998,0.08867393,1.908266e-05,2.1344711000000002e-07,2.3779440999999997e-07,3.3413847e-07,3.9380024000000007e-07,5.083073199999999e-07,7.978729e-07,1.788212e-06,0.050179949999999994,0.05450494,7.699728e-05,107.38207,102.26991000000001,6.953866e-06,6.3076360000000005,0.0067449979999999994,2.231806,0.0007100788,6.440078e-05,0.010336818,4.419447,0.0007100788,6.440078e-05,0.005437584,12.075439999999999,0.0007100788,6.440078e-05,0.0015071314,11.868764,0.0007100788,6.440078e-05,0.0043430050000000005,7.001364e-07,1.9556719999999997e-05,-0.010699824,2.717372400000001,0.0011353853000000001,-0.002965944,-0.003309729,7.797293e-07,9.820529000000001e-06
73,1607621400,0.2043819,0.20440049999999998,0.018635692000000002,-0.8730448,0.8671013000000001,0.3699818,0.7739111,0.6266816000000001,0.0025582960000000003,0.08620309000000001,1.9032359999999998e-05,2.6104146e-07,2.8670242000000004e-07,3.7935863999999997e-07,4.2530662e-07,5.335487999999999e-07,8.0642492e-07,1.6728049999999996e-06,0.047200229999999996,0.05490678,7.839128e-05,110.34394,103.9549,6.785801e-06,6.2671209999999995,0.0066322049999999995,2.183519,0.0008982653569999999,8.171032739999999e-05,0.010043758,4.182206,0.0008982653569999999,8.171032739999999e-05,0.00559018,15.3760108,0.0008982653569999999,8.171032739999999e-05,0.0016661567000000003,15.29788182,0.0008982653569999999,8.171032739999999e-05,0.0043320189999999995,6.401622e-07,1.9404879999999996e-05,0.016254478,1.5364772,0.00042623238,-0.0030201359999999997,-0.0033517,7.481542999999999e-07,9.932689e-06
73,1607622000,0.22335750000000001,0.22337630000000003,0.019588237,-0.9282292,0.8967648,0.3886746,0.7978743,0.6590450999999999,0.001984215,0.09481114,1.918107e-05,4.4263483000000004e-07,4.7917534e-07,6.1183078e-07,7.428211099999999e-07,9.6269482e-07,1.4565481e-06,2.9911158999999997e-06,0.05809055,0.05350342,7.644667000000001e-05,104.3502,98.35485,7.4065889999999994e-06,6.6594940000000005,0.0068871489999999995,2.377128,0.0005746679980000002,5.203770809999999e-05,0.011105912999999999,5.104106,0.0005746679980000002,5.203770809999999e-05,0.005532114999999999,11.920813999999998,0.0005746679980000002,5.203770809999999e-05,0.0016207971000000002,11.569519,0.0005746679980000002,5.203770809999999e-05,0.004329455,6.467380000000001e-07,1.938491e-05,0.059109390000000005,6.2792676,0.00126258638,-0.00300189,-0.003345761,7.86317e-07,1.0200061999999998e-05
73,1607622600,0.2300265,0.2300452,0.027723900000000003,-0.7371757999999999,0.9339660999999999,0.38735479999999994,0.8472634000000001,0.6960212,0.0022337051,0.09590093,1.9111790000000005e-05,3.616491e-07,3.8623623999999996e-07,5.0401178e-07,6.1483122e-07,7.9660207e-07,1.21473082e-06,2.502781e-06,0.06248753999999999,0.05244411,7.451325000000001e-05,103.41731,95.94955999999999,7.635035e-06,6.379789999999999,0.006851398999999999,2.434722,0.0007508965099999999,6.8144717e-05,0.01151485,5.479525000000001,0.0007508965099999999,6.8144717e-05,0.005562176,13.174404000000001,0.0007508965099999999,6.8144717e-05,0.0016725852,12.994297,0.0007508965099999999,6.8144717e-05,0.004326942,6.557755e-07,1.937607e-05,0.008569621000000003,1.6524183000000001,0.0003972305999999999,-0.0029895390000000003,-0.003326308,7.866062000000001e-07,9.69239e-06
73,1607623200,0.2243595,0.22437790000000005,0.03715943,-0.6906929,0.9502042999999999,0.3803025,0.8393132,0.6908084999999999,0.004040771,0.09760811999999999,1.905136e-05,4.176825e-07,4.4955397e-07,5.783263e-07,7.049600900000001e-07,9.180400800000001e-07,1.4166931999999998e-06,2.8091232000000002e-06,0.058967530000000004,0.053129609999999994,7.425808e-05,104.88525000000001,97.72615,7.441003e-06,6.439925,0.006786912000000001,2.389283,0.000863639117,7.862472859999999e-05,0.01119783,5.198657,0.000863639117,7.862472859999999e-05,0.005496581999999999,15.196856300000002,0.000863639117,7.862472859999999e-05,0.0015986908,15.041119420000001,0.000863639117,7.862472859999999e-05,0.004316347,7.043652000000001e-07,1.9323320000000003e-05,-0.038524922,18.3057079,0.0024336182000000003,-0.002973027,-0.0033106629999999997,8.472753000000001e-07,1.0982283000000002e-05
73,1607623800,0.2128212,0.21283979999999997,0.042348330000000003,-0.6532121,0.9307781,0.36950839999999996,0.8240876,0.6791081999999999,0.003046406,0.09169020000000001,1.898026e-05,1.6178277e-07,1.7265681999999996e-07,2.6673835e-07,3.3190440000000003e-07,4.4692191999999996e-07,7.283712e-07,1.7031802e-06,0.055535280000000006,0.050798209999999996,7.157809999999999e-05,107.13974,98.05506,7.064184e-06,6.457459999999999,0.006581932,2.264985,0.0007334397400000001,6.65822839e-05,0.010891805000000001,4.9121690000000005,0.0007334397400000001,6.65822839e-05,0.005593893,13.541179,0.0007334397400000001,6.65822839e-05,0.0016651060000000002,13.332389999999998,0.0007334397400000001,6.65822839e-05,0.004335225,6.891551000000001e-07,1.9478e-05,-0.017593366,5.1029629,0.00141039551,-0.0029805610000000005,-0.0033154879999999997,7.616382e-07,1.0190919999999999e-05
73,1607624400,0.18035489999999998,0.180374,0.04512418,-0.670314,0.8457633,0.3436719,0.7615730999999999,0.6097686999999999,0.0022180720000000006,0.0761783,1.923277e-05,3.2329045e-07,3.4441689e-07,4.3869320000000003e-07,4.95739e-07,6.4203299e-07,9.118161000000001e-07,1.8266443e-06,0.0388904,0.051216059999999994,6.497203000000002e-05,107.14001,107.07949999999998,5.985578000000001e-06,6.349831,0.0062519049999999994,1.9406349999999999,0.00045699322,4.12638967e-05,0.009098123,3.4295210000000003,0.00045699322,4.12638967e-05,0.005293017,8.816748,0.00045699322,4.12638967e-05,0.0013238828,8.460844,0.00045699322,4.12638967e-05,0.004343433000000001,6.102479e-07,1.947432e-05,-0.00940279,1.3185783,0.00025212330000000003,-0.003067775,-0.003379376,7.615935e-07,9.991656000000001e-06
73,1607625000,0.17823709999999998,0.17825600000000003,0.04770982,-0.6648585,0.8590013000000001,0.3414768,0.7593232999999999,0.6085686,0.0021094800000000004,0.07658586,1.892568e-05,3.0525976e-07,3.2656676e-07,4.192235e-07,4.5564836999999994e-07,5.877980000000001e-07,8.356664999999998e-07,1.6200785999999998e-06,0.03818705000000001,0.05086293000000001,6.297491e-05,109.14968999999999,107.4141,5.916836e-06,6.481057,0.006188677,1.911703,0.00042008455000000006,3.79156763e-05,0.009003184000000001,3.358771,0.00042008455000000006,3.79156763e-05,0.005220298999999999,8.2679536,0.00042008455000000006,3.79156763e-05,0.0012766633999999998,7.87440688,0.00042008455000000006,3.79156763e-05,0.004315032000000001,5.927124e-07,1.9205850000000002e-05,-0.01107104,5.9867237,0.0011541209,-0.0030653470000000004,-0.003375264,7.330124999999999e-07,9.657097000000001e-06
73,1607625600,0.1764298,0.17644869999999999,0.03435106,-0.5315795999999999,0.8546136000000001,0.3382678,0.7686608,0.6173814999999999,0.0021245960000000003,0.07504876,1.889696e-05,1.8518197000000002e-07,2.0581316000000002e-07,2.9471226e-07,3.2181825e-07,4.2467515000000005e-07,6.568956100000001e-07,1.3866561e-06,0.03669915,0.05144951,6.227417999999999e-05,110.929,108.52590000000001,5.852909e-06,6.4547300000000005,0.006168497,1.886485,0.00046424391,4.1919656000000004e-05,0.008851708,3.234822,0.00046424391,4.1919656000000004e-05,0.005248432000000001,8.6587354,0.00046424391,4.1919656000000004e-05,0.0012920187,8.3083498,0.00046424391,4.1919656000000004e-05,0.0043272779999999995,5.94576e-07,1.9320540000000002e-05,0.011891219,0.7461977,-0.0005617491999999999,-0.003064819,-0.0033781289999999997,7.613345e-07,9.812885e-06
73,1607626200,0.16799780000000003,0.16801629999999998,0.03297166,-0.720747,0.8287004,0.33526439999999996,0.7272972,0.5798053000000001,0.0023732205,0.07205055,1.9031740000000002e-05,4.2811441000000005e-07,4.6612634e-07,5.852986999999999e-07,6.619822e-07,8.674957e-07,1.2476734e-06,2.4082138999999997e-06,0.03333133,0.050595959999999995,6.380229999999999e-05,106.54570000000001,110.5066,5.569073e-06,6.5860460000000005,0.006061964,1.814105,0.00032365711000000003,2.9090056e-05,0.008412664999999998,2.9342599999999996,0.00032365711000000003,2.9090056e-05,0.005160423,7.0248197,0.00032365711000000003,2.9090056e-05,0.0012070744000000002,6.6015297,0.00032365711000000003,2.9090056e-05,0.0043187220000000005,6.69389e-07,1.928624e-05,0.05747602,65.46916329999999,0.0071920314,-0.003080251,-0.003384948,9.839203e-07,1.267873e-05
73,1607626800,0.2097446,0.20976309999999998,0.04630187,-0.4883896000000001,0.9357661,0.3618510999999999,0.8346629,0.6855209,0.003925118699999999,0.09039383999999999,1.888792e-05,3.1108511e-07,3.3277839999999996e-07,4.3869577e-07,5.1659717e-07,6.7928912e-07,1.0284547e-06,2.1543324999999996e-06,0.05398449000000001,0.050817100000000004,6.453282e-05,105.2808,99.48233,6.961929999999999e-06,6.384627,0.006559852,2.230395,0.00064350878,5.8322395e-05,0.010618765,4.737025,0.00064350878,5.8322395e-05,0.005400594999999999,11.525797,0.00064350878,5.8322395e-05,0.0015000645,11.296756,0.00064350878,5.8322395e-05,0.004306853,6.235609e-07,1.917188e-05,-0.010106658000000001,1.1594869,-4.902240000000005e-05,-0.003018577,-0.00334213,7.397756999999999e-07,9.586727e-06
73,1607627400,0.18679279999999998,0.18681160000000002,0.041593189999999995,-0.6964006000000001,0.8593386000000001,0.3493383,0.7650233,0.6206813999999998,0.002659731,0.07914689,1.908634e-05,3.8786513000000006e-07,4.2356924e-07,5.3388345e-07,6.281316200000001e-07,8.1964759e-07,1.2060244e-06,2.3727809999999997e-06,0.042492579999999995,0.050830799999999995,6.57577e-05,106.20467000000001,106.49409,6.196656999999999e-06,6.477661,0.006277853999999999,1.9871760000000003,0.000444253276,4.00927528e-05,0.009338116999999998,3.762332,0.000444253276,4.00927528e-05,0.0053413539999999995,9.14242,0.000444253276,4.00927528e-05,0.0013921427,8.752813000000002,0.000444253276,4.00927528e-05,0.004330107,6.292667e-07,1.9369390000000004e-05,-0.0007405760999999997,10.553992299999999,0.0021976513,-0.003054829,-0.0033621120000000004,7.267811e-07,9.999084e-06
73,1607628000,0.13614450000000003,0.1361634,0.03360768,-0.763155,0.7417351,0.3102402,0.6575076,0.5128282000000001,0.001537067,0.05870225000000001,1.8864060000000002e-05,1.1445782000000001e-07,1.3252623000000002e-07,2.1063867000000003e-07,2.1340171e-07,3.046046e-07,4.371556e-07,9.664462e-07,0.017414759999999998,0.05059371,6.082467999999999e-05,117.835,124.56190000000001,4.514343e-06,6.481606000000001,0.005709176,1.472914,0.0006603564000000001,5.9864353e-05,0.006112518999999999,1.558558,0.0006603564000000001,5.9864353e-05,0.005438513,11.727959,0.0006603564000000001,5.9864353e-05,0.00143638,11.4935567,0.0006603564000000001,5.9864353e-05,0.004328754999999999,5.955526e-07,1.9326339999999998e-05,-0.08701722,10.007522400000001,0.0019010736999999999,-0.0030961239999999996,-0.003381245,7.534336000000001e-07,9.952691999999999e-06
73,1607628600,0.1532077,0.1532267,0.02730787,-0.7212809,0.787224,0.32409799999999994,0.6918960000000001,0.5543794,0.0020633250000000004,0.06602866999999998,1.891843e-05,1.4372532e-07,1.6230395e-07,2.3436173e-07,2.5318147e-07,3.6590259999999997e-07,5.260518000000001e-07,1.204617e-06,0.02644255,0.050096260000000004,6.124228e-05,112.51285,115.881,5.082118e-06,6.415495999999999,0.005889287999999999,1.6437599999999999,0.00061399099,5.5635180000000004e-05,0.007490608,2.3485869999999998,0.00061399099,5.5635180000000004e-05,0.005382022,10.924890999999999,0.00061399099,5.5635180000000004e-05,0.0014023197000000002,10.690742,0.00061399099,5.5635180000000004e-05,0.00433003,5.89702e-07,1.93349e-05,0.005101099999999999,4.8330227,0.0008978651400000001,-0.0030831440000000003,-0.0033809039999999997,7.929091e-07,1.0010236000000003e-05
73,1607629200,0.15981589999999996,0.15983450000000002,0.023425289999999998,-0.5988614,0.8184997,0.32669,0.7189344999999999,0.5763174,0.0022984409999999996,0.06858536999999999,1.887233e-05,6.1270979e-07,1.19556385e-06,1.9530327300000005e-06,2.68901045e-06,3.26353985e-06,4.2544713e-06,4.8807923999999995e-06,0.029762339999999998,0.05003001,9.585504e-05,109.21454000000001,113.17259999999999,5.299382000000001e-06,6.619631000000001,0.006326703,2.203878,0.00050114398,4.53277387e-05,0.008009817,2.7101729999999997,0.00050114398,4.53277387e-05,0.005280297,9.2926235,0.00050114398,4.53277387e-05,0.0014103291000000001,8.9951769,0.00050114398,4.53277387e-05,0.004735038999999999,1.6475143900000003e-05,3.511512e-05,0.034357442999999994,18.4051425,0.0095811255,-0.0009797200000000001,-0.0027363629999999995,1.03282135e-05,4.8752706e-05
73,1607629800,0.16043809999999997,0.1604568,0.03337634999999999,-0.5915153999999999,0.8155000000000001,0.327127,0.7257220000000001,0.5785676999999999,0.00222945,0.06781134999999999,1.86841e-05,1.6633809000000003e-07,1.8267604e-07,2.6446164e-07,2.8347915e-07,3.6172379999999995e-07,5.178664600000001e-07,1.1475043e-06,0.02906029,0.05109746,5.787648999999999e-05,115.4145,114.0545,5.3239730000000005e-06,6.410809,0.005959784,1.7213740000000002,0.00049072321,4.4315981e-05,0.007869752999999998,2.582336,0.00049072321,4.4315981e-05,0.005245578999999999,8.98439,0.00049072321,4.4315981e-05,0.0012947661,8.675235,0.00049072321,4.4315981e-05,0.004300656,6.085734e-07,1.909501e-05,0.11003522000000003,13.565684400000004,0.0016237598999999999,-0.003055327,-0.0033555390000000003,8.077215999999998e-07,1.0143123e-05
73,1607630400,0.17332160000000002,0.1733404,0.040645520000000004,-0.6254105,0.8410757,0.3377392,0.7466476,0.6052310000000001,0.0017239675000000002,0.07260119000000001,1.87835e-05,1.8284048e-07,2.0213453e-07,2.8843879999999994e-07,3.1957241e-07,4.277688e-07,6.340157e-07,1.4109814e-06,0.03518382,0.05141524000000001,5.7968860000000004e-05,112.06230000000001,109.7633,5.751058e-06,6.426255,0.006104817,1.8494249999999997,0.0008494613,7.718591000000001e-05,0.008658774,3.1252919999999995,0.0008494613,7.718591000000001e-05,0.005616752,14.755176,0.0008494613,7.718591000000001e-05,0.001671442,14.622423000000001,0.0008494613,7.718591000000001e-05,0.004306981,6.059547e-07,1.915688e-05,0.035129228,0.5929151000000001,-0.0006613542,-0.0030246299999999995,-0.003339928,7.384749e-07,9.727889999999998e-06
73,1607631000,0.1834986,0.1835173,0.04522676,-0.5217832,0.8766641000000002,0.3435247,0.7830238,0.6374820000000001,0.002284401,0.07903218999999999,1.8834949999999998e-05,1.6177440000000002e-07,1.7999515e-07,2.7156037e-07,3.1274597e-07,4.1771541000000004e-07,6.4010085e-07,1.5148484000000001e-06,0.04088481,0.05079889,6.116218e-05,109.04653999999998,105.5432,6.09032e-06,6.367815,0.006207588,1.9500609999999998,0.00069290358,6.285491199999999e-05,0.009359537,3.6206180000000003,0.00069290358,6.285491199999999e-05,0.005541534999999999,12.9232,0.00069290358,6.285491199999999e-05,0.0016017047,12.703559000000002,0.00069290358,6.285491199999999e-05,0.004318147,6.135753e-07,1.9255769999999997e-05,-0.0257959966,4.186556,0.0005917212999999999,-0.003048283,-0.003353876,7.700164999999999e-07,1.0349639e-05
73,1607631600,0.1846911,0.18470970000000003,0.029230599999999995,-0.5432550999999999,0.8761017000000001,0.34445390000000004,0.774886,0.6350444000000001,0.002438015,0.07926438999999999,1.883978e-05,2.1689135e-07,2.3191719e-07,3.2319819999999996e-07,3.5719650000000006e-07,4.7812414e-07,7.0731401e-07,1.5221565000000002e-06,0.04199496,0.05029525,5.0758949999999996e-05,108.85542000000001,104.7242,6.129568e-06,6.184237,0.0062256989999999995,1.9681529999999998,0.00064811011,5.879633629999999e-05,0.009475012,3.721374,0.00064811011,5.879633629999999e-05,0.005374919000000001,11.439288,0.00064811011,5.879633629999999e-05,0.0014405885,11.235476999999998,0.00064811011,5.879633629999999e-05,0.004313615,5.987883e-07,1.9202490000000004e-05,0.009383,2.9379012,0.0005865080900000001,-0.003056841,-0.003366544,7.235862000000001e-07,9.49059e-06
73,1607632200,0.15337810000000002,0.15339680000000003,0.025312249999999998,-0.8078946,0.7746612,0.3250269,0.6789583,0.5383662,0.0020863213999999996,0.06511007999999999,1.865418e-05,1.7063907e-07,1.8828392e-07,2.6679713e-07,2.7248219e-07,3.4483251e-07,4.7275395e-07,1.0355619e-06,0.02539711,0.05123679999999999,5.209148e-05,115.7491,117.1262,5.088331999999999e-06,6.400515999999999,0.005870326,1.6474609999999998,0.00043354887999999997,3.91096407e-05,0.007360451,2.2669319999999997,0.00043354887999999997,3.91096407e-05,0.00521461,7.907070500000001,0.00043354887999999997,3.91096407e-05,0.001263702,7.5828052900000005,0.00043354887999999997,3.91096407e-05,0.0042958810000000005,5.932400000000001e-07,1.904757e-05,0.021207791999999996,0.7602977,-0.00019803030000000002,-0.0030325999999999994,-0.00333494,6.936018e-07,9.432884e-06
73,1607632800,0.1571655,0.1571841,0.04385511,-0.7128418000000002,0.7914992000000001,0.3253222,0.7090717,0.559142,0.0018406417,0.06607292000000001,1.853456e-05,5.2111710000000004e-08,6.346786e-08,1.4384532e-07,1.3571995e-07,2.1113265e-07,3.3570449e-07,8.633960999999999e-07,0.028660079999999998,0.04986771999999999,5.2934500000000006e-05,113.36560000000001,113.65230000000001,5.217944e-06,6.163962000000001,0.005887444,1.682733,0.0010394391000000003,9.460660999999998e-05,0.007827393,2.553456,0.0010394391000000003,9.460660999999998e-05,0.005754063,17.772152999999996,0.0010394391000000003,9.460660999999998e-05,0.0018137219999999998,17.769368,0.0010394391000000003,9.460660999999998e-05,0.004300587999999999,5.936846000000001e-07,1.907256e-05,-0.044083879,29.770902200000002,0.0034009173999999995,-0.0030874020000000004,-0.003381269,8.518497e-07,1.1159912e-05
73,1607633400,0.15771759999999996,0.1577363,0.03913001,-0.8557945,0.7726734000000001,0.329071,0.6864958,0.5424538999999999,0.0019821259000000003,0.06612533,1.87848e-05,1.3855129e-07,1.5506201e-07,2.3446008999999998e-07,2.5456729e-07,3.4746329e-07,5.158546999999999e-07,1.155594e-06,0.02884164,0.04995761,5.632378000000001e-05,112.7778,113.73310000000001,5.233634e-06,6.478242,0.0059255290000000006,1.6897460000000002,0.00071013959,6.443755600000001e-05,0.007819022,2.551816,0.00071013959,6.443755600000001e-05,0.005491385,12.629302999999998,0.00071013959,6.443755600000001e-05,0.0015209084000000002,12.394676999999998,0.00071013959,6.443755600000001e-05,0.004317004,5.531703999999999e-07,1.919016e-05,-0.022693778,0.5168185000000001,-0.0006869277,-0.003099863,-0.0033929420000000004,7.575696e-07,9.830744e-06
73,1607634000,0.1473657,0.14738440000000003,0.03254243,-0.9300101,0.7481479,0.3203547,0.6453948,0.5250536,0.0016821610000000002,0.06243494000000001,1.87052e-05,1.2165006000000001e-07,1.3625318000000001e-07,2.1634216000000004e-07,2.2771304000000003e-07,3.0567421999999997e-07,4.4374830000000007e-07,1.0100481e-06,0.02361257,0.05001386,5.3230659999999996e-05,113.11433,118.2103,4.89162e-06,6.337847,0.005785058,1.5854840000000001,0.00033503198999999996,3.0120256000000003e-05,0.007077962,2.093768,0.00033503198999999996,3.0120256000000003e-05,0.005162959,6.773387,0.00033503198999999996,3.0120256000000003e-05,0.001197022,6.369156599999999,0.00033503198999999996,3.0120256000000003e-05,0.004305776,5.753958e-07,1.911263e-05,0.023543925000000004,2.1497771,0.00023771639999999993,-0.0030687109999999996,-0.0033656909999999996,7.243013e-07,9.445699e-06
73,1607634600,0.1550536,0.1550721,0.016315748,-0.9373688999999998,0.7568106,0.32743279999999997,0.6591951999999999,0.5399415999999999,0.001961257,0.06552182,1.8780069999999998e-05,2.5722549e-07,2.7830809e-07,3.769144e-07,4.1788962000000004e-07,5.322836e-07,7.598083e-07,1.5426307e-06,0.027699219999999997,0.04976523000000001,5.690678e-05,112.89409999999998,114.62179999999998,5.1444959999999995e-06,6.564059,0.005941427000000001,1.678302,0.000793464694,7.210727480000001e-05,0.007668046,2.4694469999999997,0.000793464694,7.210727480000001e-05,0.005587853,14.161264,0.000793464694,7.210727480000001e-05,0.0016402626,13.992011999999999,0.000793464694,7.210727480000001e-05,0.004303487999999999,6.247521e-07,1.9133329999999997e-05,0.06760553,8.633075,0.0025298448000000005,-0.0030266150000000003,-0.0033309539999999997,7.854031000000002e-07,1.0599775999999999e-05
73,1607635200,0.18474690000000002,0.1847658,0.02067694,-0.7780969000000001,0.8363505,0.34994479999999994,0.7488978,0.6046684999999999,0.002450267,0.07769977999999998,1.909774e-05,2.0273327000000002e-07,2.1938781e-07,3.1122886e-07,3.5844819e-07,4.805073800000001e-07,7.555644600000001e-07,1.6698058e-06,0.04202221,0.05028929,5.715265e-05,106.55503000000002,104.75294,6.130339999999999e-06,6.46364,0.0062730880000000004,1.971175,0.0004982235200000001,4.50604099e-05,0.009459983000000002,3.712035,0.0004982235200000001,4.50604099e-05,0.005262131000000001,9.2471566,0.0004982235200000001,4.50604099e-05,0.0012957197,8.9416448,0.0004982235200000001,4.50604099e-05,0.004347451,6.172066999999999e-07,1.9510800000000003e-05,0.03781321000000001,4.1915132,0.0018072338000000004,-0.0030751309999999996,-0.003387382,7.505431e-07,9.997013e-06
73,1607635800,0.1641829,0.1642017,0.012016466,-0.9677030999999999,0.7602608,0.3358996,0.6717206000000001,0.5470668,0.0017981870000000001,0.06861832999999999,1.89316e-05,1.306712e-07,1.4352654e-07,2.2893124e-07,2.3228249000000005e-07,3.1036344e-07,4.670262199999999e-07,1.0571539e-06,0.031603580000000006,0.05042279999999999,6.193369e-05,113.0104,112.0078,5.449214e-06,6.285003,0.006077646000000001,1.7627950000000001,0.00054562708,4.9335894e-05,0.008167543000000003,2.797949,0.00054562708,4.9335894e-05,0.005294097,9.509975,0.00054562708,4.9335894e-05,0.0013210104000000002,9.243821,0.00054562708,4.9335894e-05,0.004332867000000001,5.896444000000001e-07,1.9355779999999997e-05,0.05413820399999999,12.3916982,0.0016721304599999997,-0.003088565,-0.003390689,7.158408e-07,9.744915e-06
73,1607636400,0.158677,0.1586957,0.014910806000000002,-0.9527491999999999,0.7571855999999999,0.3316208,0.6602077,0.5442916999999999,0.0022273429999999997,0.06710949000000001,1.874241e-05,1.4363033e-07,1.6429492e-07,2.4893215e-07,2.7176544e-07,3.6760033e-07,5.686129900000001e-07,1.2346537000000002e-06,0.02786901,0.05140566,5.996673e-05,115.5835,115.3586,5.262778000000001e-06,6.645162999999999,0.005990285,1.713147,0.0007512364610000001,6.826803009999998e-05,0.007684622,2.4965520000000003,0.0007512364610000001,6.826803009999998e-05,0.005450274000000001,13.198039,0.0007512364610000001,6.826803009999998e-05,0.0014891079000000002,13.029168000000002,0.0007512364610000001,6.826803009999998e-05,0.004313036,6.347206e-07,1.9230320000000003e-05,0.04790594999999999,4.705042799999999,0.0015132735999999999,-0.003020454,-0.0033281080000000006,7.579147e-07,1.0071329999999998e-05
73,1607637000,0.170133,0.17015160000000001,0.01766773,-0.8583052999999999,0.8136623999999999,0.3398914,0.7082092,0.5666796999999999,0.002097733,0.07260177,1.883063e-05,2.7288001e-07,2.9639463999999997e-07,3.9006341e-07,4.359774200000001e-07,5.4343871e-07,7.653825e-07,1.5205695e-06,0.033917560000000006,0.051089499999999996,5.4587810000000014e-05,112.24109000000001,110.4153,5.643864e-06,6.4058459999999995,0.006117822,1.8231709999999999,0.0005806677,5.255581999999999e-05,0.008494753,3.005704,0.0005806677,5.255581999999999e-05,0.005359748,10.474599999999999,0.0005806677,5.255581999999999e-05,0.0014167038,10.220002,0.0005806677,5.255581999999999e-05,0.004308483,6.388986e-07,1.9195630000000002e-05,-0.015482883,4.2755503,0.0011262304200000003,-0.003011012,-0.0033164609999999997,7.754165000000001e-07,9.922501e-06
73,1607637600,0.16790270000000002,0.1679213,0.016378806000000003,-0.8987739999999999,0.7880866000000001,0.3381446,0.6938087,0.5589171000000001,0.0021521064999999997,0.07087512,1.8740900000000002e-05,1.0244833999999998e-07,1.1596454e-07,1.9380645e-07,2.0952165e-07,2.5467755e-07,3.9710959999999997e-07,9.290618000000002e-07,0.033145789999999994,0.05075261,5.035327e-05,114.53710000000001,111.08250000000002,5.577909999999999e-06,6.350312000000001,0.006091695,1.801361,0.00036975236,3.3278862500000005e-05,0.008396643,2.9648000000000003,0.00036975236,3.3278862500000005e-05,0.00519191,7.4227473,0.00036975236,3.3278862500000005e-05,0.0012387199,7.033086,0.00036975236,3.3278862500000005e-05,0.004312308999999999,6.309512999999999e-07,1.92256e-05,-0.003280718000000002,1.2403391999999998,0.00010905830000000009,-0.003008065,-0.0033298190000000004,7.828839999999999e-07,9.927998000000002e-06
73,1607638200,0.1753063,0.1753246,0.018454309999999998,-0.9207639999999999,0.7909365,0.34586970000000006,0.7044963,0.569755,0.0019662676,0.07368393999999999,1.848902e-05,1.0496918999999999e-07,1.2512786999999999e-07,2.2077479999999998e-07,2.5746781000000004e-07,3.464704e-07,5.590942999999999e-07,1.3076590999999999e-06,0.03629602,0.05129943,5.358419e-05,107.17897,108.83039999999998,5.820925e-06,6.3019240000000005,0.006234109,1.878791,0.000501989926,4.5452142599999996e-05,0.008811342,3.2245649999999997,0.000501989926,4.5452142599999996e-05,0.0052795229999999995,9.7122835,0.000501989926,4.5452142599999996e-05,0.0013602209,9.3627229,0.000501989926,4.5452142599999996e-05,0.0042849130000000004,6.975561000000001e-07,1.9050360000000004e-05,0.04944113600000001,7.6950986000000015,0.0017611314,-0.0029254249999999997,-0.0032526020000000003,7.460623999999999e-07,9.659678999999998e-06
73,1607638800,0.23464220000000005,0.2346607,0.034744849999999994,-0.8659672,0.9326533999999999,0.3948486,0.8249503,0.6840207,0.004176134,0.10229598,1.871103e-05,2.0485320999999998e-07,2.1533322000000002e-07,3.1159640000000003e-07,3.672935e-07,4.613256e-07,7.081423999999999e-07,1.6172069000000002e-06,0.06565696000000001,0.05159832999999999,6.128735000000001e-05,107.2434,95.12844,7.792131e-06,6.411652999999999,0.006996193,2.51139,0.00039113344999999993,3.52272391e-05,0.011790618,5.85472,0.00039113344999999993,3.52272391e-05,0.005140983,7.446321299999999,0.00039113344999999993,3.52272391e-05,0.0012560234,7.0600892,0.00039113344999999993,3.52272391e-05,0.004309155,7.319951e-07,1.929507e-05,0.007444347000000004,2.9823648,0.00202494477,-0.002906622,-0.0032625959999999996,7.244291e-07,9.732503e-06
73,1607639400,0.2132641,0.21328270000000002,0.057088820000000005,-0.583023,0.9352037,0.3665426,0.8287378999999999,0.6779455000000001,0.0039021029999999996,0.09215415,1.888911e-05,2.3857898e-07,2.629137e-07,3.6424611e-07,4.487723e-07,5.727085e-07,9.199468999999997e-07,1.9761484999999998e-06,0.053807780000000006,0.05271796999999999,0.00010097054,109.88029999999999,101.54429,7.077928e-06,6.6019120000000004,0.0066353029999999995,2.295067,0.00068964336,6.255995e-05,0.010572401,4.8292589999999995,0.00068964336,6.255995e-05,0.005416904000000001,12.021207999999998,0.00068964336,6.255995e-05,0.0015110939000000001,11.808883999999999,0.00068964336,6.255995e-05,0.004315128,7.237882999999999e-07,1.93203e-05,0.035866103999999996,22.2791659,0.00472127995,-0.0029779470000000003,-0.003309801,8.684657000000001e-07,1.1579283999999999e-05
73,1607640000,0.1425194,0.1425379,0.050480380000000005,-1.045512,0.7546729,0.3207167,0.6131437,0.5244535,0.003432452,0.06344940000000002,1.8540030000000004e-05,9.718221000000001e-08,1.1780790000000003e-07,1.9201004000000002e-07,1.8587957999999998e-07,2.5546026000000003e-07,4.1445509999999993e-07,9.219675000000001e-07,0.017281887000000003,0.053855240000000006,0.00011990458,117.89196000000001,126.7885,4.73078e-06,6.499979999999999,0.005785547,1.534445,0.00039791745999999997,3.5840193000000004e-05,0.005892678,1.5677670000000001,0.00039791745999999997,3.5840193000000004e-05,0.005255391000000001,8.051127,0.00039791745999999997,3.5840193000000004e-05,0.00129648,7.690918999999999,0.00039791745999999997,3.5840193000000004e-05,0.004295537,5.892788e-07,1.902501e-05,-0.05106706000000001,12.8039363,0.0036446509999999996,-0.0030866419999999997,-0.003373852,7.939079999999998e-07,1.0291283000000001e-05
73,1607640600,0.1663486,0.1663669,0.05683918,-0.8000719000000001,0.819475,0.336072,0.703859,0.5785303,0.004955473,0.07315814000000001,1.8650130000000005e-05,1.4774129e-07,1.6388565999999997e-07,2.4090789999999996e-07,2.4864759e-07,3.4351507e-07,5.258902000000001e-07,1.1277571999999998e-06,0.03151487,0.05155638,9.937067999999999e-05,114.0172,112.32929999999999,5.521614e-06,6.343135999999999,0.006080329000000001,1.797857,0.000518166227,4.68786592e-05,0.008159970999999999,2.804226,0.000518166227,4.68786592e-05,0.005218251,9.1624181,0.000518166227,4.68786592e-05,0.0012775606,8.87205201,0.000518166227,4.68786592e-05,0.004304581,6.46083e-07,1.9141699999999997e-05,-0.01132611999999999,12.674132099999998,0.0046347963,-0.003063046,-0.003366975,7.957203e-07,1.0069869e-05
73,1607641200,0.23024719999999999,0.23026579999999996,0.04242379,-0.8275022,0.925041,0.39677949999999995,0.8254752999999999,0.6712705999999999,0.004621586,0.10021609000000001,1.875733e-05,2.2327814999999998e-07,2.3339505e-07,3.2797761999999995e-07,3.9419407e-07,5.361437900000001e-07,8.552046000000002e-07,1.8003603999999999e-06,0.059690049999999995,0.05535452,7.369743e-05,106.6664,100.97025,7.647162000000001e-06,6.244581999999999,0.007036785000000001,2.466062,0.0008751242,7.953755e-05,0.011027492,5.329834,0.0008751242,7.953755e-05,0.005548709,14.952255,0.0008751242,7.953755e-05,0.0016630526,14.876369999999998,0.0008751242,7.953755e-05,0.004299023000000001,6.664758999999999e-07,1.914259e-05,0.03982614,4.2303272,0.0016009050000000003,-0.002958052,-0.0032947949999999997,7.50967e-07,9.870870999999998e-06
73,1607641800,0.26848720000000004,0.26850579999999996,0.025162200000000003,-1.1727039999999997,0.9287534,0.4462482,0.8237503,0.6993215,0.005708711,0.115756,1.883189e-05,3.4291361000000006e-07,3.6490292e-07,4.915754999999999e-07,6.514618000000001e-07,9.057616000000001e-07,1.4368279e-06,3.1232490000000003e-06,0.07736404,0.05678454000000001,8.695392999999999e-05,101.6848,92.53130999999999,8.903435e-06,6.532801000000001,0.007738479000000001,2.848245,0.0008257908499999999,7.502319500000001e-05,0.012841920000000001,6.832596000000001,0.0008257908499999999,7.502319500000001e-05,0.005594086,14.758707000000001,0.0008257908499999999,7.502319500000001e-05,0.0017489741,14.600597000000002,0.0008257908499999999,7.502319500000001e-05,0.0043035190000000004,7.798137000000001e-07,1.929172e-05,0.0020908480999999985,5.5076003,0.00209991743,-0.0028646130000000002,-0.0032216459999999995,7.911598e-07,1.0468388e-05
73,1607642400,2.0544623,2.0544814000000002,0.009307269000000002,-1.453098,1.6225615999999998,0.9675488000000001,1.5242708,1.4439065,0.059973038,0.8404773999999999,2.0355000000000004e-05,2.03206554e-06,1.9580178599999997e-06,2.71024391e-06,4.522810300000001e-06,5.95764926e-06,1.04349096e-05,2.4398434399999996e-05,0.9704460999999999,0.056535159999999994,0.00019526633,93.98001000000001,77.27529,6.833163e-05,6.189368,0.016612151999999998,21.30143,0.00273790578,0.000250159538,0.0318915,84.249628,0.00273790578,0.000250159538,0.006643077999999999,51.358371,0.00273790578,0.000250159538,0.0030109609000000003,51.8337987,0.00273790578,0.000250159538,0.0044158669999999995,3.3821293999999997e-06,2.203711e-05,0.048638283000000004,14.533739100000002,0.00551754007,-0.0017316980000000003,-0.0024557972999999997,9.048975e-07,1.2764021e-05
73,1607643000,7.685791999999999,7.685811000000001,-0.0026073730000000005,-1.493611,4.060848,2.503491,3.9133579999999997,3.7212739999999997,0.042213879999999995,3.132618,2.784369e-05,1.1269973e-05,1.11663725e-05,1.44732241e-05,2.3123299e-05,3.05847474e-05,5.2608108400000004e-05,0.00012124775000000001,3.799199,0.04276762,0.0006561961,68.14815999999999,51.15477,0.0002554713,6.184887000000001,0.0432,80.22025999999998,0.0047708670400000005,0.00043602705399999997,0.09015724,333.9882,0.0047708670400000005,0.00043602705399999997,0.009194499,115.04555,0.0047708670400000005,0.00043602705399999997,0.006273817999999999,115.22502,0.0047708670400000005,0.00043602705399999997,0.004758788,1.1319709999999998e-05,3.062173e-05,0.0036288940000000006,0.26119549999999997,0.006845344000000001,0.001666976,-0.00013599231000000002,9.345840000000001e-07,1.489242e-05
73,1607643600,7.214859,7.214878000000001,-0.0036730953000000005,-1.480153,4.044162000000001,2.417785,3.7992790000000007,3.5751340000000007,0.13875967,3.038203,2.9357390000000004e-05,1.2657773000000002e-05,1.26976847e-05,1.59651399e-05,2.4262586e-05,3.2003449e-05,5.366281e-05,0.00011805975,3.564718,0.04183663,0.0005953647,67.97578,51.244139999999994,0.00023986299999999996,6.291802,0.041402579999999994,73.78549,0.0067646442,0.0006186301,0.08672010999999999,309.8008,0.0067646442,0.0006186301,0.009599820999999998,140.42518,0.0067646442,0.0006186301,0.0067103860000000005,141.91057,0.0067646442,0.0006186301,0.00481329,1.4773260000000002e-05,3.414479999999999e-05,-0.038704592700000005,63.3067447,0.040455242,0.00153931,-0.00019948018000000002,1.31854663e-05,0.00014319424
73,1607644200,13.022526,13.022529999999998,0.004056284,-1.578111,5.631098,3.2779129999999994,4.866035999999999,4.658317,0.15876036,5.653022,2.694495e-05,1.2039888000000004e-05,1.2682690999999998e-05,1.9363171999999998e-05,3.625148e-05,5.3214959999999995e-05,0.00010103480000000001,0.00024158242,6.452492000000001,0.05593359,0.0023485558000000003,67.69039,50.912060000000004,0.0004326824,6.464315000000001,0.05681468999999999,138.08947000000003,0.0114537887,0.001048089159,0.11683737999999999,569.2008999999999,0.0114537887,0.001048089159,0.011529969999999999,233.48543800000002,0.0114537887,0.001048089159,0.008456302,236.72587700000003,0.0114537887,0.001048089159,0.005411507,3.095528e-05,5.040341e-05,0.20771161,98.997855,0.06912073999999999,0.0036046810000000006,0.0014621204999999999,2.0669905999999996e-05,0.00019558297
73,1607644800,11.572224,11.572251,0.00179076118,-1.495674,5.466017,3.0539829999999997,4.844848,4.412272,0.33006020999999997,5.045773,4.551255e-05,2.9258699999999998e-05,3.01666312e-05,3.6334886000000005e-05,5.0953052e-05,6.481877599999999e-05,0.0001060535,0.00021222997,5.3533170000000005,0.42946729,0.002777542,76.43967999999998,57.62626,0.00038462490000000006,6.347047000000001,0.05190717,123.15335,0.0133392812,0.001221145887,0.10483707,473.163,0.0133392812,0.001221145887,0.011348566000000001,268.23662,0.0133392812,0.001221145887,0.008385935,272.713033,0.0133392812,0.001221145887,0.005362960999999999,2.599616e-05,4.528821999999999e-05,-0.081580731,16.486802,0.05088495,0.003276582,0.0012041202499999998,8.709508e-06,7.943413e-05
73,1607645400,14.522557999999998,14.522574,-0.0027026092,-1.2181642,6.417721,3.306415,5.754363,4.946064,1.2465704499999997,6.978693000000002,4.268459e-05,2.7215222e-05,2.83053303e-05,3.5817190999999995e-05,5.3687663e-05,7.2250322e-05,0.00012395868899999998,0.00027531547000000006,6.653730999999999,0.6040328,0.002865937,81.03831,60.041579999999996,0.0004823101,6.27257,0.05772966,154.21481,0.019185228699999998,0.00175726241,0.11465486999999999,586.0377,0.019185228699999998,0.00175726241,0.012216011,372.27421999999996,0.019185228699999998,0.00175726241,0.009169562,379.31816000000003,0.019185228699999998,0.00175726241,0.005660534,4.032463e-05,5.9754259999999995e-05,0.24033693,122.84809,0.129725166,0.0041124609999999995,0.0017196893,4.0199868e-05,0.00040181309000000007
73,1607646000,9.617117,9.617134000000002,-0.00047970420000000014,-1.3043788,5.549082,2.7433579999999997,4.609077,3.9939859999999996,0.33827417000000004,4.3766750000000005,3.926567e-05,2.1826625e-05,2.2755070299999998e-05,2.7520407999999997e-05,3.8400582000000004e-05,4.9802961000000004e-05,8.124229e-05,0.00016754493,4.02081,0.7851544,0.002162808,87.09191000000001,67.30569,0.0003193541,6.439936,0.047575309999999996,103.08386,0.0161461628,0.00147858141,0.09153720000000001,356.74809999999997,0.0161461628,0.00147858141,0.010629289,285.086067,0.0161461628,0.00147858141,0.007831714,292.013688,0.0161461628,0.00147858141,0.005126012000000001,2.309754e-05,4.220743e-05,0.04928795999999999,45.848966,0.06287288,0.0026098049999999998,0.0006589204,1.6123883e-05,0.00015886492
73,1607646600,19.412189999999995,19.4122,-0.0023010566999999995,-1.1705018,7.653421,3.8285220000000004,6.48001,5.762388,1.0003763700000001,9.074563999999999,5.6448789999999986e-05,4.3608614e-05,4.2531064000000005e-05,5.0185181e-05,7.0850593e-05,8.822825000000001e-05,0.00014195431999999998,0.00028019931,8.528649999999999,1.1738285999999998,0.002850098,86.26049000000002,65.36384999999999,0.0006449647000000001,6.227862,0.06712035999999999,207.74349999999998,0.029520292999999996,0.002703903836,0.13086617,756.5936,0.029520292999999996,0.002703903836,0.014034911,537.1492999999999,0.029520292999999996,0.002703903836,0.011056682,549.68559,0.029520292999999996,0.002703903836,0.006557582000000001,5.740064e-05,7.687842e-05,0.0036972299999999867,45.538169499999995,0.11358895999999999,0.006935089,0.003805739,2.8977560000000002e-05,0.00028887806000000004
73,1607647200,18.228126,18.228130999999998,-0.0008850039000000001,-1.0883115,7.803092999999999,3.608404,6.5710630000000005,5.667774,0.89042698,8.403611000000001,4.3011400000000006e-05,2.8603678000000005e-05,2.9764131999999993e-05,3.9023438e-05,5.8280607999999994e-05,8.462525e-05,0.00013349481,0.00029684008,7.533155000000001,1.5779187,0.0022895930000000004,89.57718,74.76387000000001,0.0006052225,6.435107,0.06198658,192.32184,0.02231454227,0.002043540783,0.11848406,662.4402000000001,0.02231454227,0.002043540783,0.01365792,420.45355,0.02231454227,0.002043540783,0.010681692,429.11222,0.02231454227,0.002043540783,0.006612730999999999,5.863993e-05,7.840917e-05,0.0333458,47.835401,0.0961729,0.006690155000000001,0.003757950000000001,2.6828538e-05,0.00026957746
73,1607647800,12.919006,12.919049999999999,-0.0011583481,-1.171482,6.846509,3.1468300000000005,5.7341120000000005,4.873536,0.3310464,5.793212,3.5393010000000006e-05,1.8284819e-05,1.9007346000000003e-05,2.3447316e-05,3.524775000000001e-05,5.112704999999999e-05,8.273071e-05,0.00017251023000000002,4.592344000000001,1.8645489999999998,0.0021937492999999997,96.50228,81.11238,0.0004285697000000001,6.461536,0.05472060000000001,138.86479,0.029294693,0.002683671,0.09761628,407.13839999999993,0.029294693,0.002683671,0.013846249,551.8269,0.029294693,0.002683671,0.011176859,564.2378000000001,0.029294693,0.002683671,0.0061555640000000005,5.0061789999999995e-05,6.939537e-05,-0.163413567,76.59743900000001,0.11716889999999998,0.005642151,0.002955613,4.5083377999999996e-05,0.00047941307999999994
73,1607648400,17.426141,17.426153,0.0006197476300000002,-1.1954249000000001,7.192907,3.713017,6.5527619999999995,5.673437999999999,0.4826030599999999,7.349401,4.581339e-05,3.0444611000000003e-05,3.0523373e-05,3.7183336999999995e-05,5.541419000000001e-05,7.752192999999999e-05,0.00011910019,0.00025392599999999997,7.092966,1.6166810000000003,0.0027884010000000002,90.70904999999999,69.73239,0.0005785103999999999,6.465678,0.06291337,186.04459000000003,0.029558602500000003,0.00270759645,0.12196691,627.4958999999999,0.029558602500000003,0.00270759645,0.014834575999999999,588.45057,0.029558602500000003,0.00270759645,0.012156276999999998,598.5967899999999,0.029558602500000003,0.00270759645,0.0067462500000000005,5.646833e-05,7.593312000000001e-05,-0.0012237169999999998,29.872547299999997,0.07506197,0.0073235620000000005,0.0044148899999999994,2.3904527000000002e-05,0.00024733105
73,1607649000,17.924432,17.924456,0.00012135249999999998,-1.2879148,6.846394999999999,3.7108870000000005,5.68221,5.163608,0.81778924,8.690366999999998,4.8247029999999996e-05,3.4529335e-05,3.3419039999999996e-05,4.0307912e-05,5.856774000000001e-05,7.925176900000001e-05,0.000122904115,0.00025087974000000005,7.7029073,1.2569025999999999,0.0017612578,85.63894,73.94435,0.0005955896,6.047435,0.06437139,190.45369,0.026314226880000003,0.002410182523,0.11852770000000001,678.5792,0.026314226880000003,0.002410182523,0.013241788999999999,468.74808,0.026314226880000003,0.002410182523,0.010310311999999999,479.9473999999999,0.026314226880000003,0.002410182523,0.006730727000000001,5.944314e-05,7.931643999999999e-05,-0.06040087300000001,37.842190800000004,0.09427909,0.007011423,0.004213172,3.4706484e-05,0.00034418491
73,1607649600,23.65444,23.654449999999997,-0.0020797120999999997,-1.546194,7.534657,4.484108000000001,6.976823999999999,6.205464,0.29774848,9.793854000000001,5.6197439999999994e-05,4.7292207e-05,4.4417390999999995e-05,5.4425126999999996e-05,7.963743499999999e-05,0.00010531195,0.00016807600999999998,0.00036038583999999996,10.583265,1.2402484,0.002802468,82.73556,61.781340000000014,0.0007859122,6.253849000000001,0.07488444,247.91690000000003,0.036833006300000005,0.0033736222199999997,0.14879320000000001,929.1892,0.036833006300000005,0.0033736222199999997,0.016150828000000002,698.9916599999999,0.036833006300000005,0.0033736222199999997,0.013202151,713.44573,0.036833006300000005,0.0033736222199999997,0.007003762000000001,5.8362710000000004e-05,7.810694e-05,0.003664305000000002,1.0429841,0.03763996000000001,0.008077611,0.004975295,8.482523e-06,7.065047000000002e-05
73,1607650200,29.31694,29.316969999999998,-0.0017635137999999998,-1.6417749999999998,8.10167,5.055019,7.544893,6.8946250000000004,0.06585025,11.803769999999998,9.923115e-05,9.492336e-05,9.0201809e-05,0.00010607376499999999,0.00014246184,0.000179520793,0.00027655997000000003,0.0005483160600000001,13.633839999999998,1.0204190000000002,0.002681232,78.16738,56.99015000000001,0.0009739181,6.244353,0.08523254,308.525,0.0373468827,0.0034205847600000004,0.17112299999999997,1201.5349999999999,0.0373468827,0.0034205847600000004,0.01716519,747.7085999999999,0.0373468827,0.0034205847600000004,0.014089817000000001,761.0552,0.0373468827,0.0034205847600000004,0.007551247,7.091328e-05,9.094863e-05,-0.006896629999999999,0.7042271999999999,0.03809843,0.009299714,0.0059628649999999995,9.099937999999998e-06,7.714767e-05
73,1607650800,20.746692000000003,20.746704,-0.0009334120000000001,-1.4596809,7.542567,4.107539,6.345006,5.67171,1.3453818100000001,10.584,3.937625e-05,2.6074611e-05,2.6165331e-05,3.5124705e-05,5.816155999999999e-05,8.101827000000001e-05,0.00013401045000000002,0.0003050695,9.23678,1.1339492,0.0019211479,81.08246,63.81395,0.0006893404,6.207248,0.07011603,219.22068,0.02792885356,0.002557941726,0.13583764,811.8819,0.02792885356,0.002557941726,0.014809008000000002,548.13387,0.02792885356,0.002557941726,0.011715855,559.0290299999999,0.02792885356,0.002557941726,0.007172728000000001,7.217391000000001e-05,9.217367e-05,0.012042790000000001,42.395505,0.12416615999999998,0.008073501,0.004922373000000001,3.5850800000000006e-05,0.0003572944
73,1607651400,25.11944,25.11945,-0.0019633168800000005,-1.599974,7.4794529999999995,4.588298,6.651465999999999,6.080922,0.4264992499999999,10.606438999999998,7.569433000000001e-05,6.4357319e-05,6.5333741e-05,7.6785268e-05,0.00010826414,0.00013609990999999998,0.00020547334,0.0004092253,11.553663,1.0028234,0.0020993065999999998,81.98967,59.651070000000004,0.0008345909,6.324339999999999,0.07929398000000001,262.7527,0.0128865321,0.00117826808,0.1537783,1012.3678,0.0128865321,0.00117826808,0.013632656000000002,325.69225000000006,0.0128865321,0.00117826808,0.010193044,326.46965000000006,0.0128865321,0.00117826808,0.007269743,6.830105e-05,8.811873e-05,-0.06796817999999999,15.918001550000003,0.07957105,0.008566078000000001,0.0054377670000000005,2.2976491999999997e-05,0.0002348867
73,1607652000,26.397080000000006,26.397080000000006,-0.0004822465,-1.5939329,7.652745999999999,4.759659,6.942437,6.310879,0.51867953,11.946560000000002,5.007674e-05,4.085397299999999e-05,3.8497255e-05,5.1204183999999996e-05,7.870594e-05,0.00010079848,0.00017523497,0.00037846794,11.971943999999999,1.2229767,0.002726185,79.7111,60.173019999999994,0.0008769903000000001,6.107971999999999,0.08101761,275.9614,0.0285131827,0.0026113004700000003,0.1582542,1048.0066,0.0285131827,0.0026113004700000003,0.016256587,650.59248,0.0285131827,0.0026113004700000003,0.013023456,657.00736,0.0285131827,0.0026113004700000003,0.007487537,7.142408999999999e-05,9.154568000000001e-05,-0.032340433999999994,10.0156566,0.06899477999999999,0.008962136,0.005800214999999999,1.6024603e-05,0.00015420697
73,1607652600,25.450359999999996,25.45037,-0.002917696,-1.6851120000000002,7.300424,4.714167000000001,6.698116000000001,6.090523,0.27272152,10.53547,6.015133e-05,5.0064561e-05,4.7207814e-05,5.7327298e-05,8.432564000000001e-05,0.00010614551999999999,0.00016825877000000003,0.00035687399,11.89856,0.8230450000000001,0.002650981,77.62505,56.481100000000005,0.000846048,5.8906030000000005,0.08139497999999999,269.4624,0.03412908099999999,0.0031253279,0.1594129,1050.6707000000001,0.03412908099999999,0.0031253279,0.015878714000000002,646.6656300000001,0.03412908099999999,0.0031253279,0.012772359,660.67001,0.03412908099999999,0.0031253279,0.007520412,7.070271e-05,9.098872e-05,0.04588699899999999,3.576974800000001,0.05536377,0.009065713999999999,0.005884112,1.2117856e-05,0.00010468651000000002
73,1607653200,28.471899999999998,28.47192,-0.0024636851,-1.7066,7.667297,4.98381,7.051453,6.531198999999999,0.17101678000000003,11.649053,7.227726e-05,6.637836e-05,6.1405127e-05,7.5380729e-05,0.00011230697000000002,0.000143742035,0.00022959344,0.0004779868499999999,13.425335999999998,0.8062462,0.003133559,77.02005,55.73218999999999,0.0009459852999999999,5.987691,0.08472821,299.0757,0.0103260623,0.0009442657499999998,0.1689154,1182.1368,0.0103260623,0.0009442657499999998,0.01433226,350.20701,0.0103260623,0.0009442657499999998,0.011061356,346.90889000000004,0.0103260623,0.0009442657499999998,0.008028615,8.327536999999999e-05,0.00010337882000000002,-0.02729237,0.7254371,0.04468370000000001,0.010221188,0.006902068,1.0620043e-05,7.823544999999999e-05
73,1607653800,29.063589999999998,29.063619999999997,-0.0020109881,-1.614574,7.970384,4.93399,7.188815,6.505661999999999,1.67575021,13.475801,6.859718e-05,4.9003765000000004e-05,4.854324800000001e-05,6.396626000000001e-05,9.109717e-05,0.00011248012,0.00018608777,0.00039777835999999997,13.569513999999998,0.9590493999999999,0.002231263,78.95128000000001,57.735079999999996,0.0009658629,6.2266710000000005,0.08421917,308.90430000000003,0.02986029442,0.00273498353,0.16568080000000002,1200.5106,0.02986029442,0.00273498353,0.015734506,600.39322,0.02986029442,0.00273498353,0.011970595,610.8063,0.02986029442,0.00273498353,0.008311839000000001,9.575117e-05,0.00012272474000000002,-0.0024241200000000057,28.4600284,0.10855402,0.009877897,0.006220336,4.4097134e-05,0.00039485287000000005
73,1607654400,14.396860999999998,14.396882999999999,-0.0019373466000000002,-1.6432940000000003,5.946593,3.5232840000000003,5.031979,4.69053,0.35738894,6.297999,3.668046e-05,2.0983456e-05,2.1892393e-05,3.2412506e-05,5.175301999999999e-05,6.0812787e-05,0.00010968048000000001,0.00023400136000000004,6.419127999999999,0.7763755000000001,0.0023729650000000003,83.39180999999999,60.93922,0.00047805990000000006,6.374554999999999,0.06113183,155.17470000000003,0.0137727689,0.001260702201,0.11682820000000001,567.0357999999999,0.0137727689,0.001260702201,0.012381019,328.98381000000006,0.0137727689,0.001260702201,0.009306986,331.88604,0.0137727689,0.001260702201,0.007717118999999999,7.97945e-05,9.994376000000001e-05,-0.056295340000000006,16.66650172,0.08797954999999999,0.009372129,0.0060748239999999995,2.6063013e-05,0.00023985548
73,1607655000,18.780952,18.780964,-0.0004309527530000001,-1.6256329999999999,6.543463,4.001056999999999,5.793328,5.317588,0.32229270000000004,8.03643,5.0685170000000005e-05,3.6173653e-05,3.6831905e-05,4.6925106e-05,7.12399e-05,8.3470893e-05,0.00013842446,0.00028678344,8.730431,0.6568114,0.002505523,79.35082,57.63989,0.0006241735,6.182853,0.06908826,201.34611,0.0308054561,0.00282146651,0.13552395,772.1115,0.0308054561,0.00282146651,0.014003569000000002,540.1396100000001,0.0308054561,0.00282146651,0.010971987,554.09466,0.0308054561,0.00282146651,0.007778871999999999,8.218602e-05,0.00010193046,0.04029369000000001,15.0702844,0.08456712,0.009728944,0.006411098,2.9987601e-05,0.0002852978500000001
73,1607655600,27.21251,27.212550000000004,-0.00160879464,-1.6041699999999999,8.195091,4.801794999999999,7.225045,6.387606,1.36868485,12.925459999999998,6.181656e-05,5.0274959000000004e-05,5.0972455e-05,6.2917696e-05,9.254322e-05,0.00011788866800000002,0.00018815867000000002,0.00039838915,12.739539000000002,0.8633284,0.0023751370000000003,79.07978,57.0569,0.0009045667,6.110777000000001,0.08232915,288.19989999999996,0.0175476231,0.00160588892,0.16278410000000001,1124.4564999999998,0.0175476231,0.00160588892,0.015302660000000001,450.76779,0.0175476231,0.00160588892,0.011748263,452.95236000000006,0.0175476231,0.00160588892,0.007538607,7.809467e-05,9.819975e-05,-0.00014105439999999997,18.7269201,0.10009129000000001,0.009214937999999999,0.005780092,3.3855571e-05,0.00034500496
73,1607656200,25.021499999999996,25.02151,-0.0010673013000000002,-1.6298230000000005,7.399314000000001,4.6364920000000005,6.776381000000001,6.249605,0.7903124000000001,10.918809,5.8787849999999997e-05,4.727458e-05,4.60117e-05,5.6251922e-05,8.418871000000002e-05,0.0001078067,0.00018134226,0.0003834254,11.589334,0.9174203000000001,0.003042113,77.63497,57.40397,0.0008315776,6.361524999999999,0.07968052,266.9004,0.036616568440000004,0.0033550555950000007,0.1574986,1027.4017000000001,0.036616568440000004,0.0033550555950000007,0.016931511,771.11077,0.036616568440000004,0.0033550555950000007,0.013714247000000002,781.9815699999999,0.036616568440000004,0.0033550555950000007,0.00716223,6.681038999999999e-05,8.706248000000001e-05,-0.022541277999999998,31.592897,0.10259899000000001,0.008156388,0.0051709289999999995,2.5996197e-05,0.00025507463
73,1607656800,29.997500000000002,29.99752,-0.001945782,-1.623882,8.217136,5.047813,7.527301,6.798208,1.20486325,13.089447999999999,7.295685e-05,6.283031999999999e-05,6.383233999999998e-05,7.7510029e-05,0.00011362359000000001,0.00014330518,0.00023599804,0.0004969169600000001,13.950878999999997,1.0441164,0.0024974959999999997,78.49139,58.046800000000005,0.0009965909000000002,6.263186,0.08571007,316.34060000000005,0.0094231442,0.0008609988999999998,0.1700549,1230.1329999999998,0.0094231442,0.0008609988999999998,0.014128862,272.511344,0.0094231442,0.0008609988999999998,0.010445238,271.971807,0.0094231442,0.0008609988999999998,0.00741515,7.281859e-05,9.325075e-05,0.05324523,17.409223,0.09011248,0.008846366000000001,0.005574783,2.3028159e-05,0.00021352219
73,1607657400,19.95408,19.954099999999997,-0.0009963736,-1.666426,6.869871999999999,4.197201,6.160762,5.533257,0.25403922,8.383112,5.0606769999999996e-05,3.4231958000000005e-05,3.5409312000000006e-05,4.229562299999999e-05,6.126605e-05,7.754501e-05,0.00012765787000000003,0.00027410702,8.849264999999999,1.1244029999999996,0.002682064,85.16653999999998,61.32455,0.0006629234999999999,6.2127040000000004,0.07058110000000001,210.56780000000003,0.0351357349,0.003218356509999999,0.13760709999999998,778.2908,0.0351357349,0.003218356509999999,0.015325705999999998,670.55484,0.0351357349,0.003218356509999999,0.012213456000000001,683.79165,0.0351357349,0.003218356509999999,0.006835562000000001,5.590085e-05,7.617192e-05,0.044177900000000006,12.377402,0.053584999999999994,0.007325862999999999,0.004514577,1.3251514999999998e-05,0.00012300803
73,1607658000,19.720850000000002,19.720899999999997,6.569691000000008e-05,-1.571528,6.8429079999999995,4.103141,6.229728,5.589546,0.30938307,8.435122000000002,6.914574e-05,5.5936128000000005e-05,5.612939100000001e-05,6.5621118e-05,9.088573e-05,0.00011278277999999999,0.00017819679,0.00034782188999999997,8.811589,1.0451173999999999,0.002768738,81.35900000000001,60.95607000000001,0.0006551774,6.298882999999999,0.06923673,204.454,0.028680972,0.0026269004399999997,0.13598675000000002,766.8134,0.028680972,0.0026269004399999997,0.014615138,554.0691600000001,0.028680972,0.0026269004399999997,0.011628172,564.34034,0.028680972,0.0026269004399999997,0.006617039,5.2294739999999995e-05,7.252857e-05,0.00597369562,30.326205000000005,0.07371079,0.006899314000000001,0.003999568,2.2133951e-05,0.00022758805
73,1607658600,20.965850000000003,20.965880000000006,-0.001479346562,-1.649578,6.87996,4.288566000000001,6.338218,5.694811,0.18096485,8.678303,8.587588e-05,7.081998e-05,7.3853477e-05,8.710888e-05,0.00011739867,0.00015083202999999998,0.00023667135,0.0004694715,9.447606,1.0309431999999998,0.00311148,77.31783999999999,59.87910999999999,0.0006962615999999999,6.486172000000001,0.07222086999999999,216.4989,0.024204976299999997,0.00221645157,0.1414225,819.9547,0.024204976299999997,0.00221645157,0.01403982,458.11057,0.024204976299999997,0.00221645157,0.010891677,467.31067999999993,0.024204976299999997,0.00221645157,0.006602539,5.0535659999999995e-05,7.084241999999999e-05,0.049786550000000006,16.81323,0.06008202,0.006863303999999999,0.004021584999999999,1.2758989e-05,0.00011865234999999999
73,1607659200,14.836827,14.836867000000002,-0.0060579212,-1.32745,6.095282,3.2096760000000004,5.123519,4.686294,1.5609213599999996,8.417812,3.3685850000000005e-05,1.9019513e-05,1.9057795000000002e-05,2.5790024e-05,4.1626786e-05,5.8736477999999996e-05,0.00010143535999999999,0.00023192689,7.255383999999999,0.16122686199999997,0.0012971025,69.51652,51.980219999999996,0.00049335535,6.26239,0.05555102999999999,152.13052,0.019887432000000003,0.00182075368,0.11361773000000001,628.9379000000001,0.019887432000000003,0.00182075368,0.013060649999999998,385.04850999999996,0.019887432000000003,0.00182075368,0.009816567,392.02309,0.019887432000000003,0.00182075368,0.006103430000000001,5.112825e-05,7.115416999999999e-05,-0.09686829,151.88337299999998,0.14720085,0.0047720157,0.0022458608,4.6677423e-05,0.00047425287
73,1607659800,11.150918,11.150933,-0.005132121,-1.520521,5.176658000000001,3.0074419999999997,4.58294,4.315107,0.17264633000000001,4.792364999999999,2.9480319999999998e-05,1.2718532000000001e-05,1.2955712099999998e-05,1.7709736e-05,3.1260561e-05,4.3188385999999996e-05,8.083655e-05,0.00018824644,5.476834000000001,0.09568667,0.002544615,70.01015,51.87254,0.0003706823,6.208945000000001,0.05283351000000001,115.79659999999998,0.0034586599999999997,0.00031518898999999994,0.10660711999999999,476.37929999999994,0.0034586599999999997,0.00031518898999999994,0.010287207000000001,128.98582,0.0034586599999999997,0.00031518898999999994,0.007232573000000001,126.9903,0.0034586599999999997,0.00031518898999999994,0.005610748,3.61241e-05,5.5782249999999986e-05,0.14667634999999996,108.92700399999998,0.10147035,0.0038626349999999997,0.0016450949999999998,2.5911909e-05,0.00026072059999999997
73,1607660400,15.462803000000003,15.462818000000002,-0.0053487809999999995,-1.507141,5.948731,3.452554,5.270935,5.015029,0.7195284,7.410577999999999,3.50152e-05,2.0074921999999997e-05,1.99651217e-05,2.63701766e-05,4.3040547e-05,5.7749601e-05,0.00010109365800000002,0.00023039992,7.621458,0.10766948000000001,0.0017601288,70.24068,51.63996999999999,0.0005141733,6.041072,0.06122266,164.41255,0.0071609857,0.00065424672,0.12311520999999999,673.8709,0.0071609857,0.00065424672,0.011018297,166.54605,0.0071609857,0.00065424672,0.007761572,167.21407000000002,0.0071609857,0.00065424672,0.005918246,4.057501999999999e-05,6.040189e-05,-0.02327418,31.948469,0.06987575,0.004842644,0.0022809685,2.1459391000000002e-05,0.00020104546
73,1607661000,19.891015,19.891047,-0.0055259175,-1.4822598,6.8481570000000005,3.9001913000000004,5.800377,5.442839000000001,0.97091739,10.14508,5.713437999999999e-05,4.2977432999999996e-05,4.3224375e-05,5.1572536000000007e-05,7.3055091e-05,9.1138237e-05,0.00015015196999999998,0.00030348024,9.7415401,0.20082339,0.002358862,68.84317000000001,52.66497,0.00066134291,6.079593000000001,0.06802395,211.18426,0.0187650127,0.001718005389,0.13830839,859.65149,0.0187650127,0.001718005389,0.013564155999999999,416.35521,0.0187650127,0.001718005389,0.010228199,420.48967999999996,0.0187650127,0.001718005389,0.006259307,4.756487e-05,6.721977000000001e-05,0.0014563610000000004,35.567647,0.0897818,0.0059019037,0.003179713,2.5173863999999998e-05,0.00026005208000000004
73,1607661600,28.41279,28.412799999999997,-0.001195589,-1.547071,8.354690000000002,4.879060999999999,7.310922000000001,6.9227490000000005,0.62535988,13.352640000000003,5.3096479999999994e-05,4.121396e-05,4.121472e-05,5.2134963e-05,8.334187000000001e-05,0.00010986202999999999,0.00018213030999999997,0.0004276524299999999,13.85572,0.34730144,0.0024129904,71.02883999999999,52.51549,0.0009446947000000001,6.208709000000001,0.08376866000000001,298.6949,0.017473351800000002,0.0015985377,0.17208969999999998,1219.482,0.017473351800000002,0.0015985377,0.015669,421.3,0.017473351800000002,0.0015985377,0.011966178,423.3559,0.017473351800000002,0.0015985377,0.006900618,6.150653e-05,8.174976999999999e-05,-0.031534599999999996,24.904178,0.08233757,0.007911118,0.004686213999999999,2.623063e-05,0.00025797864999999997
73,1607662200,28.171389999999995,28.171429999999997,-0.0009517085999999998,-1.481739,8.431345,4.834419,7.729173999999999,7.064203000000001,0.40373769,11.73261,8.439778e-05,7.76831e-05,7.6523049e-05,9.239946899999999e-05,0.0001298204,0.00017193639,0.00027524308,0.0005773259999999999,13.518080000000001,0.5627787,0.0033597059999999996,72.96735,54.03904,0.0009358722,6.431126999999999,0.08221829,295.98089999999996,0.0292892965,0.0026813004500000005,0.1700188,1188.4852999999998,0.0292892965,0.0026813004500000005,0.01627747,538.34267,0.0292892965,0.0026813004500000005,0.013042277000000001,549.9425100000001,0.0292892965,0.0026813004500000005,0.007108697,6.244509e-05,8.282013e-05,0.038130553,9.916811999999998,0.06291856,0.008269998,0.005002325,1.5311097999999998e-05,0.00014536022999999998
73,1607662800,27.75648,27.75651,-0.0012932227,-1.4280500000000003,8.382631,4.739015,7.748448999999999,7.124353999999999,0.56953661,11.625539999999999,0.00010276035000000001,9.655778999999999e-05,9.435861399999999e-05,0.00011028803,0.00014867842000000002,0.00018885978999999998,0.0002912745,0.0005799527,13.312180000000001,0.5614486999999999,0.0030029349999999995,71.42423999999998,54.09348,0.0009224262,6.417520000000001,0.08179496,297.238,0.024741713000000002,0.0022645480000000003,0.1691976,1184.0571,0.024741713000000002,0.0022645480000000003,0.015791270000000003,472.38693,0.024741713000000002,0.0022645480000000003,0.012528928,481.8642,0.024741713000000002,0.0022645480000000003,0.006971196000000001,6.05215e-05,8.080675999999998e-05,0.00923334,20.889914500000003,0.06996284,0.007976584,0.0047397839999999995,2.2337371999999997e-05,0.00022746107
73,1607663400,28.88612,28.88614,-0.0006602840700000001,-1.479699,8.352742000000001,4.894903000000001,7.8471150000000005,7.275896999999999,0.09548033999999998,11.61802,6.779718e-05,5.9952809999999994e-05,5.38279764e-05,6.23977608e-05,8.835091999999999e-05,0.000106686905,0.00015781519,0.00033536211,13.88175,0.5580681000000001,0.0023355420000000003,74.38813999999999,53.88877,0.0009610898999999999,5.358357999999999,0.08317995,304.7853,0.031570777,0.0028903565000000003,0.1727538,1225.013,0.031570777,0.0028903565000000003,0.01719254,601.7454,0.031570777,0.0028903565000000003,0.013884342,614.1679,0.031570777,0.0028903565000000003,0.006974904000000001,5.766984e-05,7.791128999999999e-05,0.005967154,1.1685654,0.03916751,0.008024928,0.004803244,7.440717999999999e-06,6.131366e-05
73,1607664000,20.755438,20.755504,-0.00493612098,-1.0732509000000001,7.585020999999999,3.8846149999999993,6.336415,5.68911,1.86927623,10.962228,8.096625999999999e-05,3.7847231000000004e-05,3.78497007e-05,4.7866322000000006e-05,7.3402883e-05,9.969646799999998e-05,0.00016812087,0.00038216444,9.959461,0.41511733000000006,0.0022613846999999998,74.27068,56.03166,0.0006895331,6.278491,0.06761752000000001,218.17873,0.0195101048,0.0017850407500000001,0.13541265,873.7334000000001,0.0195101048,0.0017850407500000001,0.014805838000000002,375.3205,0.0195101048,0.0017850407500000001,0.010638178000000002,380.18096,0.0195101048,0.0017850407500000001,0.007334762,6.841902e-05,0.00011489929,-0.008642228999999998,180.241112,0.1624391,0.005125036,0.00251219593,7.169920200000001e-05,0.00065939485
73,1607664600,13.970519000000001,13.970528000000002,0.003684423,-1.5901910000000001,5.593897,3.361316,4.992527,4.758744999999999,0.18453829,5.891890999999999,3.804267e-05,2.2241718e-05,2.17176574e-05,2.6471447900000002e-05,4.1530589e-05,5.096307000000001e-05,8.4380672e-05,0.00018558796,6.9016779999999995,0.08180682,0.0013198769,69.29644,51.31859999999999,0.0004647358,5.980822,0.05812318000000001,147.64275,0.010328650259999999,0.00094499759,0.11926881,607.8158,0.010328650259999999,0.00094499759,0.011601500999999998,221.74271999999996,0.010328650259999999,0.00094499759,0.008456731,224.04261000000002,0.010328650259999999,0.00094499759,0.0057491339999999995,3.560081e-05,5.539091999999999e-05,-0.07889320400000001,40.701819,0.06046418,0.004335276,0.0021092956,1.9862156e-05,0.00019318013
73,1607665200,29.760790000000004,29.760790000000004,-0.000754109,-1.466243,8.526527,4.891498,7.5879069999999995,6.850257999999999,2.1790748799999995,15.345759999999999,4.226073000000001e-05,3.1894240000000007e-05,3.06519111e-05,4.2463739000000005e-05,7.393243e-05,0.00010217981299999999,0.000184124129,0.00044483112999999994,14.699344999999997,0.17722281999999998,0.0028654516,69.13049000000001,51.31483999999999,0.0009893323999999998,5.984341,0.08505716999999999,313.97020000000003,0.021655795999999998,0.0019818080299999997,0.173509,1295.7588,0.021655795999999998,0.0019818080299999997,0.01589386,494.12970000000007,0.021655795999999998,0.0019818080299999997,0.012180908,499.26120000000003,0.021655795999999998,0.0019818080299999997,0.0067432049999999995,6.119266e-05,8.115944999999999e-05,-0.033890893,67.4755673,0.10989043999999999,0.007650938000000001,0.004383406,4.0071779e-05,0.00042265722999999995
73,1607665800,11.061556,11.061566000000001,0.0029987010000000003,-1.61771,5.340238,3.07799,4.522788,4.164540000000001,0.5127155099999999,5.317946999999999,3.083119e-05,1.3918543000000002e-05,1.3791440000000003e-05,1.7928175999999997e-05,2.9419375000000003e-05,3.8333013e-05,6.774826500000001e-05,0.00015142786,5.177947,0.3503945,0.002090227,81.53785,56.795519999999996,0.0003677041000000001,6.309233000000001,0.051920690000000005,115.60777,0.00832043734,0.000761432908,0.10376669000000001,451.5804,0.00832043734,0.000761432908,0.009944703000000001,181.024401,0.00832043734,0.000761432908,0.006968360000000002,182.762552,0.00832043734,0.000761432908,0.005403713,3.048776e-05,5.0369200000000006e-05,0.03932625700000001,41.772429,0.06902878,0.003243874,0.0013539368,2.2234329e-05,0.00018829449000000003
73,1607666400,11.432571,11.432585999999999,0.00338707974,-1.3017232999999997,5.738837000000001,3.041913,5.239921000000001,4.6678419999999985,0.16222765,4.819549,4.084431e-05,2.2911361e-05,2.3349639e-05,2.78910971e-05,3.9759053e-05,4.9909572000000004e-05,8.075373e-05,0.00016736167999999998,5.064947,0.6483902,0.002502977,81.93478,61.72831,0.0003799766,6.196976,0.05139142,121.20038,0.00986387611,0.0009025919130000003,0.10378590000000001,446.84180000000003,0.00986387611,0.0009025919130000003,0.010276935999999999,198.122142,0.00986387611,0.0009025919130000003,0.007465184999999999,200.799663,0.00986387611,0.0009025919130000003,0.0054141300000000005,2.5701510000000002e-05,4.5463730000000005e-05,0.066773711,28.06839,0.041849,0.0035150059999999998,0.0013419924370000002,9.96113e-06,0.00010328267
73,1607667000,8.791803,8.791813999999999,0.0013825293999999999,-1.0995513000000001,5.935531,2.6052799999999996,4.584665,4.015435,0.24989286000000002,4.309899,3.889419e-05,2.1675197e-05,2.3060637e-05,2.7982568000000005e-05,3.8802391e-05,5.1301793000000005e-05,8.406129999999999e-05,0.00017645852000000003,3.6090234000000003,0.7824496,0.003981272,85.73774,72.37943000000001,0.00029180555000000004,6.428073,0.04389076,93.58237,0.017610306840000003,0.0016129594109999998,0.08388113999999999,316.89067,0.017610306840000003,0.0016129594109999998,0.011037784,306.39121000000006,0.017610306840000003,0.0016129594109999998,0.008225728,314.03397,0.017610306840000003,0.0016129594109999998,0.005186034000000001,4.8876870000000004e-05,6.829720999999999e-05,3.022727895,242.028044,0.15262631999999998,0.0023740492,0.0005693079,0.000147498951,0.0015778845900000001
73,1607667600,12.715478999999998,12.715492999999999,0.0063069359,-1.132158,6.303529999999999,3.093972,5.530482000000001,4.902300000000001,0.5021877800000001,5.924252,3.390529e-05,1.7954770000000004e-05,1.7433204900000003e-05,2.2599869000000002e-05,3.6333661e-05,4.8894201e-05,8.777171e-05,0.00019604355999999998,5.456802,0.8976312,0.002865014,89.28261,66.81933000000001,0.00042216630000000007,6.444153,0.051257580000000004,134.14135000000002,0.02156457066,0.001976183243,0.10421825999999998,479.39279999999997,0.02156457066,0.001976183243,0.011494543999999999,378.09985,0.02156457066,0.001976183243,0.008784792,388.206381,0.02156457066,0.001976183243,0.005499545,3.288338e-05,5.233983000000001e-05,-1.983262016,142.54453700000002,0.07021755,0.003749727,0.0015648356000000003,2.6458870000000003e-05,0.00027549876
73,1607668200,13.236642999999997,13.236651,-0.001814877,-1.2743291,6.392858,3.166196,5.417229,4.753943999999999,1.10148633,6.982362,2.8024940000000003e-05,1.1037962000000001e-05,9.111839e-06,1.1845524000000001e-05,2.0581335e-05,2.3799949e-05,4.4529920000000003e-05,0.00010977029,5.940860000000001,0.6748658,0.0023525580000000003,86.30906999999999,63.27949000000001,0.0004400236,6.122677,0.05571516,140.34446000000003,0.010371377799999998,0.00094902093,0.10849992,523.4267,0.010371377799999998,0.00094902093,0.011381815,234.75043000000005,0.010371377799999998,0.00094902093,0.008393987,236.34778999999997,0.010371377799999998,0.00094902093,0.005523055000000001,3.519854e-05,5.457725e-05,0.09734441399999999,76.77401900000001,0.10402797,0.003841497,0.00154539995,2.9993601e-05,0.00028449513999999993
73,1607668800,9.806649,9.806673,-0.0026640979999999997,-1.5088293,5.0190030000000005,2.8810890000000002,4.407621000000001,4.088713,0.27081169,4.346811000000001,3.505818e-05,1.7321308e-05,1.78884319e-05,2.1883838e-05,3.1731397e-05,4.1536619e-05,6.911214e-05,0.00014778751999999998,3.943402,0.9565075999999999,0.003043418,90.32969999999999,69.52772,0.00032549970000000006,6.443038,0.04950425000000001,103.90736999999999,0.013847241000000001,0.0012683468,0.09163231,347.4382,0.013847241000000001,0.0012683468,0.010812622,285.15606199999996,0.013847241000000001,0.0012683468,0.007995395,289.69133,0.013847241000000001,0.0012683468,0.005116236000000001,1.961349e-05,3.9197010000000005e-05,0.08683981,19.799728,0.043303640000000004,0.0025893319999999997,0.0007222143,7.663537000000002e-06,7.793353e-05
73,1607669400,11.701080000000001,11.70109,-0.00030831696800000003,-1.562064,5.460691,3.191089,4.982740000000001,4.329019000000001,0.03703446,4.716514999999999,3.7140160000000005e-05,1.8677993e-05,1.8420005e-05,2.2148341e-05,3.1248646000000004e-05,3.8560925e-05,6.317146e-05,0.00012753165000000001,4.767162000000001,1.080073,0.0029496540000000003,92.31151,68.53367,0.00038860579999999993,6.286907,0.053039939999999994,123.3192,0.015704771200000002,0.0014379714200000002,0.10101518000000001,419.22169999999994,0.015704771200000002,0.0014379714200000002,0.011376241,292.94153000000006,0.015704771200000002,0.0014379714200000002,0.008636996,298.25591,0.015704771200000002,0.0014379714200000002,0.005270157,2.208316e-05,4.1558e-05,0.018475757,2.553685,0.02612567,0.00319056,0.001223937,3.6639169999999996e-06,3.334147e-05
73,1607670000,16.70087,16.700879999999998,-0.0017822655999999999,-1.3710039000000003,6.981772000000001,3.624071,5.930507,5.1527330000000005,1.30803229,8.765727,4.8364730000000003e-05,3.2755835000000005e-05,3.725409e-05,4.248043900000001e-05,0.00011356021000000002,0.00019485908,0.00013878873,0.00034629,7.359922,0.9863639,0.0032140089999999994,83.78505,63.77466999999999,0.0005547677,6.408602999999999,0.0636276,186.4831,0.0166419466,0.00152329618,0.12096719999999998,646.1429,0.0166419466,0.00152329618,0.013113067,365.44325000000003,0.0166419466,0.00152329618,0.010195319,369.57335,0.0166419466,0.00152329618,0.010757474999999999,0.00030427089999999997,0.00032382324,-0.02800145,57.50244990000001,0.12194131,0.020863261,0.01250908,0.000138264962,0.00067620089
73,1607670600,12.84445,12.844469999999998,-0.002900589,-1.5126865,6.117973,3.3093109999999997,5.159819000000001,4.519487,0.14990847999999998,5.490795,4.206106e-05,2.5487724e-05,2.6274152999999998e-05,3.193248e-05,4.5212048e-05,5.809749e-05,9.498172999999999e-05,0.00019846714,5.193339,1.2270089,0.0013653402000000001,87.83585000000001,69.40305,0.0004265433000000001,6.3853610000000005,0.05616797,135.4569,0.02265644886,0.0020752256469999996,0.10522556999999999,456.6663,0.02265644886,0.0020752256469999996,0.012375857,409.29653800000006,0.02265644886,0.0020752256469999996,0.009553686000000002,418.84382999999997,0.02265644886,0.0020752256469999996,0.005396804,3.08e-05,5.0380849999999994e-05,-0.16124493,114.65447200000001,0.09680892999999999,0.0033773740000000003,0.0012804246999999999,2.8449768e-05,0.00028793140999999994
73,1607671200,21.29999,21.30003,-0.0017661458999999997,-1.5642359999999997,7.365261000000001,4.259442000000001,6.466847999999999,5.7628010000000005,0.8174001599999998,9.659696,5.915398e-05,4.4682836e-05,4.74843301e-05,5.7561121999999994e-05,9.3394225e-05,0.00013066343,0.000191555703,0.00042018409999999997,9.63585,1.0098151,0.0033005409999999997,82.71929,59.77216000000001,0.0007071064999999999,6.484215000000001,0.07229436,227.61369999999997,0.021857364990000003,0.002002458391,0.14171099999999998,850.2387999999999,0.021857364990000003,0.002002458391,0.014393224,519.49179,0.021857364990000003,0.002002458391,0.011149105000000001,523.8057,0.021857364990000003,0.002002458391,0.006960307000000001,9.156124999999999e-05,0.00011140586,-0.005909796999999997,52.274378999999996,0.07824499,0.008701539,0.004222564,4.900232100000001e-05,0.00028962138
73,1607671800,15.570878000000002,15.570902999999998,0.00102105951,-1.0550104,7.016157,3.1680940000000004,5.901968999999999,4.808996,1.1552397499999998,8.345925000000001,9.206833000000001e-05,7.203347800000001e-05,7.667945199999999e-05,8.908560699999999e-05,0.00011421282100000001,0.00014650841299999998,0.00022024935,0.00041871527,5.993504,1.7889886000000002,0.001728213,95.12467,87.64152999999999,0.0005167190999999999,6.560145,0.055560450000000004,166.12717000000004,0.030510818300000003,0.0027948186399999997,0.09846772000000001,530.2499,0.030510818300000003,0.0027948186399999997,0.013488975,544.754781,0.030510818300000003,0.0027948186399999997,0.010490566,557.997539,0.030510818300000003,0.0027948186399999997,0.006145022,4.078434e-05,6.460042999999999e-05,-0.006650696159999999,23.037399999999998,0.06799511999999999,0.0044748159999999995,0.0016419068999999997,1.7636451e-05,0.00015295794999999998
73,1607672400,6.456022,6.456041000000001,0.0026793210000000006,-1.0064641,4.725407,2.118375,4.172827,3.401543,0.09058403000000001,2.65763,2.540022e-05,6.182927e-06,7.050175000000001e-06,8.925206999999998e-06,1.2073657000000002e-05,1.6795133999999997e-05,2.964356e-05,5.689237000000001e-05,1.1723583999999998,2.054433,0.0010668987,110.2356,114.10799999999999,0.0002142919,6.365663,0.03840704,69.48755,0.017531666799999998,0.00160612659,0.04979845,104.31094,0.017531666799999998,0.00160612659,0.011144247,332.94894000000005,0.017531666799999998,0.00160612659,0.008628209000000001,340.47627,0.017531666799999998,0.00160612659,0.005208038,2.088588e-05,4.032613000000001e-05,0.013638073,6.7342200000000005,0.028681609999999996,0.002649163,0.00010448762,5.921953999999999e-06,4.050811e-05
73,1607673000,7.010171,7.010191000000001,0.0019150329999999996,-0.9358380000000001,5.0473550000000005,2.1733300000000004,4.410736000000001,3.582635,0.07509209,2.951764,2.261302e-05,3.3285222000000005e-06,3.821198399999999e-06,5.487064e-06,8.349677e-06,1.2317822000000001e-05,2.313503e-05,4.6152089999999994e-05,1.468239,2.0356620000000003,0.0010678054,112.08809999999998,109.38227000000002,0.0002327768,6.139755,0.03965264,75.42008,0.026052660100000003,0.0023871199,0.05513531999999999,130.2215,0.026052660100000003,0.0023871199,0.011694050999999999,457.80046300000015,0.026052660100000003,0.0023871199,0.00914212,470.0599450000001,0.026052660100000003,0.0023871199,0.005311055,2.6178780000000003e-05,4.567707e-05,-0.17482537799999998,65.762986,0.06867458,0.0029160189999999997,0.00018381519999999997,2.0042395000000003e-05,0.00020231368000000002
73,1607673600,6.861605,6.861624999999999,0.0017986520000000006,-0.9676117000000002,4.924913,2.162865,4.225892,3.6228359999999995,0.14790754,2.934229,3.0130819999999998e-05,1.1330320599999998e-05,1.2201264899999999e-05,1.4750710999999998e-05,1.9441081999999997e-05,2.6458256e-05,4.266414e-05,8.29991e-05,1.569149,1.8603769999999997,0.0010403739,106.03723,106.21526000000001,0.0002277027,6.362078000000001,0.03942358,73.60585,0.0171521478,0.00157125523,0.056357649999999995,139.4266,0.0171521478,0.00157125523,0.010458703,305.03049,0.0171521478,0.00157125523,0.007881398,312.83156999999994,0.0171521478,0.00157125523,0.0051443009999999996,2.339919e-05,4.289843e-05,-0.2512324,99.025198,0.07246103000000001,0.002219362,-8.170343100000001e-05,2.4646070000000002e-05,0.0002518101
73,1607674200,8.925898999999998,8.925917000000002,0.0056555730000000005,-0.9774074,5.813128000000001,2.505272,4.912313,4.00141,0.43006637999999997,4.485982999999999,3.7559939999999995e-05,2.0041210999999997e-05,2.1603162099999998e-05,2.6052329999999997e-05,3.5061964e-05,4.608595e-05,7.2912001e-05,0.00014299382,2.778096,1.68336,0.0010778305999999999,97.38433,91.96635,0.0002962709,6.298018,0.04371828,95.70515999999999,0.02830368755,0.0025933737489999996,0.07360206,246.64836999999997,0.02830368755,0.0025933737489999996,0.012436202999999998,519.30531,0.02830368755,0.0025933737489999996,0.009779718,531.7785299999999,0.02830368755,0.0025933737489999996,0.005326986,2.9601820000000007e-05,4.910111000000001e-05,0.06572756799999999,64.672767,0.08099204,0.0027267630000000005,0.00030019076999999994,3.2482578999999995e-05,0.00031408265
73,1607674800,11.312214999999998,11.312232,0.0027708225,-0.6885554,6.633429,2.689752,5.767151999999999,4.809223,0.6666615,5.713291,4.1742879999999995e-05,2.5609925999999998e-05,2.7145181e-05,3.2699891e-05,4.4589936e-05,5.878512900000001e-05,9.345853000000001e-05,0.00018841478999999996,4.192179,1.4621819999999999,0.0012507914,92.71358000000001,80.52565,0.0003755329,6.3754170000000006,0.04748399,120.07904,0.022246799,0.00203837926,0.09032588999999999,370.6219,0.022246799,0.00203837926,0.012515755,412.389,0.022246799,0.00203837926,0.009844564,422.3370000000001,0.022246799,0.00203837926,0.005268402,2.8836080000000005e-05,4.81036e-05,0.05567561,87.18772699999998,0.08048222000000001,0.0027039050000000004,3.8769999999999605e-06,2.4943646999999998e-05,0.00020762277
73,1607675400,20.403889999999997,20.40391,0.0011885234,-1.055779,8.064586000000002,3.902509,7.3595619999999995,6.504385000000001,0.5527524699999999,8.756624,5.0889529999999997e-05,3.6421437000000005e-05,3.6381569999999995e-05,4.2312938e-05,5.9486558000000006e-05,7.163557800000001e-05,0.00010912444799999999,0.00021981064999999998,8.887393999999999,1.3129637,0.0009834108,87.38288,63.705380000000005,0.0006783574,6.016884,0.06568817,216.7542,0.037226755,0.0034098878999999998,0.1371375,787.7122999999999,0.037226755,0.0034098878999999998,0.016223278999999997,676.18962,0.037226755,0.0034098878999999998,0.013099121,691.94491,0.037226755,0.0034098878999999998,0.0059286930000000005,4.301657e-05,6.263895e-05,-0.035271909000000004,38.825427000000005,0.07784893000000001,0.005589175,0.0018406199999999998,2.6232901e-05,0.00025054062000000007
73,1607676000,15.487129999999997,15.487159999999998,0.0022533294000000002,-0.9778258999999998,7.325661000000001,3.40473,6.549575999999999,5.67186,0.33188874,6.552287,4.484506e-05,2.9582799999999997e-05,3.0332926999999996e-05,3.7001419999999996e-05,5.2993037e-05,6.854071599999999e-05,0.0001091189,0.00022927376999999998,6.536766999999999,1.2050269999999998,0.0011853867,86.51002000000001,65.59554,0.0005143195,6.162867,0.056747580000000006,163.5453,0.011215707419999998,0.001026483542,0.11801228,575.9333,0.011215707419999998,0.001026483542,0.011078396,228.74836,0.011215707419999998,0.001026483542,0.008136491999999999,232.43036,0.011215707419999998,0.001026483542,0.005613772,3.35881e-05,5.3210409999999995e-05,-0.02293918800000001,46.47929499999999,0.06375269,0.004304594,0.0010363782,2.0202438000000002e-05,0.00019439318000000002
73,1607676600,8.695466,8.695491,0.004104814,-1.31285,5.109117,2.62836,4.496423999999999,4.087026,0.19430969,3.71605,3.941056e-05,2.3023462000000003e-05,2.37993359e-05,2.8587907999999996e-05,4.0026701000000004e-05,5.1631982e-05,8.1907704e-05,0.00016652434,4.026507,0.32013389999999997,0.0006583491000000001,79.40675999999999,56.88949,0.0002888281,6.374505,0.044768529999999994,92.27844,0.007994791800000001,0.0007313039700000001,0.09264974000000001,354.0526,0.007994791800000001,0.0007313039700000001,0.009903460999999999,159.21885,0.007994791800000001,0.0007313039700000001,0.007049594999999999,161.65597,0.007994791800000001,0.0007313039700000001,0.005224614999999999,2.7569469999999995e-05,4.71385e-05,-0.08353815,106.885887,0.07757737,0.002458559,0.0002984684599999999,3.2107184e-05,0.0003181266
73,1607677200,6.088423999999999,6.088444,0.00035339592,-1.540143,3.9962340000000003,2.257552,3.5199710000000004,3.230161,0.09146285000000001,2.548979,2.6382410000000004e-05,8.671390999999998e-06,8.5642798e-06,1.1063569e-05,1.7303921e-05,2.2766468e-05,3.680733299999999e-05,8.051866000000001e-05,2.8894159999999998,0.15424509999999997,0.0003574998,77.14627999999999,55.136469999999996,0.0002023746,6.113905,0.03866389,64.67175,0.004365158429999999,0.00039892850499999993,0.0785931,254.62849999999997,0.004365158429999999,0.00039892850499999993,0.008206569,89.37714000000001,0.004365158429999999,0.00039892850499999993,0.005325140000000001,90.0821,0.004365158429999999,0.00039892850499999993,0.005007250999999999,2.221098e-05,4.170790000000001e-05,0.035200869999999995,89.64271,0.07038947999999999,0.0012630407,-0.00030398066999999995,1.7553129e-05,0.00015495354
73,1607677800,5.369534000000001,5.369554,0.0012021409999999999,-1.655659,3.5707079999999998,2.1657450000000003,3.2019600000000006,2.932328,0.034401430000000004,2.2040100000000002,2.7451240000000002e-05,9.621222999999998e-06,9.7506679e-06,1.2325491e-05,1.8930584999999997e-05,2.5228707e-05,4.0504768e-05,8.381446999999999e-05,2.529014,0.15514290000000003,0.00040017670000000005,78.87298999999999,55.80881999999999,0.000178435,6.061103,0.03677097,57.0671,0.00537638409,0.0004918041960000001,0.07381534000000001,223.48329999999996,0.00537638409,0.0004918041960000001,0.008475784,122.24984099999999,0.00537638409,0.0004918041960000001,0.0055779210000000004,122.90104,0.00537638409,0.0004918041960000001,0.004889605,1.750565e-05,3.685912e-05,-0.005010150000000003,23.264969999999998,0.03789554999999999,0.0007792625,-0.0004995791,8.500726e-06,5.000883000000001e-05
73,1607678400,2.391005,2.391025,0.0037559405,-1.5544989999999999,2.5753899999999996,1.40479,2.1472800000000003,1.9946110000000001,0.087706368,1.0451197,2.337693e-05,5.2087164e-06,5.5449863e-06,7.186107500000001e-06,1.0858424e-05,1.5165523000000002e-05,2.3632702e-05,4.809101e-05,1.165454,0.029699330000000003,0.00022688935000000004,70.67528000000001,52.27998,7.946072000000001e-05,6.2426,0.02407716,25.42212,0.0016211167799999998,0.00014770223,0.04940941,102.3721,0.0016211167799999998,0.00014770223,0.006651783999999999,38.331096,0.0016211167799999998,0.00014770223,0.0035381279999999993,38.183032000000004,0.0016211167799999998,0.00014770223,0.004725631,1.367702e-05,3.273064e-05,0.090538278,39.420840000000005,0.03976345,-0.0006873562,-0.0016947758000000004,8.430002000000001e-06,4.7864640000000005e-05
73,1607679000,1.843965,1.843984,0.005494405,-1.50962,2.368046,1.241111,1.9571850000000002,1.8102169999999997,0.02778423,0.7884895,2.191535e-05,3.6932630000000003e-06,3.882421099999999e-06,4.962240999999999e-06,7.789426000000001e-06,1.0431423e-05,1.6841165e-05,3.281498e-05,0.8819364000000001,0.0398013,0.0001600385,77.60901,54.4774,6.129178000000001e-05,6.397353,0.02119455,19.85641,0.0018646013,0.000170061427,0.043434969999999996,77.71752000000001,0.0018646013,0.000170061427,0.006583888,40.066638999999995,0.0018646013,0.000170061427,0.003414729999999999,40.121083000000006,0.0018646013,0.000170061427,0.00470944,1.36144e-05,3.251239e-05,-0.12408690000000003,41.44946,0.037114379999999995,-0.0009057974,-0.0018741830000000002,8.951541e-06,4.9450589999999996e-05
73,1607679600,1.396533,1.396553,0.007127817999999999,-1.5965250000000002,2.075312,1.098057,1.673638,1.5322580000000001,0.015430994,0.5850374,2.1935770000000002e-05,3.5945531e-06,3.9473102e-06,5.218606e-06,7.964930000000001e-06,1.1082977000000001e-05,1.7772014999999996e-05,3.388433e-05,0.6473978,0.05061234999999999,0.00017025029999999999,77.12708,57.28161,4.638736e-05,6.481028,0.018751140000000003,15.338180000000003,0.00200539174,0.00018307629449999997,0.03731065,57.167289999999994,0.00200539174,0.00018307629449999997,0.006408644,38.534375,0.00200539174,0.00018307629449999997,0.0031161030000000003,38.746981,0.00200539174,0.00018307629449999997,0.0046820180000000005,1.294247e-05,3.1708630000000005e-05,-0.16530825,48.77063999999999,0.03776599,-0.0013765810000000002,-0.002160061,9.237127e-06,5.0025669999999996e-05
73,1607680200,1.692891,1.692911,0.0009622868999999998,-1.760776,1.9840360000000001,1.227156,1.574786,1.5315860000000003,0.014134056,0.6980261999999999,2.2134599999999996e-05,3.769177399999999e-06,4.043782400000001e-06,5.4166929e-06,8.398801000000001e-06,1.1930773e-05,1.9259747000000003e-05,3.698975e-05,0.8093883,0.03675865,0.0002050024,73.12177,54.40527000000001,5.625871e-05,6.422642000000001,0.021111059999999997,18.082950000000004,0.0008111069199999999,7.362837899999998e-05,0.04156142,70.86292,0.0008111069199999999,7.362837899999998e-05,0.005916417,24.941879000000004,0.0008111069199999999,7.362837899999998e-05,0.0026768859999999994,24.277490899999997,0.0008111069199999999,7.362837899999998e-05,0.004704293,1.363359e-05,3.250829e-05,0.018547600000000004,45.271460000000005,0.03940969,-0.0011761170000000002,-0.001932762,9.246578e-06,4.642987e-05
73,1607680800,1.5911929999999999,1.5912130000000002,0.005941877,-1.716947,2.072088,1.184898,1.646225,1.5432839999999999,0.023790488999999998,0.683486,2.126319e-05,3.1884034000000003e-06,3.5702640000000002e-06,4.911831999999999e-06,7.611175e-06,1.0566792e-05,1.6445749e-05,3.0512319999999997e-05,0.7527595,0.0425337,0.0002240843,75.71896999999998,55.413259999999994,5.2889440000000005e-05,6.305878000000001,0.02037677,17.39488,0.00072144511,6.5404368e-05,0.040194219999999996,66.47584,0.00072144511,6.5404368e-05,0.005733411,18.507769,0.00072144511,6.5404368e-05,0.002475234,18.0907044,0.00072144511,6.5404368e-05,0.004722787,1.8158869999999998e-05,3.705121000000001e-05,-0.75129988,138.51312000000001,0.06428273999999999,-0.0012367419999999999,-0.002007977,3.3422519000000006e-05,0.00031459740000000004
73,1607681400,1.4152590000000003,1.415278,0.012714199999999998,-1.657412,2.0826640000000003,1.1146950000000002,1.6602869999999998,1.51426,0.02019836,0.5999005,2.186949e-05,3.3698031999999997e-06,3.6745212e-06,4.847682e-06,7.518478000000001e-06,1.0486127e-05,1.6727723000000002e-05,3.0241600000000002e-05,0.6562441,0.0510556,0.0002498494,80.15507,57.25861,4.7023619999999996e-05,6.483194,0.019132029999999998,15.70238,0.00166302056,0.000151716507,0.037675719999999996,58.37107999999999,0.00166302056,0.000151716507,0.005968922,30.745987000000003,0.00166302056,0.000151716507,0.00263102,30.930692,0.00166302056,0.000151716507,0.004710145000000001,1.333548e-05,3.223919e-05,0.1891186,48.254859999999994,0.039164229999999994,-0.0014000319999999998,-0.002172069,9.568779e-06,5.131008e-05
73,1607682000,1.3877659999999998,1.3877869999999999,0.015914489999999996,-1.620541,2.069614,1.098869,1.6743890000000001,1.525998,0.011983009999999999,0.5824227,2.1057570000000004e-05,2.5558071e-06,2.7886577e-06,3.863251e-06,6.321203999999999e-06,9.094211e-06,1.4723981999999999e-05,2.8430329999999997e-05,0.6443270000000001,0.049235970000000004,0.0002488296,80.88557999999999,57.13715,4.611384e-05,6.555162,0.01870991,15.13449,0.00112305174,0.000102212001,0.0372763,57.05589,0.00112305174,0.000102212001,0.006012144,25.473326999999998,0.00112305174,0.000102212001,0.0026729139999999993,25.174113000000002,0.00112305174,0.000102212001,0.004708703999999999,1.3099920000000001e-05,3.200557e-05,0.04485132000000001,46.580639999999995,0.03865303999999999,-0.001402428,-0.0021702559999999997,9.254735e-06,4.9595679999999995e-05
73,1607682600,1.149464,1.1494830000000003,0.024007910000000004,-1.556589,1.9625080000000001,0.994336,1.576586,1.421743,0.010962691,0.4818032,2.057051e-05,2.0061024000000004e-06,2.1803993e-06,3.1166215e-06,5.138221e-06,7.665756e-06,1.2190521e-05,2.2403664999999998e-05,0.5226052999999999,0.05180527,0.0002645769,81.77063000000001,59.09939999999999,3.819139e-05,6.365100000000001,0.016814710000000004,12.58144,0.0008519793499999999,7.744316859999999e-05,0.033487460000000004,46.05214,0.0008519793499999999,7.744316859999999e-05,0.005816747,20.357370999999997,0.0008519793499999999,7.744316859999999e-05,0.0024056840000000004,19.957400999999997,0.0008519793499999999,7.744316859999999e-05,0.004698269,1.230954e-05,3.1294540000000006e-05,-0.05478126,52.056619999999995,0.04041281,-0.0016315799999999999,-0.002371801,8.977086e-06,5.024881e-05
73,1607683200,1.192738,1.1927569999999998,0.02332302,-1.562291,1.9780369999999998,1.0160542,1.60501,1.4461180000000002,0.010832244000000001,0.49971239999999995,1.948532e-05,8.729805999999999e-07,1.0420647e-06,1.8705095e-06,3.811248999999999e-06,6.0420089999999995e-06,1.0070967e-05,2.0240282e-05,0.5419189,0.05412984,0.00027388790000000004,83.31530000000001,59.148619999999994,3.960731e-05,6.356949,0.01714436,13.05714,0.00173889331,0.00015864822270000002,0.03409604,47.78672,0.00173889331,0.00015864822270000002,0.006422793,34.92396,0.00173889331,0.00015864822270000002,0.003014573,35.048139000000006,0.00173889331,0.00015864822270000002,0.004709788,1.2297079999999996e-05,3.1378390000000004e-05,-0.15651711,48.22471,0.03638374,-0.001568526,-0.0023273739999999997,8.983809e-06,4.855008e-05
73,1607683800,1.405095,1.405115,0.0186713,-1.646527,2.0521749999999996,1.1065610000000001,1.6586389999999998,1.518083,0.015684275999999997,0.5888078999999999,2.077705e-05,2.2643818e-06,2.4561062999999996e-06,3.4977552e-06,6.092161e-06,8.490630000000002e-06,1.4490475999999997e-05,2.852851e-05,0.6508143000000001,0.051375250000000004,0.0002906835,78.71894999999999,57.46653,4.6672849999999995e-05,6.388592,0.018720979999999998,15.105700000000002,0.00121039292,0.0001102112202,0.03723127,57.003009999999996,0.00121039292,0.0001102112202,0.006109757,28.813256000000003,0.00121039292,0.0001102112202,0.002794628,28.539375999999997,0.00121039292,0.0001102112202,0.004683865000000001,1.225654e-05,3.115222e-05,0.026881729999999993,46.20349,0.03971524,-0.001321274,-0.0021016010000000007,8.403204000000002e-06,5.061120999999999e-05
73,1607684400,1.7549149999999998,1.754934,0.01898419,-1.515902,2.35687,1.21491,1.9273319999999998,1.7842309999999997,0.019692975999999997,0.7749957000000001,2.3700910000000003e-05,5.5009538999999996e-06,5.7989942e-06,7.316557000000001e-06,1.0788061e-05,1.4196164000000001e-05,2.2600412e-05,4.258772e-05,0.8346623000000001,0.04237322,0.00030770309999999997,74.82586,54.90946,5.8282540000000006e-05,6.492749000000001,0.02052689,18.63903,0.00216916381,0.00019798151100000003,0.04211236,72.78068,0.00216916381,0.00019798151100000003,0.006715179999999999,43.274918,0.00216916381,0.00019798151100000003,0.003534066,43.508418000000006,0.00216916381,0.00019798151100000003,0.004688347999999999,1.2865010000000002e-05,3.17442e-05,-0.018662300000000003,44.28482000000001,0.03899058,-0.0010952159,-0.001976041,9.052852999999999e-06,5.525040000000001e-05
73,1607685000,2.0176330000000005,2.017651,0.01538746,-1.581618,2.440763,1.314129,2.015275,1.874833,0.015184318999999996,0.8367894,2.22522e-05,4.1900167e-06,4.4515026e-06,5.700517e-06,8.811270000000001e-06,1.2350355000000001e-05,1.9179896e-05,3.7434779999999995e-05,0.9657188999999999,0.042702840000000006,0.00029731129999999997,74.32068,54.284000000000006,6.705512000000002e-05,6.390862,0.022284159999999997,21.447960000000002,0.00259511368,0.00023701221499999994,0.04545202,84.78055,0.00259511368,0.00023701221499999994,0.006828404000000001,52.04091,0.00259511368,0.00023701221499999994,0.0037128210000000007,52.536428,0.00259511368,0.00023701221499999994,0.00467297,1.263867e-05,3.1488050000000004e-05,-0.09702663,40.638720000000006,0.03585335,-0.0009420264000000001,-0.0018235220000000004,7.968049e-06,4.4108439999999995e-05
73,1607685600,1.696621,1.696639,0.015068730000000002,-1.585204,2.260008,1.205299,1.8550309999999999,1.71264,0.012796499,0.7056315000000001,2.1387959999999996e-05,3.0781141e-06,3.3048618999999998e-06,4.457977e-06,7.103003e-06,1.0023262e-05,1.6119298e-05,3.187818000000001e-05,0.8041495000000001,0.043803169999999995,0.0002770652,77.36440999999999,55.25532,5.636157e-05,6.430702000000001,0.020507080000000004,18.300370000000004,0.0016861102999999999,0.00015371069000000003,0.041503490000000004,70.84053000000002,0.0016861102999999999,0.00015371069000000003,0.006446656,35.034552000000005,0.0016861102999999999,0.00015371069000000003,0.0032246700000000002,35.057638000000004,0.0016861102999999999,0.00015371069000000003,0.0046734720000000006,1.2087869999999998e-05,3.096120999999999e-05,0.15640570999999998,41.85918,0.03594991,-0.0011537054000000002,-0.001986639,7.924962999999998e-06,4.743474e-05
73,1607686200,1.630217,1.630236,0.010543889,-1.6860220000000001,2.105126,1.195874,1.7277900000000002,1.602874,0.011215136,0.6741824,1.998477e-05,1.4476299e-06,1.5537804e-06,2.509752e-06,4.915597000000001e-06,7.152313999999999e-06,1.2223221000000001e-05,2.554257e-05,0.7712720999999999,0.04352567,0.0002532655,79.62348,55.40611,5.418218e-05,6.413314,0.020306190000000002,17.37379,0.0023415096000000005,0.00021379008999999996,0.04058196,67.55058,0.0023415096000000005,0.00021379008999999996,0.006804714000000001,47.75913799999999,0.0023415096000000005,0.00021379008999999996,0.0035590730000000003,48.07650600000001,0.0023415096000000005,0.00021379008999999996,0.0046841669999999995,1.243083e-05,3.1425539999999995e-05,-0.07907618,46.81204,0.03861581,-0.0012712709999999998,-0.002045314,8.67772e-06,4.5706e-05
73,1607686800,1.685147,1.685166,0.01337951,-1.598417,2.2408069999999998,1.200117,1.8182809999999996,1.6976769999999999,0.013636457000000001,0.699812,2.459292e-05,6.432573600000001e-06,6.863887600000001e-06,8.4671341e-06,1.1892759e-05,1.6041161999999998e-05,2.4779409e-05,4.543902e-05,0.8083636999999999,0.033827710000000004,0.00025387170000000004,72.62845,54.063649999999996,5.595490000000001e-05,6.426896999999999,0.020564560000000003,18.26247,0.00154739966,0.00014100899400000002,0.04163134,71.13306000000001,0.00154739966,0.00014100899400000002,0.006289502,31.814107999999997,0.00154739966,0.00014100899400000002,0.003067846,31.73863,0.00154739966,0.00014100899400000002,0.004687572999999999,1.275359e-05,3.163723e-05,-0.17170086999999998,45.13774,0.039910230000000005,-0.0011595860000000002,-0.001987954,8.505667e-06,4.735573000000001e-05
73,1607687400,1.614096,1.6141130000000001,0.014288809999999999,-1.600281,2.200792,1.1769260000000001,1.7869299999999995,1.663927,0.018360956000000005,0.6765174,2.1707619999999997e-05,3.5526276000000007e-06,3.7544729999999997e-06,5.000005999999999e-06,7.628418000000001e-06,1.0744819999999999e-05,1.7315355e-05,3.2889812000000004e-05,0.7672405,0.03946476,0.00025526360000000003,75.81678,54.98303,5.363795e-05,6.388915,0.02007325,17.419150000000005,0.00118342543,0.00010774514,0.04054141000000001,67.59697,0.00118342543,0.00010774514,0.006060894,28.391986000000003,0.00118342543,0.00010774514,0.0028229070000000004,28.042748,0.00118342543,0.00010774514,0.004657268000000001,1.210952e-05,3.0834790000000004e-05,-0.028513567,41.82019999999999,0.03580022,-0.0011609194,-0.001991768,8.044677999999998e-06,4.686303e-05
73,1607688000,1.583649,1.5836700000000001,0.012369687,-1.609544,2.196331,1.1683400000000002,1.7656660000000002,1.638389,0.010985453999999999,0.6588799000000001,2.093668e-05,2.5303963e-06,2.6421536e-06,3.6729253e-06,6.166355000000001e-06,8.570911e-06,1.3976184999999999e-05,2.723891e-05,0.753471,0.03804239,0.00024318069999999993,79.00906,54.85118,5.2639830000000006e-05,6.441807,0.01990366,17.083370000000002,0.00216132541,0.000197301487,0.04017793000000001,66.27053000000001,0.00216132541,0.000197301487,0.006401321,39.843797,0.00216132541,0.000197301487,0.003172109,40.192315,0.00216132541,0.000197301487,0.004663916,1.214024e-05,3.08884e-05,0.08532988599999998,42.53745,0.03597995,-0.001224581,-0.0020295949999999995,8.22148e-06,4.91586e-05
73,1607688600,1.547513,1.547533,0.008631034,-1.5631,2.1813670000000003,1.1507669999999999,1.7849419999999998,1.644087,0.013275543,0.6435706999999999,2.083063e-05,2.5820503000000004e-06,2.7816482e-06,3.7156477e-06,6.101417e-06,8.515933e-06,1.3789105e-05,2.7071212999999995e-05,0.7258524,0.047631179999999995,0.00020430159999999998,79.58994,56.22491,5.142901e-05,6.301940999999999,0.01946435,16.59141,0.0015444529400000001,0.000140789626,0.03939429,63.72441,0.0015444529400000001,0.000140789626,0.006285607,30.978703000000003,0.0015444529400000001,0.000140789626,0.003040285,30.970625999999992,0.0015444529400000001,0.000140789626,0.0046574680000000005,1.1818209999999999e-05,3.061963e-05,-0.17817537,43.52692,0.035517610000000005,-0.001270497,-0.002075432,8.229177000000001e-06,4.776569e-05
73,1607689200,1.509492,1.5095089999999998,0.01119972,-1.658925,2.101228,1.1479240000000002,1.6897659999999999,1.557984,0.012033005,0.6303762,2.139541e-05,3.2027420000000006e-06,3.4241466e-06,4.554900600000001e-06,7.151699000000001e-06,9.786582999999999e-06,1.5544430999999998e-05,2.9756559e-05,0.7055984000000001,0.048851639999999995,0.00021636380000000002,77.50577,56.53538999999999,5.0164669999999996e-05,6.276978000000001,0.01955172,16.2953,0.00088455821,8.041651200000001e-05,0.03889134999999999,62.150940000000006,0.00088455821,8.041651200000001e-05,0.005832578999999999,21.891788,0.00088455821,8.041651200000001e-05,0.002550292,21.4551942,0.00088455821,8.041651200000001e-05,0.004678178,1.2827799999999998e-05,3.155844e-05,-0.08616767000000002,43.86842,0.03690602,-0.0012181944599999998,-0.0020399850000000002,8.906168e-06,5.2070489999999995e-05
73,1607689800,1.663449,1.6634699999999998,0.013291801,-1.6510170000000002,2.1846289999999997,1.201178,1.7734299999999998,1.652151,0.013527540000000001,0.6934047,2.2803769999999998e-05,4.410133799999999e-06,4.6779140000000005e-06,5.928574e-06,8.827436000000001e-06,1.2281861999999998e-05,1.9169056000000002e-05,3.625565e-05,0.7906723999999999,0.0406707,0.0002854761,74.35020999999999,54.94679,5.528939999999999e-05,6.318682000000001,0.020524570000000002,17.903160000000003,0.0007203072300000001,6.5326845e-05,0.04119888,69.68298,0.0007203072300000001,6.5326845e-05,0.005790155,18.977904000000002,0.0007203072300000001,6.5326845e-05,0.0025305579999999996,18.422573,0.0007203072300000001,6.5326845e-05,0.0046823920000000005,1.2339229999999999e-05,3.1253199999999994e-05,-0.04035125999999999,44.58942,0.03614259000000001,-0.001262235,-0.002040507,8.56927e-06,5.068176e-05
73,1607690400,1.5842399999999999,1.584259,0.013600646999999999,-1.636916,2.1609290000000003,1.170564,1.74133,1.6145,0.013898208,0.6595188000000001,2.159141e-05,3.0634743e-06,3.2773303e-06,4.3333527e-06,6.6992e-06,9.227943999999999e-06,1.4752224e-05,2.8527015999999997e-05,0.7534383,0.0383121,0.00029485169999999997,76.01496,54.92143,5.265621e-05,6.074022000000001,0.01995767,17.01724,0.0018258034700000003,0.000166535597,0.04016879999999999,66.37113,0.0018258034700000003,0.000166535597,0.006352997000000001,36.775344,0.0018258034700000003,0.000166535597,0.0030867259999999997,36.829753000000004,0.0018258034700000003,0.000166535597,0.004676404,1.1761100000000002e-05,3.0741279999999995e-05,-0.07078893,43.67566000000001,0.036082420000000004,-0.001317675,-0.0020891819999999998,7.86471e-06,4.1828380000000006e-05
73,1607691000,1.2570249999999998,1.257044,0.011976747,-1.687444,1.902807,1.049812,1.509647,1.4062540000000001,0.010370875999999998,0.5317765,2.100836e-05,2.7707280000000004e-06,3.0014041999999997e-06,4.0312209999999996e-06,6.342401000000001e-06,8.839725e-06,1.4217491999999999e-05,2.7451429e-05,0.5955074,0.032636330000000005,0.00029792150000000004,75.9929,55.24953000000001,4.175683e-05,6.446437999999999,0.017959060000000002,13.615469999999998,0.00104325567,9.50130547e-05,0.03571395000000001,52.347950000000004,0.00104325567,9.50130547e-05,0.005812486,22.818725,0.00104325567,9.50130547e-05,0.00245245,22.581083000000003,0.00104325567,9.50130547e-05,0.004635801,1.0909323e-05,2.9742310000000002e-05,-0.18301947000000002,51.112469999999995,0.03567331,-0.001557584,-0.00225018,7.954928999999998e-06,4.889663e-05
73,1607691600,1.196485,1.196502,0.011957691999999999,-1.7309889999999999,1.729139,1.0286531,1.4310820000000002,1.329302,0.009707357,0.49469740000000006,2.14759e-05,2.7686808e-06,2.9051642e-06,3.5915594e-06,5.163528e-06,6.764723100000001e-06,1.0674879e-05,2.1101032e-05,0.5598974999999999,0.03803470999999999,0.00025303420000000003,77.34351,56.41309,3.976292e-05,6.301404,0.01758189,12.73559,0.00085663835,7.78118421e-05,0.03467538999999999,49.40545,0.00085663835,7.78118421e-05,0.005766452,20.415099,0.00085663835,7.78118421e-05,0.0023333200000000003,20.0027974,0.00085663835,7.78118421e-05,0.004451252,4.651151e-06,2.36795e-05,-0.1300965,67.53776,0.030155010000000003,-0.001793753,-0.0024021020000000006,4.016929000000001e-06,3.2693709999999996e-05
73,1607692200,1.283642,1.283661,0.005886752,-1.7693750000000001,1.742752,1.0723939999999998,1.423355,1.335378,0.010458015,0.5372870999999999,2.0542510000000003e-05,1.7814318999999999e-06,1.8299789e-06,2.4791544999999996e-06,4.0226889999999995e-06,5.407008e-06,8.651671e-06,1.8586262e-05,0.6042974999999999,0.03719093,0.00028702249999999996,78.33493999999999,55.85262,4.265216e-05,6.212474,0.01835004,13.63357,0.00084021248,7.62927284e-05,0.03603556000000001,53.25949000000001,0.00084021248,7.62927284e-05,0.005771749,20.170876,0.00084021248,7.62927284e-05,0.002381499,19.797645999999997,0.00084021248,7.62927284e-05,0.0044884519999999995,5.925657000000001e-06,2.4945540000000003e-05,-0.25378829999999997,63.17464,0.03272317,-0.001679446,-0.002321078,4.551762e-06,3.3879280000000005e-05
73,1607692800,1.315037,1.315056,0.0037165,-1.770611,1.661187,1.0841049999999999,1.4209939999999999,1.354093,0.012703546000000001,0.5547268,2.0861229999999998e-05,2.6646085999999997e-06,2.6730705e-06,3.3198452e-06,4.714916999999999e-06,5.970673e-06,9.370233e-06,1.9372664e-05,0.616513,0.040716379999999996,0.00023818849999999997,78.17301,56.258120000000005,4.3708630000000006e-05,6.287708,0.018441560000000003,13.68966,0.0019074503400000001,0.00017408071399999998,0.03624012,53.88893,0.0019074503400000001,0.00017408071399999998,0.0061493699999999995,35.00838,0.0019074503400000001,0.00017408071399999998,0.0028113969999999998,35.25591,0.0019074503400000001,0.00017408071399999998,0.004374646,3.558461e-06,2.2312230000000005e-05,-0.21647649000000002,40.54638212,0.020397733100000003,-0.001689434,-0.002310176999999999,2.6133221e-06,2.604026e-05
73,1607693400,1.270659,1.270678,0.008785313,-1.7231999999999998,1.586674,1.059464,1.4854569999999998,1.380904,0.015146714,0.5341417999999999,2.1942720000000004e-05,3.4096191e-06,3.4828286000000003e-06,4.1518653e-06,5.725023000000001e-06,7.3332848000000005e-06,1.1379037e-05,2.3442256999999996e-05,0.6031163000000002,0.031946499999999996,0.0002038341,75.26741999999999,55.06925,4.222092000000001e-05,6.400578,0.017878309999999998,13.19074,0.0015438132499999999,0.00014075739,0.035813019999999994,52.770590000000006,0.0015438132499999999,0.00014075739,0.0060458230000000005,29.478511999999995,0.0015438132499999999,0.00014075739,0.0026923059999999998,29.477959000000006,0.0015438132499999999,0.00014075739,0.004334944,2.234815e-06,2.101537e-05,0.002021663459999999,0.04807056,0.0018482671000000003,-0.0018016850000000001,-0.002390242,7.504669e-07,1.03909e-05
73,1607694000,1.0710685000000002,1.0710845,0.008378541,-1.723621,1.4859069999999999,0.9750247999999999,1.3757290000000002,1.2694130000000001,0.009074271000000002,0.4450739,2.069738e-05,2.3402278999999996e-06,2.4044759e-06,2.9538475e-06,4.287779000000001e-06,5.589961e-06,9.013983000000002e-06,1.912463e-05,0.5044408,0.030853989999999998,0.0001903807,76.0033,55.86841999999999,3.558164e-05,6.5092039999999995,0.01649177,11.2233,0.00226168656,0.00020657956799999998,0.032851599999999995,44.33571,0.00226168656,0.00020657956799999998,0.006483019,41.671681,0.00226168656,0.00020657956799999998,0.003057786,42.087431,0.00226168656,0.00020657956799999998,0.0043432160000000004,2.248628e-06,2.10154e-05,-0.014456409999999998,13.303067194000002,0.009317075599999999,-0.00194866,-0.0025086030000000003,1.3086239999999999e-06,1.4778177999999998e-05
73,1607694600,0.9681171999999998,0.9681360999999999,0.011701184,-1.7002290000000002,1.598824,0.9260364999999998,1.342579,1.22565,0.009685706,0.4070766,1.968893e-05,1.1897022e-06,1.1682752999999999e-06,1.5130809000000001e-06,2.4460805e-06,2.9582094e-06,4.602855e-06,9.743444999999999e-06,0.44891889999999995,0.034941900000000005,0.00017277179999999995,85.34225,57.30024999999999,3.2194e-05,6.127058,0.015614920000000001,10.212551999999999,0.00149687604,0.00013646752099999998,0.03099826,39.46055,0.00149687604,0.00013646752099999998,0.0060722020000000005,28.57853,0.00149687604,0.00013646752099999998,0.002608216,28.627658999999994,0.00149687604,0.00013646752099999998,0.0043856319999999996,3.542669e-06,2.224968e-05,-0.05735331999999997,75.5322715,0.027436882000000003,-0.002011019,-0.0025607530000000002,3.2771006e-06,3.0595021e-05
73,1607695200,0.9703524,0.9703714,0.02128314,-1.6094560000000002,1.644463,0.916282,1.406067,1.28445,0.010115489,0.40968109999999996,1.948459e-05,1.0561789e-06,1.0005542700000001e-06,1.2928809300000002e-06,2.1301469999999995e-06,2.6322333000000005e-06,4.1723378e-06,9.035825e-06,0.44883819999999996,0.03610365,0.0002113916,84.42979000000001,57.509209999999996,3.226618e-05,5.870735999999999,0.015391660000000001,10.191759,0.0013962066199999996,0.0001273012167,0.03096184,39.287499999999994,0.0013962066199999996,0.0001273012167,0.005990715,26.043622,0.0013962066199999996,0.0001273012167,0.00253297,26.068135,0.0013962066199999996,0.0001273012167,0.004380179,3.391055e-06,2.2080070000000004e-05,-0.39060217,70.7823089,0.025948006000000003,-0.0020068720000000003,-0.002576698,3.1378460000000003e-06,2.8767650000000002e-05
73,1607695800,0.9118870000000001,0.9119058000000001,0.01966726,-1.634478,1.490408,0.8931996,1.3605800000000001,1.2342750000000002,0.009656327,0.38249720000000004,2.0069170000000002e-05,1.5995958e-06,1.6360681000000002e-06,2.1189375000000002e-06,3.2318179000000003e-06,4.309857899999999e-06,7.278850900000001e-06,1.6039612e-05,0.41964110000000004,0.03603865,0.00022569160000000002,77.87402,57.970119999999994,3.0291799999999993e-05,6.397901,0.014953650000000002,9.545968,0.0019591882,0.00017882340000000002,0.02996133,36.8375,0.0019591882,0.00017882340000000002,0.006441321,34.769422,0.0019591882,0.00017882340000000002,0.002961374,35.103278,0.0019591882,0.00017882340000000002,0.004328343,1.8050720000000002e-06,2.0500849999999995e-05,0.04832363399999999,7.802786889999998,0.00723822751,-0.0021066830000000003,-0.002635942,8.873372999999998e-07,1.2286224e-05
73,1607696400,0.9899207999999999,0.9899402,0.02061285,-1.594834,1.597324,0.9249325,1.42913,1.3046630000000001,0.010694720000000001,0.42123910000000003,2.057087e-05,1.9707285e-06,1.9451861399999997e-06,2.33271466e-06,3.2674698999999997e-06,4.0316961000000005e-06,6.2676932e-06,1.3205448999999998e-05,0.4595477,0.03518423,0.0001936903,78.35515999999998,57.17133,3.290902000000001e-05,5.683967000000001,0.015472049999999998,10.334755999999999,0.0004922122,4.434568e-05,0.03133707,40.31027,0.0004922122,4.434568e-05,0.00557116,11.743563,0.0004922122,4.434568e-05,0.0020892149999999997,11.340576,0.0004922122,4.434568e-05,0.00434195,1.8395169999999998e-06,2.066177e-05,-0.013635886,1.59913292,0.0054850776999999995,-0.0020692210000000004,-0.0026210879999999997,8.50041e-07,1.1266754e-05
73,1607697000,1.0073108999999998,1.0073295,0.02718371,-1.4876939999999998,1.625337,0.9208693,1.4948709999999998,1.362079,0.009933720000000002,0.424059,2.0657009999999996e-05,2.2891564000000003e-06,2.3368077999999997e-06,2.8216752e-06,3.9730793e-06,5.0309137e-06,7.935638300000001e-06,1.6302437e-05,0.46918420000000005,0.03423317,0.0001950281,79.04595,56.926840000000006,3.3468940000000003e-05,6.279348000000001,0.015322990000000003,10.471815,0.0021011179,0.00019182582000000002,0.03159145,41.09681,0.0021011179,0.00019182582000000002,0.006484552,37.862359000000005,0.0021011179,0.00019182582000000002,0.0030528060000000004,38.288771,0.0021011179,0.00019182582000000002,0.004324166999999999,1.8369249999999998e-06,2.051853e-05,-0.0155655644,0.9365785000000002,0.0034051889000000003,-0.002037218,-0.002607318,7.92873e-07,1.0763338999999999e-05
73,1607697600,0.6769226,0.6769413999999999,0.0413245,-1.365701,1.4036300000000002,0.7464588,1.282878,1.149073,0.009742442,0.28890289999999996,1.942326e-05,8.77438e-07,8.958769399999998e-07,1.18426278e-06,1.9474940000000002e-06,2.62489571e-06,4.5551268000000005e-06,1.0496468e-05,0.3041762,0.034064250000000004,0.00019725230000000002,81.77182,60.32015,2.248434e-05,6.181907000000001,0.012294530000000001,7.021328,0.00145165871,0.00013234487200000002,0.025361680000000004,26.51275,0.00145165871,0.00013234487200000002,0.006068411000000001,25.640175999999997,0.00145165871,0.00013234487200000002,0.002494312,25.733250000000005,0.00145165871,0.00013234487200000002,0.004328940999999999,1.419401e-06,2.013073e-05,-0.03747868,9.8737816,0.006874154259999999,-0.002373596,-0.002870495,9.529322999999999e-07,1.3164061000000002e-05
73,1607698200,0.6365921999999998,0.6366107000000001,0.047436360000000004,-1.337066,1.355965,0.7218656,1.250926,1.1140085,0.011570527000000002,0.27493249999999997,1.939395e-05,9.781535e-07,9.4972325e-07,1.15546665e-06,1.7201195e-06,2.0519910999999995e-06,3.2070415000000006e-06,7.028752999999999e-06,0.28337209999999996,0.03471333,0.00019259530000000002,86.11088,61.35744000000001,2.116744e-05,6.0548090000000006,0.011857463000000002,6.595772999999999,0.00131369732,0.00011969804,0.024424079999999997,24.73332,0.00131369732,0.00011969804,0.006006312,23.740116,0.00131369732,0.00011969804,0.0024254610000000003,23.763868999999996,0.00131369732,0.00011969804,0.004309706,1.2787640000000002e-06,1.9846839999999997e-05,-0.004486973999999998,0.7929452000000001,0.0017667790899999996,-0.002420423,-0.0028896160000000002,6.902934e-07,9.962251e-06
73,1607698800,0.39246749999999997,0.3924857,0.062169669999999996,-1.2399499999999999,1.1248470000000002,0.5633640000000001,1.025582,0.8839020999999999,0.0043101879999999995,0.16633449999999997,1.90152e-05,6.4002375e-07,6.619523400000001e-07,8.168880399999999e-07,1.144556e-06,1.39137531e-06,2.1829659e-06,4.6817655000000004e-06,0.1523825,0.04363592,0.00020228669999999998,95.39175000000002,72.32818,1.303602e-05,6.46023,0.009278813,4.19299,0.0007428404,6.74404739e-05,0.01812849,13.524189999999999,0.0007428404,6.74404739e-05,0.0055790909999999996,14.053065999999998,0.0007428404,6.74404739e-05,0.0018370028,13.847065999999998,0.0007428404,6.74404739e-05,0.004290686,9.462719000000001e-07,1.9356419999999998e-05,-0.022684799,0.4979256,0.00029373098,-0.0026861719999999997,-0.003084476,7.365857000000001e-07,9.624079e-06
73,1607699400,0.3197753,0.31979379999999996,0.06333928000000001,-1.1620979999999999,1.0422308999999998,0.5006748999999999,0.9385789999999998,0.7970118000000002,0.004376118,0.1366411,1.891548e-05,5.414099400000001e-07,5.4969557e-07,6.684794600000001e-07,9.203092e-07,1.09705251e-06,1.6612695e-06,3.5861422e-06,0.11557264,0.044137340000000004,0.0001674342,96.54731,78.20908,1.0625320000000001e-05,6.24916,0.008188142,3.3418370000000004,0.00087734614,7.975039500000002e-05,0.01558365,10.062507,0.00087734614,7.975039500000002e-05,0.005522252,15.5164963,0.00087734614,7.975039500000002e-05,0.0017464826,15.3863857,0.00087734614,7.975039500000002e-05,0.004293318,8.573266999999999e-07,1.928207e-05,0.02714599,2.4941307999999998,0.001863532,-0.0027776300000000005,-0.0031559400000000003,7.915411000000001e-07,1.0120422e-05
73,1607700000,0.3166692,0.31668759999999996,0.07585157000000001,-1.0275717000000002,1.095033,0.4889613,0.9582294000000001,0.817075,0.005368339,0.1416245,1.863419e-05,2.3492736e-07,2.4074284e-07,3.4848727e-07,6.055624e-07,7.9658992e-07,1.4178304e-06,3.4352481999999997e-06,0.11381811,0.04431252000000001,0.00019659129999999997,93.06850999999999,78.32671,1.0517662999999998e-05,6.385822999999999,0.008024428,3.320736,0.00072219254,6.5521189e-05,0.015506530000000001,9.907702,0.00072219254,6.5521189e-05,0.005427201,12.668679999999998,0.00072219254,6.5521189e-05,0.0016509455999999998,12.488166,0.00072219254,6.5521189e-05,0.004293654999999999,8.644682000000001e-07,1.929667e-05,-0.005530549,0.99746,0.0010814993,-0.002762779,-0.003147528,7.762077000000001e-07,9.671296e-06
73,1607700600,0.3070663,0.30708480000000005,0.06823756,-1.1152840000000002,1.0507449999999998,0.4882733,0.9304034,0.7898492000000001,0.004237096,0.13272430000000002,1.9053429999999998e-05,5.7844463e-07,5.9182102e-07,7.277283299999999e-07,9.735612e-07,1.198858e-06,1.7860983000000001e-06,3.7854338999999995e-06,0.11027868,0.04306329,0.00018101340000000002,98.91882000000001,78.27604,1.0194708e-05,6.503115999999999,0.007998962999999998,3.230747,0.0007770695299999999,7.0546338e-05,0.01528192,9.618357000000001,0.0007770695299999999,7.0546338e-05,0.005536502,13.957784,0.0007770695299999999,7.0546338e-05,0.0017345212000000002,13.755509999999997,0.0007770695299999999,7.0546338e-05,0.0043108750000000005,8.885995e-07,1.945622e-05,0.00797513,15.162544699999998,0.0034116751400000006,-0.002795151,-0.003168783,8.357086e-07,1.1330385e-05
73,1607701200,0.31021350000000003,0.3102325,0.07101974,-1.0057690000000001,1.0545719999999998,0.4837515,0.9572917999999999,0.8088996999999999,0.0041124709999999995,0.13311219999999996,1.9285230000000002e-05,5.839429399999999e-07,6.0350653e-07,7.5284502e-07,1.0451578e-06,1.28824937e-06,2.0368169e-06,4.304301699999999e-06,0.110551,0.044371589999999995,0.00017266029999999998,94.71315,78.7885,1.0296138999999998e-05,6.443159,0.007964951000000001,3.265607,0.00039023682000000005,3.5094935999999993e-05,0.015327070000000002,9.661747,0.00039023682000000005,3.5094935999999993e-05,0.005221603,7.92806,0.00039023682000000005,3.5094935999999993e-05,0.0013980597000000001,7.5464962,0.00039023682000000005,3.5094935999999993e-05,0.004317733999999999,8.648999e-07,1.9501930000000003e-05,-0.0037482690000000007,4.748432499999999,0.0015752044899999997,-0.0027970950000000003,-0.00317804,8.062777e-07,1.0289367000000002e-05
73,1607701800,0.3057385999999999,0.3057568,0.07354986,-1.055373,1.0435459999999999,0.48105159999999997,0.9400786999999999,0.7931866,0.005291488,0.132164,1.890508e-05,3.7868328e-07,3.8193046000000006e-07,4.899942399999999e-07,6.762232999999999e-07,8.092713899999998e-07,1.2296351000000001e-06,2.8031518e-06,0.10563435000000002,0.04704068,0.0001870663,96.95342,81.01144,1.0163534000000002e-05,5.97177,0.007937113999999999,3.200745,0.000742353006,6.74405109e-05,0.014932410000000002,9.176981999999999,0.000742353006,6.74405109e-05,0.005458121999999999,13.656284,0.000742353006,6.74405109e-05,0.0016495813,13.4255549,0.000742353006,6.74405109e-05,0.004310120000000001,8.428192e-07,1.941893e-05,-0.030129899999999998,0.6635251,0.00034960301000000005,-0.002802349,-0.003172096,7.174315999999999e-07,9.777630999999999e-06
73,1607702400,0.24950889999999998,0.2495272,0.07222,-1.0827145999999999,0.9409413000000001,0.43044960000000004,0.8395756000000001,0.7001465,0.003208818,0.10660191999999999,1.8769e-05,3.7855634e-07,3.974454e-07,4.842818699999999e-07,6.357046000000001e-07,7.25446e-07,1.0856737000000001e-06,2.2911200999999996e-06,0.07767610999999999,0.04687376,0.0001979813,106.20038,87.81460000000001,8.283408999999999e-06,6.365938,0.007278676,2.640984,0.000419225306,3.78232603e-05,0.01284405,6.795319999999999,0.000419225306,3.78232603e-05,0.005082175,7.809069200000001,0.000419225306,3.78232603e-05,0.0012450286,7.4575946900000005,0.000419225306,3.78232603e-05,0.00429035,7.667139e-07,1.9173370000000003e-05,-0.005614019999999999,0.7824188,0.00021841689999999996,-0.002846983,-0.003209833,7.533278999999999e-07,9.76129e-06
73,1607703000,0.2312472,0.2312658,0.029539529999999998,-0.8165028,0.9518921,0.39524669999999995,0.833238,0.6957962999999999,0.004220792,0.10153074,1.8618e-05,2.341076e-07,2.4216579999999996e-07,3.2895297e-07,4.790718e-07,5.881176e-07,9.258729e-07,2.0802334e-06,0.06803390000000001,0.04749806000000001,8.602740000000001e-05,106.36961000000001,91.37768999999999,7.675269000000001e-06,6.573377000000001,0.006846167,2.450487,0.00091767073,8.344444e-05,0.012048310000000001,6.011219,0.00091767073,8.344444e-05,0.005647122,16.431662999999997,0.00091767073,8.344444e-05,0.001791506,16.310485,0.00091767073,8.344444e-05,0.0042903789999999995,8.638909000000001e-07,1.9259800000000005e-05,0.055326593,6.345676800000001,0.00292728037,-0.002782837,-0.0031576480000000003,7.924669e-07,1.0194631e-05
73,1607703600,0.217037,0.2170554,0.03769625,-0.8777729000000001,0.9089151999999998,0.385118,0.8022995000000002,0.6626825999999999,0.0035962468,0.09527169999999999,1.870865e-05,2.5203768999999996e-07,2.7251032e-07,3.6322969e-07,5.125121e-07,6.240085999999999e-07,9.725205e-07,2.267373e-06,0.06123211999999999,0.04717786,0.00010253897,105.37563,93.86215,7.202479e-06,6.319612,0.006752901,2.336594,0.00069654261,6.324674669999999e-05,0.01143489,5.423420999999999,0.00069654261,6.324674669999999e-05,0.005534111,13.275636,0.00069654261,6.324674669999999e-05,0.0016587581,13.043754999999999,0.00069654261,6.324674669999999e-05,0.0043009549999999995,9.063643e-07,1.9374859999999997e-05,-1.7586726799999997,103.0778679,0.0059899365,-0.0028884109999999996,-0.0032441820000000004,1.4938635e-06,1.8278431e-05
73,1607704200,0.2182751,0.21829359999999998,0.01912223,-0.9780548,0.8787268999999999,0.3891877,0.7890239999999998,0.6417196,0.003002418,0.09345604999999998,1.8776869999999998e-05,3.8376716e-07,4.0257960999999996e-07,5.0892864e-07,6.735237999999999e-07,8.247024999999999e-07,1.273259e-06,2.7212998999999997e-06,0.06028248999999999,0.04879465,5.270242e-05,101.00730000000001,94.84765999999999,7.243572999999999e-06,6.289146,0.006839797999999999,2.32481,0.0005978086400000001,5.414129e-05,0.01134022,5.298582,0.0005978086400000001,5.414129e-05,0.005387642,11.140781999999998,0.0005978086400000001,5.414129e-05,0.0015148528,10.847227499999999,0.0005978086400000001,5.414129e-05,0.00429463,7.999352000000001e-07,1.9226879999999996e-05,0.628365335,16.5403797,0.0027617085699999998,-0.0028523710000000002,-0.003206062,8.361999e-07,1.0569095000000002e-05
73,1607704800,0.23286510000000002,0.23288340000000002,0.02179391,-0.980245,0.9148778999999999,0.4052887,0.8107747,0.6713829,0.003439731,0.09981011999999999,1.8584800000000002e-05,2.3801278999999998e-07,2.4695493e-07,3.259711e-07,4.874115e-07,5.6799262e-07,8.754842e-07,2.0689317e-06,0.06737383999999999,0.048994979999999994,5.816294999999999e-05,105.39651,92.31144,7.731404e-06,6.268865,0.00700629,2.4747640000000004,0.000877361725,7.98211867e-05,0.01197535,5.920771,0.000877361725,7.98211867e-05,0.005534300000000001,15.9789751,0.000877361725,7.98211867e-05,0.0016794018000000001,15.846281299999998,0.000877361725,7.98211867e-05,0.004276520000000001,7.786936e-07,1.906304e-05,0.012471882,2.3017305,0.0012099251,-0.002828729,-0.0031885330000000003,7.357699000000001e-07,9.697859999999998e-06
73,1607705400,0.2321187,0.23213700000000004,0.02612887,-0.9340716,0.9346783999999999,0.40144280000000004,0.8191376,0.6789206999999999,0.003789509,0.10087070000000001,1.864462e-05,3.3207315999999996e-07,3.4344414000000005e-07,4.4059464e-07,5.740765e-07,6.798682699999999e-07,1.0003255000000002e-06,2.2096535e-06,0.06645369,0.04953945,6.00554e-05,105.28220000000002,92.91181,7.708628e-06,6.229667,0.006950629,2.456841,0.00047833970999999997,4.3196346e-05,0.011883420000000002,5.832253,0.00047833970999999997,4.3196346e-05,0.005284271,9.214942500000001,0.00047833970999999997,4.3196346e-05,0.0014320199999999998,8.8743539,0.00047833970999999997,4.3196346e-05,0.004284558999999999,7.814586e-07,1.913872e-05,-0.0095525085,0.6900651000000001,6.486438000000001e-05,-0.00283647,-0.0031928480000000003,7.742863999999999e-07,9.922618000000001e-06
73,1607706000,0.24695790000000004,0.2469764,0.02645094,-1.0195893,0.9406792000000002,0.422055,0.8293752,0.6942962,0.003886451,0.10760266,1.893342e-05,4.5944020000000003e-07,4.8879086e-07,6.1760001e-07,8.318036e-07,1.0506459e-06,1.6350583e-06,3.5039119999999995e-06,0.07543836999999999,0.04797018,6.128476e-05,96.07813000000002,89.28423000000001,8.196923e-06,6.372313999999999,0.007198616999999999,2.621338,0.00052790873,4.7749066e-05,0.01265357,6.633421,0.00052790873,4.7749066e-05,0.0053964930000000005,10.756522999999998,0.00052790873,4.7749066e-05,0.0015417011,10.39884,0.00052790873,4.7749066e-05,0.004294994000000001,8.012963e-07,1.9240970000000002e-05,-0.051414822000000006,5.5844421,0.0020910317,-0.002845068,-0.003206315,8.169324000000001e-07,1.0246251e-05
73,1607706600,0.26700019999999997,0.2670189,0.03197899,-0.7825591000000001,1.027907,0.4267230000000001,0.9026151,0.7521604,0.005616629,0.11937729999999999,1.889665e-05,3.3602661999999994e-07,3.52921e-07,4.5130725000000007e-07,6.425218999999999e-07,7.918251900000001e-07,1.2236333e-06,2.8501484999999998e-06,0.08427220999999999,0.04916331,5.7290869999999995e-05,99.28739,87.08385999999999,8.864893999999999e-06,6.311441,0.007315737000000001,2.825048,0.00060571072,5.4851423999999994e-05,0.013366639999999999,7.3930359999999995,0.00060571072,5.4851423999999994e-05,0.005394362,11.323326,0.00060571072,5.4851423999999994e-05,0.0015452858999999998,11.078714999999999,0.00060571072,5.4851423999999994e-05,0.004311822,8.540973e-07,1.94328e-05,-0.059301219,7.3586089999999995,0.00318792777,-0.002822477,-0.00319522,7.984017e-07,1.0511140999999999e-05
73,1607707200,0.3079075,0.3079261,0.03273849,-0.8275893,1.084421,0.4660535,0.9578918999999999,0.8117122999999999,0.007304063999999999,0.1376718,1.902041e-05,5.170397100000001e-07,5.358569499999999e-07,6.7316392e-07,9.440851e-07,1.1327038e-06,1.7947556000000005e-06,3.9221357e-06,0.10574115000000002,0.048139549999999996,6.272346000000001e-05,98.50765000000001,81.55814000000001,1.0221298e-05,6.533363,0.007835156999999999,3.291691,0.0005516305899999999,4.9927375300000006e-05,0.01504432,9.371851,0.0005516305899999999,4.9927375300000006e-05,0.005365711,10.6482653,0.0005516305899999999,4.9927375300000006e-05,0.0015463846,10.3391657,0.0005516305899999999,4.9927375300000006e-05,0.004311853999999999,9.055876000000002e-07,1.94866e-05,-0.009748902,5.4556745,0.0029524311499999996,-0.0027548779999999997,-0.0031472389999999996,7.375336e-07,1.0066207999999999e-05
73,1607707800,0.20261049999999997,0.20262889999999997,0.02880285,-0.9289083000000001,0.8731017000000001,0.371347,0.7663358,0.6254066,0.003173000000000001,0.08752879,1.8770619999999997e-05,2.9331796e-07,3.1459042e-07,3.9953530999999997e-07,5.309825e-07,6.33861e-07,9.369094999999999e-07,1.9789678e-06,0.05342033,0.04783114,4.772431e-05,103.58685,97.52523,6.729267e-06,6.096617,0.006582365999999999,2.1571439999999997,0.0005792173200000001,5.2443777e-05,0.010675872999999999,4.726713999999999,0.0005792173200000001,5.2443777e-05,0.005380092,10.863002,0.0005792173200000001,5.2443777e-05,0.0014849207,10.597814000000001,0.0005792173200000001,5.2443777e-05,0.004296983999999999,7.449642e-07,1.920262e-05,0.023693200000000005,2.6157188000000002,0.0015652249699999999,-0.002890077,-0.003236315,7.146074e-07,9.691424999999998e-06
73,1607708400,0.21448140000000002,0.21449990000000002,0.028002459999999996,-0.9937900000000001,0.8799268,0.38875479999999996,0.7785610999999999,0.6396194,0.002740795,0.0932974,1.861316e-05,2.414387e-07,2.6548147e-07,3.6220183e-07,5.232257000000002e-07,6.533333e-07,1.019069e-06,2.3336269e-06,0.060777380000000006,0.046403929999999996,5.3586080000000004e-05,103.38686,93.70691,7.117633999999999e-06,6.284547,0.006744867,2.282282,0.0010838158,9.867783000000001e-05,0.011397109999999998,5.401683,0.0010838158,9.867783000000001e-05,0.00577073,18.773247,0.0010838158,9.867783000000001e-05,0.0019006298999999997,18.774982,0.0010838158,9.867783000000001e-05,0.004288793,7.493264e-07,1.913801e-05,-0.038150215,4.9746521,0.00153706302,-0.0028705880000000003,-0.0032249550000000003,7.443149000000001e-07,9.919621e-06
73,1607709000,0.17817840000000001,0.1781968,0.030713130000000005,-0.8573276,0.8317004000000001,0.3466064,0.7247472,0.5879430000000001,0.0031893390000000002,0.07751224999999999,1.878786e-05,1.5221692999999998e-07,1.7024314999999999e-07,2.5004229999999996e-07,3.466283e-07,4.4638604e-07,6.912999000000001e-07,1.6482639e-06,0.04267981999999999,0.04635566000000001,4.968902e-05,106.09250000000002,102.70946,5.9136850000000005e-06,6.313014000000001,0.006185657,1.9136589999999998,0.00060966595,5.5228449e-05,0.009484013,3.7647280000000003,0.00060966595,5.5228449e-05,0.005452665999999999,11.767403000000002,0.00060966595,5.5228449e-05,0.0015179698,11.479541299999998,0.00060966595,5.5228449e-05,0.004315866,7.177583e-07,1.9339270000000004e-05,-0.012200776200000003,5.1396919,0.00154213367,-0.002942949,-0.003274814,7.679235999999999e-07,9.982599999999998e-06
73,1607709600,0.16292140000000002,0.16294029999999998,0.034418319999999995,-0.6545434,0.8410385999999999,0.32657929999999996,0.7182969,0.5753427000000001,0.0031479380000000003,0.07213689000000001,1.905998e-05,1.7617703e-07,1.9751557e-07,2.7402037e-07,3.7168814000000004e-07,4.738898300000001e-07,7.01304e-07,1.4759512000000001e-06,0.0340787,0.04732247,5.533770999999999e-05,111.56641000000002,109.85082,5.403336e-06,6.525754000000001,0.005953859,1.7656960000000002,0.00030949899,2.7709563999999998e-05,0.008355079,3.0119070000000003,0.00030949899,2.7709563999999998e-05,0.005262929,7.053977000000001,0.00030949899,2.7709563999999998e-05,0.0012884475999999998,6.582803,0.00030949899,2.7709563999999998e-05,0.004343994000000001,7.90789e-07,1.964538e-05,-0.0100349368,33.0479902,0.0036156939000000004,-0.0029406379999999998,-0.003281254,8.608608e-07,1.0676905e-05
73,1607710200,0.14528270000000001,0.1453017,0.03733268,-0.6646841,0.7805487999999999,0.3120628,0.6824459,0.5422665999999999,0.002477506,0.06357367,1.896817e-05,8.986763e-08,1.0609856000000002e-07,1.6693917e-07,2.264836e-07,2.678435e-07,4.0111830000000006e-07,8.911216e-07,0.02545287,0.047138219999999995,4.709251e-05,113.54916,115.36399999999999,4.824215e-06,5.962703,0.005687696000000001,1.5703299999999998,0.0006892943799999999,6.25741372e-05,0.007329537000000001,2.256125,0.0006892943799999999,6.25741372e-05,0.005526602,12.680885,0.0006892943799999999,6.25741372e-05,0.0015271295,12.477151,0.0006892943799999999,6.25741372e-05,0.004341546,7.274812e-07,1.956284e-05,-0.053448872,18.6922298,0.0033229766000000003,-0.00298679,-0.0033162239999999996,8.991014000000001e-07,1.1683393e-05
73,1607710800,0.1444013,0.14442020000000003,0.04258735,-0.6414085,0.7879741000000001,0.3116095,0.6823333,0.5447042,0.0026205999000000002,0.06325378000000001,1.897294e-05,1.6899107999999998e-07,1.8631687000000002e-07,2.4756951e-07,3.283728e-07,4.0710810000000004e-07,5.625940000000001e-07,1.1879655e-06,0.026375100000000002,0.045769779999999996,5.233884e-05,112.5654,113.5873,4.7913499999999995e-06,6.425610999999999,0.005642867,1.550004,0.0004025198,3.6268675400000005e-05,0.007490621,2.33145,0.0004025198,3.6268675400000005e-05,0.005139098,7.1178501999999995,0.0004025198,3.6268675400000005e-05,0.001137632,6.7647566,0.0004025198,3.6268675400000005e-05,0.004333424000000001,7.153967000000001e-07,1.9480889999999998e-05,0.14826464,9.6128012,0.0031187889,-0.002981778,-0.003310381,8.135518999999999e-07,1.0491185999999999e-05
73,1607711400,0.1539442,0.1539629,0.04530343,-0.6280748,0.8059744999999999,0.31798289999999996,0.7055841,0.5659295999999999,0.0030272740000000004,0.06835921,1.881149e-05,1.8309789000000001e-07,1.9445110000000002e-07,2.6625103e-07,3.5051650000000005e-07,4.050607e-07,5.962253999999999e-07,1.2276333e-06,0.03267055,0.04424926,4.865639e-05,112.06470000000002,107.82209999999998,5.107062e-06,6.337770999999999,0.006059296,1.648657,0.0006639489799999999,6.018602499999999e-05,0.008357987,2.905269,0.0006639489799999999,6.018602499999999e-05,0.005468224999999999,12.017235,0.0006639489799999999,6.018602499999999e-05,0.0015029886,11.759955999999999,0.0006639489799999999,6.018602499999999e-05,0.0043141989999999995,7.201246000000001e-07,1.93236e-05,0.043743147,6.8586741,0.00241174363,-0.0029490090000000003,-0.0032822579999999997,7.805003e-07,1.0285774e-05
73,1607712000,0.1695371,0.16955610000000002,0.04377833,-0.45692580000000005,0.8630888999999999,0.3270499,0.7568107,0.6142688999999999,0.0036471659999999994,0.07633774,1.893618e-05,1.9860919999999996e-07,2.1900791e-07,2.9481642e-07,4.0550670000000003e-07,4.78472e-07,7.322380999999999e-07,1.5642035000000002e-06,0.0395688,0.04514456,5.078799e-05,109.06257000000001,103.4211,5.626203e-06,6.433363,0.006316448,1.810851,0.000619379716,5.61528135e-05,0.00920003,3.4969120000000005,0.000619379716,5.61528135e-05,0.005483868,11.492912,0.000619379716,5.61528135e-05,0.0015179597,11.242628000000002,0.000619379716,5.61528135e-05,0.004330216999999999,7.209853e-07,1.946748e-05,-0.02131383,2.6080083000000003,0.0013287965199999998,-0.002960325,-0.003289071,7.862236e-07,1.0061375e-05
73,1607712600,0.16994190000000003,0.16996029999999998,0.05059834,-0.3527635,0.8846145,0.3242465,0.7641608000000001,0.6277317,0.003996235,0.07683877000000001,1.876911e-05,2.1495216999999999e-07,2.3312722e-07,3.0855237e-07,4.1718499999999996e-07,4.859529e-07,7.265516e-07,1.47877e-06,0.03969429,0.045219010000000004,5.32616e-05,108.48475,103.3758,5.642390999999999e-06,6.300279,0.006159266,1.821907,0.0007826158199999999,7.1067163e-05,0.009216069000000002,3.5171499999999996,0.0007826158199999999,7.1067163e-05,0.0055053310000000005,13.615565,0.0007826158199999999,7.1067163e-05,0.0015633559,13.435905199999999,0.0007826158199999999,7.1067163e-05,0.004305608,7.242747e-07,1.925408e-05,-0.05489583099999999,4.5268101000000005,0.00231780724,-0.002941127,-0.003278749,7.533053e-07,9.862152999999998e-06
73,1607713200,0.19289230000000002,0.19291099999999997,0.039604969999999996,-0.28803159999999994,0.9282657999999999,0.3399683,0.8126496999999999,0.6767832,0.003394435,0.08533162,1.890838e-05,2.3705244e-07,2.5618009e-07,3.3939237e-07,4.6108659999999996e-07,5.594985e-07,8.691608999999999e-07,1.8166389e-06,0.049624749999999995,0.04676567,5.0032880000000005e-05,106.65928000000001,98.78135999999999,6.399779e-06,6.368028,0.006537978,2.0585340000000003,0.000582340884,5.2741150500000004e-05,0.010289590999999999,4.3778120000000005,0.000582340884,5.2741150500000004e-05,0.005380295,10.649988,0.000582340884,5.2741150500000004e-05,0.0014492618,10.372136999999999,0.000582340884,5.2741150500000004e-05,0.0043184040000000005,7.182964e-07,1.9355159999999998e-05,0.042516639999999994,18.168459,0.0026947318,-0.002971713,-0.0033150990000000006,8.265266000000001e-07,1.0892888000000001e-05
73,1607713800,0.18518220000000002,0.1852007,0.039593239999999995,-0.31349119999999997,0.9106403000000001,0.3351402,0.7986245000000001,0.6593449999999998,0.0032788860000000004,0.08198528000000001,1.8819e-05,1.3729563e-07,1.4771988000000002e-07,2.1027969000000001e-07,3.1535320000000004e-07,3.5854527000000004e-07,5.677402200000001e-07,1.3022584999999998e-06,0.04604118,0.046497279999999995,4.9042330000000005e-05,107.42549999999999,100.69528,6.151156e-06,6.1172770000000005,0.006361765,1.978999,0.00029096104900000003,2.6071606700000004e-05,0.009879322,4.045237,0.00029096104900000003,2.6071606700000004e-05,0.0050686659999999994,6.014908899999999,0.00029096104900000003,2.6071606700000004e-05,0.0011145824,5.573715,0.00029096104900000003,2.6071606700000004e-05,0.004320582,6.520652e-07,1.9319519999999998e-05,-0.03634578,1.0893567,0.00015951780000000005,-0.0030088809999999997,-0.003339909,7.390768000000001e-07,9.695947000000002e-06
73,1607714400,0.1895001,0.18951869999999998,0.034266229999999995,-0.26590420000000003,0.9320912,0.3373755,0.8159502,0.670558,0.0031701850000000003,0.08495263,1.8999410000000004e-05,2.7964575999999996e-07,2.9901594999999996e-07,3.8848201000000003e-07,5.263675e-07,6.550652e-07,1.0076478e-06,2.1034314000000005e-06,0.04889328999999999,0.045803529999999995,4.751013e-05,105.15881999999999,98.54109,6.287895e-06,6.500332,0.006386931,2.016254,0.00028421032,2.5389275000000003e-05,0.010220439000000001,4.303358000000001,0.00028421032,2.5389275000000003e-05,0.005068794,5.5992149,0.00028421032,2.5389275000000003e-05,0.0011285138,5.160840899999999,0.00028421032,2.5389275000000003e-05,0.004325768000000001,6.994241999999999e-07,1.940415e-05,-0.025850460000000002,7.0154647,0.00248446707,-0.002982291,-0.00332241,7.954992000000001e-07,1.0558872000000002e-05
73,1607715000,0.19605750000000002,0.1960763,0.03524307,-0.24542537000000003,0.9304409,0.341944,0.8315503999999999,0.6814707999999999,0.003657172,0.08706316,1.90833e-05,2.5122092e-07,2.6243624000000003e-07,3.5082874000000006e-07,4.6724180000000006e-07,5.7076828e-07,8.839541999999999e-07,1.9204803e-06,0.05253932,0.045436279999999996,4.7928090000000005e-05,104.32248,96.65315000000001,6.507135e-06,6.31035,0.006474140000000001,2.0821449999999997,0.0005717834,5.17244e-05,0.010597391999999999,4.638819,0.0005717834,5.17244e-05,0.005397077,10.189001999999999,0.0005717834,5.17244e-05,0.0014556385,9.902097999999999,0.0005717834,5.17244e-05,0.004338656,7.121940000000001e-07,1.953343e-05,0.0056388193,1.5638337999999998,0.0007992358020000002,-0.002967874,-0.003311401,7.871399e-07,1.0100581e-05
73,1607715600,0.1947313,0.1947499,0.04814518,-0.30407609999999996,0.925416,0.3396796,0.8233377000000001,0.6811707,0.0032808290000000003,0.08509726000000001,1.897453e-05,2.3029797999999997e-07,2.4408265000000003e-07,3.1985013000000004e-07,4.4101649999999997e-07,5.1607665e-07,7.826535999999999e-07,1.6860323999999998e-06,0.05372001,0.0435883,5.2434940000000005e-05,106.03383999999998,94.99858000000002,6.463446e-06,6.222279,0.006363974,2.069716,0.0005255091699999999,4.7497181000000005e-05,0.010709783,4.7357510000000005,0.0005255091699999999,4.7497181000000005e-05,0.005270591999999999,9.537994,0.0005255091699999999,4.7497181000000005e-05,0.0013337578,9.266755000000002,0.0005255091699999999,4.7497181000000005e-05,0.004320712,7.251080000000001e-07,1.939359e-05,0.0030973570000000007,0.9425203999999999,0.00016656831,-0.002928093,-0.003273629,7.252045e-07,9.461178e-06
73,1607716200,0.17539659999999999,0.17541520000000002,0.05597341,-0.3187812,0.886715,0.32631029999999994,0.7824238,0.6413445999999999,0.0033994830000000005,0.07830991,1.8719700000000003e-05,2.1719136999999997e-07,2.2731934000000004e-07,3.0249672999999996e-07,4.003859e-07,4.6485621e-07,6.966956e-07,1.4667154e-06,0.04431155,0.04332848,5.3939229999999996e-05,110.40723,99.86666,5.822261e-06,6.500268,0.006095907999999999,1.8643590000000003,0.00045112613000000007,4.0697614999999996e-05,0.009696617999999999,3.8985879999999993,0.00045112613000000007,4.0697614999999996e-05,0.005164001,8.1669582,0.00045112613000000007,4.0697614999999996e-05,0.0012285126000000002,7.8272476,0.00045112613000000007,4.0697614999999996e-05,0.004307844,6.875915999999999e-07,1.92369e-05,0.03416064799999999,5.7313164,0.0013636699000000002,-0.0029809910000000005,-0.0033056550000000002,8.280062e-07,1.0317785e-05
73,1607716800,0.1785335,0.1785521,0.05668698000000001,-0.3191921,0.8867896,0.3302543,0.7943493,0.6476447000000001,0.003277103,0.07981055,1.868182e-05,1.4045633e-07,1.5857417e-07,2.469892e-07,3.617458e-07,4.552312e-07,7.579837000000001e-07,1.732804e-06,0.045169129999999995,0.044036759999999994,5.6542450000000006e-05,106.99503,99.77084999999998,5.9225029999999995e-06,6.438784,0.006144496,1.9100750000000002,0.00066171678,5.9979917999999994e-05,0.009810434999999998,3.9937369999999994,0.00066171678,5.9979917999999994e-05,0.005490827,12.011841,0.00066171678,5.9979917999999994e-05,0.0015719593,11.775355000000001,0.00066171678,5.9979917999999994e-05,0.004304281,8.521104999999999e-07,1.935765e-05,0.11972763589999999,26.1916296,0.0052371380000000006,-0.002846189,-0.003209637,8.797682999999999e-07,1.1527252000000001e-05
73,1607717400,0.2790468,0.27906529999999996,0.03510792,-0.27251020000000004,1.0838952000000002,0.3928435,0.977881,0.8257752999999999,0.006038857999999999,0.12223246000000001,1.893951e-05,4.0776318e-07,4.3617769e-07,5.6474085e-07,8.158842000000001e-07,1.0104311e-06,1.637604e-06,3.528493e-06,0.09428096,0.04517201,6.147549e-05,97.58203999999999,83.44055,9.262089e-06,6.533833,0.007623211,2.9616300000000004,0.00045913713,4.147224580000001e-05,0.014088110000000001,8.285509000000001,0.00045913713,4.147224580000001e-05,0.005247908,9.299607499999999,0.00045913713,4.147224580000001e-05,0.0013943291,8.938541,0.00045913713,4.147224580000001e-05,0.004307902000000001,8.388376e-07,1.939296e-05,0.018582507999999998,1.6521755999999996,0.0015246069499999999,-0.0028184630000000002,-0.0032089839999999994,7.527565e-07,1.0063336e-05
73,1607718000,0.2298104,0.2298289,0.036100339999999995,-0.27560130000000005,0.9958043,0.3628368,0.8879901000000002,0.7395975,0.0045559020000000006,0.10135355000000001,1.886684e-05,3.5952600999999997e-07,3.723503e-07,4.5698896999999993e-07,6.065244e-07,6.754855e-07,9.705821e-07,1.9276105e-06,0.06834214,0.046503319999999994,5.3718700000000005e-05,105.55324,92.94104999999999,7.635448000000001e-06,6.257582,0.00697449,2.435867,0.00053902048,4.87970882e-05,0.011822951,5.994569,0.00053902048,4.87970882e-05,0.0052460549999999995,9.7511906,0.00053902048,4.87970882e-05,0.0013681518,9.47079526,0.00053902048,4.87970882e-05,0.004303496,7.543555000000001e-07,1.926758e-05,0.023963199999999997,3.845529199999999,0.0019512462099999998,-0.0028990829999999998,-0.0032615809999999995,7.272401999999999e-07,9.999022e-06
73,1607718600,0.1937241,0.19374249999999998,0.034644699999999994,-0.3869726,0.9166780000000001,0.3439564,0.8112247,0.6713831000000001,0.0034640779999999998,0.08665492,1.846874e-05,1.7033556e-07,1.8258076e-07,2.567305e-07,3.7047289999999994e-07,4.3229220000000005e-07,7.124345999999999e-07,1.5593548e-06,0.050710889999999995,0.04609297,5.409606e-05,105.53982999999998,97.98008,6.431156e-06,6.491250000000001,0.0063300200000000004,2.067022,0.0005925811249999999,5.370693740000001e-05,0.01038921,4.471041000000001,0.0005925811249999999,5.370693740000001e-05,0.005379933,11.137525,0.0005925811249999999,5.370693740000001e-05,0.0014906373,10.869131,0.0005925811249999999,5.370693740000001e-05,0.004276415,6.481629e-07,1.893115e-05,0.014797380000000002,2.2502834,0.00173345946,-0.0029758139999999994,-0.003297409,7.794808e-07,9.493052000000001e-06
73,1607719200,0.1853074,0.18532579999999998,0.031738590000000004,-0.3179822,0.9007399000000001,0.3360564,0.8003119,0.6574326,0.0039004170000000006,0.08352758,1.868226e-05,1.7707684e-07,1.8981339e-07,2.579137e-07,3.6806833999999995e-07,4.4431210999999996e-07,7.141701e-07,1.6729804000000002e-06,0.047168659999999994,0.04542735,5.3155800000000004e-05,107.4351,99.24044999999998,6.148651000000001e-06,6.430750999999999,0.006268877000000001,1.9778859999999998,0.00043006709000000003,3.8774961999999997e-05,0.010053179,4.174584,0.00043006709000000003,3.8774961999999997e-05,0.00523501,8.427968,0.00043006709000000003,3.8774961999999997e-05,0.0013167186000000001,8.058712,0.00043006709000000003,3.8774961999999997e-05,0.004298491999999999,6.049417999999999e-07,1.907975e-05,0.037376705,1.3547548,0.000639893,-0.00302951,-0.003344694,7.689225e-07,9.793114e-06
73,1607719800,0.18387579999999998,0.1838945,0.031182740000000004,-0.3224167,0.9503170000000001,0.3347728,0.7959243,0.6509447999999999,0.005239065,0.09293755999999999,1.875737e-05,2.5466845999999996e-07,2.7260262e-07,3.6315616e-07,4.830298e-07,6.00499e-07,9.170724000000001e-07,2.0125768999999996e-06,0.04628477,0.04559697,5.096047000000001e-05,106.60055,99.93257999999999,6.099936e-06,6.67747,0.006241056,1.9720140000000002,0.0003609249,3.2442285999999994e-05,0.009918919,4.087533,0.0003609249,3.2442285999999994e-05,0.005173055,7.2630859999999995,0.0003609249,3.2442285999999994e-05,0.0012480262999999998,6.860035599999999,0.0003609249,3.2442285999999994e-05,0.004305389999999999,7.838046000000001e-07,1.927015e-05,-0.013830596999999997,31.171707199999997,0.0062556239999999996,-0.0029803689999999996,-0.0033246120000000002,1.0011518999999998e-06,1.3472281999999997e-05
73,1607720400,0.2128797,0.21289830000000004,0.029176849999999997,-0.6237689,0.9248156999999999,0.3680305,0.8269378,0.6816581,0.0032588110000000003,0.09268053,1.887594e-05,3.587194e-07,3.7480489e-07,4.6576377000000003e-07,6.152226000000001e-07,7.2165479e-07,1.08892338e-06,2.2076237999999998e-06,0.061360920000000006,0.04502374,4.887544e-05,106.09164000000001,92.38444999999999,7.072124e-06,6.351533000000001,0.006559554,2.273374,0.0006687542699999999,6.073892759999999e-05,0.01149337,5.449513,0.0006687542699999999,6.073892759999999e-05,0.005404893,12.101391099999999,0.0006687542699999999,6.073892759999999e-05,0.0015119852,11.85249155,0.0006687542699999999,6.073892759999999e-05,0.004305941,6.236497e-07,1.916334e-05,0.0005071920000000001,1.0301029,0.0003512057,-0.003013372,-0.0033423899999999998,7.906791000000001e-07,9.74727e-06
73,1607721000,0.2205584,0.22057699999999997,0.029963449999999996,-0.6476055000000001,0.9439417000000001,0.37569489999999994,0.8347754000000001,0.6957964,0.003619753,0.09793281999999999,1.8905530000000003e-05,3.061065e-07,3.1818659999999997e-07,4.092709099999999e-07,5.532413e-07,6.6844991e-07,1.0616092699999999e-06,2.2642279e-06,0.06482995,0.04539492,4.8097600000000005e-05,102.90826000000001,91.36256,7.32098e-06,6.303564,0.006631342000000001,2.3400909999999997,0.000699902102,6.35407788e-05,0.01176508,5.711659,0.000699902102,6.35407788e-05,0.005436469000000001,12.9060462,0.000699902102,6.35407788e-05,0.0015440873,12.697390300000002,0.000699902102,6.35407788e-05,0.00430962,6.348815000000001e-07,1.920609e-05,0.004161465500000001,1.3876125,0.0006326208499999999,-0.00300816,-0.0033344509999999996,7.4037e-07,9.589239e-06
73,1607721600,0.23429510000000003,0.2343135,0.031996380000000005,-0.5981274,0.9709792,0.38541590000000003,0.8664263999999999,0.7271097,0.004310039,0.10277997999999999,1.891685e-05,4.0531613e-07,4.1953061999999997e-07,5.2972587e-07,6.812635000000001e-07,8.371004899999999e-07,1.2819855200000002e-06,2.705974e-06,0.07230834,0.04478792,4.3811659999999997e-05,99.34207,88.47818,7.778069000000001e-06,6.114497000000001,0.006787776999999999,2.493765,0.00031082856,2.7878703700000004e-05,0.01245206,6.40946,0.00031082856,2.7878703700000004e-05,0.005002612,6.0406689,0.00031082856,2.7878703700000004e-05,0.0011268416,5.6308527,0.00031082856,2.7878703700000004e-05,0.004305431,6.452207e-07,1.917736e-05,0.021429177,2.9538196,0.0013094784799999998,-0.0030005910000000004,-0.0033323229999999994,7.177755e-07,9.699214e-06
73,1607722200,0.26712649999999993,0.26714499999999997,0.028277699999999996,-0.5112459,1.0543075,0.40573230000000005,0.9334034000000001,0.7904490999999998,0.004466648,0.120417,1.885915e-05,4.827096100000001e-07,5.1621797e-07,6.5339564e-07,9.139106999999999e-07,1.1645317900000002e-06,1.8498483e-06,3.9975828e-06,0.08951002,0.04398493,5.812831e-05,98.40662,83.06850999999999,8.860246000000001e-06,6.62114,0.007185158,2.823913,0.00072938622,6.6184984e-05,0.01382094,7.863741,0.00072938622,6.6184984e-05,0.0055406859999999995,13.585782,0.00072938622,6.6184984e-05,0.0017122169,13.36251,0.00072938622,6.6184984e-05,0.004290617000000001,7.117267e-07,1.911449e-05,0.026887097999999998,4.3241684,0.0018787841,-0.002919125,-0.003275657,7.334578e-07,9.761171000000001e-06
73,1607722800,0.23681739999999998,0.23683579999999999,0.025150830000000002,-0.6815196000000001,0.9589799000000001,0.39157729999999996,0.8638764,0.7160468,0.004039929,0.10352941,1.855856e-05,1.4900277e-07,1.4572131999999998e-07,2.1723327999999995e-07,3.2895260000000005e-07,3.8747424999999997e-07,6.225840499999999e-07,1.5279863e-06,0.07353921,0.044815469999999996,5.030259e-05,104.12364,88.18776,7.870770999999998e-06,6.0418389999999995,0.006857713,2.513197,0.00042718209999999994,3.8484472000000004e-05,0.012504850000000001,6.469582,0.00042718209999999994,3.8484472000000004e-05,0.005210997,8.16861,0.00042718209999999994,3.8484472000000004e-05,0.0013383716,7.811800999999998,0.00042718209999999994,3.8484472000000004e-05,0.004296494,7.085407e-07,1.915452e-05,-0.06697622699999999,18.2646986,0.0034636691999999996,-0.0029545129999999998,-0.0032901859999999996,8.039342999999998e-07,1.1170753e-05
73,1607723400,0.2120424,0.2120608,0.027344219999999995,-0.7885958000000001,0.9091032,0.37568789999999996,0.8029371,0.6639577999999999,0.00306038,0.09233754000000001,1.8698599999999997e-05,2.6637961e-07,2.8311069e-07,3.8391650999999995e-07,5.315461000000001e-07,6.610483000000001e-07,1.0629476e-06,2.4228223e-06,0.06104025,0.04492466,5.012415e-05,99.28526000000001,92.52023999999999,7.0386e-06,6.473461,0.006569595,2.253095,0.0005838131700000001,5.2878583999999995e-05,0.011436909999999998,5.4013539999999995,0.0005838131700000001,5.2878583999999995e-05,0.005337441,10.6876201,0.0005838131700000001,5.2878583999999995e-05,0.0014479409,10.3809595,0.0005838131700000001,5.2878583999999995e-05,0.004294633,6.570353000000001e-07,1.9099439999999998e-05,-0.007654099,1.1226431000000001,0.00036606270000000003,-0.0029647420000000002,-0.003285846,7.850327e-07,9.843592e-06
73,1607724000,0.2487259,0.24874429999999997,0.02782191,-0.8067183,0.9710167000000001,0.4122731,0.8603136999999998,0.7321348999999999,0.003520685,0.10755723000000002,1.887719e-05,2.7104465999999993e-07,2.7678593999999997e-07,3.6943367e-07,5.212664000000001e-07,6.4616117e-07,1.0429625299999998e-06,2.3554205e-06,0.07936453,0.04494636,4.573277e-05,99.25219999999999,86.25089,8.258805e-06,6.1187130000000005,0.0070451240000000016,2.655808,0.0007178176500000002,6.5116584e-05,0.01308222,7.048881,0.0007178176500000002,6.5116584e-05,0.00542338,12.493071,0.0007178176500000002,6.5116584e-05,0.0015563417000000002,12.3050487,0.0007178176500000002,6.5116584e-05,0.004309995999999999,6.813305e-07,1.9256030000000002e-05,0.011491161,0.9231704000000001,0.000470237,-0.0029510829999999997,-0.003293046,7.396942e-07,9.796452e-06
73,1607724600,0.26803109999999997,0.26804949999999994,0.03803434000000001,-0.7063163,1.0216432999999998,0.422662,0.9140904000000001,0.7715485999999999,0.004316288000000001,0.11629605999999999,1.8720549999999998e-05,3.2364643e-07,3.3628036999999996e-07,4.3819289999999997e-07,6.153442999999999e-07,7.711154000000001e-07,1.2209179000000002e-06,2.7198682999999998e-06,0.08726289,0.04668929,5.6274610000000006e-05,102.13968,85.23101,8.896374e-06,6.516623,0.007261823999999998,2.856966,0.00066976248,6.0715714e-05,0.013668540000000002,7.739165,0.00066976248,6.0715714e-05,0.0054863889999999995,12.696909,0.00066976248,6.0715714e-05,0.0016492177,12.441500999999999,0.00066976248,6.0715714e-05,0.004298252,7.220542e-07,1.919111e-05,-0.010732839999999999,2.2348728,0.0014641857300000001,-0.002913143,-0.003258461,7.373461999999999e-07,9.880480000000002e-06
73,1607725200,0.2001153,0.20013399999999998,0.04889045,-0.30621479999999995,0.9368908999999999,0.3463505,0.8368378999999999,0.6894587000000001,0.004003123,0.08918462,1.8748310000000002e-05,1.5343119e-07,1.6390214e-07,2.3908288e-07,3.3782639999999997e-07,4.2051277e-07,6.866867999999999e-07,1.6363352999999998e-06,0.053270859999999996,0.046734849999999994,4.7929219999999996e-05,106.76667000000002,97.30240999999998,6.643669000000001e-06,6.3965559999999995,0.006530014999999998,2.132366,0.0005688568,5.1537888e-05,0.010662719999999999,4.732436,0.0005688568,5.1537888e-05,0.005387239,10.367000999999998,0.0005688568,5.1537888e-05,0.0014768480999999998,10.10518,0.0005688568,5.1537888e-05,0.004309093,6.692013e-07,1.9226079999999997e-05,-0.048434076,10.746285199999999,0.00302852624,-0.0030036769999999997,-0.0033278429999999996,7.495902e-07,9.899466e-06
73,1607725800,0.22627989999999998,0.2262983,0.0450522,-0.3841202,0.9790429999999999,0.37072839999999996,0.8750142000000001,0.7303348000000001,0.004282113999999999,0.09965393999999998,1.89187e-05,3.3218111e-07,3.4622539000000006e-07,4.4446861e-07,5.807485000000001e-07,6.8894475e-07,1.04675794e-06,2.2472015999999993e-06,0.06620946999999999,0.04687751,4.6727800000000003e-05,102.44125999999999,91.89967999999999,7.510582e-06,6.213687999999999,0.006889488999999999,2.404646,0.00043685334999999997,3.9365776e-05,0.01188385,5.857405,0.00043685334999999997,3.9365776e-05,0.005260455000000001,8.406102,0.00043685334999999997,3.9365776e-05,0.001368961,8.077252000000001,0.00043685334999999997,3.9365776e-05,0.004314991000000001,6.473e-07,1.926366e-05,-0.07314699999999999,3.6571255999999996,0.00083380095,-0.0030127220000000002,-0.0033393359999999996,7.177816e-07,1.0036497e-05
73,1607726400,0.2929628,0.29298159999999995,0.03061469,-0.9105582999999999,1.02622,0.4599183,0.9255656,0.7859487999999999,0.003420214,0.1266689,1.929658e-05,7.3503577e-07,7.5956501e-07,9.2915233e-07,1.2158064e-06,1.4961594300000002e-06,2.2885034e-06,4.6409944e-06,0.09929568000000001,0.04712191,5.100111e-05,92.88118999999999,82.27559,9.722973e-06,6.321192999999999,0.007669691000000001,3.105194,0.000384214695,3.45756502e-05,0.01459791,8.764517999999999,0.000384214695,3.45756502e-05,0.0052268620000000005,7.642268999999999,0.000384214695,3.45756502e-05,0.0013930114000000001,7.2410574,0.000384214695,3.45756502e-05,0.004312578,7.939754000000001e-07,1.938077e-05,0.10413704000000001,17.3323898,0.0030441907169000007,-0.002870584,-0.0032377460000000005,8.546852999999999e-07,1.1316288999999999e-05
73,1607727000,0.32492709999999997,0.3249457,0.02554573,-0.9245166000000001,1.077408,0.48749889999999996,0.9741676,0.8279128,0.003906425,0.13897610000000002,1.89856e-05,6.286528600000001e-07,6.521966e-07,8.049275199999999e-07,1.0903342000000001e-06,1.35857011e-06,2.1062324e-06,4.3529574e-06,0.1148605,0.04753753000000001,5.385651e-05,94.55739000000001,79.41249,1.0793569999999999e-05,6.359761,0.008034872,3.406628,0.0006552362400000001,5.9388162999999994e-05,0.01562158,10.030674000000001,0.0006552362400000001,5.9388162999999994e-05,0.005468809,12.497449,0.0006552362400000001,5.9388162999999994e-05,0.0016864787999999998,12.254565,0.0006552362400000001,5.9388162999999994e-05,0.004300655,7.838569e-07,1.927606e-05,0.004397609999999999,1.1378662,0.00110361094,-0.002843128,-0.0032064180000000004,6.998172e-07,9.623925e-06
73,1607727600,0.3886407,0.38865890000000003,0.023659549999999998,-0.9968897999999999,1.162012,0.5403502,1.0468808,0.8976649,0.005441439,0.16711969999999998,1.9332450000000005e-05,1.08061117e-06,1.1116040299999999e-06,1.33101152e-06,1.7161188000000002e-06,2.1530573799999997e-06,3.250596e-06,6.5631017e-06,0.1463639,0.047883600000000005,5.4571800000000005e-05,91.18473000000002,75.07973000000001,1.290526e-05,6.090579,0.008858678,4.0837900000000005,0.00031996218999999997,2.8707561600000006e-05,0.017624019999999997,12.848139,0.00031996218999999997,2.8707561600000006e-05,0.005097736,6.9614732,0.00031996218999999997,2.8707561600000006e-05,0.0013538754000000002,6.4871758999999996,0.00031996218999999997,2.8707561600000006e-05,0.004285242999999999,8.716779e-07,1.9233570000000003e-05,-0.011834503000000001,0.8123628999999999,0.0005324156,-0.0027413940000000003,-0.0031393340000000006,7.519761e-07,9.634121e-06
73,1607728200,0.5571571,0.5571756,0.015546579999999999,-1.382278,1.267314,0.6817154999999999,1.156912,1.0158688,0.006543340999999999,0.23603380000000002,1.940231e-05,8.907438e-07,8.927323e-07,1.1533197999999999e-06,1.7212866e-06,2.2548549000000005e-06,3.785669999999999e-06,8.502724e-06,0.23147220000000002,0.04701839,6.765574e-05,87.19936,67.07153000000001,1.8499820000000003e-05,6.461499000000001,0.01114936,5.804512000000001,0.0012424245999999998,0.00011318197999999999,0.022169010000000003,20.223280000000003,0.0012424245999999998,0.00011318197999999999,0.005944204999999999,22.86301,0.0012424245999999998,0.00011318197999999999,0.002314177,22.859353000000002,0.0012424245999999998,0.00011318197999999999,0.004300539,1.5553868999999999e-06,1.993187e-05,0.764734418,22.587944800000002,0.006329045699999999,-0.0025284039999999997,-0.0029821590000000003,2.7198685e-06,3.1724400000000004e-05
73,1607728800,0.633018,0.6330363999999999,0.013199820000000001,-1.444821,1.3275769999999998,0.7316689000000001,1.212151,1.064583,0.00843815,0.26844370000000006,1.901408e-05,8.455215000000001e-07,8.105109e-07,9.863027e-07,1.4451312e-06,1.7001063e-06,2.6653445e-06,5.935204e-06,0.2683732,0.048062730000000005,5.795322000000001e-05,94.29012,65.29446,2.104233e-05,6.336820999999999,0.01222393,6.779935999999999,0.0012153015500000002,0.000110710232,0.024098099999999997,23.92508,0.0012153015500000002,0.000110710232,0.0058937980000000004,22.647356,0.0012153015500000002,0.000110710232,0.002281786,22.631706,0.0012153015500000002,0.000110710232,0.004293204,1.185065e-06,1.96045e-05,0.016884229999999997,2.8965957999999996,0.0034395657200000005,-0.002464571,-0.002940961,7.613414e-07,1.0263909e-05
73,1607729400,0.7462987,0.7463169,0.01467909,-1.446886,1.422006,0.7939551,1.308265,1.170225,0.009998311,0.3185680000000001,2.006659e-05,1.8399592e-06,1.88021866e-06,2.22384723e-06,3.0252863e-06,3.7367932299999993e-06,5.69586112e-06,1.1638033e-05,0.32616880000000004,0.04687347,7.495661e-05,85.01573999999998,62.597539999999995,2.479615e-05,6.009505,0.01321624,7.940505,0.00172869621,0.0001579075303,0.026528979999999997,28.933309999999995,0.00172869621,0.0001579075303,0.005845844000000001,29.724050999999996,0.00172869621,0.0001579075303,0.0022903416,30.0193066,0.00172869621,0.0001579075303,0.0042868739999999995,1.406431e-06,1.9764780000000003e-05,0.020258721,3.846611699999999,0.0043333242299999995,-0.002310284,-0.0028133909999999997,7.865733e-07,1.0687217e-05
73,1607730000,0.7397623,0.7397807999999999,0.012816355999999998,-1.477551,1.394779,0.7919309,1.284787,1.153874,0.007293717,0.3085385,1.96048e-05,1.4804164e-06,1.4986987e-06,1.7727613999999997e-06,2.5050064e-06,3.0424831999999997e-06,4.6921724e-06,9.756691e-06,0.3278267,0.04195937,6.871855e-05,85.73459,61.49961999999999,2.4578640000000005e-05,6.337269,0.01316224,7.78771,0.0008257961500000001,7.50841608e-05,0.026494589999999995,28.886200000000002,0.0008257961500000001,7.50841608e-05,0.005559543,17.156290000000002,0.0008257961500000001,7.50841608e-05,0.002007597,16.950413,0.0008257961500000001,7.50841608e-05,0.0042899159999999995,1.4682999999999998e-06,1.984378e-05,-0.033777926,11.5731903,0.005071296290000001,-0.002277802,-0.002785913,8.064297e-07,1.1116042000000002e-05
73,1607730600,0.9431556000000001,0.9431739,0.006397153,-1.7571119999999998,1.3375920000000001,0.9196089000000001,1.247363,1.151775,0.008448274,0.39229,2.147046e-05,3.4477297999999997e-06,3.5922909000000008e-06,4.1825666999999995e-06,5.549805e-06,6.972852000000002e-06,1.0594424e-05,2.0410567e-05,0.43443430000000005,0.03699914,8.612907e-05,78.02516,57.87958999999999,3.1316189999999996e-05,6.425993,0.015607850000000001,9.909589,0.0015024482900000001,0.000136985269,0.03052941,38.27506,0.0015024482900000001,0.000136985269,0.005974037,27.324312999999997,0.0015024482900000001,0.000136985269,0.0025363350000000002,27.420685600000002,0.0015024482900000001,0.000136985269,0.004272716,1.6744430000000001e-06,1.9915130000000004e-05,-9.644800000000107e-05,1.389364286,0.0038393052000000004,-0.0020840770000000006,-0.0025815929999999996,7.861627e-07,1.0622685e-05
73,1607731200,0.9565042,0.9565219,0.005419795,-1.775471,1.2985149999999999,0.9271946,1.2101240000000002,1.161298,0.011408707,0.40183220000000003,1.9878600000000003e-05,1.8502506e-06,1.8988275000000002e-06,2.3263935e-06,3.4096663e-06,4.411087299999999e-06,7.1750585e-06,1.5408662000000003e-05,0.44115970000000004,0.03695121,0.00010274467,78.82321,57.76083,3.178422e-05,6.235561,0.01594868,10.20419,0.00078390276,7.113703600000001e-05,0.030899959999999997,39.24493,0.00078390276,7.113703600000001e-05,0.0055641580000000005,17.865845999999998,0.00078390276,7.113703600000001e-05,0.002109994,17.482453,0.00078390276,7.113703600000001e-05,0.004271377999999999,1.6829939999999999e-06,1.9918150000000002e-05,0.017671594000000006,0.87351476,0.0029259796000000006,-0.0020605339999999997,-0.0025680990000000003,7.966292999999999e-07,1.0565326e-05
73,1607731800,1.0253211111111111,1.0253388888888888,0.00379231,-1.7765477777777778,1.4026677777777778,0.9592845555555556,1.2368288888888888,1.2005788888888889,0.00943850888888889,0.430888,2.110542222222222e-05,3.3312752222222224e-06,3.4130463777777776e-06,4.011508555555556e-06,5.376691111111111e-06,6.708528333333333e-06,1.0206263000000001e-05,1.9860906666666668e-05,0.4765178888888889,0.03599205555555555,9.436277777777777e-05,75.9926111111111,57.06392222222222,3.407066666666667e-05,6.112502222222222,0.01639804444444444,10.7204,0.0010305034666666668,9.371631444444445e-05,0.03191772222222222,41.767522222222226,0.0010305034666666668,9.371631444444445e-05,0.005711646666666666,20.207442222222223,0.0010305034666666668,9.371631444444445e-05,0.0022975944444444444,20.02963422222222,0.0010305034666666668,9.371631444444445e-05,0.0043028288888888894,2.4869800000000004e-06,2.077502222222222e-05,0.02969511000000001,31.132732333333326,0.015108217411111112,-0.0019796011111111113,-0.0025056166666666668,1.9042774444444446e-06,1.9469708888888887e-05
73,1607732400,1.0072664000000002,1.0072847999999999,0.005066258,-1.7774739999999998,1.422382,0.9522139000000001,1.2367880000000002,1.194337,0.008314367999999999,0.4182216,2.114891e-05,2.9149251000000002e-06,3.0117459e-06,3.5563875000000003e-06,4.876445600000001e-06,6.0736149e-06,9.2822644e-06,1.8296577e-05,0.4661448,0.03734725,8.975343000000001e-05,77.55584,57.43713000000001,3.346555e-05,6.130374000000001,0.01633855,10.70292,0.00108882463,9.9203441e-05,0.03170953,41.2603,0.00108882463,9.9203441e-05,0.005669177,21.7185871,0.00108882463,9.9203441e-05,0.0022239321000000005,21.608149200000003,0.00108882463,9.9203441e-05,0.004319128,2.5686039999999995e-06,2.0985500000000004e-05,-0.09218894,42.4312331495,0.017152682699999998,-0.001994561,-0.002525027,1.985187e-06,2.0445861e-05
73,1607733000,1.2651109999999997,1.26513,0.003549308,-1.77273,1.662277,1.061904,1.37123,1.32638,0.012221481,0.5345646000000002,2.0283909999999998e-05,2.1964563e-06,2.2267751000000003e-06,2.7187384e-06,4.0479935e-06,4.9854445e-06,7.6323289e-06,1.5726641999999998e-05,0.5949608000000001,0.037466009999999994,8.660640999999999e-05,81.60382000000001,55.95769,4.2069919999999996e-05,5.892193000000001,0.018352879999999995,13.517590000000002,0.0018830659,0.00017195886780000001,0.03580641,52.68961999999999,0.0018830659,0.00017195886780000001,0.005976054,34.208822000000005,0.0018830659,0.00017195886780000001,0.002634171,34.4903647,0.0018830659,0.00017195886780000001,0.004363364999999999,4.2342329999999995e-06,2.262409e-05,-0.07511024,68.94354,0.03005475,-0.001724804,-0.002325095,3.836734e-06,3.3675249999999996e-05
73,1607733600,1.423738,1.423757,0.0050050400000000005,-1.753516,1.810893,1.1231680000000002,1.495283,1.415556,0.014819543000000001,0.5979783999999999,1.99981e-05,2.1995321999999998e-06,2.2064382999999998e-06,2.7898018e-06,4.472833e-06,5.640306999999999e-06,9.206251999999999e-06,1.9346193e-05,0.6749888,0.036716099999999995,0.00011530068,78.1535,55.190070000000006,4.7331359999999996e-05,6.256583,0.019377349999999998,15.24558,0.0012129233600000002,0.00011045174469999999,0.038170749999999996,59.88329,0.0012129233600000002,0.00011045174469999999,0.005996419,28.007833999999995,0.0012129233600000002,0.00011045174469999999,0.0027166969999999997,27.761460699999997,0.0012129233600000002,0.00011045174469999999,0.004391285,5.370919999999999e-06,2.372271e-05,-0.119163635,67.87080999999999,0.0329672,-0.001554144,-0.002191374,4.460289e-06,3.401013e-05
73,1607734200,1.369119,1.369138,0.004996951,-1.7608799999999998,1.7937910000000001,1.1041670000000001,1.472409,1.372465,0.012633927,0.5708515000000001,2.0703420000000004e-05,2.865736e-06,3.0159303999999995e-06,3.9235722e-06,5.973476000000001e-06,8.231761999999999e-06,1.3546691000000002e-05,2.8106949999999997e-05,0.6458795,0.038454749999999996,0.00015674300000000001,76.79292000000001,55.69572000000001,4.548008e-05,6.410225,0.01884467,14.42417,0.00047709667,4.30919798e-05,0.03715503999999999,56.71123,0.00047709667,4.30919798e-05,0.00556507,16.592440000000003,0.00047709667,4.30919798e-05,0.0022818669999999995,15.957728000000003,0.00047709667,4.30919798e-05,0.0044096149999999995,6.077175e-06,2.437644e-05,-0.20710753000000004,71.73732,0.03337028,-0.0015705340000000002,-0.002207206,5.3022089999999994e-06,3.916053e-05
73,1607734800,1.424945,1.4249650000000003,0.005204051,-1.75428,1.890845,1.1261,1.5115979999999998,1.415255,0.011798587000000001,0.5936339,2.155085e-05,3.7092853e-06,3.9883179e-06,5.199169e-06,7.729238999999999e-06,1.0686551e-05,1.7003868e-05,3.166041e-05,0.6741365,0.03810483,0.00014791939,74.22822000000001,55.386109999999995,4.734362e-05,6.368689999999999,0.01941597,15.480790000000002,0.00080549612,7.319062e-05,0.03808014999999999,59.568889999999996,0.00080549612,7.319062e-05,0.005685867999999999,20.323118,0.00080549612,7.319062e-05,0.002406894,19.833078,0.00080549612,7.319062e-05,0.0045982620000000005,1.135847e-05,2.977168e-05,-0.10978317,50.19960999999999,0.03703443,-0.0014074770000000003,-0.002094215,8.039853e-06,4.630367e-05
73,1607735400,1.746515,1.746534,0.004973275,-1.7455360000000002,2.0087870000000003,1.2436519999999998,1.6788890000000003,1.578349,0.010501098,0.7233548,2.251542e-05,4.6616542e-06,4.8396233e-06,5.9454622e-06,8.358479e-06,1.0990126e-05,1.6793634e-05,3.2257708e-05,0.8339838,0.039058190000000007,0.0001276784,74.55027,54.498599999999996,5.805340000000001e-05,6.047530999999999,0.02134893,18.638920000000002,0.00067416026,6.117836499999998e-05,0.042330799999999995,73.55133,0.00067416026,6.117836499999998e-05,0.005704957,21.266575999999997,0.00067416026,6.117836499999998e-05,0.002520351,20.571901000000004,0.00067416026,6.117836499999998e-05,0.004484470000000001,8.681828e-06,2.702985e-05,-0.20931245,56.26861,0.035639210000000004,-0.0012070940000000001,-0.001921521,7.134861e-06,4.610372e-05
73,1607736000,1.649136,1.649153,0.007620686999999999,-1.7312249999999998,2.040287,1.2077149999999999,1.6557140000000001,1.557536,0.015620631,0.6941385,2.091657e-05,3.2168149e-06,3.3865735e-06,4.61822e-06,7.363934999999999e-06,1.0245404e-05,1.6893351e-05,3.225321e-05,0.7891296000000001,0.035176780000000005,0.00018076896999999996,75.124,54.314859999999996,5.479303e-05,6.359342,0.02063216,17.546229999999998,0.00139989708,0.00012768575199999997,0.041051359999999995,69.13071,0.00139989708,0.00012768575199999997,0.005997859,31.8516013,0.00139989708,0.00012768575199999997,0.002813645,31.566166900000002,0.00139989708,0.00012768575199999997,0.0045876730000000004,1.173578e-05,3.0124670000000004e-05,-0.049803846,55.3753,0.042068850000000005,-0.001221029,-0.0019410739999999999,8.915838999999999e-06,5.704335e-05
73,1607736600,1.829289,1.8293089999999999,0.008122326000000001,-1.6908359999999998,2.1430029999999998,1.2645259999999998,1.7834029999999998,1.685715,0.013139367000000002,0.7573584999999999,2.034711e-05,2.3504971e-06,2.3697132e-06,3.4241245000000003e-06,5.807515e-06,8.190591e-06,1.3380194e-05,2.8424891e-05,0.8845094,0.029899220000000004,0.00016936566,73.699,53.29082,6.0808909999999994e-05,6.2447669999999995,0.02172091,19.61904,0.00097891275,8.8992103e-05,0.04365428,78.17746000000001,0.00097891275,8.8992103e-05,0.005941739999999999,24.725298,0.00097891275,8.8992103e-05,0.002782256,24.317187999999998,0.00097891275,8.8992103e-05,0.004537164,9.997728e-06,2.8456280000000003e-05,0.05185027,54.5382,0.03862504,-0.001145109,-0.001914546,7.947025999999998e-06,4.93711e-05
73,1607737200,1.675125,1.6751429999999998,0.005001887,-1.70716,2.052625,1.213463,1.691602,1.5944720000000001,0.017383859999999998,0.7149098,2.3808199999999997e-05,6.1195077e-06,6.5137189e-06,8.019244100000001e-06,1.1352954e-05,1.4646769999999998e-05,2.1784721000000002e-05,4.1492868e-05,0.8079135,0.02936646,0.0001665743,70.64381999999999,53.54774,5.5657419999999995e-05,6.256,0.020687769999999998,17.74877,0.0021976754,0.0002006761148,0.04153028,70.77400999999999,0.0021976754,0.0002006761148,0.00625114,39.06702599999999,0.0021976754,0.0002006761148,0.003080776,39.439326,0.0021976754,0.0002006761148,0.004539247999999999,1.0037322000000001e-05,2.843085e-05,-0.03707117600000002,53.35663000000001,0.03600315,-0.0012677819999999999,-0.002004431,7.455749000000002e-06,4.4479139999999995e-05
73,1607737800,2.0512129999999997,2.051231,0.0001372143,-1.7058509999999998,2.2032689999999997,1.3399290000000001,1.8124310000000001,1.748716,0.018607992,0.8621538000000001,2.230596e-05,4.4715805e-06,4.7187172e-06,6.185239999999999e-06,9.368051e-06,1.281733e-05,2.0524490000000002e-05,4.037865e-05,0.9999745000000001,0.02532624,0.00020210800000000002,72.32174,52.510850000000005,6.817226000000002e-05,6.474698999999999,0.023189160000000004,22.12551,0.0027163998899999995,0.000248181377,0.046409309999999995,88.36282,0.0027163998899999995,0.000248181377,0.006723318000000001,52.614973,0.0027163998899999995,0.000248181377,0.0036219129999999996,53.06925799999999,0.0027163998899999995,0.000248181377,0.004620028,1.2647769999999999e-05,3.112777e-05,0.384186543,46.109930000000006,0.039486020000000004,-0.0009248204999999999,-0.001740786,8.60112e-06,4.7420669999999996e-05
73,1607738400,2.0806200000000006,2.080638,-0.0011276709999999998,-1.6671399999999998,2.225318,1.335764,1.869207,1.8000929999999997,0.02081108,0.8689958000000001,2.141358e-05,3.8932789e-06,3.868653599999999e-06,4.8179059e-06,7.303754999999998e-06,9.212803e-06,1.4136425999999997e-05,2.8648167000000004e-05,1.0207709,0.019332220000000004,0.00012991539,71.74635,51.90915,6.919265e-05,5.9374,0.02295227,21.86182,0.00233864033,0.00021351794900000004,0.04665123,89.43525000000001,0.00233864033,0.00021351794900000004,0.00657635,44.84453,0.00233864033,0.00021351794900000004,0.0035025840000000004,45.124939999999995,0.00233864033,0.00021351794900000004,0.004482637,8.609433e-06,2.703177e-05,-0.10415750000000001,51.0265,0.03458045,-0.0010106909,-0.0018045239999999996,6.283688e-06,4.615518e-05
73,1607739000,1.8358409999999998,1.8358590000000004,0.0006723857,-1.684753,2.1689540000000003,1.262782,1.7770670000000002,1.681437,0.017037036999999998,0.7623875,2.0966569999999998e-05,2.9845013e-06,3.1989402999999996e-06,4.4380733e-06,7.197526999999999e-06,9.967444e-06,1.6497678e-05,3.427511e-05,0.8870766,0.03056904,0.00019346355,74.15582,53.30396999999999,6.098602e-05,6.280123999999999,0.021651010000000002,19.572179999999996,0.0023361764299999997,0.00021333467899999997,0.04357124,78.00129,0.0023361764299999997,0.00021333467899999997,0.0064466919999999995,41.55805,0.0023361764299999997,0.00021333467899999997,0.003319044,42.028059999999996,0.0023361764299999997,0.00021333467899999997,0.004578579,1.1246906e-05,2.97208e-05,0.03640082000000001,52.07123,0.036552180000000004,-0.0010770308,-0.0018649860000000003,7.801884000000002e-06,4.772709e-05
73,1607739600,1.911335,1.911355,0.00861682,-1.597605,2.7725720000000003,1.286515,1.865006,1.7430530000000002,0.03961112,0.9794750999999999,2.2230099999999996e-05,5.9246007e-06,6.476249100000001e-06,7.892513e-06,1.122586e-05,1.4578846e-05,2.1264808000000002e-05,4.0382207e-05,0.9141126999999999,0.03869236,0.00275105113,76.11984000000001,54.23529,6.347765e-05,6.200907000000001,0.02198339,21.411009999999997,0.00287732318,0.00026341416099999996,0.04422309000000001,80.76069,0.00287732318,0.00026341416099999996,0.006807109,54.022041,0.00287732318,0.00026341416099999996,0.0037204689999999997,54.762639000000014,0.00287732318,0.00026341416099999996,0.004607844000000001,4.8842674e-05,6.71548e-05,-3.5780933600000004,242.59703,0.08437381,-0.0009787134000000001,-0.0018010169999999998,0.000174067122,0.0018367979400000002
73,1607740200,2.122523,2.122542,0.007795468,-1.6096689999999998,2.417138,1.348982,2.018612,1.8878830000000004,0.019973474999999997,0.8919596000000001,2.1466059999999998e-05,3.8253037e-06,3.959239199999999e-06,5.281361000000001e-06,8.395361999999999e-06,1.1362379e-05,1.8203462999999998e-05,3.672603e-05,1.0230422999999997,0.03791758,0.0002102993,75.59778,53.61704999999999,7.054719e-05,6.283833,0.02308444,22.749519999999997,0.0029042397600000007,0.000265356607,0.046888879999999994,90.23955,0.0029042397600000007,0.000265356607,0.00693459,56.77244999999999,0.0029042397600000007,0.000265356607,0.003882404,57.32092,0.0029042397600000007,0.000265356607,0.004608328,1.277947e-05,3.096305e-05,0.0693668,39.015280000000004,0.037405549999999996,-0.0007620750000000001,-0.0016686430000000003,8.336044e-06,4.893003e-05
73,1607740800,1.8855530000000003,1.8855709999999999,0.007423233,-1.650684,2.275833,1.280091,1.87667,1.7540390000000001,0.01640822,0.7860813999999999,2.2066010000000003e-05,4.6204617e-06,4.8919809000000005e-06,6.260512e-06,9.473724999999999e-06,1.3036866999999999e-05,2.0511187e-05,3.9434079999999994e-05,0.9005559,0.04190657999999999,0.00021119519999999997,74.20803,54.47117999999999,6.263964000000001e-05,6.4453190000000005,0.021865950000000002,20.287699999999997,0.00129542505,0.00011799743200000001,0.04396105000000001,79.29990000000001,0.00129542505,0.00011799743200000001,0.00594893,29.453219999999998,0.00129542505,0.00011799743200000001,0.002846763,29.164887,0.00129542505,0.00011799743200000001,0.004606165,1.231613e-05,3.054499e-05,0.09998929,39.774980000000006,0.03690904,-0.0009621803,-0.0017906189999999998,8.030554000000002e-06,4.6000819999999996e-05
73,1607741400,2.0246070000000005,2.0246250000000003,0.010165533000000001,-1.651741,2.342284,1.3224399999999998,1.93386,1.8147950000000002,0.02190714,0.8541893000000002,2.0024639999999997e-05,2.4345970999999996e-06,2.5003355e-06,3.499539e-06,6.150289e-06,8.553609e-06,1.4125207e-05,2.8129580000000005e-05,0.9757810000000001,0.03626338,0.0001921337,76.05487000000001,53.61021000000001,6.732045e-05,6.183883,0.022703969999999997,21.780980000000003,0.00210442524,0.000192103947,0.04580393000000001,86.13685000000001,0.00210442524,0.000192103947,0.006376845000000001,41.284257000000004,0.00210442524,0.000192103947,0.0033011520000000003,41.486222,0.00210442524,0.000192103947,0.004642076,1.343803e-05,3.1754710000000003e-05,0.108544839,39.33899,0.037143749999999996,-0.0008314442,-0.0016895730000000002,8.497071999999999e-06,4.7837779999999997e-05
73,1607742000,2.246296,2.246313,0.007550678,-1.692566,2.368011,1.398361,1.9584949999999999,1.8582959999999997,0.01957662,0.9321946999999999,2.137357e-05,3.7348428e-06,3.8026551999999993e-06,4.988388100000001e-06,7.932700999999999e-06,1.0480626e-05,1.6638942e-05,3.300567999999999e-05,1.0888640000000003,0.034028760000000005,0.0001701296,74.09303,53.053219999999996,7.471046e-05,6.030107000000001,0.02420005,24.35007,0.00152959766,0.00013936761500000003,0.04845075,96.46621999999999,0.00152959766,0.00013936761500000003,0.006334097999999999,35.430738,0.00152959766,0.00013936761500000003,0.003294322,35.139976000000004,0.00152959766,0.00013936761500000003,0.004609212999999999,1.3143209999999999e-05,3.132189e-05,0.088344,38.81264,0.036593469999999996,-0.0007096915,-0.001547464,8.552723000000002e-06,4.6455e-05
73,1607742600,1.945037,1.9450530000000001,0.006968546000000001,-1.7065750000000002,2.188229,1.303698,1.8028669999999998,1.7133150000000001,0.017267986,0.8073815999999999,2.3149929999999995e-05,5.657010100000001e-06,6.0467603e-06,7.3019303000000006e-06,1.0908751000000002e-05,1.4451376e-05,2.2717671000000002e-05,4.299623099999999e-05,0.9420265000000001,0.03018729,0.0001884214,71.63821999999999,53.11201000000001,6.465354e-05,6.259122,0.02255302,21.060250000000003,0.00069781938,6.3241167e-05,0.04507108,83.50185,0.00069781938,6.3241167e-05,0.005771021,20.691755,0.00069781938,6.3241167e-05,0.002654847,20.071416000000003,0.00069781938,6.3241167e-05,0.0046049689999999996,1.2431129999999999e-05,3.071358e-05,0.14014140000000003,43.3906,0.0384694,-0.0009571108,-0.0017350629999999998,8.507152000000003e-06,5.27681e-05
73,1607743200,2.019731,2.01975,0.008099387,-1.687598,2.2914319999999995,1.3260939999999999,1.875994,1.7727540000000002,0.017813032,0.8388135,2.3649870000000003e-05,6.1182657e-06,6.346854300000001e-06,8.015453e-06,1.1106294e-05,1.4870607999999998e-05,2.2305659e-05,4.3078969999999997e-05,0.9764441999999999,0.03311868,0.0001852478,71.62274999999998,53.30982,6.713317000000001e-05,6.188340999999999,0.02274224,21.593790000000002,0.00200277923,0.000182760529,0.0457067,85.75336,0.00200277923,0.000182760529,0.006378008,40.615404000000005,0.00200277923,0.000182760529,0.0033245779999999995,40.862092000000004,0.00200277923,0.000182760529,0.0046211640000000005,1.2960430000000001e-05,3.122926e-05,0.06240892,40.393570000000004,0.036874910000000004,-0.0008715032999999999,-0.001706748,8.813754e-06,4.975344e-05
73,1607743800,1.7141950000000001,1.7142140000000001,0.006045742,-1.719978,2.078202,1.226372,1.676338,1.588885,0.014583905999999999,0.7118816000000001,2.161493e-05,3.7213133000000002e-06,4.1113256999999996e-06,5.2971104e-06,8.058117e-06,1.2772546999999999e-05,1.8954811e-05,3.531489e-05,0.8277111999999999,0.02900005,0.0002946139,73.07625000000002,53.4215,5.6961290000000006e-05,6.356617,0.021039980000000003,18.46622,0.0013741563199999997,0.00012521749799999997,0.04195062000000001,72.3404,0.0013741563199999997,0.00012521749799999997,0.006082817,29.515435000000004,0.0013741563199999997,0.00012521749799999997,0.00292794,29.382851000000006,0.0013741563199999997,0.00012521749799999997,0.0046568140000000004,1.5556360000000003e-05,3.398665e-05,0.60057715,82.46675,0.055795739999999996,-0.001104535,-0.0018812910000000002,1.9139278999999997e-05,0.00016995693000000002
73,1607744400,1.427349,1.427369,0.005067695,-1.7351200000000002,1.9301090000000003,1.121826,1.511822,1.4373070000000001,0.012965835,0.5942045,2.087379e-05,3.1147276e-06,3.2586633999999996e-06,4.2707601e-06,6.64701e-06,9.234003e-06,1.4715738999999999e-05,2.8187317e-05,0.6891351,0.024103559999999996,0.0003644276,71.76274000000001,53.44039,4.746107e-05,6.2088149999999995,0.0192434,15.20572,0.0007880176100000001,7.168749809999999e-05,0.03832455,60.227959999999996,0.0007880176100000001,7.168749809999999e-05,0.005655004,21.142719,0.0007880176100000001,7.168749809999999e-05,0.0024153610000000004,20.568286200000003,0.0007880176100000001,7.168749809999999e-05,0.004605417,1.1620370000000001e-05,2.993719e-05,-0.16873568,46.48919,0.038706449999999996,-0.001356342,-0.002061714,7.842493999999998e-06,4.5796080000000006e-05
73,1607745000,1.4667959999999998,1.466815,0.002255646827,-1.7280969999999996,1.9204329999999998,1.1351720000000003,1.5252850000000002,1.458269,0.015385271,0.6155476,2.021157e-05,2.6399611e-06,2.9013392e-06,4.0836370000000006e-06,6.782726000000001e-06,1.0323742e-05,1.7004295000000002e-05,3.3942530000000004e-05,0.7105259,0.02242776,0.00036508069999999996,72.09677,53.13256,4.872715e-05,6.607149,0.01942657,15.493279999999999,0.00077390832,7.030490099999999e-05,0.03882522,61.78043,0.00077390832,7.030490099999999e-05,0.005743268000000001,21.7256121,0.00077390832,7.030490099999999e-05,0.002551229,21.1914492,0.00077390832,7.030490099999999e-05,0.004583935999999999,1.170531e-05,2.9804589999999995e-05,0.03455019,44.461780000000005,0.03678405,-0.0013204949999999999,-0.002024522,7.949064999999999e-06,4.4053699999999995e-05
73,1607745600,1.3867180000000001,1.3867369999999999,0.004767729,-1.7095069999999999,1.912595,1.1018960000000002,1.5337969999999999,1.4512939999999999,0.012300466999999999,0.5822708999999999,2.00192e-05,2.2268865000000004e-06,2.3626202e-06,3.2817171e-06,5.458296e-06,7.842493999999998e-06,1.2755368999999998e-05,2.4937263999999997e-05,0.67031,0.02265895,0.00032987049999999996,75.17752,53.34293,4.6102830000000004e-05,6.281924999999999,0.01876353,14.598549999999998,0.0011607921399999998,0.00010569498499999998,0.03769539,58.265690000000006,0.0011607921399999998,0.00010569498499999998,0.005895099,25.552864,0.0011607921399999998,0.00010569498499999998,0.0026931810000000002,25.408915,0.0011607921399999998,0.00010569498499999998,0.004559662999999999,1.0896238e-05,2.89656e-05,0.05778669999999999,46.27155,0.03638595000000001,-0.0013932749999999998,-0.0020907419999999996,7.798072999999999e-06,4.96538e-05
73,1607746200,1.299709,1.299725,0.008290498,-1.6996980000000002,1.8609579999999997,1.0661681,1.5002710000000001,1.414243,0.01568447,0.5526445000000001,2.1398639999999998e-05,3.905595e-06,4.096307e-06,5.1933889e-06,7.318375000000001e-06,9.893193000000001e-06,1.5561062999999998e-05,2.9111857999999993e-05,0.6268825,0.02259295,0.0002996425,71.49064,53.53326,4.3204589999999996e-05,6.367301,0.01837392,14.05535,0.0017068945099999997,0.000155720046,0.03668876,55.358039999999995,0.0017068945099999997,0.000155720046,0.00613041,32.515405,0.0017068945099999997,0.000155720046,0.002866843,32.697149,0.0017068945099999997,0.000155720046,0.004480579,8.833069e-06,2.6880729999999997e-05,-0.36929222999999994,60.052780000000006,0.03451873,-0.001537493,-0.0021973949999999996,6.48538e-06,3.9816499999999994e-05
73,1607746800,1.0610811,1.0610975999999996,0.015184796,-1.688204,1.585021,0.9640485999999999,1.3965429999999999,1.298626,0.009331766,0.44204979999999994,2.056241e-05,2.9978714e-06,3.0738044000000004e-06,3.5708204e-06,4.899672e-06,6.040787e-06,9.062109e-06,1.7963578000000002e-05,0.5067727000000001,0.02343941,0.00027735149999999996,72.92635999999999,54.48631,3.526395e-05,6.251354999999999,0.016307720000000005,11.07274,0.0008675484399999999,7.88502909e-05,0.03289681,44.418240000000004,0.0008675484399999999,7.88502909e-05,0.005696289000000001,18.667712,0.0008675484399999999,7.88502909e-05,0.00234138,18.4062411,0.0008675484399999999,7.88502909e-05,0.004264072,2.4732970000000002e-06,2.0440809999999996e-05,0.13262317399999998,46.283701511,0.0199249202,-0.001927514,-0.0024745,2.1059492999999997e-06,2.4535387999999996e-05
73,1607747400,1.0720290000000001,1.0720459999999998,0.012046972,-1.7108710000000003,1.6845890000000001,0.971306,1.385105,1.286775,0.011118135000000001,0.4449639,1.9833590000000002e-05,1.9006151e-06,1.957743e-06,2.5495187999999995e-06,3.931757e-06,5.074155e-06,8.28137e-06,1.6547057999999998e-05,0.5092649,0.026385190000000003,0.0003224355,77.39386999999998,54.99171,3.563893e-05,6.0959460000000005,0.016523290000000003,11.34784,0.0012793350299999998,0.0001165806786,0.03298105,44.65818,0.0012793350299999998,0.0001165806786,0.005861549999999999,24.958304,0.0012793350299999998,0.0001165806786,0.0025047259999999997,24.872228,0.0012793350299999998,0.0001165806786,0.004358949000000001,4.7709040000000005e-06,2.2881320000000002e-05,0.08678586999999999,79.42150999999998,0.03165122,-0.0018493540000000003,-0.002423484,4.7179400000000004e-06,3.7490459999999993e-05
73,1607748000,1.139257,1.139275,0.012271578000000002,-1.703136,1.750329,1.0003636,1.4313420000000001,1.3302410000000002,0.009072207000000002,0.4717312999999999,1.9604590000000005e-05,1.8124842e-06,1.88897285e-06,2.5331929e-06,4.042056e-06,5.478766e-06,9.295653000000001e-06,1.9279548000000002e-05,0.5432655,0.02599075,0.0003255126,74.65777,54.60023000000001,3.7864510000000004e-05,6.197668999999999,0.01721437,12.33339,0.0014808834800000001,0.00013506704499999998,0.034285340000000004,48.28524,0.0014808834800000001,0.00013506704499999998,0.0059666089999999995,26.52201,0.0014808834800000001,0.00013506704499999998,0.0026208439999999998,26.607212999999994,0.0014808834800000001,0.00013506704499999998,0.004362448,5.020269e-06,2.310697e-05,-0.06556263999999998,74.15812,0.03155478,-0.00176182,-0.0023544289999999995,4.5884800000000005e-06,3.365901999999999e-05
73,1607748600,1.217473,1.2174900000000002,0.011638260000000001,-1.6724579999999996,1.7445540000000002,1.0289998999999999,1.490408,1.3952300000000002,0.00934117,0.5060155,2.129795e-05,3.7484292999999995e-06,3.8943605e-06,4.643966e-06,6.365200999999999e-06,8.104505e-06,1.2501984999999999e-05,2.4737623e-05,0.585252,0.02325443,0.00016251390000000002,72.97243999999998,53.86404,4.046218e-05,6.426494,0.01750839,12.81107,0.00095621744,8.689558599999999e-05,0.03541229,51.44259000000001,0.00095621744,8.689558599999999e-05,0.005856509,21.317449999999997,0.00095621744,8.689558599999999e-05,0.0025673600000000003,21.01677,0.00095621744,8.689558599999999e-05,0.004295795999999999,3.5790149999999993e-06,2.1570600000000003e-05,0.17173836999999997,62.90487032000001,0.027259457999999997,-0.0017261730000000003,-0.0023374139999999995,3.3238964e-06,3.0667739999999994e-05
73,1607749200,1.20273,1.2027469999999998,0.009692930999999998,-1.668243,1.6667010000000002,1.0223249,1.4824199999999998,1.3861919999999999,0.010119559,0.4992954,1.8912229999999997e-05,1.2788751e-06,1.1950682e-06,1.5703386e-06,2.6973108999999997e-06,3.2737329e-06,5.661052e-06,1.2870635e-05,0.5781772000000001,0.02303726,0.00012034452,75.71778,53.869859999999996,3.9993340000000005e-05,6.031945,0.017452050000000004,12.736970000000001,0.00098495058,8.952992100000001e-05,0.03527099,51.12894,0.00098495058,8.952992100000001e-05,0.005911322,22.734624000000004,0.00098495058,8.952992100000001e-05,0.0025912529999999995,22.327456,0.00098495058,8.952992100000001e-05,0.004265531,2.573213e-06,2.0605630000000003e-05,0.20661997999999998,32.080998087,0.0173713599,-0.0017635309999999998,-0.002355968,1.4491065e-06,1.7795614000000005e-05
73,1607749800,1.2055420000000001,1.2055599999999997,0.008561477000000001,-1.707347,1.570773,1.031408,1.46187,1.3520659999999998,0.015822168000000005,0.5058549,1.9130890000000003e-05,1.3473227e-06,1.28989876e-06,1.6752590799999999e-06,2.8195987000000004e-06,3.5879808000000004e-06,6.0233941e-06,1.4580078e-05,0.5709804,0.03162895,0.000128847,77.11992999999998,55.30917999999999,4.007261e-05,5.989783999999999,0.01740565,12.547410000000001,0.00075578321,6.8672032e-05,0.03489778,50.046789999999994,0.00075578321,6.8672032e-05,0.005584707999999999,19.040547999999998,0.00075578321,6.8672032e-05,0.0022686079999999996,18.619509,0.00075578321,6.8672032e-05,0.004263185000000001,2.26147e-06,2.0362809999999998e-05,-0.03257830764999999,9.63307373,0.008610736939999999,-0.0017726559999999998,-0.0023622030000000002,1.0779228e-06,1.3790527e-05
73,1607750400,1.1998149999999999,1.1998330000000001,0.008933632,-1.741873,1.488682,1.03196,1.4086569999999998,1.316176,0.011383083,0.5031855000000001,2.111638e-05,3.4352176e-06,3.48206535e-06,4.0891846e-06,5.483727399999998e-06,6.8051729e-06,1.02438703e-05,2.0211854e-05,0.5671992,0.03253238,0.00011858061,77.61184,55.47142,3.986644e-05,6.137638000000001,0.017564959999999998,12.58506,0.0009920711299999999,9.03200179e-05,0.034861909999999996,49.890969999999996,0.0009920711299999999,9.03200179e-05,0.0056182459999999995,19.943048100000002,0.0009920711299999999,9.03200179e-05,0.0022760615,19.7347383,0.0009920711299999999,9.03200179e-05,0.004280929,2.3947089999999997e-06,2.0566150000000003e-05,0.0426886273,5.011868,0.010611735,-0.00175999,-0.002356223,9.927915e-07,1.3005930000000002e-05
73,1607751000,1.106362,1.106381,0.009408422,-1.7615850000000002,1.4248930000000002,0.9939036,1.332228,1.23915,0.011129832000000001,0.46060819999999997,2.037973e-05,2.626961e-06,2.6841049e-06,3.2562574999999996e-06,4.5814138e-06,5.9016471000000006e-06,9.532617e-06,1.9555842e-05,0.5211908000000001,0.03180754,0.00013229186999999998,77.65762,55.788779999999996,3.674758999999999e-05,6.304644000000001,0.016955729999999995,11.634310000000001,0.00119079276,0.00010852953469999999,0.03344093,45.92098,0.00119079276,0.00010852953469999999,0.005775339,23.904681000000004,0.00119079276,0.00010852953469999999,0.002401497,23.7426745,0.00119079276,0.00010852953469999999,0.004262494,2.0716620000000002e-06,2.018036e-05,0.12881775899999998,25.780600709999998,0.010118862559999999,-0.001908253,-0.0024516039999999996,1.1665675999999998e-06,1.5089728e-05
73,1607751600,1.0271511,1.0271695,0.009403129,-1.7704649999999997,1.352514,0.9573171,1.252052,1.193098,0.010286331999999999,0.42872949999999993,1.9883740000000004e-05,2.1963516e-06,2.22828173e-06,2.6860942599999995e-06,3.919199e-06,4.89200998e-06,7.869807899999999e-06,1.6291998999999996e-05,0.48432309999999995,0.029094699999999994,0.00011622289999999998,78.83468,55.723530000000004,3.4131079999999994e-05,6.196616000000001,0.016343160000000002,10.720246,0.00126438322,0.00011524785,0.032147600000000005,42.455310000000004,0.00126438322,0.00011524785,0.005754254,25.235549,0.00126438322,0.00011524785,0.00238691,25.144703,0.00126438322,0.00011524785,0.004248955,2.050842e-06,2.0007599999999998e-05,0.08107906599999999,19.53751519,0.011202557259999999,-0.001929583,-0.002476027,1.1042955e-06,1.4065604999999998e-05
73,1607752200,0.6355141,0.6355323,0.018834220000000002,-1.7258790000000002,1.1424720000000002,0.7490531,1.0538945,0.9598046,0.012463975,0.27493809999999996,1.8802360000000002e-05,8.57654e-07,8.474369e-07,1.0937103e-06,1.7632970000000003e-06,2.2700589999999996e-06,3.8342616e-06,8.667233999999999e-06,0.28977230000000004,0.027848679999999997,0.00011571854999999998,83.31224,59.16723,2.1116499999999997e-05,6.263621,0.012709080000000001,6.702688,0.0011453399,0.000104291211,0.024805280000000002,25.56627,0.0011453399,0.000104291211,0.005695364999999999,20.934022,0.0011453399,0.000104291211,0.0021289390000000003,20.8952498,0.0011453399,0.000104291211,0.004258975,1.368058e-06,1.947424e-05,-0.21799464600000004,8.380827500000002,0.0052527414,-0.002347703,-0.0028002630000000003,7.917481e-07,1.023374e-05
73,1607752800,0.7224096999999999,0.7224278000000001,0.0194905,-1.7126639999999997,1.3194400000000002,0.7979174,1.1470485,1.0433550999999999,0.009909929,0.3058865,2.004328e-05,2.1562764000000004e-06,2.24690596e-06,2.6970113499999996e-06,3.687545e-06,4.7738257999999995e-06,7.315189199999999e-06,1.4835862e-05,0.332483,0.02856206,0.00011989436999999999,76.95378,58.260720000000006,2.3996419999999998e-05,6.175251,0.013486709999999999,7.614747999999999,0.00044232955000000007,3.9897913e-05,0.026537830000000002,29.244709999999998,0.00044232955000000007,3.9897913e-05,0.005141859,9.437532999999998,0.00044232955000000007,3.9897913e-05,0.0016207390000000002,9.010204000000002,0.00044232955000000007,3.9897913e-05,0.004281740000000001,2.1093219999999996e-06,2.021081e-05,0.07130249500000001,56.754707710000005,0.016236837159999996,-0.002275154,-0.0027497539999999997,2.1911318000000002e-06,2.1285740999999997e-05
73,1607753400,0.9130609,0.9130784999999999,0.014020819999999998,-1.7583490000000002,1.516284,0.9033760999999998,1.2195380000000002,1.135196,0.011580505,0.3841377,1.918103e-05,1.3012631e-06,1.3331728000000002e-06,1.8014876e-06,2.9565616000000002e-06,3.917924399999999e-06,6.5683470000000005e-06,1.3610784999999999e-05,0.42674519999999994,0.029613089999999998,0.00013905091000000001,79.28847999999999,56.62061,3.034245e-05,6.082700000000001,0.01534345,9.612928,0.0008341374599999998,7.57843945e-05,0.030127360000000002,37.36019,0.0008341374599999998,7.57843945e-05,0.005460316,15.410397,0.0008341374599999998,7.57843945e-05,0.0020466390000000003,15.251263999999997,0.0008341374599999998,7.57843945e-05,0.004337119,4.1717010000000005e-06,2.219675e-05,-0.18792181100000005,92.46748,0.030540630000000003,-0.002028452,-0.0025661139999999995,4.2933800000000006e-06,3.407864e-05
73,1607754000,0.8777278000000001,0.8777459000000001,0.016998419999999997,-1.7314049999999999,1.337364,0.8814407000000001,1.219463,1.1335089999999999,0.008539285,0.36584490000000003,1.9780489999999997e-05,1.8908506e-06,1.92316643e-06,2.3170622199999996e-06,3.3992207e-06,4.281629099999999e-06,6.715877900000001e-06,1.3917733000000003e-05,0.41067990000000004,0.028011919999999996,0.0001350306,80.27827,56.457989999999995,2.9166479999999998e-05,6.2596870000000004,0.014913029999999999,9.119034000000001,0.00133464678,0.0001216609433,0.02957806,35.91811,0.00133464678,0.0001216609433,0.005830012000000001,24.197088,0.00133464678,0.0001216609433,0.0023908600000000003,24.300105,0.00133464678,0.0001216609433,0.004285883,2.221898e-06,2.0396380000000002e-05,-0.06906289899999998,22.667108675299996,0.00812318306,-0.002119835,-0.00263122,1.7467737e-06,1.7308501999999997e-05
73,1607754600,0.7577111000000001,0.7577295,0.02109313,-1.662596,1.2982150000000001,0.8136576,1.2111,1.1069220000000002,0.008010555,0.3168581,1.976316e-05,1.7026358999999998e-06,1.73112745e-06,2.09868707e-06,2.9770363999999995e-06,3.8104808000000004e-06,5.8978906000000005e-06,1.2384047999999998e-05,0.3496068,0.02909275,0.00012379324000000004,79.36053000000001,57.82845,2.5172400000000003e-05,6.0629,0.013692840000000001,7.951302,0.0020532266199999997,0.000187491072,0.02731558,30.73159,0.0020532266199999997,0.000187491072,0.006314546999999999,35.50904799999999,0.0020532266199999997,0.000187491072,0.002817912,35.941539999999996,0.0020532266199999997,0.000187491072,0.004277848,1.429357e-06,1.972188e-05,-0.048588160000000005,1.4341252,0.0024393033180000003,-0.002261286,-0.002750363,7.776476000000001e-07,1.0199039e-05
73,1607755200,0.6778622999999999,0.6778805,0.01985427,-1.610948,1.262025,0.7675323000000001,1.1720989999999998,1.0713320000000002,0.005514517000000001,0.2841251,1.881549e-05,7.531192e-07,6.920374e-07,8.4499552e-07,1.3097493999999998e-06,1.5584008000000001e-06,2.3885333e-06,5.475207e-06,0.309642,0.02917988,9.526714999999999e-05,86.24427,58.65829,2.25391e-05,5.817082999999999,0.01286365,7.118737,0.0011433509599999999,0.0001042253517,0.02575699,27.23666,0.0011433509599999999,0.0001042253517,0.005664746,20.548379999999998,0.0011433509599999999,0.0001042253517,0.0021234649999999997,20.501538200000002,0.0011433509599999999,0.0001042253517,0.004262343,1.26263e-06,1.941918e-05,-0.004189439999999999,1.27741748,0.0026448885000000004,-0.002379238,-0.002843526,7.589416e-07,9.622732999999999e-06
73,1607755800,0.7820687,0.7820868999999999,0.020364140000000003,-1.5142760000000002,1.392493,0.8118482,1.3010289999999998,1.1829,0.009304689,0.3282402,1.9716449999999997e-05,1.7174776000000001e-06,1.71668577e-06,2.06467014e-06,2.9277944e-06,3.7849822e-06,5.9912526e-06,1.2530982e-05,0.36157750000000005,0.029309079999999998,0.00011570618,80.08545,57.7223,2.598473e-05,6.326428,0.013472969999999997,8.057877000000001,0.00115955676,0.00010556670000000002,0.027639729999999994,31.51934,0.00115955676,0.00010556670000000002,0.005970773,22.92765,0.00115955676,0.00010556670000000002,0.0024877140000000002,22.835314999999998,0.00115955676,0.00010556670000000002,0.004281696,1.386317e-06,1.970897e-05,-0.22499969999999997,8.7055416,0.0020756672,-0.0022971420000000003,-0.002815815,7.502662e-07,1.0651754000000003e-05
73,1607756400,0.7765885000000001,0.7766065,0.01846789,-1.408318,1.426319,0.8004394999999999,1.340103,1.2140999999999997,0.008057766,0.3230074,1.897656e-05,1.1637354e-06,1.13730958e-06,1.43437526e-06,2.2129042e-06,2.8695422e-06,4.7417591999999995e-06,1.0537699e-05,0.35879370000000005,0.029383680000000002,9.159812000000001e-05,80.09797999999999,57.74008,2.581075e-05,6.086615999999999,0.01326432,8.026391,0.0008742001740000002,7.949714039999999e-05,0.02757466,31.31068,0.0008742001740000002,7.949714039999999e-05,0.005602631,16.795248,0.0008742001740000002,7.949714039999999e-05,0.002139536,16.584773000000002,0.0008742001740000002,7.949714039999999e-05,0.004248861000000001,1.454795e-06,1.948545e-05,0.043585678,6.970840900000001,0.00574110037,-0.0022404700000000005,-0.0027663210000000004,8.881519e-07,1.1996375e-05
73,1607757000,0.6429724,0.6429906,0.01811525,-1.488721,1.286964,0.7390566,1.201876,1.081045,0.00716398,0.26898120000000003,1.874496e-05,7.264188000000001e-07,7.2283394e-07,9.6552304e-07,1.5770893000000003e-06,2.1728341e-06,3.7011122600000004e-06,8.6871416e-06,0.29122529999999996,0.030155560000000005,8.592176e-05,81.34516,59.4532,2.136357e-05,6.039875,0.01223394,6.6856290000000005,0.0008463350200000001,7.6870653e-05,0.02492566,25.50528,0.0008463350200000001,7.6870653e-05,0.0057492689999999996,17.995013,0.0008463350200000001,7.6870653e-05,0.0021807680000000005,17.757974,0.0008463350200000001,7.6870653e-05,0.004268794,1.3284159999999999e-06,1.9527509999999996e-05,0.14359369100000002,20.635091299999996,0.0041586252,-0.002381805,-0.002850947,9.045402e-07,1.2113866e-05
73,1607757600,0.7436574,0.7436756999999999,0.01611602,-1.5433489999999999,1.351655,0.7973663,1.260901,1.14641,0.006034853,0.31069430000000003,1.936275e-05,1.5135935000000001e-06,1.54410784e-06,1.89120533e-06,2.6967396e-06,3.5212610000000005e-06,5.553392100000001e-06,1.1773146e-05,0.3430041,0.028710819999999998,8.388402e-05,81.84970000000001,57.7793,2.4707469999999998e-05,6.252198,0.013324650000000002,7.7921949999999995,0.00105346972,9.59416038e-05,0.02710162,30.175060000000002,0.00105346972,9.59416038e-05,0.0057270030000000005,20.907958,0.00105346972,9.59416038e-05,0.0022207369999999995,20.767279,0.00105346972,9.59416038e-05,0.004260378,1.517129e-06,1.964323e-05,-0.5659277260000002,25.3516989,0.004767327369999999,-0.002247825,-0.0027473950000000006,1.0088349999999999e-06,1.2627285e-05
73,1607758200,0.8275594000000002,0.8275774,0.01713745,-1.473353,1.45073,0.8332739,1.353679,1.2342,0.010749416,0.3505586,1.9706140000000004e-05,1.8903492999999994e-06,1.8940218999999998e-06,2.2348469199999997e-06,3.0816704e-06,3.8352872e-06,5.851303400000001e-06,1.2009758e-05,0.3840631,0.02960527,7.865033e-05,80.59328000000001,57.187760000000004,2.7501929999999997e-05,6.053935,0.013989689999999999,8.72896,0.0009451625,8.595812800000001e-05,0.028737790000000003,33.90473,0.0009451625,8.595812800000001e-05,0.005638865,19.156705,0.0009451625,8.595812800000001e-05,0.0021657407999999996,18.8967647,0.0009451625,8.595812800000001e-05,0.004250841,1.565171e-06,1.9611540000000003e-05,0.0580515844,5.833743699999999,0.0053279121,-0.002165809,-0.002686362,7.692964000000001e-07,1.0530622e-05
73,1607758800,0.8977126,0.8977308,0.016229,-1.511601,1.4845949999999999,0.8720203,1.3984929999999998,1.2728249999999999,0.006653821999999999,0.3712394,1.922488e-05,1.4083491999999999e-06,1.38585524e-06,1.7221646199999998e-06,2.601981e-06,3.3592369000000004e-06,5.4209819e-06,1.2243524e-05,0.4160241,0.03271314,8.967774999999999e-05,79.87530999999998,57.339830000000006,2.9836539999999994e-05,5.966552000000001,0.01456712,9.378381999999998,0.0010424281800000001,9.48941794e-05,0.029848759999999995,36.550560000000004,0.0010424281800000001,9.48941794e-05,0.005872338,21.950817000000004,0.0010424281800000001,9.48941794e-05,0.002457565,21.736653999999998,0.0010424281800000001,9.48941794e-05,0.004240806000000001,1.6038780000000002e-06,1.9581920000000004e-05,0.004703069,1.6868770000000002,0.00191511363,-0.002091077,-0.002631904,7.702696000000001e-07,1.0516634000000002e-05
73,1607759400,0.9044981,0.9045160999999998,0.013782449999999998,-1.619595,1.459807,0.8873052000000001,1.351693,1.230788,0.008790652,0.37677340000000004,1.9718969999999997e-05,2.2496521e-06,2.31459247e-06,2.79442826e-06,3.8490278e-06,5.0912656999999995e-06,8.014274e-06,1.6518122e-05,0.41863409999999995,0.03347107,0.00010079531000000001,77.67657,57.469179999999994,3.004936e-05,6.255653000000001,0.01485804,9.464294999999998,0.0014916424899999998,0.000136013716,0.029938489999999995,36.81577,0.0014916424899999998,0.000136013716,0.005946091000000001,27.051242000000002,0.0014916424899999998,0.000136013716,0.0025604510000000005,27.110067999999995,0.0014916424899999998,0.000136013716,0.004216923,1.699045e-06,1.9456110000000002e-05,0.051891813999999994,12.6502807,0.00580465524,-0.0020516740000000003,-0.00257702,9.862809e-07,1.3429647e-05
73,1607760000,0.9047841000000002,0.9048019999999999,0.01522691,-1.6186519999999998,1.4686569999999999,0.8884352,1.356906,1.23045,0.009818658999999999,0.3762431,1.9781979999999997e-05,2.2247823e-06,2.2491531e-06,2.6550561e-06,3.5766801000000002e-06,4.4974649e-06,6.8172491e-06,1.3660996000000001e-05,0.4167448,0.035516,9.318765e-05,80.55547,57.89936999999999,3.0073089999999994e-05,6.209586,0.01483393,9.4485,0.0007483915599999999,6.79419836e-05,0.029838490000000002,36.58028,0.0007483915599999999,6.79419836e-05,0.005512529,16.287100000000002,0.0007483915599999999,6.79419836e-05,0.002118056,16.0152791,0.0007483915599999999,6.79419836e-05,0.004232616999999999,1.8298910000000002e-06,1.965405e-05,-0.13570625839999997,26.00310798,0.01095972021,-0.0020738069999999996,-0.0026116760000000003,1.1700639000000002e-06,1.5512600999999997e-05
73,1607760600,0.9713890000000001,0.9714061,0.026733200000000002,-1.447725,1.5883230000000002,0.8976296000000001,1.480658,1.3500020000000001,0.009732161999999999,0.40750919999999996,2.014603e-05,2.4526884e-06,2.5036166199999998e-06,2.99567238e-06,4.183187e-06,5.4130872e-06,8.546605599999999e-06,1.7468841999999996e-05,0.45167989999999997,0.03378225,0.0001862441,77.83189999999999,57.081100000000006,3.226993e-05,6.198347,0.01506094,10.224099,0.00028045927,2.4993748999999998e-05,0.031096400000000003,39.81697,0.00028045927,2.4993748999999998e-05,0.0054381080000000005,11.093801000000001,0.00028045927,2.4993748999999998e-05,0.0020371649999999996,10.429544000000002,0.00028045927,2.4993748999999998e-05,0.004245151999999999,1.820287e-06,1.980904e-05,-1.0577191919999998,42.0705583,0.0056448123000000005,-0.0020472190000000003,-0.002623119,1.0607609000000001e-06,1.4066759e-05
73,1607761200,1.1917505,1.1917692,0.017518719999999998,-1.415212,1.866619,0.9895965,1.633623,1.489471,0.023441088000000002,0.524832,1.982817e-05,2.1876435000000007e-06,2.131517e-06,2.51665044e-06,3.7227254999999997e-06,4.4964662e-06,6.9150539e-06,1.4248643e-05,0.5605222999999999,0.0351956,0.00011958084999999998,78.83067,56.084469999999996,3.962657e-05,5.8853919999999995,0.01665469,12.587301999999998,0.00031141111000000004,2.7835694e-05,0.03458873,49.50083000000001,0.00031141111000000004,2.7835694e-05,0.005512183,12.219231,0.00031141111000000004,2.7835694e-05,0.002197936,11.581846000000002,0.00031141111000000004,2.7835694e-05,0.004269396999999999,2.853892e-06,2.080363e-05,-0.07217968500000002,45.561253199999996,0.0222142805,-0.0018281439999999999,-0.002492675,2.0417037e-06,2.2207334e-05
73,1607761800,1.3485770000000001,1.3485960000000001,0.022705789999999997,-1.49199,1.9952849999999998,1.0629373000000002,1.711102,1.575385,0.018452862,0.568856,1.8284559999999998e-05,8.335947999999999e-07,7.7594003e-07,1.1997732999999999e-06,2.4909496999999996e-06,3.400145e-06,6.026185000000001e-06,1.4310286000000003e-05,0.6365729,0.03748859,0.00019717674999999998,80.1492,55.64009,4.483656e-05,6.133717,0.01791734,14.245629999999997,0.0011900521900000001,0.000108320635,0.036915899999999995,56.068439999999995,0.0011900521900000001,0.000108320635,0.005951888,25.355297,0.0011900521900000001,0.000108320635,0.002723983,25.258376000000002,0.0011900521900000001,0.000108320635,0.004303386,4.491281e-06,2.227382e-05,-0.05735126,66.76516699999999,0.028322532,-0.0016341190000000003,-0.0023539779999999996,3.9163489e-06,3.2818009e-05
73,1607762400,1.268576,1.2685929999999999,0.027475559999999993,-1.540649,1.857582,1.0383254999999998,1.652038,1.506758,0.014299122000000001,0.5282183,1.923255e-05,1.7461327999999999e-06,1.7594880000000001e-06,2.3250004e-06,3.7324770000000003e-06,5.019620000000001e-06,8.491517000000001e-06,1.8891800999999997e-05,0.5959353000000001,0.038054660000000004,0.0002537242,79.80109999999999,56.063419999999994,4.2157189999999996e-05,6.548608,0.017456359999999997,13.37184,0.0018017756499999998,0.000164455552,0.035712789999999994,52.453190000000006,0.0018017756499999998,0.000164455552,0.006261780999999999,34.35848,0.0018017756499999998,0.000164455552,0.003023169,34.5274786,0.0018017756499999998,0.000164455552,0.0042663,3.302185e-06,2.112555e-05,-0.896907265,82.92801349999999,0.0232883563,-0.0017355040000000001,-0.002404608,2.8792939e-06,2.9214302e-05
73,1607763000,1.3565170000000002,1.3565369999999999,0.02095095,-1.6374849999999999,1.97466,1.08529,1.637636,1.5050729999999999,0.009836031,0.5596474,1.919923e-05,1.802951e-06,1.9135381e-06,2.8123761000000005e-06,4.920444999999999e-06,6.949021e-06,1.1317382000000002e-05,2.3281962999999997e-05,0.6381620000000001,0.03972981,0.0003127733,78.06031,55.90346999999999,4.5075890000000006e-05,6.262722999999999,0.018522069999999998,14.676490000000001,0.00144509039,0.00013172888899999998,0.03706904,56.440290000000005,0.00144509039,0.00013172888899999998,0.006011688,29.580917,0.00144509039,0.00013172888899999998,0.002779836,29.535285199999997,0.00144509039,0.00013172888899999998,0.004498155,9.914526999999999e-06,2.7874890000000002e-05,-0.41334589,59.75388,0.035794950000000006,-0.00148467,-0.0021859220000000003,7.769435e-06,4.7810800000000006e-05
73,1607763600,1.173113,1.1731310000000001,0.02860099,-1.5806710000000002,1.9433479999999999,1.0053923,1.5747870000000002,1.4369319999999999,0.013509034,0.4970229,2.031666e-05,2.5827599e-06,2.7749970999999998e-06,3.832544999999999e-06,5.861886e-06,8.442903e-06,1.3743171000000002e-05,2.4936030000000002e-05,0.5467198000000001,0.03946311000000001,0.0003092252,79.89934000000001,56.83730999999999,3.8970009999999995e-05,6.556166999999999,0.01704152,12.76872,0.0010239739300000003,9.3161331e-05,0.03422770000000001,48.249289999999995,0.0010239739300000003,9.3161331e-05,0.0057248590000000005,21.832462,0.0010239739300000003,9.3161331e-05,0.002414204,21.633770000000002,0.0010239739300000003,9.3161331e-05,0.004578151000000001,1.1424617000000002e-05,2.9520300000000003e-05,0.032002308599999994,51.12072,0.03780609,-0.001577617,-0.002300112,8.055719e-06,4.580818e-05
73,1607764200,1.0223953,1.0224121,0.023716129999999995,-1.658242,2.34986,0.9454193999999999,1.393655,1.271813,0.015018335000000002,0.4442093999999999,1.904309e-05,1.3665992e-06,1.8772516e-06,3.3179085e-06,6.0703789999999996e-06,9.562888e-06,1.5258707999999999e-05,2.7087254e-05,0.4734862000000001,0.037205819999999994,0.00043948070000000004,81.98541,57.36667,3.3942550000000006e-05,6.451004,0.016235889999999996,11.995616000000002,0.00115683383,0.0001054574957,0.031868350000000004,41.79284,0.00115683383,0.0001054574957,0.00580842,24.911585,0.00115683383,0.0001054574957,0.002442823,24.666153,0.00115683383,0.0001054574957,0.004628392,2.37755e-05,4.1853530000000004e-05,-0.48234126999999993,172.41204999999997,0.08107322,-0.001711776,-0.002371163,3.5382065000000006e-05,0.0002840950600000001
73,1607764800,1.1352036,1.1352213,0.0172868,-1.7037979999999997,1.8133310000000002,1.0006861,1.440006,1.3255530000000002,0.015573786000000001,0.48434180000000004,1.888497e-05,1.2931248e-06,1.4051019e-06,2.151462e-06,3.874571e-06,5.968916e-06,9.240622e-06,1.8116034e-05,0.5329896999999999,0.03423779,0.00033070079999999996,79.774,56.19127999999999,3.7733629999999996e-05,6.256411,0.017155349999999996,12.480739999999999,0.0009041899799999999,8.2140602e-05,0.03378374,47.04463,0.0009041899799999999,8.2140602e-05,0.005682094,18.768955,0.0009041899799999999,8.2140602e-05,0.002370831,18.614967,0.0009041899799999999,8.2140602e-05,0.004574012,1.168992e-05,2.965866e-05,0.04042557100000001,49.25108,0.038147730000000005,-0.001558185,-0.002236058,8.528978999999998e-06,4.878977e-05
73,1607765400,1.359562,1.3595810000000002,0.008457944,-1.7291439999999998,1.9160850000000003,1.095825,1.5246110000000002,1.416229,0.018798573,0.5749811000000001,2.2239690000000003e-05,4.8195795e-06,5.2035823e-06,6.5285669999999985e-06,9.579329999999999e-06,1.2805145e-05,2.0112221e-05,3.653471e-05,0.6386040000000001,0.04079159,0.00028538589999999996,75.70848000000001,56.05884,4.51405e-05,6.523422999999999,0.01879382,14.684239999999999,0.0021921549199999998,0.000200314882,0.03699132,56.25918,0.0021921549199999998,0.000200314882,0.006280578,41.540652,0.0021921549199999998,0.000200314882,0.003052422,41.90879,0.0021921549199999998,0.000200314882,0.004580592999999999,1.202926e-05,3.004292e-05,-0.3785796,47.40474000000001,0.036217860000000004,-0.001405529,-0.002096467,8.870477999999999e-06,4.9986909999999995e-05
73,1607766000,1.350557,1.3505729999999998,0.0076113890000000005,-1.7220669999999998,1.9273710000000002,1.09369,1.519321,1.410417,0.027737240000000003,0.6011528000000002,1.9110849999999997e-05,1.6668548e-06,1.8350247e-06,2.8195614999999998e-06,4.9672879999999995e-06,7.292263000000001e-06,1.2076778999999999e-05,2.389618e-05,0.6322227,0.04282096999999999,0.0001783379,80.0756,56.44393,4.4885610000000003e-05,6.371769,0.018651060000000004,14.585809999999999,0.00136325738,0.000124220015,0.036669280000000005,55.32233,0.00136325738,0.000124220015,0.005912000000000001,25.90258,0.00136325738,0.000124220015,0.0027065640000000003,25.953381999999998,0.00136325738,0.000124220015,0.004573687,1.285942e-05,3.0667690000000004e-05,-0.19215891999999993,56.91977000000001,0.04232025999999999,-0.0013663179999999998,-0.0020620409999999997,1.0539676999999999e-05,7.140875999999999e-05
73,1607766600,1.226787,1.2268020000000002,0.005035434,-1.7706199999999999,1.742941,1.0464791999999998,1.3701400000000001,1.313702,0.01967994,0.521061,2.0020629999999998e-05,2.9037203999999997e-06,3.1761519999999997e-06,4.184911e-06,6.712327999999999e-06,9.267433e-06,1.4819921000000001e-05,2.74951e-05,0.5691564,0.04399966,0.0001666263,79.08254000000001,57.30869,4.074981e-05,6.494793,0.01815117,13.448310000000001,0.00117690771,0.0001072242606,0.034887789999999995,50.19724000000001,0.00117690771,0.0001072242606,0.005683565999999999,23.908272999999998,0.00117690771,0.0001072242606,0.002446989,23.726325299999996,0.00117690771,0.0001072242606,0.004536559,1.236876e-05,2.991916e-05,-0.037545129999999996,51.26773000000001,0.04158064,-0.001434591,-0.002115776,9.111584e-06,5.710378e-05
73,1607767200,1.2615960000000002,1.2616150000000002,0.010939697,-1.7433800000000002,1.818243,1.059404,1.4470559999999997,1.3528920000000002,0.022331504,0.5434483999999999,1.9553030000000003e-05,2.1797141999999995e-06,2.4361979e-06,3.428334e-06,5.821436999999999e-06,8.602886e-06,1.3766032999999999e-05,2.768969e-05,0.5793888999999999,0.05109138,0.0002511365,79.03411000000001,58.166219999999996,4.190082e-05,6.505225,0.01827293,13.80273,0.0007391482399999999,6.7056792e-05,0.035286399999999996,51.202909999999996,0.0007391482399999999,6.7056792e-05,0.005583067000000001,17.887909,0.0007391482399999999,6.7056792e-05,0.00234689,17.520124,0.0007391482399999999,6.7056792e-05,0.004553368,1.247659e-05,3.0168599999999994e-05,-0.09031368,49.66531,0.039413359999999995,-0.001375261,-0.0020737990000000003,9.477490999999999e-06,5.706422000000001e-05
73,1607767800,1.0640732,1.0640925,0.02300137,-1.611835,1.906258,0.9643717,1.4839939999999998,1.3302049999999999,0.029779299999999998,0.4699008,1.960457e-05,2.1551056000000003e-06,2.4424962e-06,3.4381506e-06,5.5002569999999995e-06,8.049198e-06,1.3020995e-05,2.447835e-05,0.4738906,0.057774530000000004,0.0003107733,82.99776999999999,61.01003999999999,3.533128e-05,6.549612999999999,0.016284440000000004,11.651,0.0017936491400000003,0.00016369727099999998,0.031756389999999995,41.53012,0.0017936491400000003,0.00016369727099999998,0.006026493,31.544013,0.0017936491400000003,0.00016369727099999998,0.002717721,31.785052,0.0017936491400000003,0.00016369727099999998,0.004570587,1.2237780000000002e-05,3.0079460000000006e-05,0.09813180999999999,52.13627,0.04135902,-0.0015692059999999996,-0.002285771,9.169384e-06,4.850057e-05
73,1607768400,1.2333539999999998,1.2333710000000002,0.02053051,-1.673084,1.9432719999999999,1.0455590000000001,1.554385,1.4011930000000001,0.02325094,0.5293059,2.0257849999999998e-05,2.7945197999999995e-06,3.0599521000000002e-06,4.166248e-06,6.511757000000001e-06,9.298746e-06,1.4745001e-05,2.774818e-05,0.5586610000000001,0.05760708999999999,0.0003376167,81.32227,59.41889000000001,4.095762e-05,6.577151000000001,0.01776502,13.53161,0.00178523617,0.000162944837,0.0346336,49.33615999999999,0.00178523617,0.000162944837,0.0062105269999999995,35.354507000000005,0.00178523617,0.000162944837,0.0029381579999999997,35.491907000000005,0.00178523617,0.000162944837,0.004571634,1.2090379999999999e-05,2.9985660000000004e-05,0.01120213,48.383449999999996,0.036520330000000004,-0.001451649,-0.002170145,8.479126e-06,4.8798110000000004e-05
73,1607769000,1.23904,1.2390560000000002,0.012670444999999999,-1.7115680000000002,1.898196,1.0510135999999999,1.509344,1.3619670000000001,0.02324768,0.5299639,1.9872870000000002e-05,2.2892797e-06,2.4964204000000002e-06,3.4378801e-06,5.499838e-06,8.050154e-06,1.2493004000000001e-05,2.3593572e-05,0.5567144,0.06244794,0.0002973601,82.42237,60.16327,4.116213999999999e-05,6.298359,0.01784243,13.4115,0.0017035885299999999,0.00015543542399999998,0.034489940000000004,48.91427,0.0017035885299999999,0.00015543542399999998,0.0062402989999999995,36.016735000000004,0.0017035885299999999,0.00015543542399999998,0.002982523,35.939586999999996,0.0017035885299999999,0.00015543542399999998,0.004581274000000001,1.2317e-05,3.021808e-05,0.1427453,48.09192,0.038314810000000005,-0.001444014,-0.0021653600000000003,8.642203e-06,5.165269e-05
73,1607769600,1.374118,1.374136,0.017781830000000005,-1.6541500000000002,2.0432119999999996,1.099754,1.6505009999999998,1.4970089999999998,0.02213027,0.5851278000000001,2.0602579999999997e-05,3.1613204e-06,3.4249439000000005e-06,4.511102e-06,6.933367e-06,9.746251000000001e-06,1.5616284e-05,2.8553419999999995e-05,0.6242819,0.062401649999999996,0.0003014229,81.67958000000002,59.16880000000001,4.563863e-05,6.425429999999999,0.01848172,14.70036,0.0017522322500000004,0.00015990114199999997,0.036421220000000004,54.47476,0.0017522322500000004,0.00015990114199999997,0.006109698,34.345567,0.0017522322500000004,0.00015990114199999997,0.0029052519999999997,34.440057,0.0017522322500000004,0.00015990114199999997,0.004590805,1.2635549999999998e-05,3.058184e-05,0.1369444909,46.44373,0.03690497999999999,-0.001315872,-0.0020739559999999996,8.660521e-06,4.732799e-05
73,1607770200,1.268297,1.2683149999999999,0.01815005,-1.6638190000000002,1.981336,1.0578379999999998,1.579361,1.4202430000000001,0.021552031,0.5424543,2.0579379999999997e-05,2.884516e-06,3.1184217999999995e-06,4.152059e-06,6.371848000000001e-06,9.00028e-06,1.3988484999999999e-05,2.614707e-05,0.5712403,0.06255283,0.0002854712,81.89606,59.9779,4.212592e-05,6.416946,0.017948000000000002,13.84682,0.0025875513999999997,0.00023647733429999997,0.03500358,50.47407,0.0025875513999999997,0.00023647733429999997,0.006547303,47.613212,0.0025875513999999997,0.00023647733429999997,0.003281308,48.319413,0.0025875513999999997,0.00023647733429999997,0.004601762,1.2278040000000001e-05,3.038707e-05,-0.018812393000000004,46.71988,0.03673919,-0.0014388360000000002,-0.0021647560000000003,8.558160000000001e-06,4.642337e-05
73,1607770800,1.321959,1.321977,0.01171322,-1.6991800000000001,1.9892109999999998,1.0812830000000002,1.564397,1.43198,0.018029918,0.5595211,1.952752e-05,1.7664264000000002e-06,1.8458795999999999e-06,2.7385209e-06,4.680208e-06,6.6344680000000006e-06,1.0931635000000001e-05,2.0653925000000004e-05,0.6163489,0.044264189999999995,0.000314764,80.87784,56.746159999999996,4.39357e-05,6.258168,0.018432499999999997,14.294319999999999,0.00137865057,0.000125616854,0.036348490000000004,54.24425,0.00137865057,0.000125616854,0.00603783,27.918048,0.00137865057,0.000125616854,0.002782876,27.803683999999997,0.00137865057,0.000125616854,0.004581179,1.1384729999999998e-05,2.9510409999999995e-05,0.054203282000000005,45.76312,0.03615277,-0.001419222,-0.002140096,7.802228e-06,4.1565280000000005e-05
73,1607771400,1.223818,1.2238369999999998,0.011306338,-1.6866020000000002,1.9325839999999999,1.0384639999999998,1.5177460000000003,1.393843,0.009646306,0.5108949,1.974288e-05,1.9927402e-06,2.229056e-06,3.2711640000000004e-06,5.645248e-06,8.303380999999999e-06,1.3880509e-05,2.7455550000000002e-05,0.5722693999999999,0.03918381,0.00039037710000000005,78.76339999999999,56.447829999999996,4.064055e-05,6.564958,0.01785021,13.547540000000001,0.00122345027,0.00011143820000000001,0.03517418,50.799369999999996,0.00122345027,0.00011143820000000001,0.005858530999999999,25.100604000000004,0.00122345027,0.00011143820000000001,0.0025604620000000003,24.986134999999997,0.00122345027,0.00011143820000000001,0.004587939,1.208901e-05,3.015661e-05,0.0041208500000000006,51.08546,0.0385656,-0.001509396,-0.002212088,8.36671e-06,4.85237e-05
73,1607772000,1.186974,1.186992,0.007083201999999999,-1.685832,1.8705939999999999,1.022067,1.485645,1.3703290000000001,0.009076739,0.49435689999999993,1.9794830000000004e-05,2.1319404000000003e-06,2.3067888e-06,3.3943035e-06,5.5222749999999996e-06,8.326329999999999e-06,1.3212146000000003e-05,2.6487779999999996e-05,0.5565361999999998,0.03654102,0.0003464659,77.03994,56.22437,3.942687e-05,6.463088000000001,0.01743086,12.917089999999998,0.0016197725600000002,0.00014780178799999997,0.03451991,48.94385,0.0016197725600000002,0.00014780178799999997,0.006053462,31.447350999999998,0.0016197725600000002,0.00014780178799999997,0.0027595690000000003,31.525229000000003,0.0016197725600000002,0.00014780178799999997,0.0045772090000000005,1.1558869999999998e-05,2.959675e-05,0.122324812,47.49521,0.03690062,-0.001518699,-0.0022135839999999998,8.339995999999999e-06,4.517678e-05
73,1607772600,1.172208,1.172226,0.0061253185,-1.6973570000000002,1.860508,1.0175002,1.464043,1.348054,0.010300743000000001,0.4888731,2.1824559999999998e-05,4.057546499999999e-06,4.3362557e-06,5.604902e-06,7.943342e-06,1.1359686999999998e-05,1.7083856999999997e-05,3.2067489e-05,0.5481404999999999,0.0375523,0.000321389,76.02023,56.47375000000001,3.892914e-05,6.513784999999999,0.01741721,12.81472,0.0005294188000000001,4.79518237e-05,0.03432251000000001,48.372339999999994,0.0005294188000000001,4.79518237e-05,0.00558833,15.587314000000001,0.0005294188000000001,4.79518237e-05,0.002252239,15.036135000000002,0.0005294188000000001,4.79518237e-05,0.004586987,1.147571e-05,2.963364e-05,-0.143801744,47.449920000000006,0.03664677,-0.001522911,-0.002234009,8.324327999999997e-06,4.6966480000000004e-05
73,1607773200,1.244777,1.244794,0.008707639,-1.695726,1.9125200000000002,1.0456020000000001,1.500982,1.3852550000000001,0.011174825999999999,0.5185757,2.111586e-05,3.362868599999999e-06,3.6418736e-06,4.837377000000001e-06,7.430006000000002e-06,1.0375433000000001e-05,1.6365026999999997e-05,3.073398e-05,0.5833013,0.038667549999999995,0.0003388748,78.26726,56.28456,4.1338880000000004e-05,6.519265,0.01795556,13.588659999999999,0.0015959919499999998,0.000145625903,0.03541453,51.50188000000001,0.0015959919499999998,0.000145625903,0.005950026,30.931137,0.0015959919499999998,0.000145625903,0.0026410339999999996,30.924822999999996,0.0015959919499999998,0.000145625903,0.004616713,1.224031e-05,3.053928e-05,-0.08829991,49.20946,0.039980440000000006,-0.0014571830000000001,-0.002184253,8.273849999999999e-06,4.619631e-05
73,1607773800,1.345414,1.3454329999999997,0.012577766,-1.679393,1.965923,1.086066,1.5811220000000001,1.4664089999999999,0.011774845,0.5612733999999999,2.063636e-05,2.8261927e-06,3.1160635000000003e-06,4.300276e-06,6.811514000000001e-06,9.615883999999998e-06,1.5293524e-05,2.9824802999999998e-05,0.6370946,0.03519727,0.00033951960000000003,75.41633999999998,55.27317000000001,4.4697589999999996e-05,6.451687,0.01875208,14.83322,0.0016168536300000002,0.0001475459255,0.037158769999999994,56.69842,0.0016168536300000002,0.0001475459255,0.0061122780000000005,32.578488,0.0016168536300000002,0.0001475459255,0.002834641,32.576566,0.0016168536300000002,0.0001475459255,0.004603698999999999,1.2450920000000001e-05,3.06785e-05,-0.5474859000000001,51.89176,0.03711544,-0.0014080249999999998,-0.0021365650000000004,8.698229e-06,4.4357979999999996e-05
73,1607774400,1.1111840000000002,1.111203,0.016623900000000004,-1.67206,1.8192929999999996,0.9857761,1.4526059999999998,1.34168,0.009168223,0.4623886,1.9290049999999997e-05,1.4554917e-06,1.5588551000000002e-06,2.3918877e-06,4.190229e-06,6.0060740000000005e-06,9.646723e-06,1.8122429e-05,0.5222411,0.03294178999999999,0.00036218229999999995,80.27061,56.00503,3.693268e-05,6.3275749999999995,0.01689895,12.204130000000001,0.00093103822,8.461731199999999e-05,0.03350775,46.139179999999996,0.00093103822,8.461731199999999e-05,0.005763736,20.136752000000005,0.00093103822,8.461731199999999e-05,0.002415739,19.908738,0.00093103822,8.461731199999999e-05,0.004564863000000001,1.0930139e-05,2.9163179999999997e-05,-0.5266797000000001,57.62386,0.03650600999999999,-0.001628428,-0.0023022190000000003,8.590728e-06,5.084962e-05
73,1607775000,1.0125442000000002,1.0125633,0.019188049999999998,-1.678988,1.732515,0.9442547000000001,1.3966180000000001,1.279763,0.007867609000000001,0.42187919999999995,1.958075e-05,1.5432667000000002e-06,1.6655852999999998e-06,2.4108178e-06,4.108006e-06,5.800585000000001e-06,9.671907e-06,1.9770176e-05,0.47082680000000005,0.03498571,0.0004134628,78.78675999999999,56.99183000000001,3.362814000000001e-05,6.58567,0.015997099999999997,10.863510000000002,0.0009787084400000002,8.9022347e-05,0.03175681,41.41902,0.0009787084400000002,8.9022347e-05,0.00579068,21.585089000000004,0.0009787084400000002,8.9022347e-05,0.0023718639999999996,21.289278000000003,0.0009787084400000002,8.9022347e-05,0.004468283,7.3329850000000006e-06,2.5680280000000004e-05,-0.31545887,78.90415,0.03702401,-0.001872137,-0.0024715099999999997,6.833005999999999e-06,4.7739829999999995e-05
73,1607775600,1.0795763999999999,1.0795942,0.012497244,-1.732852,1.7361529999999998,0.9800106,1.388404,1.270236,0.008155235,0.4471755,2.0917370000000002e-05,2.7962245e-06,2.9418107000000002e-06,3.6462254000000006e-06,5.365951e-06,7.107010999999999e-06,1.1218382e-05,2.1743468000000002e-05,0.4989117,0.0403566,0.0004609939,78.6511,57.57261999999999,3.585476e-05,6.476440000000001,0.01662661,11.45086,0.0008802686400000001,8.00365584e-05,0.032655859999999995,43.79601,0.0008802686400000001,8.00365584e-05,0.005517595,18.151406,0.0008802686400000001,8.00365584e-05,0.0021293320000000003,17.872032,0.0008802686400000001,8.00365584e-05,0.004406641,5.301613999999999e-06,2.3665540000000002e-05,0.19782237000000005,80.64804,0.03369311,-0.001885813,-0.0024707900000000005,5.161812e-06,4.0681840000000004e-05
73,1607776200,1.095502,1.0955210000000002,0.013718150000000002,-1.728488,1.7568169999999999,0.9878541000000001,1.405131,1.282463,0.00855159,0.4538856,1.951128e-05,1.446957e-06,1.5300767000000002e-06,2.1446841e-06,3.4129239999999994e-06,4.480796e-06,8.013798e-06,1.6030369000000003e-05,0.5048041000000001,0.04249387,0.00041274240000000004,81.05047,57.84590000000001,3.6404280000000005e-05,6.267882,0.016779620000000002,11.70953,0.00203723109,0.00018602400000000002,0.03284715,44.29521999999999,0.00203723109,0.00018602400000000002,0.006268613000000001,38.016595,0.00203723109,0.00018602400000000002,0.0028945760000000003,38.364691,0.00203723109,0.00018602400000000002,0.004425137,5.865624e-06,2.430677e-05,-0.28881441,75.25286,0.03403572,-0.0017398650000000002,-0.002353248,5.411801e-06,4.155079e-05
73,1607776800,1.0569657,1.0569846,0.01200611,-1.7368940000000002,1.738815,0.9704916000000001,1.355928,1.250737,0.00988679,0.4432393,1.993482e-05,1.9331638e-06,2.1274963999999996e-06,2.8788289999999996e-06,4.675574e-06,6.4611409999999995e-06,1.0427663e-05,2.0414869999999998e-05,0.48923880000000003,0.0387155,0.0004769838,78.82923,57.41405999999999,3.510649e-05,6.487824000000001,0.01658173,11.43091,0.00053867424,4.87729217e-05,0.03238745999999999,43.0904,0.00053867424,4.87729217e-05,0.005471818,14.183594,0.00053867424,4.87729217e-05,0.002068377,13.738166999999999,0.00053867424,4.87729217e-05,0.00452396,8.865171999999998e-06,2.7246300000000004e-05,-0.25216094299999997,68.00021000000001,0.03629204,-0.001800922,-0.002427477,7.232604e-06,4.414243e-05
73,1607777400,1.0277247999999999,1.0277414,0.014844300999999999,-1.715105,1.7468029999999999,0.9552967999999998,1.371755,1.257488,0.009695912,0.428538,1.9665870000000002e-05,1.7350920000000001e-06,2.0061974000000003e-06,2.960998e-06,5.00318e-06,7.4335690000000005e-06,1.1830421000000002e-05,2.3289114e-05,0.47464189999999995,0.03874006000000001,0.0004242636,78.92522,57.61630000000001,3.413353e-05,6.4863990000000005,0.01635032,11.26182,0.00133658131,0.000121777102,0.031948109999999995,41.91391,0.00133658131,0.000121777102,0.005987584,25.876720999999996,0.00133658131,0.000121777102,0.002614056,25.825544,0.00133658131,0.000121777102,0.004593305,1.2048169999999999e-05,3.020675e-05,-0.4884867,56.3948,0.03869131,-0.0016712460000000001,-0.00232908,9.086431999999999e-06,5.070243e-05
73,1607778000,0.9261633999999999,0.9261794999999999,0.01449674,-1.6965409999999999,1.6312620000000002,0.9064336000000001,1.309879,1.1821869999999999,0.012305733,0.3896127,1.965048e-05,1.7957181e-06,1.8712980000000001e-06,2.3979706999999998e-06,3.6634600000000003e-06,4.9998340000000005e-06,7.753234e-06,1.4477643000000001e-05,0.4099916,0.05286605999999999,0.00018420400000000001,85.26896,61.63433,3.077344e-05,6.284477,0.01527422,9.843149999999998,0.00059040418,5.3502621e-05,0.02951512,35.85611,0.00059040418,5.3502621e-05,0.005384097,13.708467000000002,0.00059040418,5.3502621e-05,0.0019718179999999997,13.281467000000001,0.00059040418,5.3502621e-05,0.004434525,6.885837e-06,2.5051199999999998e-05,-0.0841816,74.99458,0.033529920000000005,-0.0018183451000000003,-0.0024512180000000002,5.863374e-06,3.919383999999999e-05
73,1607778600,0.9437168000000001,0.9437352999999999,0.016948480000000002,-1.7125910000000002,1.463669,0.918334,1.314003,1.181249,0.01623576,0.39919689999999997,2.004018e-05,2.0092078999999996e-06,2.0408523800000003e-06,2.47508022e-06,3.4983726999999995e-06,4.4864352e-06,7.0980711e-06,1.5025896e-05,0.4165725,0.055061019999999995,0.00018607769999999998,82.07414,61.753859999999996,3.135462e-05,6.334168,0.015424449999999998,9.884452,0.00090291783,8.2052432e-05,0.02984195,36.574659999999994,0.00090291783,8.2052432e-05,0.0057025669999999995,19.567194999999998,0.00090291783,8.2052432e-05,0.002236945,19.279459,0.00090291783,8.2052432e-05,0.004291372999999999,1.865653e-06,2.0217590000000004e-05,0.06256809199999999,20.45513589,0.010856897200000002,-0.0020680119999999997,-0.0025988979999999997,1.0515193e-06,1.4166241999999998e-05
73,1607779200,0.9212996,0.9213184999999999,0.012611429999999998,-1.7175820000000002,1.399206,0.9086151000000001,1.2865890000000002,1.1591600000000002,0.017139371000000004,0.3896104,1.970734e-05,1.5796123999999998e-06,1.5826016900000003e-06,1.8610740300000003e-06,2.6899701e-06,3.2406009000000007e-06,5.1799938e-06,1.0326757000000002e-05,0.4035817,0.05689738,0.00014235171999999998,85.85848,62.44091999999999,3.0622509999999994e-05,6.027305,0.015346209999999996,9.780005,0.0012006351,0.00010931202,0.02947444,35.759240000000005,0.0012006351,0.00010931202,0.005942016999999999,23.915933000000003,0.0012006351,0.00010931202,0.0024820429999999997,23.871668999999997,0.0012006351,0.00010931202,0.004297467000000001,2.1134660000000005e-06,2.0468959999999997e-05,0.06249695200000001,5.328808499999999,0.007107761,-0.0019316759999999998,-0.002507784,1.0020409e-06,1.2647744000000001e-05
73,1607779800,0.8592183,0.8592367,0.010482505,-1.668897,1.401755,0.8721306,1.2813010000000002,1.135085,0.016767284,0.36650569999999993,1.923618e-05,1.0958165999999998e-06,1.12056333e-06,1.4766881e-06,2.3275308e-06,3.0499968000000003e-06,5.3282409e-06,1.2267707e-05,0.3703388,0.05909949999999999,0.00014305269999999998,85.09548,63.852,2.853329e-05,6.348575,0.014609899999999999,8.996799999999999,0.00033529882,3.0080548000000006e-05,0.02814407,32.551339999999996,0.00033529882,3.0080548000000006e-05,0.00533605,10.484570999999999,0.00033529882,3.0080548000000006e-05,0.0018442599999999997,9.882114,0.00033529882,3.0080548000000006e-05,0.004287420000000001,1.696615e-06,2.003473e-05,-0.003144058000000001,6.977425000000001,0.0069586946999999994,-0.0021280749999999997,-0.002655422,9.231257000000002e-07,1.2208206999999999e-05
73,1607780400,0.9457825,0.9457994,0.013719476,-1.666132,1.478819,0.9118033000000001,1.3364660000000002,1.2030359999999998,0.017412878,0.4008727,1.9344190000000003e-05,1.2557730000000002e-06,1.27202121e-06,1.6533146e-06,2.5860398999999998e-06,3.3789301000000003e-06,5.7391965e-06,1.3122983e-05,0.4129503,0.0597305,0.00018024385,83.79882,62.938419999999994,3.141945e-05,6.204749999999999,0.015243600000000001,9.873382000000001,0.00027922786,2.4909225e-05,0.02958671,36.182460000000006,0.00027922786,2.4909225e-05,0.005374222999999999,9.352387,0.00027922786,2.4909225e-05,0.0019210669999999998,8.746478999999999,0.00027922786,2.4909225e-05,0.004287567,1.8592499999999998e-06,2.020181e-05,-0.712339592,23.9834322,0.0060173169999999995,-0.0020431349999999997,-0.002595271,1.1486255999999998e-06,1.4691022999999998e-05
73,1607781000,1.0685362,1.068554,0.027497689999999998,-1.620317,1.6017100000000002,0.9676883000000001,1.492734,1.3390159999999998,0.011475341,0.44777069999999997,2.026979e-05,2.0350127000000003e-06,2.03322733e-06,2.4383446e-06,3.5107553e-06,4.2829932e-06,6.765238099999999e-06,1.4434392e-05,0.476483,0.05744899,0.0002981006,83.50227,60.82646,3.551947e-05,6.2074739999999995,0.01623563,11.308707,0.00088441557,8.03933099e-05,0.032014339999999995,42.11234,0.00088441557,8.03933099e-05,0.005682729,19.234492999999997,0.00088441557,8.03933099e-05,0.002247053,18.932044,0.00088441557,8.03933099e-05,0.004295467999999999,1.91693e-06,2.034413e-05,-0.051844612,5.537713070000001,0.004819120487000001,-0.00196705,-0.0025285589999999997,8.242294000000001e-07,1.0720979e-05
73,1607781600,0.8388945,0.8389125,0.02336303,-1.653754,1.3903159999999999,0.8610909,1.29349,1.155598,0.006552086,0.3466491,1.926434e-05,1.1836829e-06,1.1809183599999999e-06,1.42983124e-06,2.0717791999999997e-06,2.5027787000000002e-06,3.904632100000001e-06,8.675164e-06,0.36364359999999996,0.055521430000000004,0.0002597867,86.26199999999999,63.33991000000001,2.788514e-05,5.963361999999999,0.014422899999999999,8.813615,0.00044039423,3.9645783999999995e-05,0.027909710000000004,31.991950000000003,0.00044039423,3.9645783999999995e-05,0.005360500000000001,10.81603,0.00044039423,3.9645783999999995e-05,0.0018485160000000001,10.371704000000001,0.00044039423,3.9645783999999995e-05,0.004282531,1.5832680000000001e-06,1.9917930000000003e-05,-0.006712395,0.51673586,0.00133171166,-0.002147807,-0.002661469,7.573544e-07,9.909781999999999e-06
73,1607782200,0.7784047,0.7784232000000001,0.026450770000000002,-1.6178540000000001,1.371155,0.8270418000000002,1.280851,1.130358,0.005937949999999999,0.3207351,1.9654379999999998e-05,1.4343565e-06,1.41620309e-06,1.7283735e-06,2.3774174000000003e-06,2.918073e-06,4.5022535e-06,9.570751e-06,0.3344657,0.05450119,0.0002098373,87.64586,64.11861,2.586474e-05,6.024768,0.013717360000000001,8.101947999999998,0.0010881543,9.9020264e-05,0.026698850000000003,29.25725,0.0010881543,9.9020264e-05,0.0058479199999999995,21.865774000000002,0.0010881543,9.9020264e-05,0.002338075,21.779238,0.0010881543,9.9020264e-05,0.004279407000000001,1.51263e-06,1.982339e-05,0.019531178000000003,0.2001592,0.0009009943000000001,-0.0021999740000000004,-0.0027017950000000003,7.519156e-07,1.0012466999999999e-05
73,1607782800,0.8445432,0.8445618999999999,0.02363338,-1.6435100000000002,1.456807,0.8629872000000001,1.3125769999999999,1.166249,0.008003087,0.34985679999999997,1.9624700000000002e-05,1.4138286e-06,1.4153581e-06,1.7788124000000003e-06,2.6447109999999995e-06,3.3852656e-06,5.512500899999999e-06,1.1842738e-05,0.3664731,0.055553530000000004,0.00021537169999999998,83.88843,63.24215,2.8058819999999998e-05,6.154694000000001,0.01438159,8.843195,0.00033172006000000006,2.9716401999999998e-05,0.02796581,32.115750000000006,0.00033172006000000006,2.9716401999999998e-05,0.005438538,11.764894000000002,0.00033172006000000006,2.9716401999999998e-05,0.001936647,11.173745,0.00033172006000000006,2.9716401999999998e-05,0.004308403,1.9345659999999996e-06,2.039122e-05,0.03276328999999999,23.942201500000003,0.010500144399999998,-0.0021280519999999996,-0.002658885,1.3696515e-06,1.6733706e-05
73,1607783400,0.8863124000000001,0.8863306999999999,0.022996529999999998,-1.62176,1.4693710000000002,0.8826736000000001,1.3637299999999999,1.203337,0.0065407320000000005,0.36636140000000006,2.128033e-05,3.4323457e-06,3.5702312999999993e-06,4.2333786e-06,5.531547e-06,7.120820999999999e-06,1.0809226e-05,2.109492e-05,0.3853948,0.05749712,0.00020411209999999998,79.63837999999998,63.068529999999996,2.9415019999999997e-05,6.529224000000001,0.014612750000000002,9.169058000000001,0.00129903054,0.00011834602300000001,0.028628139999999996,33.598400000000005,0.00129903054,0.00011834602300000001,0.005828099000000001,24.058135,0.00129903054,0.00011834602300000001,0.002380197,24.05176,0.00129903054,0.00011834602300000001,0.004265145999999999,1.655085e-06,1.984022e-05,-0.012311086999999998,0.69856509,0.0019958764799999995,-0.0020787749999999997,-0.0026121220000000006,7.609739999999999e-07,1.0329074e-05
73,1607784000,0.8814223,0.8814406,0.027335130000000003,-1.576344,1.482231,0.8762182,1.382329,1.22925,0.007361261999999999,0.3652621,1.959559e-05,1.3036850000000001e-06,1.3173123e-06,1.701999e-06,2.6164628999999995e-06,3.3251204e-06,5.5835565e-06,1.2542797e-05,0.3852593,0.055204909999999996,0.0002166304,86.15396,62.611180000000004,2.9271730000000002e-05,6.4376999999999995,0.01452968,9.205857,0.0012014396,0.000109390145,0.0286764,33.75163,0.0012014396,0.000109390145,0.005975242,23.822324,0.0012014396,0.000109390145,0.0024901159999999997,23.768212000000002,0.0012014396,0.000109390145,0.004305562,1.677309e-06,2.0206359999999997e-05,-0.023065959000000004,2.40461998,0.00248360915,-0.002118319,-0.00265298,8.451245000000001e-07,1.1178452e-05
73,1607784600,0.8505113,0.8505298,0.02083419,-1.321666,1.5495100000000002,0.8317842000000001,1.4307060000000003,1.2707259999999998,0.015352201,0.35833689999999996,2.0808049999999998e-05,2.6920029999999997e-06,2.7971008999999997e-06,3.3530261999999997e-06,4.4768559e-06,5.7282030999999994e-06,8.860726000000001e-06,1.7703588e-05,0.3742585,0.05079477,0.00015422287,82.04295,62.16975,2.823942e-05,6.480452,0.013735389999999997,8.881451000000002,0.00083119123,7.55119836e-05,0.028161409999999998,32.80918,0.00083119123,7.55119836e-05,0.005690056000000001,16.779992999999997,0.00083119123,7.55119836e-05,0.0022053650000000004,16.546672,0.00083119123,7.55119836e-05,0.0042956620000000004,1.7419009999999998e-06,2.014969e-05,0.009610634000000002,9.1236213,0.006310416100000001,-0.0021301049999999998,-0.002673723,9.124801000000001e-07,1.2192952e-05
73,1607785200,0.521727,0.5217454000000001,0.05933069,-0.8766198000000001,1.345842,0.6124167999999999,1.238812,1.09012,0.006695229999999999,0.22099609999999997,1.8993069999999997e-05,7.376762e-07,7.4203754e-07,9.3220889e-07,1.3823751e-06,1.7226506999999997e-06,2.7518901e-06,6.2391190000000004e-06,0.2194239,0.04124903,0.00017363835999999996,89.10750999999999,65.93657,1.733148e-05,6.3665840000000005,0.010236536999999999,5.550313,0.000721684862,6.556415239999999e-05,0.02174209,19.44126,0.000721684862,6.556415239999999e-05,0.005598498,14.661317,0.000721684862,6.556415239999999e-05,0.0019553877,14.451194000000001,0.000721684862,6.556415239999999e-05,0.004278325,1.294829e-06,1.9588670000000002e-05,-0.9760924710000003,30.9987414,0.002171747065,-0.002456466,-0.0029148799999999995,1.0454597e-06,1.2919479e-05
73,1607785800,0.49536669999999994,0.4953849,0.06906575,-0.8858797,1.331477,0.60016,1.215936,1.0660820000000002,0.006869386,0.2130038,1.929012e-05,1.2460767000000002e-06,1.2771212800000001e-06,1.5391948600000002e-06,2.0800175e-06,2.5986588999999998e-06,3.9382729000000004e-06,8.111891999999999e-06,0.2076094,0.039861650000000005,0.0001894463,88.13376000000001,66.18494999999999,1.645227e-05,6.210960999999999,0.009959025,5.247013,0.0007326672000000001,6.65104038e-05,0.0210921,18.28364,0.0007326672000000001,6.65104038e-05,0.005475984000000001,13.518896000000002,0.0007326672000000001,6.65104038e-05,0.0018401692000000005,13.3144282,0.0007326672000000001,6.65104038e-05,0.004260841,1.20989e-06,1.9350330000000002e-05,-0.014536561000000003,1.4860535000000001,0.0031006788,-0.0024625000000000003,-0.002931641,7.703313e-07,9.817549999999999e-06
73,1607786400,0.4554058,0.45542380000000005,0.0731097,-0.7555677,1.2988149999999998,0.561072,1.184925,1.0348064999999997,0.006483086000000001,0.1944798,1.8536000000000003e-05,5.504966e-07,5.7338145e-07,7.706040999999999e-07,1.2113714e-06,1.6209708e-06,2.7078181999999997e-06,6.354618e-06,0.1864365,0.04107945,0.0001726706,87.88933999999999,68.18497999999998,1.512037e-05,6.4697059999999995,0.009412442,4.759805999999999,0.00081656354,7.4162806e-05,0.01991041,16.28972,0.00081656354,7.4162806e-05,0.005655268,15.380079000000004,0.00081656354,7.4162806e-05,0.002011983,15.182652000000001,0.00081656354,7.4162806e-05,0.004255663,1.191306e-06,1.927513e-05,0.026542372999999998,7.9862939,0.0048292275,-0.002488704,-0.0029501320000000003,8.395233000000001e-07,1.1140120000000002e-05
73,1607787000,0.4603086,0.4603268,0.07218081000000001,-0.8212736000000002,1.289514,0.5722476000000001,1.1840600000000001,1.0315433,0.0059656150000000005,0.1950287,1.866005e-05,5.403673e-07,5.426769300000001e-07,7.310077e-07,1.1552062e-06,1.5271621e-06,2.5602819e-06,6.023365000000001e-06,0.18710920000000003,0.04285327,0.0001781577,88.63009,68.79644,1.528582e-05,6.4642740000000005,0.00950009,4.831748,0.0008416099200000001,7.6459838e-05,0.019970550000000004,16.3965,0.0008416099200000001,7.6459838e-05,0.0056016320000000005,15.97657,0.0008416099200000001,7.6459838e-05,0.0019353470000000005,15.795263,0.0008416099200000001,7.6459838e-05,0.00426457,1.180755e-06,1.935599e-05,0.0006490799999999984,1.3592662,0.0024451604,-0.00247644,-0.0029384869999999996,7.606773e-07,9.981573e-06
73,1607787600,0.4328861,0.43290429999999996,0.07807402000000001,-0.8626305999999999,1.25955,0.5608224,1.147611,0.9962561000000001,0.004484865,0.18289439999999998,1.959348e-05,1.45033103e-06,1.5026370099999998e-06,1.7591882099999998e-06,2.2772772000000005e-06,2.8903879e-06,4.110536e-06,8.0701853e-06,0.1726219,0.043609930000000005,0.00018751779999999998,89.36089000000001,70.26323,1.4369780000000001e-05,6.189781,0.009213561,4.560326,0.0008165184479999999,7.42351238e-05,0.01919351,15.12267,0.0008165184479999999,7.42351238e-05,0.005296339,14.293549000000002,0.0008165184479999999,7.42351238e-05,0.0016157129,14.1375378,0.0008165184479999999,7.42351238e-05,0.004270449,1.195812e-06,1.941256e-05,0.012807461199999998,3.0162854,0.00389519428,-0.002500873,-0.002941068,7.928477000000001e-07,1.0341723999999999e-05
73,1607788200,0.41568639999999996,0.4157044,0.08124266999999999,-0.725267,1.3234169999999998,0.5323843,1.136733,0.9863555999999999,0.0076941679999999995,0.18381550000000002,1.88573e-05,9.62558e-07,9.8448287e-07,1.207858e-06,1.6308112e-06,2.092809e-06,3.0668186e-06,6.40298e-06,0.163149,0.04449899,0.00017794240000000003,88.68895,71.73317,1.380826e-05,6.416247,0.008946795,4.3286940000000005,0.0008048469000000001,7.317395000000001e-05,0.018565320000000003,14.186869999999999,0.0008048469000000001,7.317395000000001e-05,0.005501509,15.193665000000001,0.0008048469000000001,7.317395000000001e-05,0.0018413165,14.976730700000001,0.0008048469000000001,7.317395000000001e-05,0.004249425999999999,1.289826e-06,1.9306719999999997e-05,0.018040393999999998,5.520884000000001,0.006489768,-0.002441865,-0.0028951009999999998,8.113602e-07,1.0878012999999999e-05
73,1607788800,0.3543505,0.35436860000000003,0.08528093,-0.7848766000000001,1.182486,0.4976312,1.0527325,0.8982649000000003,0.005073669000000001,0.1540419,1.843777e-05,3.6207872000000004e-07,3.5358297e-07,4.5892237e-07,6.658825e-07,8.383502000000001e-07,1.2086147e-06,2.8598535999999997e-06,0.1252931,0.05169401,0.00018090191,100.4274,79.38321,1.177608e-05,6.131120000000001,0.008282285,3.7126080000000004,0.00067369731,6.1095509e-05,0.016308880000000005,10.936858999999998,0.00067369731,6.1095509e-05,0.005412381,12.838225,0.00067369731,6.1095509e-05,0.0017081801000000001,12.6253006,0.00067369731,6.1095509e-05,0.0042520529999999996,1.1589290000000002e-06,1.9202910000000003e-05,0.013273794000000002,14.0778123,0.00630464,-0.0025448149999999998,-0.0029696650000000002,8.546213e-07,1.0753369000000001e-05
73,1607789400,0.3994313,0.3994494,0.01584067,-0.5507721999999999,1.252726,0.5032076,1.1248840000000002,0.9679794999999999,0.006920024999999999,0.1761177,1.911305e-05,1.01622262e-06,1.05341837e-06,1.2810049e-06,1.6840108e-06,2.138429e-06,3.1708813e-06,6.256425999999999e-06,0.14848369999999997,0.05114624999999999,6.763115e-05,94.36364,75.96219,1.325481e-05,6.38559,0.008780287000000001,4.222274,0.0007545454299999999,6.848978899999999e-05,0.01780302,13.09545,0.0007545454299999999,6.848978899999999e-05,0.005467008000000001,13.736828,0.0007545454299999999,6.848978899999999e-05,0.0017525732,13.5527507,0.0007545454299999999,6.848978899999999e-05,0.004274413999999999,1.1660749999999999e-06,1.940881e-05,0.08800397500000001,11.815848400000002,0.0052858903,-0.0025464180000000004,-0.0029845130000000003,8.92022e-07,1.1470543999999998e-05
73,1607790000,0.5066859,0.5067041999999999,0.01282546,-0.7093309000000001,1.3341049999999999,0.5863275,1.24065,1.081459,0.004960697000000001,0.2117893,1.96152e-05,1.22362998e-06,1.27337545e-06,1.5339815200000004e-06,2.12165e-06,2.6764768e-06,4.130859200000001e-06,8.5822419e-06,0.20318289999999997,0.0500572,7.981316e-05,88.10959999999999,69.87075,1.682816e-05,6.349545000000001,0.00984235,5.263591,0.00066142274,5.99870564e-05,0.020797919999999998,17.74918,0.00066142274,5.99870564e-05,0.00562242,14.322558999999998,0.00066142274,5.99870564e-05,0.0019607743000000003,14.0309551,0.00066142274,5.99870564e-05,0.004295144,1.2047040000000002e-06,1.965185e-05,0.0054799969999999995,0.7279128,0.0005839508,-0.002471609,-0.002953232,7.686612e-07,9.877142e-06
73,1607790600,0.5069577000000001,0.5069758999999999,0.03134869,-0.7356218,1.3461059999999998,0.5902037,1.243949,1.082545,0.0057211810000000005,0.21286710000000003,1.947717e-05,1.2349996999999998e-06,1.2770942999999999e-06,1.54570173e-06,2.1035461999999997e-06,2.6518037e-06,4.0688009e-06,8.360616000000001e-06,0.20253480000000001,0.05080485999999999,0.00011673165,89.66174,70.1669,1.6831680000000002e-05,6.443462000000001,0.009852902,5.278111999999999,0.0005350499079999998,4.8446630500000005e-05,0.02071947,17.613260000000004,0.0005350499079999998,4.8446630500000005e-05,0.005258278999999999,10.642093599999999,0.0005350499079999998,4.8446630500000005e-05,0.0016064489000000002,10.303494050000001,0.0005350499079999998,4.8446630500000005e-05,0.004283939,1.1464259999999998e-06,1.9492290000000002e-05,0.023796796999999998,2.649708,0.0018595398999999998,-0.0025128999999999998,-0.002974389,7.509224e-07,9.870401e-06
73,1607791200,0.47212519999999997,0.47214350000000005,0.07020736,-0.932565,1.303051,0.5901285000000001,1.1746104999999998,1.0211554,0.007272634,0.2006689,1.893149e-05,6.977485e-07,7.0784933e-07,8.883823199999999e-07,1.2895317e-06,1.61695272e-06,2.5677774e-06,5.6848031e-06,0.18415759999999998,0.05169446,0.00019595730000000002,94.166,72.30672,1.5677939999999997e-05,6.292622,0.009664124999999999,4.97007,0.001135326,0.000103424269,0.01978636,16.168739999999996,0.001135326,0.000103424269,0.005747720999999999,20.525503000000004,0.001135326,0.000103424269,0.002083607,20.528515000000002,0.001135326,0.000103424269,0.004287601,1.2308731000000002e-06,1.9582579999999996e-05,-0.61768615,48.3344925,0.006619233510000001,-0.0025461850000000003,-0.002996842,1.2290973e-06,1.5908752e-05
73,1607791800,0.3936933,0.39371120000000004,0.01845082,-1.163826,1.11817,0.5570929,1.0269319,0.8744518000000001,0.004513589000000001,0.1652734,1.8497419999999998e-05,4.1505520000000007e-07,4.104839e-07,5.296843e-07,8.008770000000001e-07,9.480242999999999e-07,1.5033100000000001e-06,3.448793e-06,0.14457080000000003,0.052180460000000005,8.656275e-05,96.50993,76.63589999999999,1.3082250000000002e-05,6.297864,0.009099026,4.120074000000001,0.0008705227100000001,7.92659403e-05,0.017511290000000002,12.598389999999998,0.0008705227100000001,7.92659403e-05,0.0055191780000000005,16.313771000000003,0.0008705227100000001,7.92659403e-05,0.0018106768999999999,16.1347667,0.0008705227100000001,7.92659403e-05,0.004260866,1.1515042e-06,1.9277640000000003e-05,-1.3877146379999998,63.7899406,0.0036907288,-0.0025856580000000002,-0.0030148429999999997,1.2620928999999998e-06,1.6064849e-05
73,1607792400,0.4173246,0.41734269999999996,0.05645722000000001,-1.1524275,1.1713479999999998,0.5728835,1.076582,0.917953,0.0044482359999999995,0.1763229,1.8517720000000002e-05,3.4821392e-07,3.5686702999999997e-07,5.165767899999999e-07,8.829674e-07,1.20427888e-06,2.1534796e-06,5.0943778e-06,0.1561385,0.052288690000000006,0.00022396636,92.76509000000001,75.27699,1.385752e-05,6.449591,0.009372611999999999,4.38434,0.00113126531,0.00010307157089999999,0.018233549999999998,13.674110000000002,0.00113126531,0.00010307157089999999,0.005671726,19.783138,0.00113126531,0.00010307157089999999,0.0019883404,19.771852000000003,0.00113126531,0.00010307157089999999,0.00427092,1.1058832000000001e-06,1.932999e-05,-0.9206044849999999,35.41244,0.00341382821,-0.002576812,-0.003004389,8.822182000000001e-07,1.0796912000000001e-05
73,1607793000,0.34253799999999995,0.34255650000000004,0.01886701,-1.0089986999999998,1.080707,0.5067929,0.9842931,0.837138,0.00366318,0.1436764,1.8968069999999997e-05,7.373310599999999e-07,7.6855696e-07,9.3745915e-07,1.2945748e-06,1.6072636000000001e-06,2.479165e-06,5.1093143e-06,0.1196651,0.05151623000000001,7.386542e-05,96.00714,80.20931,1.13693e-05,6.540375,0.008392435,3.6418389999999996,0.00032358697,2.9021044e-05,0.016031699999999996,10.583856999999998,0.00032358697,2.9021044e-05,0.00517032,7.375847099999999,0.00032358697,2.9021044e-05,0.0014143837,6.8801638,0.00032358697,2.9021044e-05,0.004274421,9.468835000000001e-07,1.920646e-05,-0.016069576999999995,13.627236499999999,0.00256197184,-0.0026895089999999996,-0.003085719,7.646991999999999e-07,1.0047074e-05
73,1607793600,0.3259365,0.32595470000000004,0.02279991,-0.9028103,1.081983,0.48597419999999997,0.9826424999999999,0.8261877999999999,0.0037527229999999995,0.13765979999999997,1.841084e-05,3.186389e-07,3.4118915999999997e-07,4.6436527e-07,7.134070999999999e-07,9.084307500000001e-07,1.5220274999999998e-06,3.5904814999999996e-06,0.11159730999999999,0.05129633,6.606206e-05,95.09846,81.68435,1.0825730999999998e-05,6.181291999999999,0.00810538,3.450517,0.0007141373300000001,6.482389099999999e-05,0.0154329,9.812256,0.0007141373300000001,6.482389099999999e-05,0.005424154,13.479545000000002,0.0007141373300000001,6.482389099999999e-05,0.0016746514,13.260924999999997,0.0007141373300000001,6.482389099999999e-05,0.004255915000000001,8.994208000000001e-07,1.9005780000000002e-05,-0.047845429999999994,6.731511,0.0016458748000000001,-0.0026955089999999996,-0.0030895859999999996,8.262274999999998e-07,1.0771766000000001e-05
73,1607794200,0.31499050000000006,0.31500880000000003,0.02144699,-1.0543453,1.0358205,0.48695520000000003,0.9391035999999999,0.7865867,0.0038506260000000002,0.1335432,1.853891e-05,4.3597069e-07,4.6855677000000004e-07,6.0260098e-07,8.590703999999999e-07,1.0653532e-06,1.7041683999999999e-06,3.8229184e-06,0.10618539,0.051231360000000004,6.703809e-05,95.78979999999999,82.67017,1.0457941999999998e-05,6.308805,0.008115112,3.3393360000000003,0.00115187005,0.00010491269600000001,0.015085769999999998,9.379234,0.00115187005,0.00010491269600000001,0.005721657,19.939856999999996,0.00115187005,0.00010491269600000001,0.001966702,19.948445,0.00115187005,0.00010491269600000001,0.004258049,8.678713e-07,1.8991400000000003e-05,0.07864944999999998,4.9930806,0.001707614914,-0.002720377,-0.003106472,6.780995e-07,9.679121000000001e-06
73,1607794800,0.33403299999999997,0.3340509,0.021570250000000003,-1.0257286,1.063908,0.5002828,0.9686551,0.8232252000000001,0.003179762,0.1391064,1.8423180000000002e-05,4.0275728999999995e-07,4.0780267e-07,5.152900600000001e-07,7.607423999999999e-07,8.985359999999999e-07,1.3923107e-06,3.2030018e-06,0.11478199999999998,0.052162490000000006,6.395838e-05,98.11431,81.32579000000001,1.1096610000000002e-05,6.151841,0.008268059999999999,3.5226759999999997,0.00064749735,5.8698894000000005e-05,0.015660470000000003,10.074319,0.00064749735,5.8698894000000005e-05,0.005325037,12.236104000000001,0.00064749735,5.8698894000000005e-05,0.0015811268999999998,11.918777,0.00064749735,5.8698894000000005e-05,0.004251261,8.95709e-07,1.8961259999999998e-05,-0.031651852999999994,3.9333177,0.0018322630367,-0.002697689,-0.0030930339999999997,7.698496e-07,1.0309300999999999e-05
73,1607795400,0.2888823,0.2889007,0.020227826,-0.8540040999999998,1.0705829999999998,0.4508236,0.9200907,0.7741736,0.005209732,0.13639340000000003,2.0261560000000003e-05,2.0909826399999997e-06,1.6617150299999996e-06,1.4645239400000001e-06,1.5015171000000001e-06,1.5298925000000003e-06,2.024537e-06,3.7299375e-06,0.09452632999999999,0.049825470000000004,7.325367999999999e-05,96.90768999999999,84.77901,9.595341e-06,6.394392000000001,0.007680873,3.202993,0.0008535069460000001,7.78882168e-05,0.014146620000000002,8.31521,0.0008535069460000001,7.78882168e-05,0.005570624000000001,14.413186999999999,0.0008535069460000001,7.78882168e-05,0.0017620413,14.200033999999999,0.0008535069460000001,7.78882168e-05,0.004327199,1.4515963900000001e-05,3.289546000000001e-05,-4.41324644,225.76412840000003,0.012518869299999999,-0.002736534,-0.0031384579999999994,4.56763416e-05,0.000487107565
73,1607796000,0.2656584,0.2656766,0.031276689999999996,-0.3953552,1.0443684,0.39508509999999997,0.9466418999999998,0.7941994,0.003952143,0.11339352,1.8462589999999998e-05,2.0470449000000003e-07,2.0844704e-07,2.8683210000000003e-07,4.4323730000000004e-07,5.221341199999999e-07,8.341429300000001e-07,2.0397507e-06,0.08327103,0.049495269999999994,5.805566e-05,102.22456,87.62496,8.832282000000001e-06,6.051668,0.007261859000000001,2.813935,0.00071116614,6.452626700000002e-05,0.01329795,7.305072999999998,0.00071116614,6.452626700000002e-05,0.00558271,14.219174,0.00071116614,6.452626700000002e-05,0.0017538090000000003,13.951187,0.00071116614,6.452626700000002e-05,0.004273321,8.200121e-07,1.9067279999999998e-05,0.044438132000000005,18.573310199999998,0.00337064278,-0.002813827,-0.003189111,7.417604e-07,1.0219382e-05
73,1607796600,0.2598895,0.25990759999999996,0.030016920000000002,-0.5725241,1.0199580000000001,0.40670529999999994,0.9178406000000001,0.7666357999999999,0.004326024999999999,0.11342959999999999,1.871064e-05,4.5809114000000005e-07,4.819056e-07,6.0781787e-07,8.398288000000001e-07,1.08118653e-06,1.6617853999999997e-06,3.5930114e-06,0.08055246,0.04931339999999999,6.954595e-05,100.78713,88.23156999999999,8.621437000000001e-06,6.578087999999999,0.007172358000000001,2.7500600000000004,0.00073101287,6.635101100000001e-05,0.0131069,7.089570999999999,0.00073101287,6.635101100000001e-05,0.005384814999999999,12.854433,0.00073101287,6.635101100000001e-05,0.0015610987,12.662213,0.00073101287,6.635101100000001e-05,0.00427557,7.957012999999999e-07,1.90712e-05,0.011844226999999999,2.2427949,0.0015026439999999998,-0.00281804,-0.0031891500000000004,7.808101999999999e-07,1.0043277999999999e-05
73,1607797200,0.29985110000000004,0.2998694,0.027427299999999998,-0.6484105,1.0672069999999998,0.44342360000000003,0.9747301,0.8204877000000002,0.003602578,0.12622260000000002,1.8534200000000003e-05,2.1234704999999999e-07,2.1567559e-07,3.0603686e-07,4.865252e-07,5.6642748e-07,9.499054999999998e-07,2.279916e-06,0.10043219,0.04942412,6.388201000000001e-05,102.7019,83.20223,9.95842e-06,6.274900999999999,0.007612473999999999,3.1640300000000003,0.0007361078680000001,6.68568224e-05,0.014629820000000002,8.817116,0.0007361078680000001,6.68568224e-05,0.005512603,13.2327732,0.0007361078680000001,6.68568224e-05,0.0017175467,13.0194572,0.0007361078680000001,6.68568224e-05,0.004280312,8.252376999999999e-07,1.91462e-05,0.03306024,0.7013385000000001,-1.791891000000003e-05,-0.0027692840000000003,-0.0031611129999999992,7.704478e-07,9.681068e-06
73,1607797800,0.3036478,0.30366640000000006,0.02688418,-0.6841432999999999,1.072757,0.44995889999999994,0.9757431999999999,0.8258502,0.0030604070000000002,0.1267061,1.9013480000000002e-05,4.8683291e-07,3.9418988e-07,5.229590799999999e-07,7.379138e-07,9.178983599999999e-07,1.4808810100000002e-06,3.3228858e-06,0.10214974000000002,0.04960753,5.822924999999999e-05,94.87142,82.84195,1.0090606999999999e-05,6.3563670000000005,0.007631156,3.174013,0.0007220530399999999,6.56139396e-05,0.014693600000000001,8.864018,0.0007220530399999999,6.56139396e-05,0.0055672000000000004,14.221142,0.0007220530399999999,6.56139396e-05,0.001787973,13.95933,0.0007220530399999999,6.56139396e-05,0.004301497,1.6272844000000002e-06,1.9973860000000003e-05,-0.29544428699999997,21.2647937,0.0052361508000000005,-0.00275185,-0.003158292,4.0996146e-06,4.5878142e-05
73,1607798400,0.2892779,0.2892962,0.029325670000000005,-0.6262520000000001,1.0529204,0.432637,0.9613792,0.8094248,0.00340045,0.1215761,1.868675e-05,4.9238472e-07,5.084421399999999e-07,6.3416972e-07,8.491109e-07,1.03860833e-06,1.5860652000000001e-06,3.3521544e-06,0.09497278999999999,0.04960334,5.344861000000001e-05,98.82298,84.42957,9.608211e-06,6.1134450000000005,0.007544387,3.09205,0.0006078333699999999,5.51129146e-05,0.014289940000000001,8.415534,0.0006078333699999999,5.51129146e-05,0.0054785300000000006,12.503072,0.0006078333699999999,5.51129146e-05,0.0016736826,12.205016,0.0006078333699999999,5.51129146e-05,0.004274609,8.095541000000001e-07,1.90818e-05,-0.016763031000000005,0.719507,-7.871919999999999e-05,-0.002788386,-0.003165747,7.295054000000001e-07,9.547461e-06
73,1607799000,0.2886544999999999,0.28867240000000005,0.02766459,-0.649866,1.053971,0.43420119999999995,0.9561666000000001,0.8055245,0.003726994,0.12299260000000001,1.859712e-05,4.823644399999999e-07,5.028689e-07,6.223616e-07,8.299652e-07,9.934075e-07,1.5087302999999999e-06,3.1427453e-06,0.09469306,0.04957317,5.2315749999999995e-05,99.30766,84.46682000000001,9.588800999999998e-06,6.361105,0.0074714840000000005,3.0464700000000002,0.0008486848999999999,7.7125306e-05,0.01419838,8.286124000000001,0.0008486848999999999,7.7125306e-05,0.005563977999999999,15.255766,0.0008486848999999999,7.7125306e-05,0.001797536,15.155857000000003,0.0008486848999999999,7.7125306e-05,0.004257159,8.439255e-07,1.8949869999999998e-05,0.008691319999999999,16.096993199999996,0.00399006426,-0.002768388,-0.003156308,7.961689e-07,1.0391475e-05
73,1607799600,0.4000502,0.40006840000000005,0.02455561,-0.6291659000000001,1.213873,0.5098041,1.1183977,0.9527915999999997,0.0057089670000000006,0.1705914,1.9273270000000002e-05,1.10196908e-06,1.14251294e-06,1.3659659e-06,1.7801533e-06,2.2396183e-06,3.3443503000000002e-06,6.7927828e-06,0.14993803999999997,0.050006110000000006,6.204509e-05,91.96202,76.21545,1.3278090999999998e-05,6.3765339999999995,0.008709898999999998,4.1757480000000005,0.00069192384,6.276853599999999e-05,0.01768752,13.088574,0.00069192384,6.276853599999999e-05,0.005368203,12.657603700000001,0.00069192384,6.276853599999999e-05,0.0016490642,12.4812885,0.00069192384,6.276853599999999e-05,0.004278901,9.633302e-07,1.926764e-05,0.021878482,1.786646,0.0013788067599999998,-0.0026495040000000004,-0.003092801,7.465793000000001e-07,9.7733e-06
73,1607800200,0.414667,0.41468530000000003,0.02445673,-0.558599,1.247288,0.5143834,1.1502339999999998,0.9866176,0.006479933,0.17532889999999998,1.948519e-05,1.2647258e-06,1.3133685e-06,1.5528553e-06,2.0430809e-06,2.518674e-06,3.7851080999999997e-06,7.417019999999999e-06,0.1573064,0.04994165,6.417857e-05,93.61016,74.52118,1.376293e-05,6.5773079999999995,0.008960909,4.385274999999999,0.0007570463380000001,6.8744992e-05,0.018317209999999997,13.88755,0.0007570463380000001,6.8744992e-05,0.005562513999999999,14.316127599999998,0.0007570463380000001,6.8744992e-05,0.0018602128000000002,14.128468900000001,0.0007570463380000001,6.8744992e-05,0.0042724289999999995,9.893093e-07,1.923701e-05,0.021884640000000004,3.3238323000000003,0.0019878944999999998,-0.002633018,-0.00308278,7.369591e-07,1.0130936e-05
73,1607800800,0.3826978,0.38271639999999996,0.026526160000000003,-0.6503089,1.187251,0.5052727,1.0981450000000001,0.9407163000000001,0.004254415,0.159569,1.8814729999999997e-05,5.6509106e-07,5.8303069e-07,7.502407900000001e-07,1.1175669e-06,1.3982041e-06,2.3034957999999996e-06,5.0386816e-06,0.1410794,0.05019006,6.689801e-05,91.69134,76.38219999999998,1.2711579999999999e-05,6.25745,0.008556405999999999,4.022724999999999,0.0006782885299999999,6.1491278e-05,0.01734658,12.3582,0.0006782885299999999,6.1491278e-05,0.005507433999999999,13.031398000000001,0.0006782885299999999,6.1491278e-05,0.0017714201,12.747139999999998,0.0006782885299999999,6.1491278e-05,0.0042785589999999995,9.541942999999998e-07,1.925862e-05,0.03092416,0.9837790000000002,0.00080649753,-0.002652231,-0.003080166,7.344608e-07,9.539982000000001e-06
73,1607801400,0.2996726,0.29969060000000003,0.02876588,-0.6697935,1.064471,0.4444564000000001,0.973905,0.8214251000000001,0.002448011,0.12555560000000002,1.861698e-05,5.6706898e-07,5.925568100000001e-07,7.3007371e-07,1.0132306999999999e-06,1.26852937e-06,1.9486631e-06,4.0664679e-06,0.10042521999999998,0.04934308,5.694739000000001e-05,95.05906,83.17707,9.9487e-06,6.222753,0.007617556,3.167774,0.0007338095599999999,6.663966299999999e-05,0.014618079999999997,8.799392000000001,0.0007338095599999999,6.663966299999999e-05,0.0054016080000000005,13.59444,0.0007338095599999999,6.663966299999999e-05,0.0016394165000000003,13.4063625,0.0007338095599999999,6.663966299999999e-05,0.004255797,8.380430000000001e-07,1.8949000000000004e-05,0.0015458900000000005,0.8104291,0.00045204538,-0.002740421,-0.0031303439999999993,7.413640000000001e-07,9.659138000000001e-06
73,1607802000,0.328363,0.3283813,0.02435534,-0.6831811,1.1180569999999999,0.46909999999999996,1.0097927999999998,0.8632014,0.003712951,0.14150100000000002,1.923858e-05,9.745285e-07,1.0324672999999998e-06,1.2341287999999998e-06,1.6599430000000001e-06,2.0541972e-06,3.1775984e-06,6.347674000000001e-06,0.11495753999999998,0.049141649999999995,6.437562e-05,92.25929,80.13888,1.0891364e-05,6.653331,0.007928047000000002,3.4610010000000004,0.000327631732,2.9472098199999996e-05,0.015660749999999998,10.084257,0.000327631732,2.9472098199999996e-05,0.005135213,7.3097556,0.000327631732,2.9472098199999996e-05,0.0013630814,6.880278999999999,0.000327631732,2.9472098199999996e-05,0.004278621,8.681383e-07,1.916766e-05,0.014809944000000002,6.309685700000001,0.0016283609000000004,-0.0027519479999999997,-0.003148097,7.178421000000001e-07,9.704261e-06
73,1607802600,0.32754210000000006,0.3275601,0.02450886,-0.6318348,1.1136319999999997,0.4633633,1.0182693999999999,0.8645514000000001,0.00413261,0.13711920000000002,1.8529079999999997e-05,4.2892610000000006e-07,4.4616504999999997e-07,5.664714e-07,8.030128000000001e-07,9.92061e-07,1.5689301999999998e-06,3.5108679000000006e-06,0.11453705,0.049170349999999995,5.411057999999999e-05,96.19395999999999,80.28797999999999,1.0877934999999999e-05,6.295106,0.007927303,3.4640700000000004,0.00069539888,6.3095036e-05,0.015620970000000001,10.063136,0.00069539888,6.3095036e-05,0.0053804510000000005,12.8879622,0.00069539888,6.3095036e-05,0.0016322955,12.674482999999999,0.00069539888,6.3095036e-05,0.004267867,9.000162e-07,1.910262e-05,0.06131448399999999,12.2954396,0.00314514392,-0.002726257,-0.003129652,7.935863999999999e-07,1.1084051e-05
73,1607803200,0.3058987000000001,0.30591709999999994,0.02451126,-0.6890028,1.0796590000000001,0.45292439999999995,0.9746929,0.8231875000000001,0.004400500999999999,0.13051659999999998,1.886604e-05,5.6010055e-07,5.8503761e-07,7.396982599999999e-07,1.0032582e-06,1.2606992e-06,1.9914691e-06,4.188522099999999e-06,0.10489202,0.047992480000000004,5.356223e-05,94.19878,81.61036999999999,1.0158227999999999e-05,6.291825,0.007696944,3.2323259999999996,0.00068591593,6.22369804e-05,0.01495049,9.207465,0.00068591593,6.22369804e-05,0.005409066,12.442809,0.00068591593,6.22369804e-05,0.001625184,12.210384000000001,0.00068591593,6.22369804e-05,0.004281311,8.044702e-07,1.913455e-05,0.021381267200000005,0.8039063000000001,-4.8281779999999994e-05,-0.0027891210000000003,-0.0031828330000000004,7.469919e-07,9.824910000000002e-06
73,1607803800,0.33749280000000004,0.33751089999999995,0.02417185,-0.7156115,1.112808,0.4797383999999999,1.019995,0.8718640000000001,0.0042232929999999995,0.1423068,1.8470779999999998e-05,4.3401400000000006e-07,4.5436150000000004e-07,5.8576238e-07,8.611927999999999e-07,1.0872159e-06,1.7713121e-06,4.0214342000000005e-06,0.12055020000000001,0.048130839999999994,5.568824e-05,93.62279,78.65037,1.120296e-05,6.361965,0.008068377,3.5636029999999996,0.00029879483300000005,2.6909079600000002e-05,0.01604147,10.574389,0.00029879483300000005,2.6909079600000002e-05,0.004992158,6.876086600000001,0.00029879483300000005,2.6909079600000002e-05,0.0012420976000000002,6.428009900000001,0.00029879483300000005,2.6909079600000002e-05,0.004247803,8.719588000000001e-07,1.8916490000000004e-05,0.004325962,0.7019032999999999,-0.00015770430999999997,-0.0026937339999999997,-0.003105465,7.254905e-07,9.549515e-06
73,1607804400,0.3342197,0.33423780000000003,0.02328322,-0.7650485999999999,1.106134,0.4821384,1.0091187,0.8618513,0.004686143,0.1414594,1.882804e-05,7.073199400000001e-07,7.3998928e-07,9.0721119e-07,1.2331626000000002e-06,1.5218443399999999e-06,2.3487826e-06,4.893875000000001e-06,0.11864966000000002,0.0483927,5.437248000000001e-05,94.45861,79.15859999999999,1.1091382999999999e-05,6.324860000000001,0.008056518000000002,3.5293040000000007,0.0004163611710000001,3.75781221e-05,0.01589352,10.391127000000001,0.0004163611710000001,3.75781221e-05,0.00512636,8.4405507,0.0004163611710000001,3.75781221e-05,0.0013675317999999998,8.04050311,0.0004163611710000001,3.75781221e-05,0.004260519999999999,8.523446e-07,1.9001009999999997e-05,-0.017894758000000004,1.6423751,0.0009596774399999999,-0.002727365,-0.003134022,7.556137e-07,9.719882e-06
73,1607805000,0.3210617,0.32108,0.024236180000000003,-0.6641927,1.11281,0.4623051,1.0045809999999997,0.8537511999999999,0.0036364640000000003,0.1374754,1.8745350000000002e-05,6.200219900000001e-07,6.343735000000001e-07,7.869897000000001e-07,1.056248e-06,1.2862283000000002e-06,1.9707223e-06,4.152689999999999e-06,0.1122824,0.048186589999999994,5.0651280000000006e-05,97.75301999999999,80.11557,1.066127e-05,6.559748000000001,0.007867802,3.3899699999999995,0.00083432947,7.580229199999999e-05,0.0154915,9.864659,0.00083432947,7.580229199999999e-05,0.005663026,15.888186999999999,0.00083432947,7.580229199999999e-05,0.0019157467,15.67362,0.00083432947,7.580229199999999e-05,0.004264427,8.531171000000001e-07,1.902824e-05,0.040495460000000004,6.5377133999999995,0.0027095197000000003,-0.002752451,-0.003147623,8.140687000000001e-07,1.0471219000000001e-05
73,1607805600,0.3204309,0.3204487,0.025816859999999997,-0.7233608,1.0857329999999998,0.467661,0.9994438999999999,0.8449007999999999,0.0032851060000000003,0.13338100000000003,1.853605e-05,4.6261162999999997e-07,4.7479442e-07,6.1764118e-07,8.815655000000002e-07,1.10739441e-06,1.8127730999999997e-06,4.032112e-06,0.11146829999999999,0.048676790000000004,6.03117e-05,96.54258,80.48087000000001,1.063637e-05,6.445089,0.007875609,3.3811549999999997,0.00061562533,5.5765071999999996e-05,0.01543146,9.787835,0.00061562533,5.5765071999999996e-05,0.005391553,11.207104,0.00061562533,5.5765071999999996e-05,0.0016404367,10.9622104,0.00061562533,5.5765071999999996e-05,0.004262498000000001,8.403348e-07,1.9009689999999998e-05,0.020638959999999998,0.6760552000000001,-8.43708e-05,-0.002729971,-0.003132324,7.402932e-07,9.658648000000002e-06
73,1607806200,0.3616788000000001,0.36169710000000005,0.022262450000000003,-0.8395750999999999,1.1342599999999998,0.5092903999999999,1.04107,0.8864144999999999,0.004191171,0.15124949999999998,1.889183e-05,8.214767e-07,8.5832693e-07,1.0276322e-06,1.3587733e-06,1.6877036999999998e-06,2.5380734e-06,5.2364163e-06,0.1313021,0.04946912999999999,5.3465359999999995e-05,93.74183000000001,77.43842,1.2010240000000002e-05,6.349171,0.008426644,3.8156310000000007,0.00076495742,6.9460107e-05,0.016756319999999998,11.53838,0.00076495742,6.9460107e-05,0.005484703,14.109837000000002,0.00076495742,6.9460107e-05,0.001770745,13.937999999999999,0.00076495742,6.9460107e-05,0.00424999,9.223531000000001e-07,1.897921e-05,0.011405650000000002,1.7313792,0.0015726058000000002,-0.002641119,-0.0030679949999999996,7.494245e-07,9.891264999999999e-06
73,1607806800,0.3248154,0.3248335,0.022928289999999997,-0.7045293,1.093421,0.4691135999999999,1.0055198,0.8549512,0.002650306,0.1357562,1.8451699999999998e-05,4.7983739e-07,4.796578199999999e-07,5.914902699999999e-07,8.239371e-07,9.6984996e-07,1.47081152e-06,3.1467643e-06,0.1133234,0.04903026,4.511922e-05,97.12765999999999,80.28921,1.0792209999999999e-05,5.929092,0.007927744,3.4429279999999998,0.00039251083999999994,3.5327348e-05,0.01560166,10.011058,0.00039251083999999994,3.5327348e-05,0.005176567,8.288129000000001,0.00039251083999999994,3.5327348e-05,0.0014344995,7.907310399999998,0.00039251083999999994,3.5327348e-05,0.004245486,8.659262e-07,1.8889970000000005e-05,0.029166239000000004,0.7241831000000001,0.00023747282999999996,-0.002698209,-0.0030995170000000004,7.338387000000001e-07,9.568989e-06
73,1607807400,0.3241360999999999,0.3241543,0.022891879999999996,-0.8129004,1.0872709999999999,0.47908420000000007,0.9941937,0.8394256,0.0033040020000000003,0.1362293,1.850971e-05,3.0838885999999996e-07,3.164752e-07,4.3156719e-07,6.615102999999998e-07,8.237432000000001e-07,1.3645866000000001e-06,3.2622231999999993e-06,0.11388329999999999,0.048122849999999995,5.423912e-05,98.80544,79.85846000000001,1.0761849e-05,6.356014,0.007984596,3.413413,0.00070092577,6.36383192e-05,0.015584030000000002,9.994787,0.00070092577,6.36383192e-05,0.005460115,13.127844,0.00070092577,6.36383192e-05,0.0017012513,12.8778326,0.00070092577,6.36383192e-05,0.004272809000000001,8.823347999999998e-07,1.912796e-05,0.004291399999999999,8.018877100000001,0.0028586556,-0.002736857,-0.003136624,7.530726e-07,1.0188376e-05
73,1607808000,0.32475880000000007,0.3247771,0.02223738,-0.7757146,1.0844960000000001,0.4753906,0.9917933000000001,0.8467759000000001,0.0034923040000000003,0.13588970000000003,1.870153e-05,4.1647252e-07,4.3067731999999996e-07,5.416829e-07,8.004165000000001e-07,9.522749e-07,1.5298600999999998e-06,3.533811e-06,0.1141977,0.04812222000000001,5.080029e-05,98.25791,79.71486999999999,1.078223e-05,6.413239,0.007968623999999999,3.45146,0.000972842765,8.85558013e-05,0.01567279,10.100138000000001,0.000972842765,8.85558013e-05,0.0057002549999999996,17.448046,0.000972842765,8.85558013e-05,0.0019296150000000002,17.364971200000003,0.000972842765,8.85558013e-05,0.0042758169999999995,8.499030999999999e-07,1.913219e-05,-0.002171030400000001,0.6988575,0.0002433728,-0.002748516,-0.0031388659999999997,7.741975e-07,9.802987000000002e-06
73,1607808600,0.32850530000000006,0.3285234,0.02357253,-0.7673175999999999,1.106095,0.47750999999999993,1.0013934,0.851426,0.003971575,0.1400857,1.85317e-05,3.6185371e-07,3.6894263e-07,4.7105705999999996e-07,6.662849e-07,7.7495435e-07,1.2200416999999998e-06,2.795405e-06,0.11565139999999999,0.04854614,4.793518e-05,98.98133999999999,79.70512000000001,1.0917159999999998e-05,6.042209,0.007999772999999998,3.479363,0.000630375122,5.7232748899999994e-05,0.015723679999999997,10.174425000000001,0.000630375122,5.7232748899999994e-05,0.005358122,12.633835,0.000630375122,5.7232748899999994e-05,0.0016034295000000001,12.304843000000002,0.000630375122,5.7232748899999994e-05,0.004269327999999999,9.507749000000001e-07,1.916307e-05,0.08003532799999999,11.5819237,0.00354520813,-0.0026774370000000004,-0.0030915870000000002,8.523643999999999e-07,1.1473641e-05
73,1607809200,0.293939,0.29395720000000003,0.023823340000000002,-0.7136628,1.048007,0.44367719999999994,0.952229,0.8055245000000001,0.0037418110000000003,0.12514720000000001,1.8758079999999998e-05,4.0823493000000004e-07,4.2889529e-07,5.418825899999999e-07,7.567905e-07,9.051016000000001e-07,1.4300262e-06,3.0316834e-06,0.09779228,0.04911948000000001,4.934816e-05,99.96256000000001,83.68758,9.761094e-06,6.323335,0.007600852,3.1213120000000005,0.0006643859700000001,6.023273599999999e-05,0.01446691,8.636639,0.0006643859700000001,6.023273599999999e-05,0.005301346,11.676115,0.0006643859700000001,6.023273599999999e-05,0.001486903,11.447604000000002,0.0006643859700000001,6.023273599999999e-05,0.004292971,8.558541999999999e-07,1.928341e-05,0.01317845,0.8392503,0.00054765017,-0.002763219,-0.0031542000000000002,7.286489e-07,9.682168e-06
73,1607809800,0.2844184,0.284437,0.030823219999999995,-0.5025716,1.0579079999999998,0.41731100000000004,0.9656544,0.8165123999999999,0.0032561689999999997,0.1194183,1.891529e-05,5.018986299999999e-07,5.3766732e-07,6.5243741e-07,8.700027e-07,1.0745959500000002e-06,1.6787327000000002e-06,3.4883103e-06,0.09339084,0.048751880000000004,5.690233000000001e-05,99.43700000000001,84.44181,9.442923e-06,6.39508,0.007433795,3.018579,0.000615455219,5.58339129e-05,0.014173170000000002,8.272896,0.000615455219,5.58339129e-05,0.005446306,12.23067,0.000615455219,5.58339129e-05,0.0016271043999999998,11.92223682,0.000615455219,5.58339129e-05,0.004294107,8.458999000000001e-07,1.928399e-05,0.009372090999999999,0.8446925999999999,0.00035944469999999996,-0.002783326,-0.003166924,7.499965e-07,9.702775e-06
73,1607810400,0.3128299,0.312848,0.024464790000000004,-0.7813931000000001,1.0841210000000001,0.46710250000000003,0.9804295000000002,0.8273503,0.004033373000000001,0.134167,1.9075910000000002e-05,7.64258e-07,8.221415400000002e-07,9.720821999999998e-07,1.2859036e-06,1.61165879e-06,2.4733644000000004e-06,5.0280923e-06,0.10778744,0.04856042,5.302948999999999e-05,93.30834,81.25456,1.0386916000000001e-05,6.189894,0.007844994999999999,3.312717,0.00070917111,6.4332299e-05,0.0151944,9.518022,0.00070917111,6.4332299e-05,0.005496696000000001,13.4211115,0.00070917111,6.4332299e-05,0.0017038109000000004,13.2228198,0.00070917111,6.4332299e-05,0.004284207,8.884825e-07,1.9235690000000002e-05,-0.03331405,5.979247899999999,0.0016974410300000004,-0.002747336,-0.003132729,7.403121999999999e-07,1.0063046e-05
73,1607811000,0.29811150000000003,0.2981296,0.02373073,-0.7536994,1.0557310000000002,0.45315199999999994,0.9587540999999999,0.8055246,0.004547417,0.12730020000000003,1.86892e-05,3.1586216e-07,3.4224563e-07,4.4026762e-07,6.591999e-07,8.23444e-07,1.3615698999999999e-06,3.0817195e-06,0.10061867,0.04837049,5.919038e-05,97.91056999999999,82.56808000000001,9.897559e-06,6.202826,0.007646862,3.1448050000000003,0.0006237674,5.6494110000000006e-05,0.014657499999999999,8.849989,0.0006237674,5.6494110000000006e-05,0.005428327,11.406952,0.0006237674,5.6494110000000006e-05,0.0016323770000000002,11.188701,0.0006237674,5.6494110000000006e-05,0.004282664,8.687953e-07,1.9205490000000004e-05,0.03228233900000001,3.6505433,0.0013058726000000002,-0.0027387419999999997,-0.0031384550000000005,7.482133000000001e-07,9.990661e-06
73,1607811600,0.3825937,0.3826119,0.01992219,-0.8542857999999999,1.159047,0.5195099,1.0576839,0.9069271999999999,0.00409406,0.1603546,1.8644540000000004e-05,3.808947e-07,3.9419539e-07,5.301057999999999e-07,8.161204e-07,1.0291617000000002e-06,1.7374255e-06,4.109810000000001e-06,0.14218269,0.04904137,6.306283999999999e-05,93.87469000000002,77.12634,1.2700976e-05,6.3577829999999995,0.008657546,4.046644000000001,0.00028491007,2.5497835e-05,0.01726515,12.533819,0.00028491007,2.5497835e-05,0.005167130000000001,7.2201255,0.00028491007,2.5497835e-05,0.0014230072,6.733763399999999,0.00028491007,2.5497835e-05,0.00428189,9.926455e-07,1.9316799999999998e-05,0.031606698600000004,4.2669977,0.00285317179,-0.0026457039999999996,-0.0030704120000000002,7.653198000000001e-07,1.0736942e-05
73,1607812200,0.348049,0.3480674,0.01941893,-0.8218657,1.1276214999999998,0.4938008,1.0166572,0.8648887000000001,0.0061274450000000005,0.14856799999999998,1.913674e-05,8.6537047e-07,9.2270412e-07,1.1092887000000002e-06,1.4363911e-06,1.80306417e-06,2.6933278000000006e-06,5.3704960999999995e-06,0.12594612,0.04800877,5.423762e-05,94.9123,78.25155,1.1550938e-05,6.350415,0.008257949999999998,3.6731290000000003,0.0005504388400000001,4.9788665000000004e-05,0.01630685,11.055254000000001,0.0005504388400000001,4.9788665000000004e-05,0.005483305,11.515203,0.0005504388400000001,4.9788665000000004e-05,0.0017311199999999998,11.166924999999999,0.0005504388400000001,4.9788665000000004e-05,0.004279402999999999,1.0427137e-06,1.933214e-05,-0.015097130000000004,13.9329565,0.005645290500000001,-0.002643038,-0.003056179,9.247805e-07,1.2171414e-05
73,1607812800,0.2696317,0.2696497,0.022137209999999997,-0.5276782,1.039195,0.41126769999999996,0.9346411,0.7863614,0.003405324,0.11554327,1.837476e-05,3.6710819e-07,3.9058749e-07,4.7348732000000006e-07,6.850049e-07,8.217571499999999e-07,1.25956438e-06,2.804842e-06,0.08550105,0.04925971999999999,4.777125e-05,101.90154,86.89595,8.946908e-06,6.270065,0.007280369,2.841923,0.00061452337,5.5668908e-05,0.01348748,7.506205,0.00061452337,5.5668908e-05,0.005407993,11.919542,0.00061452337,5.5668908e-05,0.0016197153000000002,11.621877999999999,0.00061452337,5.5668908e-05,0.004249831000000001,8.33862e-07,1.888627e-05,0.008019378000000002,4.0158947,0.00203761765,-0.002762331,-0.0031391289999999996,7.370953e-07,9.893714e-06
73,1607813400,0.27387189999999995,0.2738900999999999,0.029426680000000004,-0.31221730000000003,1.056896,0.3955191,0.9679045000000001,0.8169248,0.0028002980000000005,0.1144992,1.860776e-05,4.0952975000000003e-07,4.284659300000001e-07,5.3078486e-07,7.448656e-07,9.058506700000001e-07,1.3838203000000001e-06,2.9558574e-06,0.08769485,0.04918246999999999,5.067922e-05,102.11235,86.06703999999999,9.086506e-06,6.341786,0.0074375629999999995,2.8895690000000003,0.000839341832,7.63301646e-05,0.013677739999999999,7.692955,0.000839341832,7.63301646e-05,0.0055286730000000004,15.19471,0.000839341832,7.63301646e-05,0.0017306493999999998,15.069278999999998,0.000839341832,7.63301646e-05,0.004264743,8.363308000000001e-07,1.90232e-05,0.008241935,0.8070642000000001,0.00022898660000000008,-0.0027528400000000003,-0.0031385339999999997,7.870921999999999e-07,9.750927e-06
73,1607814000,0.44656609999999997,0.44658420000000004,0.02399801,-0.7980759999999999,1.2364890000000002,0.5558700999999999,1.1336213999999998,0.9828674,0.005590587,0.18870610000000002,1.8753490000000002e-05,9.664083e-07,9.908633199999998e-07,1.17840169e-06,1.5863945999999999e-06,1.9628687000000003e-06,2.9354121e-06,5.955527499999999e-06,0.17369722,0.04951003,5.891138e-05,94.01473,73.77871999999999,1.4833912e-05,6.257262,0.00940269,4.676131,0.000620151708,5.62729762e-05,0.018989970000000002,15.212504000000001,0.000620151708,5.62729762e-05,0.005276563,12.086361,0.000620151708,5.62729762e-05,0.0016257020000000001,11.8061738,0.000620151708,5.62729762e-05,0.004236538999999999,1.1119698e-06,1.905948e-05,0.010797802,0.5938627000000001,0.0006315221329999999,-0.0024756249999999995,-0.00293052,7.083144e-07,9.424129999999999e-06
73,1607814600,0.5615047000000001,0.5615227,0.015777839999999998,-1.278158,1.2993770000000002,0.6770576,1.194899,1.043094,0.0047638920000000005,0.23298669999999996,1.890409e-05,8.675528000000001e-07,8.889038399999999e-07,1.08608335e-06,1.5973310000000002e-06,1.9668029e-06,3.1056575e-06,6.806464300000001e-06,0.2303578,0.050311039999999994,6.622788000000001e-05,89.38269,67.98322999999999,1.8651310000000003e-05,6.210396,0.01109483,5.911611,0.00028744751,2.5705059299999995e-05,0.022224429999999996,20.28448,0.00028744751,2.5705059299999995e-05,0.0051504789999999995,7.142351000000001,0.00028744751,2.5705059299999995e-05,0.0015347280000000002,6.686630000000001,0.00028744751,2.5705059299999995e-05,0.0042592640000000005,1.2709630000000002e-06,1.940697e-05,0.0142981256,0.7104172,0.001734687528,-0.002369886,-0.0028482510000000004,7.452996e-07,9.776061e-06
73,1607815200,0.5769076,0.5769254,0.012553660000000003,-1.2859539999999998,1.2996750000000001,0.6858164,1.2052859999999999,1.055583,0.005535514,0.23994900000000002,1.950788e-05,1.5206811e-06,1.5941816799999997e-06,1.88077728e-06,2.4877129999999996e-06,2.9614755e-06,4.4648032e-06,8.771381e-06,0.2378241,0.05054586,5.8405099999999994e-05,89.20252,67.58174999999999,1.916047e-05,6.230420999999999,0.011295920000000001,6.1184080000000005,0.0006300059600000001,5.709912299999999e-05,0.022620380000000002,21.02109,0.0006300059600000001,5.709912299999999e-05,0.005355086,12.549787,0.0006300059600000001,5.709912299999999e-05,0.001766305,12.242923999999999,0.0006300059600000001,5.709912299999999e-05,0.004250383,1.376672e-06,1.941516e-05,0.017051897599999997,11.734325199999999,0.0062343453,-0.002326917,-0.0028082229999999994,8.870417999999999e-07,1.1929702e-05
73,1607815800,0.5750192000000001,0.5750374,0.01810148,-1.2411889999999999,1.3323420000000001,0.6815887,1.2196120000000001,1.0621061,0.006845351999999999,0.2444306,1.94587e-05,1.4934834e-06,1.5703188e-06,1.8159253000000001e-06,2.4479760000000003e-06,2.9852272999999997e-06,4.5041459e-06,9.045572e-06,0.23732390000000003,0.050088940000000005,7.144846999999999e-05,88.37605,67.64563,1.9093359999999996e-05,6.365438,0.01114414,6.0419149999999995,0.0005275822200000001,4.7689149e-05,0.02250712,20.87403,0.0005275822200000001,4.7689149e-05,0.005317243,10.97979,0.0005275822200000001,4.7689149e-05,0.001729566,10.671788,0.0005275822200000001,4.7689149e-05,0.004254421,1.2951820000000002e-06,1.938188e-05,0.005825649000000002,2.21951,0.0037381096,-0.0023651939999999997,-0.002839219,8.05582e-07,1.0588762e-05
73,1607816400,0.6352077,0.6352255,0.01494196,-1.226724,1.371004,0.7141194,1.28119,1.126423,0.007076957,0.2672029000000001,2.0038990000000002e-05,2.1331853999999997e-06,2.2298492599999998e-06,2.56917954e-06,3.4097531999999996e-06,4.2234375e-06,6.2916364e-06,1.2454711e-05,0.26918299999999995,0.04831138,7.318448e-05,86.18978,65.37418,2.1093040000000002e-05,6.342896,0.011694270000000001,6.660489,0.000443068701,4.00019526e-05,0.023966,23.64142,0.000443068701,4.00019526e-05,0.005165716999999999,10.102314999999999,0.000443068701,4.00019526e-05,0.0015866180000000001,9.649866200000002,0.000443068701,4.00019526e-05,0.004263969,1.3705640000000001e-06,1.9543250000000003e-05,0.028631144999999997,1.0783369999999999,0.0022799832,-0.002303293,-0.002805191,7.440011e-07,9.939278000000001e-06
73,1607817000,0.6347775999999999,0.6347957,0.0056609849999999995,-1.717984,1.129648,0.7538898,1.058357,0.9730051000000002,0.004664994,0.26354479999999997,1.993338e-05,1.7596362999999998e-06,1.8690075000000001e-06,2.2212962e-06,3.0995897e-06,4.019161800000001e-06,6.324973e-06,1.2933289e-05,0.27373450000000005,0.043535210000000005,8.473275e-05,83.89339000000001,63.804240000000014,2.10597e-05,6.465948,0.012745989999999999,6.68519,0.0011561326800000001,0.0001053536987,0.02425368,24.159779999999998,0.0011561326800000001,0.0001053536987,0.005794104,23.185729,0.0011561326800000001,0.0001053536987,0.002210624,23.114303,0.0011561326800000001,0.0001053536987,0.004271545,1.328576e-06,1.9574530000000002e-05,0.033886164,0.10873894899999999,0.00024671418,-0.002334128,-0.00279323,6.996064e-07,9.727272000000001e-06
73,1607817600,0.6906478999999999,0.6906661,0.0051178479999999995,-1.7363499999999998,1.175998,0.7866639999999999,1.087646,1.002257,0.006726451,0.2877329,1.9180009999999997e-05,1.0337688e-06,1.05468478e-06,1.2697098100000001e-06,1.8597323999999998e-06,2.308583e-06,3.6799998e-06,8.221397000000002e-06,0.3066968,0.03853561,7.074405999999999e-05,87.67455999999999,61.21153,2.2954879999999998e-05,6.069019,0.01337635,7.330938000000001,0.00048160955,4.3598346199999995e-05,0.025721929999999997,27.18305,0.00048160955,4.3598346199999995e-05,0.005421458999999999,13.662960000000002,0.00048160955,4.3598346199999995e-05,0.0018317169999999996,13.152944000000002,0.00048160955,4.3598346199999995e-05,0.004281005,1.427846e-06,1.974969e-05,-0.008553884999999997,0.8659148850000001,0.0017122259600000002,-0.002277635,-0.002747214,7.893855999999999e-07,1.0262328e-05
73,1607818200,0.7633977000000001,0.7634160999999999,0.009761045999999999,-1.68504,1.2933759999999999,0.8214290999999999,1.191973,1.0859952,0.00961617,0.3212226,2.018128e-05,2.1081977e-06,2.18607217e-06,2.62311927e-06,3.7053878e-06,4.6471382000000004e-06,7.2834719e-06,1.5006597000000003e-05,0.3468912,0.03467301,9.477733e-05,81.82873000000001,59.233819999999994,2.5343020000000003e-05,6.210494,0.013879440000000002,8.083508,0.0018589538000000003,0.00016966751400000003,0.02726766,30.65251,0.0018589538000000003,0.00016966751400000003,0.006150961,30.855373000000004,0.0018589538000000003,0.00016966751400000003,0.0026271699999999994,31.288148,0.0018589538000000003,0.00016966751400000003,0.004288574,1.482476e-06,1.986585e-05,0.020366136,1.41674528,0.0027433914000000005,-0.002225309,-0.002718025,7.75046e-07,1.0214619e-05
73,1607818800,0.7580314,0.7580498,0.011678035,-1.644118,1.3291169999999999,0.8148811,1.212,1.0953699999999997,0.009265643,0.3198329,1.93979e-05,1.3462992e-06,1.3657846999999999e-06,1.7061237e-06,2.5210090999999996e-06,3.2311448e-06,5.239779699999999e-06,1.1339697e-05,0.3428262,0.03606328000000001,9.807829e-05,81.60134000000001,59.65066,2.517706e-05,6.3388029999999995,0.013680810000000002,7.9757750000000005,0.00086354086,7.8436381e-05,0.027087129999999997,30.220689999999998,0.00086354086,7.8436381e-05,0.005767992,19.099505,0.00086354086,7.8436381e-05,0.002243796,18.782125999999998,0.00086354086,7.8436381e-05,0.004277965,1.489076e-06,1.976171e-05,0.057653285,7.55087812,0.0068275556,-0.002245296,-0.002737978,8.551597e-07,1.1621618000000002e-05
73,1607819400,0.9267012000000001,0.9267196,0.010100356,-1.659271,1.4562070000000003,0.9029451,1.32304,1.202285,0.009023894000000001,0.38907179999999997,2.097167e-05,2.8687932000000003e-06,2.94355594e-06,3.427492e-06,4.567842300000001e-06,5.6627593e-06,8.6042318e-06,1.6806184999999997e-05,0.42709730000000007,0.036115579999999994,9.014501000000001e-05,76.74835,57.838319999999996,3.079665e-05,6.03887,0.01517288,9.71718,0.00028249583999999996,2.5203977000000002e-05,0.030250439999999996,37.57222,0.00028249583999999996,2.5203977000000002e-05,0.005289510000000001,8.895411999999999,0.00028249583999999996,2.5203977000000002e-05,0.0018347539999999999,8.32255,0.00028249583999999996,2.5203977000000002e-05,0.004277694,1.740283e-06,2.001564e-05,-0.040620262,3.0095377700000006,0.0043546846,-0.002060927,-0.002587838,8.146466000000001e-07,1.0724715e-05
73,1607820000,0.9422915999999999,0.94231,0.005615,-1.7626380000000001,1.314115,0.9190142,1.233374,1.1487370000000001,0.007947128000000001,0.39107569999999997,2.079254e-05,2.8030808999999996e-06,2.9043893999999998e-06,3.4231331000000005e-06,4.5683506e-06,5.7530111e-06,8.866789e-06,1.7698721e-05,0.43717759999999994,0.03381697,0.00010252892,78.52725999999998,57.22178,3.130577e-05,6.471191,0.01560186,9.840541,0.00166780133,0.000152156831,0.03060311,38.394149999999996,0.00166780133,0.000152156831,0.005943346,29.185478,0.00166780133,0.000152156831,0.002510928,29.449103999999995,0.00166780133,0.000152156831,0.0042726330000000005,1.749165e-06,1.999443e-05,-0.14404722600000003,3.769964069999999,0.00253480318,-0.002049117,-0.002561164,8.229295000000001e-07,1.0956408999999999e-05
73,1607820600,0.8344289,0.8344469999999999,0.0070624699999999995,-1.7508499999999998,1.274927,0.8630017999999999,1.1760730000000001,1.086033,0.011688795,0.3526281,1.953864e-05,1.6719881e-06,1.6702361000000002e-06,2.0343457e-06,2.8585827000000004e-06,3.5736161e-06,5.6098900000000004e-06,1.1865072e-05,0.38169569999999997,0.03539413,9.340269e-05,79.81859,58.60422,2.77313e-05,6.193370000000001,0.014715,8.845649,0.00077004861,6.99010544e-05,0.028648810000000004,33.81445,0.00077004861,6.99010544e-05,0.0055822250000000006,17.526835000000002,0.00077004861,6.99010544e-05,0.0020870049999999994,17.113193,0.00077004861,6.99010544e-05,0.00426901,1.563736e-06,1.9770040000000005e-05,0.012491528000000002,2.57995823,0.0045603758000000005,-0.002166508,-0.0026552389999999998,8.590376000000001e-07,1.0798150000000001e-05
73,1607821200,1.0000278,1.0000466,0.01259555,-1.655872,1.4957319999999998,0.9358070000000002,1.3844299999999998,1.269412,0.014322552999999998,0.42522909999999997,2.1121789999999998e-05,3.1986777999999995e-06,3.3056415e-06,3.90199621e-06,5.1269707e-06,6.5471714e-06,1.00149368e-05,1.9842004000000002e-05,0.46737499999999993,0.032476649999999996,0.00010566155999999999,74.9836,56.5012,3.323142e-05,6.055680000000001,0.0157811,10.527628000000002,0.0009323850600000001,8.48251502e-05,0.03168464,41.25989,0.0009323850600000001,8.48251502e-05,0.005701114,19.203837999999998,0.0009323850600000001,8.48251502e-05,0.002279548,18.985626000000003,0.0009323850600000001,8.48251502e-05,0.004279776,1.8696669999999998e-06,2.0125379999999997e-05,0.10238332000000001,3.9171111999999995,0.0071219414,-0.001997107,-0.002542236,8.603239000000001e-07,1.1522197e-05
73,1607821800,1.1338104999999998,1.1338285000000001,0.010855909,-1.706486,1.5267849999999998,1.000572,1.426732,1.315802,0.01539703,0.4750195,2.0587930000000002e-05,2.550721e-06,2.6032611e-06,3.153613e-06,4.507955e-06,5.861904e-06,9.266250000000001e-06,1.958981e-05,0.5311918,0.03553391,0.00012888657,76.90412,56.33575,3.766288e-05,6.415769,0.01693412,11.90704,0.00146869089,0.000133891887,0.03373886000000001,46.771589999999996,0.00146869089,0.000133891887,0.006007335,26.891043000000003,0.00146869089,0.000133891887,0.002650683,27.003152,0.00146869089,0.000133891887,0.00427809,2.038552e-06,2.031111e-05,0.0016571229999999995,2.01536631,0.0055231992,-0.001855233,-0.002420001,8.817798999999999e-07,1.1505312000000001e-05
73,1607822400,1.2465230000000003,1.246542,0.00990268,-1.7452549999999998,1.6149879999999999,1.0537779999999999,1.445442,1.340329,0.019169360000000003,0.521399,1.9951960000000002e-05,1.8562451e-06,1.8000348299999996e-06,2.19198263e-06,3.2788760000000002e-06,3.9793886e-06,6.0706154e-06,1.2870569000000002e-05,0.5879310999999999,0.035177339999999994,0.00011857594,79.5506,55.689840000000004,4.1451199999999994e-05,5.852751,0.017944549999999997,13.177330000000001,0.0017261933499999997,0.000157545366,0.035543830000000005,51.864419999999996,0.0017261933499999997,0.000157545366,0.0061504490000000005,33.141974,0.0017261933499999997,0.000157545366,0.002798674,33.351557,0.0017261933499999997,0.000157545366,0.0043378159999999995,3.196426e-06,2.170106e-05,-0.256613289,34.4097449,0.018321841,-0.001719813,-0.0023113820000000003,2.3998315000000002e-06,2.4591625e-05
73,1607823000,0.9768896,0.9769075,0.017619859999999998,-1.668854,1.581122,0.9252801000000002,1.3514279999999999,1.242414,0.016046283999999997,0.41399669999999994,1.9470690000000002e-05,1.2004121e-06,1.1921011199999998e-06,1.5804454e-06,2.5733822e-06,3.4106548999999997e-06,5.7297257e-06,1.2908295999999999e-05,0.4579692999999999,0.030298559999999995,0.00014642498,79.43923000000001,56.25840000000001,3.246190000000001e-05,5.983718999999999,0.01562626,10.337467,0.0007699572100000001,6.990700500000001e-05,0.03125473,40.36022,0.0007699572100000001,6.990700500000001e-05,0.005635864000000001,17.414229,0.0007699572100000001,6.990700500000001e-05,0.002191929,17.074854,0.0007699572100000001,6.990700500000001e-05,0.004340002000000001,2.95157e-06,2.142958e-05,0.20551587999999996,62.898991699999996,0.0248796616,-0.0019890769999999997,-0.002555147,2.7440017e-06,2.9007000000000002e-05
73,1607823600,0.9846866999999999,0.9847047,0.01954749,-1.661871,1.6571760000000002,0.9255203,1.3599799999999997,1.265963,0.00747758,0.4098713,1.953313e-05,1.4817542e-06,1.5214509e-06,2.0999161999999995e-06,3.3325698e-06,4.6206421e-06,7.730512999999999e-06,1.6331694000000002e-05,0.46723539999999997,0.02490474,0.0001645467,76.04123,55.131139999999995,3.271907e-05,6.227604,0.015669129999999996,10.36471,0.0016842521300000004,0.000153642273,0.03159178,40.96773,0.0016842521300000004,0.000153642273,0.006215343999999999,31.970074000000004,0.0016842521300000004,0.000153642273,0.00280116,32.143145,0.0016842521300000004,0.000153642273,0.004384944,4.323682999999999e-06,2.27832e-05,0.17978912,76.11144999999999,0.031162699999999998,-0.0018831860000000002,-0.002483134,3.873656e-06,3.241336e-05
73,1607824200,1.1385322999999998,1.1385513,0.01702781,-1.665745,1.7716290000000001,0.9945144000000001,1.4521199999999999,1.3560029999999998,0.011585912,0.47488290000000005,1.999119e-05,1.669259e-06,1.8295448e-06,2.2163027000000003e-06,3.5216298e-06,4.607315600000001e-06,7.552198e-06,1.5841863e-05,0.5455905999999999,0.02348942,0.00014680843000000002,75.74589999999999,54.16582999999999,3.785416e-05,6.017398,0.01695741,12.10865,0.0009387285299999999,8.531478999999999e-05,0.03422441,48.15199,0.0009387285299999999,8.531478999999999e-05,0.0058287339999999995,21.184722999999998,0.0009387285299999999,8.531478999999999e-05,0.002439567,20.823287,0.0009387285299999999,8.531478999999999e-05,0.004405251000000001,5.063196e-06,2.361366e-05,0.25797749999999997,68.08356,0.032136099999999994,-0.0016679939999999997,-0.002300693,4.264035e-06,3.3900010000000005e-05
73,1607824800,1.391485,1.3915039999999999,0.012050265000000001,-1.71295,1.8643700000000003,1.1033724999999999,1.5127590000000002,1.438283,0.015244547,0.5893388999999999,2.100541e-05,2.7968275000000003e-06,2.9096334199999997e-06,3.4750861e-06,5.346126e-06,6.6074416e-06,1.0414682000000001e-05,2.0666395e-05,0.6725976,0.02294623,0.00014402387999999997,73.51471000000001,53.37991000000001,4.628164e-05,6.053050000000001,0.01895363,14.84681,0.0009757476500000001,8.879930549999999e-05,0.037945599999999996,59.34435,0.0009757476500000001,8.879930549999999e-05,0.005792159,22.867528,0.0009757476500000001,8.879930549999999e-05,0.0024796899999999997,22.426431700000002,0.0009757476500000001,8.879930549999999e-05,0.004450975,6.3976640000000004e-06,2.4937780000000002e-05,0.11411520000000001,60.721019999999996,0.033664950000000006,-0.001553897,-0.002216767,5.090776e-06,3.525329e-05
73,1607825400,1.51225,1.5122689999999999,0.008368632999999999,-1.7363810000000002,1.843557,1.153675,1.509196,1.4636689999999999,0.011083015,0.623733,2.038197e-05,2.2846709e-06,2.3463514e-06,3.1155154000000005e-06,4.948268e-06,6.611591999999999e-06,1.1156696e-05,2.4569789000000003e-05,0.7340823,0.02182527,0.00015959151,74.61281,52.916959999999996,5.0263200000000004e-05,6.320577,0.01988182,15.97962,0.00159250909,0.0001452894021,0.039697420000000004,64.63246,0.00159250909,0.0001452894021,0.0061478900000000005,32.453986,0.00159250909,0.0001452894021,0.0028882770000000003,32.431209,0.00159250909,0.0001452894021,0.0044073,5.298258000000001e-06,2.385254e-05,0.09558823999999999,60.008074999999984,0.031782497,-0.001475644,-0.002143465,4.3180879e-06,3.677025e-05
73,1607826000,1.574004,1.574024,0.010070322000000001,-1.7167279999999998,1.93431,1.170373,1.573473,1.522097,0.018489903999999998,0.6578907,2.201428e-05,3.9644674e-06,4.15691181e-06,5.157982399999999e-06,7.434773e-06,9.8738121e-06,1.5608369e-05,3.1284372e-05,0.7660321,0.020727310000000002,0.00016175595,70.51174,52.685249999999996,5.230551e-05,6.261063,0.02026419,16.841549999999998,0.0012986649,0.00011832032600000002,0.040551380000000005,67.78243,0.0012986649,0.00011832032600000002,0.005941398,28.573381,0.0012986649,0.00011832032600000002,0.002677863,28.339110500000004,0.0012986649,0.00011832032600000002,0.00445271,6.370993e-06,2.4980470000000004e-05,0.07090419699999999,57.739200000000004,0.032665469999999995,-0.001432462,-0.002126011,4.966926000000001e-06,3.612603e-05
73,1607826600,1.2758974,1.2759142,0.014532610000000001,-1.68704,1.8650830000000003,1.0539209,1.5045840000000001,1.41207,0.013650084000000002,0.5352960999999999,2.0895129999999998e-05,3.0854953999999998e-06,3.1744782999999995e-06,3.9921043e-06,6.0071629999999995e-06,8.323731e-06,1.2510679000000001e-05,2.3286252000000003e-05,0.6126971,0.02503307,0.00015461929999999999,74.5931,54.02692,4.241207999999999e-05,6.180766,0.01803622,13.707638,0.00121000383,0.00011017273599999999,0.036154030000000004,53.87227,0.00121000383,0.00011017273599999999,0.005851056,25.216826,0.00121000383,0.00011017273599999999,0.002538512,25.063119000000004,0.00121000383,0.00011017273599999999,0.004534143000000001,9.15782e-06,2.7604050000000002e-05,-0.20035799,59.90832,0.035848,-0.001581342,-0.002268298,7.3440709999999995e-06,4.425564e-05
73,1607827200,1.1174431,1.1174589,0.007952355,-1.729693,1.7638280000000002,0.9931854000000001,1.349403,1.2757520000000002,0.025938531000000004,0.5078115,2.078784e-05,2.6005537e-06,2.8478828000000006e-06,3.907719e-06,6.170433e-06,8.8196e-06,1.4167301999999998e-05,2.7499109999999996e-05,0.5327883,0.025677899999999997,0.00018607269999999998,74.54144,54.645540000000004,3.7125409999999996e-05,6.569087000000001,0.01718144,12.271989999999999,0.00041905806,3.7788822999999996e-05,0.033851400000000004,47.22566,0.00041905806,3.7788822999999996e-05,0.005370349000000001,12.218985,0.00041905806,3.7788822999999996e-05,0.001985047,11.627143999999998,0.00041905806,3.7788822999999996e-05,0.004642258,1.180609e-05,3.032043e-05,0.06194637000000001,47.87362,0.03604458000000001,-0.001599816,-0.0022822679999999996,8.598606e-06,5.014901e-05
73,1607827800,1.285665,1.2856839999999998,0.008797318000000002,-1.739463,1.8226679999999997,1.068196,1.440081,1.362716,0.015855008999999996,0.5490927000000001,2.0468450000000002e-05,2.5105972e-06,2.7004623e-06,3.6136958000000007e-06,5.805303e-06,8.276479e-06,1.2937010000000002e-05,2.4839969e-05,0.6119292,0.03067169,0.0001690216,77.42138,54.77982000000001,4.272967e-05,6.3097650000000005,0.01839972,13.95196,0.00143665119,0.00013101306499999998,0.03624755,53.96283999999999,0.00143665119,0.00013101306499999998,0.006006717999999999,28.428611,0.00143665119,0.00013101306499999998,0.002700926,28.411458,0.00143665119,0.00013101306499999998,0.004609660000000001,1.147109e-05,2.986733e-05,0.01418760999999999,45.669439999999994,0.03623735,-0.001377009,-0.002109822,7.899859e-06,4.492681e-05
73,1607828400,1.2155200000000002,1.215538,0.008388231999999999,-1.730757,1.788879,1.0355749,1.406519,1.3324909999999999,0.010979665999999999,0.5079429999999999,2.0984600000000002e-05,2.8829868999999997e-06,3.0964947e-06,4.1009025e-06,6.340501000000001e-06,8.966863e-06,1.3955038e-05,2.6048387999999993e-05,0.5822815,0.025241000000000003,0.0001697652,76.65069000000001,54.19563000000001,4.0397580000000006e-05,6.4685109999999995,0.01806348,13.51086,0.0008845726599999999,8.05032938e-05,0.03553253,51.99225,0.0008845726599999999,8.05032938e-05,0.0056934989999999994,21.083621,0.0008845726599999999,8.05032938e-05,0.0023081819999999998,20.697443999999997,0.0008845726599999999,8.05032938e-05,0.004622686,1.1314368e-05,2.9936329999999995e-05,0.4318899,51.09851,0.03824906,-0.001452022,-0.0021727989999999996,8.703859e-06,5.742967e-05
73,1607829000,1.2499660000000001,1.249984,0.006059268,-1.7309759999999996,1.7653660000000002,1.0487173,1.411357,1.342918,0.015140663999999998,0.5311719,2.0620720000000002e-05,2.6150017e-06,2.8519695e-06,3.810595e-06,5.975599e-06,8.386085e-06,1.3425965999999999e-05,2.5284870000000004e-05,0.6010806,0.02368166,0.0001557736,74.1729,53.83295999999999,4.1540139999999995e-05,6.489198,0.01826059,13.68825,0.0015850836,0.0001446095125,0.035987029999999996,53.36364999999999,0.0015850836,0.0001446095125,0.006106835,31.252201000000003,0.0015850836,0.0001446095125,0.0027670769999999997,31.2637056,0.0015850836,0.0001446095125,0.004616517,1.133156e-05,2.987142e-05,0.060049669999999986,48.491110000000006,0.03540185,-0.0013709814999999998,-0.002123358,7.693474e-06,4.133937e-05
73,1607829600,1.3760419999999998,1.376061,-0.00080122726,-1.7259430000000002,1.760193,1.0997619999999997,1.471132,1.3990189999999998,0.02117102,0.5884818999999999,2.0434439999999998e-05,2.3110703e-06,2.4374615999999996e-06,3.5270398999999998e-06,6.016435e-06,8.584286000000002e-06,1.4581045000000001e-05,2.8893019999999997e-05,0.6635128000000001,0.02427347,0.00016669909,73.51581999999999,53.56361999999999,4.572813e-05,6.390039,0.019337669999999998,15.054570000000002,0.0004831986,4.3569737000000005e-05,0.037760209999999995,58.608349999999994,0.0004831986,4.3569737000000005e-05,0.0056463880000000004,16.387287999999998,0.0004831986,4.3569737000000005e-05,0.002351473,15.703482000000003,0.0004831986,4.3569737000000005e-05,0.004691039,1.309628e-05,3.1661989999999995e-05,-0.07865087000000001,37.01526,0.035293670000000006,-0.0009979729,-0.001892206,7.914104e-06,4.3571180000000006e-05
73,1607830200,1.1535889000000001,1.1536078,0.00536024,-1.7506610000000002,1.646076,1.0107107,1.313516,1.265138,0.018952914,0.49402020000000013,2.0526579999999996e-05,2.4131955999999997e-06,2.6484702e-06,3.6096282e-06,5.698998e-06,8.358166999999999e-06,1.3514069000000002e-05,2.5105479e-05,0.5537737,0.022792109999999997,0.0001651693,73.74804,54.00331,3.833487e-05,6.418623000000001,0.017618369999999998,12.58958,0.00173835955,0.000158626926,0.034438619999999996,48.75591,0.00173835955,0.000158626926,0.0060290859999999995,31.1384857,0.00173835955,0.000158626926,0.002666718,31.3754993,0.00173835955,0.000158626926,0.004626871,1.1265361999999998e-05,2.981214e-05,0.05270087999999999,47.339,0.03762643,-0.001532417,-0.00222965,8.0023e-06,4.506416e-05
73,1607830800,1.326852,1.326868,0.0008926678700000003,-1.751164,1.7625520000000001,1.084399,1.3942940000000001,1.35833,0.012682594,0.5569705,2.1908980000000002e-05,4.0441243e-06,4.3724783e-06,5.593836e-06,8.183009e-06,1.1476201999999999e-05,1.7474261e-05,3.346488e-05,0.6396869,0.02333365,0.00031631410000000003,72.58167,53.557759999999995,4.407050999999999e-05,6.501393,0.01884487,14.43075,0.0016636238699999997,0.000151730573,0.037094890000000005,56.485580000000006,0.0016636238699999997,0.000151730573,0.006004946,30.742722999999994,0.0016636238699999997,0.000151730573,0.0027171390000000004,30.896450000000005,0.0016636238699999997,0.000151730573,0.004623667999999999,1.1914349999999999e-05,3.0364460000000004e-05,-0.30147977600000003,45.848459999999996,0.036856839999999995,-0.001333863,-0.0020657979999999998,8.231040999999998e-06,5.050852e-05
73,1607831400,1.376971,1.37699,-0.0044702,-1.7390069999999997,1.7653650000000003,1.1007580000000001,1.408467,1.387394,0.012339293,0.5754767,2.204243e-05,3.9131348e-06,4.218691200000001e-06,5.543538e-06,8.056123e-06,1.1282542e-05,1.7336645000000002e-05,3.454018999999999e-05,0.6679272,0.02012417,0.0003465753,70.10194999999999,52.996399999999994,4.5751199999999997e-05,6.509205,0.018955180000000002,14.54528,0.00110949822,0.0001010968796,0.037661139999999996,58.13336999999999,0.00110949822,0.0001010968796,0.005926488000000001,26.239414999999997,0.00110949822,0.0001010968796,0.0026585239999999998,25.953154,0.00110949822,0.0001010968796,0.004613659,1.1221125e-05,2.9819990000000002e-05,-0.05573612,48.75604,0.03648598,-0.0013482910000000002,-0.002080265,7.951248e-06,5.028204e-05
73,1607832000,1.330723,1.330743,-0.006220737,-1.739309,1.691639,1.0836599999999998,1.3963560000000002,1.362155,0.013480559999999999,0.5584545000000001,2.1753510000000002e-05,3.836537300000001e-06,4.016420499999999e-06,4.9493384e-06,6.910380899999999e-06,9.0660959e-06,1.4861186e-05,3.0081313999999998e-05,0.644442,0.02049157,0.00035106279999999997,71.38013,53.14905,4.4215489999999996e-05,6.251067000000001,0.01860992,13.86863,0.00206889458,0.00018894963749999997,0.0370062,56.114869999999996,0.00206889458,0.00018894963749999997,0.00617935,35.69300700000001,0.00206889458,0.00018894963749999997,0.002900112,36.079661,0.00206889458,0.00018894963749999997,0.004411057,5.294685000000001e-06,2.3786e-05,0.12893408,62.387440000000005,0.03156739,-0.0015945190000000002,-0.002254334,4.404645999999999e-06,3.573701e-05
73,1607832600,1.1906880000000002,1.190706,-0.0086397068,-1.7226050000000002,1.572349,1.0220732000000001,1.3696920000000001,1.303015,0.012593216999999999,0.5021042,2.137915e-05,3.0006275e-06,3.1288588e-06,3.8167462e-06,5.299082e-06,6.870049000000001e-06,1.0577763000000001e-05,2.1315821e-05,0.5749331,0.02015035,0.00020415796000000002,74.36166,53.43588,3.9579230000000004e-05,6.217573,0.01780321,12.605170000000001,0.00058957635,5.3313003000000004e-05,0.03510084,50.580619999999996,0.00058957635,5.3313003000000004e-05,0.005553743,16.569495,0.00058957635,5.3313003000000004e-05,0.0021687639999999997,16.027474599999998,0.00058957635,5.3313003000000004e-05,0.004415188999999999,4.785633999999999e-06,2.3391230000000003e-05,0.241442113,63.35382,0.031497000000000004,-0.0017090870000000002,-0.002346809,3.459303e-06,3.0353549999999997e-05
73,1607833200,1.18896,1.1889760000000003,-0.009599789,-1.739228,1.544559,1.0231118000000001,1.336203,1.2780379999999998,0.010778985,0.4957427,2.001369e-05,2.2136758e-06,2.2772764e-06,2.9388715e-06,4.4673188e-06,6.0137635e-06,9.775701999999999e-06,2.0598406e-05,0.5724883,0.02168185,0.00025875949999999996,73.52278,53.69707,3.950763e-05,6.2769010000000005,0.017788050000000003,12.59075,0.00106644751,9.720144449999999e-05,0.03505379,50.45345,0.00106644751,9.720144449999999e-05,0.005657158000000001,22.1986306,0.00106644751,9.720144449999999e-05,0.002312203,22.081998699999996,0.00106644751,9.720144449999999e-05,0.0043659630000000005,4.51114e-06,2.2815249999999998e-05,-1.052286712,86.31425022,0.0272060971,-0.001757947,-0.002370631,4.307414799999999e-06,3.7177062e-05
73,1607833800,1.2926249999999997,1.2926440000000001,-0.006957282999999999,-1.7502019999999998,1.6492270000000002,1.0705360000000002,1.391892,1.3387550000000001,0.010434548000000002,0.5358039,1.960605e-05,1.7549386e-06,1.8422197e-06,2.5813752e-06,4.3203340000000005e-06,5.931068999999999e-06,9.915089999999999e-06,2.0192437e-05,0.6179938,0.02800514,0.0002666009,75.23715999999999,54.38724,4.296941e-05,6.181573,0.01859452,13.81072,0.0012253642000000001,0.0001116706238,0.036366789999999996,54.2629,0.0012253642000000001,0.0001116706238,0.0057496069999999995,24.711007,0.0012253642000000001,0.0001116706238,0.0024596139999999997,24.65918284,0.0012253642000000001,0.0001116706238,0.004467173,7.931900000000001e-06,2.6133669999999995e-05,-0.4849933,64.02811,0.03317491000000001,-0.0015985720000000001,-0.0022514659999999997,6.623575e-06,4.337240999999999e-05
73,1607834400,1.3035979999999998,1.303616,-0.007718865000000001,-1.751915,1.6582630000000003,1.076796,1.421106,1.3476430000000001,0.010077559,0.5433434,2.1920410000000002e-05,4.1707611e-06,4.4317449e-06,5.442275e-06,7.552784e-06,9.984463000000001e-06,1.5428326e-05,3.017742e-05,0.6162185,0.035234360000000006,0.0002650059,75.49118000000001,55.449299999999994,4.329562e-05,6.511812999999999,0.018699600000000004,13.847579999999999,0.00127177217,0.00011590351750000002,0.03638220999999999,54.329660000000004,0.00127177217,0.00011590351750000002,0.0057998880000000004,26.819344,0.00127177217,0.00011590351750000002,0.002494836,26.6441194,0.00127177217,0.00011590351750000002,0.004418449999999999,6.191004e-06,2.447434e-05,0.013499780000000006,69.13564,0.032964879999999995,-0.0016737120000000002,-0.0022911420000000004,5.340875000000001e-06,3.801229e-05
73,1607835000,1.302654,1.302672,0.0026921249,-1.767513,1.6682009999999998,1.080265,1.401081,1.3386770000000001,0.012631609999999998,0.5450632000000001,2.028591e-05,2.3483041999999996e-06,2.4165961e-06,3.1021998e-06,4.84049e-06,6.358201000000001e-06,1.0257187e-05,2.0597591e-05,0.6175354,0.033613920000000005,0.00012594901,76.7292,55.20886,4.329442e-05,6.311216,0.01860178,13.769900000000002,0.0010412672299999997,9.4715329e-05,0.03636669,54.22474999999999,0.0010412672299999997,9.4715329e-05,0.0056846200000000005,21.213925,0.0010412672299999997,9.4715329e-05,0.002380255,20.989059,0.0010412672299999997,9.4715329e-05,0.004420301999999999,6.119991e-06,2.4440509999999998e-05,-0.05513664000000003,65.04841444000002,0.03127638310999999,-0.001688409,-0.002293028,5.3109425e-06,4.0592250000000004e-05
73,1607835600,1.274751,1.274769,-0.0114334865,-1.732929,1.5307600000000001,1.062558,1.4409049999999999,1.338642,0.009391097000000001,0.5269984,1.9684230000000002e-05,1.6192672999999999e-06,1.5204392e-06,1.9300044e-06,3.0174372000000004e-06,3.7258641e-06,6.155320799999999e-06,1.4356444e-05,0.6041101,0.03300049,0.00023110509999999998,78.80922999999999,55.21345,4.238765999999999e-05,6.18193,0.01858125,13.596880000000002,0.00088855712,8.0702025e-05,0.036145079999999996,53.67817,0.00088855712,8.0702025e-05,0.005835932,21.556939999999997,0.00088855712,8.0702025e-05,0.002482783,21.16608,0.00088855712,8.0702025e-05,0.00428965,2.193888e-06,2.0562380000000004e-05,-1.053804776,43.16107239,0.006550616599999999,-0.001824224,-0.002418791,1.3694218e-06,1.8065306e-05
73,1607836200,1.3852609999999999,1.3852790000000001,-0.011942089,-1.733974,1.5827740000000001,1.107897,1.4980189999999998,1.3944789999999998,0.009971339,0.569081,2.063858e-05,2.7675819000000004e-06,2.8441328e-06,3.5831323e-06,5.250157e-06,6.982968999999999e-06,1.1523048000000001e-05,2.5278038e-05,0.6568427,0.03544066,0.00028620920000000007,73.36641,55.157630000000005,4.601463e-05,6.394037000000001,0.01927926,14.626769999999999,0.00106925159,9.732745299999999e-05,0.03761516,58.05961,0.00106925159,9.732745299999999e-05,0.005864447,26.875351000000002,0.00106925159,9.732745299999999e-05,0.0025581389999999996,26.502651200000003,0.00106925159,9.732745299999999e-05,0.004277525999999999,2.184108e-06,2.046951e-05,0.0033590190000000013,0.389481325,0.0028109392,-0.001710751,-0.002330507,7.75155e-07,1.0555242e-05
73,1607836800,1.390663,1.3906809999999998,-0.009142288000000002,-1.748314,1.5507849999999999,1.109218,1.4604059999999999,1.381467,0.015741397999999997,0.5850612,2.0766620000000003e-05,2.9787988999999996e-06,2.96340018e-06,3.5840316999999997e-06,5.0172958e-06,6.39336791e-06,1.015150234e-05,2.1539379000000002e-05,0.6601345,0.034847790000000003,0.00029303179999999997,76.90561,55.13167000000001,4.621989e-05,5.945010000000001,0.019252599999999998,14.66027,0.00060901572,5.525473589999999e-05,0.03761454000000001,58.24511,0.00060901572,5.525473589999999e-05,0.005566092,18.658386,0.00060901572,5.525473589999999e-05,0.002265495,18.049400999999996,0.00060901572,5.525473589999999e-05,0.004268246,2.1612919999999997e-06,2.0376040000000006e-05,0.022763194,-0.048420751,0.0007713652099999999,-0.001710681,-0.002298799,7.416929e-07,1.0004818e-05
73,1607837400,1.523937,1.5239559999999999,-0.010837918,-1.730537,1.634862,1.158598,1.541671,1.465919,0.013591371,0.6321348999999999,2.083015e-05,3.0821518000000004e-06,3.1118229e-06,3.8414848e-06,5.6395270000000005e-06,7.365127e-06,1.1997782e-05,2.5994225e-05,0.7324069,0.02918389,0.00031437759999999995,73.86077,53.931529999999995,5.061846e-05,6.236409,0.02006351,15.937940000000001,0.0015276331599999998,0.0001393282211,0.03960337,64.41751000000001,0.0015276331599999998,0.0001393282211,0.00598509,32.811945,0.0015276331599999998,0.0001393282211,0.0027445629999999998,32.7708768,0.0015276331599999998,0.0001393282211,0.004280726,2.561514e-06,2.084519e-05,0.05469599989999998,9.499092025,0.0083827845,-0.0015402340000000001,-0.002207535,1.0569273e-06,1.4146282e-05
73,1607838000,1.3172640000000002,1.3172840000000001,-0.00229591436,-1.7746219999999997,1.499071,1.0861550000000002,1.41113,1.3546930000000001,0.007709925000000001,0.5406369,2.071721e-05,2.7963591000000003e-06,2.8294016000000003e-06,3.4246655999999997e-06,4.8603305e-06,6.0681351e-06,9.6260847e-06,2.0483265e-05,0.6135286000000001,0.04475550000000001,0.0002966721,78.42025,56.85174000000001,4.376991000000001e-05,6.263426,0.018536950000000003,13.73235,0.00215619501,0.0001969507215,0.03622629,53.848209999999995,0.00215619501,0.0001969507215,0.006305064999999999,41.003195,0.00215619501,0.0001969507215,0.003001582,41.342006,0.00215619501,0.0001969507215,0.004280637,2.1113920000000004e-06,2.042943e-05,0.004156330000000001,0.21079902,0.0016891161,-0.0017618059999999999,-0.0023500969999999998,7.114579999999999e-07,1.0124027000000002e-05
73,1607838600,1.5390730000000001,1.5390899999999998,-0.0025020489999999997,-1.77288,1.673152,1.1729470000000002,1.519022,1.458421,0.009310977000000002,0.6316583,2.12616e-05,3.5468835000000006e-06,3.6592322e-06,4.401834900000001e-06,6.2119574999999996e-06,7.957047e-06,1.25592684e-05,2.6277241999999998e-05,0.7241247,0.04500039,0.0003433145,76.24232,55.90312,5.11381e-05,6.265731999999999,0.020031010000000002,16.07379,0.0007163009,6.4987664e-05,0.03934608,63.55740999999999,0.0007163009,6.4987664e-05,0.005666005,19.997985,0.0007163009,6.4987664e-05,0.002460801,19.498352,0.0007163009,6.4987664e-05,0.004267693,2.7248820000000003e-06,2.0838159999999997e-05,0.136713982,15.792627360000001,0.012834799499999999,-0.001524061,-0.002158867,1.4896929e-06,1.8726858e-05
73,1607839200,1.6389570000000002,1.6389749999999998,-0.0035795220000000003,-1.7697979999999998,1.644314,1.208585,1.5530739999999998,1.5061609999999999,0.00974917,0.6693981,2.0485099999999998e-05,2.7780177999999997e-06,2.74404432e-06,3.3167581499999998e-06,4.8401557e-06,6.0078894e-06,9.643526799999997e-06,2.0700923000000003e-05,0.7749724,0.04411966999999999,0.00033416939999999997,78.98082000000001,55.436220000000006,5.44868e-05,6.040882000000001,0.020713389999999998,17.15605,0.00248508652,0.00022706706799999996,0.040727969999999995,68.11438,0.00248508652,0.00022706706799999996,0.006464985999999999,46.6952256,0.00248508652,0.00022706706799999996,0.003295,47.153769499999996,0.00248508652,0.00022706706799999996,0.004264116,2.596268e-06,2.0743379999999997e-05,0.052572004900000004,2.8690198400000004,0.006074287499999999,-0.001471,-0.002129221,8.649094e-07,1.2132837e-05
73,1607839800,1.785785,1.785801,0.0010890498,-1.751261,1.761466,1.257019,1.669139,1.578876,0.018085515000000003,0.7393129,1.961821e-05,1.9694456000000004e-06,1.90800153e-06,2.6016639e-06,4.2918502e-06,5.7975362e-06,1.0291072e-05,2.4327083e-05,0.852979,0.03949366000000001,0.0003668834,77.45936,54.48716999999999,5.934717e-05,6.2338070000000005,0.02152866,18.678050000000002,0.00161382911,0.000147181717,0.042726589999999995,74.98342,0.00161382911,0.000147181717,0.00613701,33.781028000000006,0.00161382911,0.000147181717,0.0029952969999999996,33.755142,0.00161382911,0.000147181717,0.004265507,2.7975830000000003e-06,2.0956449999999998e-05,0.032002454,0.28909295,0.0038452370000000005,-0.001339418,-0.002035164,7.567257000000002e-07,1.0589221000000001e-05
73,1607840400,1.6477790000000003,1.647797,0.0067212569,-1.733915,1.7339790000000002,1.201724,1.641986,1.5466229999999999,0.014471879999999998,0.6811429999999999,2.242694e-05,4.882156500000001e-06,5.0240046e-06,5.900661400000001e-06,7.88462e-06,9.942477e-06,1.5120317000000001e-05,3.0820954e-05,0.7902388,0.033255219999999995,0.00031113260000000003,73.67302999999998,54.102639999999994,5.475005e-05,6.239611999999999,0.02057987,17.333620000000003,0.0008848818,8.0356209e-05,0.04108674,69.69752000000001,0.0008848818,8.0356209e-05,0.005863314,22.319033,0.0008848818,8.0356209e-05,0.002671456,21.88769,0.0008848818,8.0356209e-05,0.0042692649999999995,2.5893929999999997e-06,2.079435e-05,-0.006889699999999999,0.8460695500000002,0.0038169481000000006,-0.0014595899999999998,-0.0021245820000000003,7.703938e-07,1.0946393e-05
73,1607841000,1.408738,1.408756,-0.0028254537999999997,-1.757013,1.519619,1.1155240000000002,1.437569,1.393506,0.015636888,0.5870588999999999,2.1759729999999996e-05,3.9116325000000005e-06,4.08790717e-06,4.98727001e-06,6.9187966e-06,9.1059393e-06,1.4685896099999998e-05,3.059961e-05,0.6756835999999999,0.02826455,0.0003426021,71.99727999999999,54.09198,4.679153e-05,6.355554,0.01912862,14.679319999999999,0.00066190276,6.003273699999999e-05,0.03794674,59.260889999999996,0.00066190276,6.003273699999999e-05,0.005629535,20.382134999999998,0.00066190276,6.003273699999999e-05,0.0023472849999999997,19.750423,0.00066190276,6.003273699999999e-05,0.004271567,2.3444580000000003e-06,2.0581619999999998e-05,0.0160382815,-0.04573412,0.0011798921000000001,-0.0016201419999999998,-0.002244762,7.883267999999998e-07,1.0227305000000002e-05
73,1607841600,1.4324499999999998,1.43247,-0.0032303618,-1.763412,1.52652,1.12666,1.45572,1.4055050000000002,0.010684701999999999,0.5853484,2.0999e-05,3.2030595e-06,3.3319714099999994e-06,4.1247815e-06,6.0022714000000006e-06,7.950775299999998e-06,1.3061256899999997e-05,2.7945201000000004e-05,0.6826094,0.03316536,0.0003816362,74.16712,54.66101,4.758003e-05,6.375936,0.019262100000000004,14.904959999999999,0.00137198981,0.00012510843240000002,0.03811974,59.81653,0.00137198981,0.00012510843240000002,0.005862857000000001,28.153237,0.00137198981,0.00012510843240000002,0.002613056,28.05358800000001,0.00137198981,0.00012510843240000002,0.00427431,2.329697e-06,2.059182e-05,0.019502893,-0.044753434,0.0011653950999999999,-0.0016282339999999999,-0.0022440999999999997,7.161968000000001e-07,1.0316916000000002e-05
73,1607842200,1.5161829999999998,1.5162020000000003,0.039447158,-1.468939,2.718082,1.149115,1.593199,1.4992959999999997,0.056246315000000005,1.0807777,2.069221e-05,3.2740936e-06,3.5962279000000004e-06,4.7047072e-06,6.914461700000002e-06,9.770349000000001e-06,1.58571536e-05,3.4330505e-05,0.7250652,0.029767179999999997,0.0031780010999999998,75.60622999999998,54.24092,5.0344919999999994e-05,6.348475,0.01959128,15.972900000000001,0.0008782672399999999,7.9859782e-05,0.03921353,63.4182,0.0008782672399999999,7.9859782e-05,0.005781321,23.1513239,0.0008782672399999999,7.9859782e-05,0.002578591,22.6900039,0.0008782672399999999,7.9859782e-05,0.004341019,2.1653907999999998e-05,3.9849169999999996e-05,-2.7588208999999995,211.86859744000003,0.05975308799999999,-0.001440668,-0.002097847,5.733610649999998e-05,0.0006044813
73,1607842800,1.848885,1.848903,0.01706667,-1.648414,2.0139620000000003,1.264564,1.865082,1.7417770000000001,0.023383179,0.7683959,2.339086e-05,5.910947000000001e-06,6.070449800000001e-06,7.0922643e-06,9.528889e-06,1.1825814500000001e-05,1.7848762e-05,3.5341099000000003e-05,0.8893487,0.03468005,0.00031464609999999995,73.54343,53.80641999999999,6.145631000000001e-05,6.2746249999999995,0.02146428,19.385640000000002,0.0033259062,0.00030403152,0.04363355,78.26003,0.0033259062,0.00030403152,0.006883053,58.93839999999999,0.0033259062,0.00030403152,0.003776885,59.939640999999995,0.0033259062,0.00030403152,0.004278894,3.522826e-06,2.167706e-05,1.014620965,64.731976038,0.021192986,-0.0012751219999999998,-0.002014394,2.3288108e-06,2.9556086999999998e-05
73,1607843400,1.9578309999999999,1.9578510000000002,0.007091996899999999,-1.704139,2.0335739999999998,1.3103090000000002,1.8364660000000002,1.7276399999999998,0.027001162000000002,0.8392324999999999,1.9535669999999998e-05,1.5758041999999998e-06,1.3622696e-06,1.7949405000000001e-06,3.1933811e-06,3.6950744e-06,6.093608699999999e-06,1.4799151000000002e-05,0.9422506,0.036238599999999996,0.0003932474,77.32950000000001,53.750069999999994,6.513205000000002e-05,5.713146,0.022451660000000002,20.788410000000002,0.0011023702399999998,0.00010027481699999998,0.045065900000000006,83.46284,0.0011023702399999998,0.00010027481699999998,0.0060423690000000006,26.743035000000003,0.0011023702399999998,0.00010027481699999998,0.002918119,26.309656999999998,0.0011023702399999998,0.00010027481699999998,0.004340893,4.627989e-06,2.297697e-05,-0.24704117553,28.059186266,0.0210532106,-0.0011756530999999998,-0.001924082,2.9332703999999997e-06,3.0028126e-05
73,1607844000,1.9105050000000001,1.9105210000000004,0.0053405284,-1.724001,2.076964,1.295192,1.7753800000000002,1.682076,0.020285964,0.8052485,2.345216e-05,5.732674000000001e-06,5.9043415000000006e-06,7.029383e-06,9.693559e-06,1.2488172000000002e-05,1.9103816999999998e-05,3.7571520999999995e-05,0.9220666000000002,0.0327526,0.00033000959999999997,71.62509,53.466910000000006,6.350133000000001e-05,6.357283000000001,0.022256579999999998,20.28527,0.00097046866,8.822604099999999e-05,0.044533079999999996,81.50623,0.00097046866,8.822604099999999e-05,0.005977227,26.810381,0.00097046866,8.822604099999999e-05,0.002828724,26.251301,0.00097046866,8.822604099999999e-05,0.004399208,5.672987e-06,2.418738e-05,0.04326695950000001,44.00353004,0.029707438000000003,-0.0011978745,-0.001925149,4.0867261000000004e-06,3.3024720000000004e-05
73,1607844600,2.151638,2.1516550000000003,0.0020799924000000003,-1.6986350000000001,2.146941,1.3696160000000002,1.9025090000000002,1.810367,0.028707594999999995,0.9066620000000001,2.216476e-05,4.3928863e-06,4.360853190000001e-06,5.1689448000000005e-06,7.2990507e-06,8.873550999999998e-06,1.3559470099999999e-05,2.7627428e-05,1.0458224999999999,0.029568699999999996,0.000352257,72.47936000000001,52.830079999999995,7.157064e-05,5.6466400000000005,0.02358665,22.952019999999997,0.00212068342,0.000193570844,0.047458730000000005,92.82233,0.00212068342,0.000193570844,0.006274675,38.80699499999999,0.00212068342,0.000193570844,0.0031688259999999996,39.06880099999999,0.00212068342,0.000193570844,0.004336106,4.344394e-06,2.2770310000000002e-05,0.10666424000000004,23.244608588000002,0.0204815503,-0.0010517342,-0.0018286069999999999,2.2277587999999997e-06,2.3922947e-05
73,1607845200,2.005213,2.0052320000000003,0.006459266000000001,-1.7226779999999997,2.107152,1.328639,1.8311050000000002,1.7280529999999998,0.01152694,0.8208260000000001,2.1691369999999998e-05,3.5938792999999995e-06,3.5928705e-06,4.3440127e-06,6.372205e-06,7.974966e-06,1.2438397999999997e-05,2.5855387999999997e-05,0.9681773999999999,0.03402056,0.0003405071,74.26480000000001,53.41951,6.668246000000001e-05,5.982687,0.022846169999999996,21.365000000000002,0.00200719711,0.00018319140500000004,0.0457259,85.87351999999998,0.00200719711,0.00018319140500000004,0.006472464999999999,40.529282,0.00200719711,0.00018319140500000004,0.0033368210000000002,40.77043690000001,0.00200719711,0.00018319140500000004,0.004380112,4.966387e-06,2.354325e-05,-0.14641438,46.09476294,0.028337289000000005,-0.001171849,-0.001914376,3.5578511000000003e-06,3.227682e-05
73,1607845800,1.7788329999999999,1.778852,0.010763614999999999,-1.725892,1.960146,1.252614,1.7371269999999999,1.629762,0.014502525999999998,0.7368984,2.1204709999999998e-05,3.416051e-06,3.3897332e-06,4.0642151e-06,5.961906e-06,7.4555316e-06,1.18917795e-05,2.4773795e-05,0.852976,0.03602762999999999,0.0003484773,74.41681,54.107580000000006,5.9148620000000006e-05,5.8960479999999995,0.02133061,18.65584,0.0027883564,0.00025482475439999995,0.04275322,75.08221999999999,0.0027883564,0.00025482475439999995,0.0065131880000000005,49.80091,0.0027883564,0.00025482475439999995,0.003362625,50.586873999999995,0.0027883564,0.00025482475439999995,0.004316278999999999,3.568484e-06,2.1940689999999997e-05,0.08583990999999999,20.79965001,0.016434707799999997,-0.0013322070000000002,-0.002034475,1.8187948e-06,2.0138825e-05
73,1607846400,1.956316,1.9563359999999999,0.0010940778,-1.7499409999999997,2.054238,1.314189,1.7071269999999998,1.6538,0.018709628,0.8120892000000002,2.1092819999999997e-05,3.1683410000000003e-06,3.1436248e-06,3.935082e-06,6.052431e-06,7.697644e-06,1.2056431e-05,2.5301643000000003e-05,0.9430156000000001,0.0347385,0.00033974950000000004,74.57602999999999,53.59266,6.505051999999999e-05,6.1414,0.02279915,20.976850000000002,0.0008548781500000002,7.7613883e-05,0.045137300000000005,83.78437,0.0008548781500000002,7.7613883e-05,0.005952034,24.93278,0.0008548781500000002,7.7613883e-05,0.0027851399999999998,24.3506212,0.0008548781500000002,7.7613883e-05,0.004434235999999999,6.714491e-06,2.524562e-05,-0.14638934000000003,56.63201,0.03354217,-0.0011534313,-0.001904264,5.653452999999999e-06,4.1898949999999996e-05
73,1607847000,2.043115,2.043134,-0.00057194012,-1.7481450000000003,2.037587,1.3432499999999998,1.7168029999999999,1.6884519999999998,0.01734194,0.8515729000000001,2.0729000000000004e-05,2.7839302000000004e-06,2.9647626e-06,4.0766246999999995e-06,6.86422e-06,9.412829e-06,1.5659045e-05,3.3783108999999996e-05,0.9870455000000001,0.034054810000000005,0.0003789189,73.14488,53.3639,6.792267000000001e-05,6.148408999999999,0.02339167,21.985770000000002,0.00159939682,0.00014593449099999998,0.04615666,87.44910999999999,0.00159939682,0.00014593449099999998,0.006132685000000001,36.266296,0.00159939682,0.00014593449099999998,0.003011939,36.0802342,0.00159939682,0.00014593449099999998,0.004538227000000001,1.0018204e-05,2.854787e-05,-0.31759060000000006,50.49776,0.0359145,-0.0010030489,-0.001783241,7.300416000000001e-06,4.334252e-05
73,1607847600,1.871078,1.871097,0.0001502041,-1.74598,2.016437,1.285488,1.664188,1.616338,0.020902715,0.7837951,2.1135719999999996e-05,3.3644576999999996e-06,3.4735074e-06,4.5297196e-06,7.181738000000001e-06,9.555134999999998e-06,1.5195437999999996e-05,2.9265310999999996e-05,0.9033111,0.03180678,0.0003465737,72.73295999999999,53.455600000000004,6.220775000000001e-05,6.0556220000000005,0.02239628,20.29232,0.00124151168,0.000113051689,0.044066129999999995,79.82441000000001,0.00124151168,0.000113051689,0.0059595559999999995,26.737595,0.00124151168,0.000113051689,0.002814748,26.6075315,0.00124151168,0.000113051689,0.004604722,1.2015945000000001e-05,3.0446039999999996e-05,-0.17331069999999998,47.09895999999999,0.035393970000000004,-0.0010432203999999998,-0.0018226750000000004,8.308854e-06,4.372269e-05
73,1607848200,1.838871,1.8388909999999996,-0.000649618,-1.7464559999999998,1.98036,1.2738999999999998,1.6381999999999999,1.594772,0.015560561999999997,0.7709929000000001,2.0175769999999995e-05,2.3037485999999998e-06,2.548382e-06,3.861601e-06,6.957854e-06,1.0610391e-05,1.8351971e-05,3.6506209999999993e-05,0.8863864999999999,0.03257681,0.0003886111,74.64134999999999,53.574389999999994,6.109301000000001e-05,6.61844,0.02238235,20.12602,0.00110056748,0.00010014864650000001,0.04379405,78.81996,0.00110056748,0.00010014864650000001,0.006016446,30.795273,0.00110056748,0.00010014864650000001,0.002827335,30.259932599999996,0.00110056748,0.00010014864650000001,0.00463207,1.207869e-05,3.066969e-05,-0.1384782,42.53365,0.035979109999999995,-0.0010784864,-0.0018460249999999998,7.840094e-06,4.4859670000000005e-05
73,1607848800,1.5724760000000002,1.572496,0.007351339,-1.725866,1.9793860000000003,1.175353,1.6012989999999998,1.521684,0.018753765999999998,0.6594927,2.1853399999999996e-05,3.6749013e-06,3.7839464000000005e-06,4.7965445e-06,7.132962000000001e-06,9.584056000000002e-06,1.4740522999999998e-05,2.7426111999999998e-05,0.7565465,0.02931234,0.0003046037,73.30568000000001,53.837630000000004,5.2273740000000003e-05,5.908159,0.02028543,16.92464,0.0013964305199999998,0.00012732182500000002,0.040272050000000004,66.64061000000001,0.0013964305199999998,0.00012732182500000002,0.005989558000000001,31.276632,0.0013964305199999998,0.00012732182500000002,0.002736549,30.9946574,0.0013964305199999998,0.00012732182500000002,0.004644102000000001,1.148179e-05,3.019813e-05,0.11419855999999999,42.92916999999999,0.03503209,-0.001290113,-0.002026982,7.5809379999999995e-06,4.112038999999999e-05
73,1607849400,1.742471,1.74249,0.0018379276000000003,-1.6976149999999997,2.039651,1.229367,1.6551870000000002,1.6107110000000002,0.014283134,0.7240461,2.07703e-05,2.5718011e-06,2.6706991999999998e-06,3.7408280000000006e-06,6.267908999999999e-06,8.699802e-06,1.4505727999999999e-05,2.7712130000000007e-05,0.8550211999999998,0.01582162,0.00032443099999999997,72.23666,51.8443,5.795219e-05,6.309434,0.021488029999999998,19.01973,0.0016987674200000004,0.000154959274,0.04294943,75.83588999999999,0.0016987674200000004,0.000154959274,0.006311264,36.938759000000005,0.0016987674200000004,0.000154959274,0.0031003670000000006,36.842408,0.0016987674200000004,0.000154959274,0.004657957999999999,1.2337380000000004e-05,3.103698e-05,0.009200140000000006,42.98615,0.03728846,-0.001138788,-0.0019059330000000003,8.277805999999999e-06,4.706168e-05
73,1607850000,2.0751250000000003,2.075143,0.007827703,-1.701305,2.239641,1.3446120000000001,1.838607,1.767579,0.013348684,0.8561564,2.3761520000000004e-05,5.9850388e-06,6.331279100000001e-06,7.961795e-06,1.1611440000000001e-05,1.6249334e-05,2.5130666000000004e-05,4.786723e-05,1.0128182,0.024268949999999997,0.00034931129999999993,70.11098,52.367,6.89544e-05,6.418318999999999,0.02337483,22.557799999999997,0.00143671865,0.0001309075064,0.04673636,89.65157,0.00143671865,0.0001309075064,0.006201487,31.9093035,0.00143671865,0.0001309075064,0.0030745720000000002,31.7374241,0.00143671865,0.0001309075064,0.004672797,1.335324e-05,3.205188e-05,-0.10540214,40.8261,0.03776674000000001,-0.0008926595,-0.0017191420000000003,8.801273e-06,4.918719e-05
73,1607850600,1.665746,1.665764,0.02022771,-1.619563,2.1650929999999997,1.1920350000000002,1.7553910000000001,1.671275,0.02720192,0.7209875,2.375937e-05,5.6429756e-06,6.109499300000001e-06,7.748784999999998e-06,1.0797010000000003e-05,1.543564e-05,2.3734118e-05,4.541578e-05,0.8139662,0.01842447,0.00036152909999999995,69.9214,52.23796,5.534142e-05,6.540018000000001,0.0208325,18.420830000000002,0.0015133302,0.0001378867,0.042065469999999994,72.83633,0.0015133302,0.0001378867,0.00623259,30.280735999999997,0.0015133302,0.0001378867,0.0029945320000000003,30.248935,0.0015133302,0.0001378867,0.004664991,1.279447e-05,3.144302e-05,-0.05763100000000001,44.06188,0.03732798999999999,-0.001142499,-0.001981371,8.829203e-06,4.926652000000001e-05
73,1607851200,1.44388,1.4439000000000002,0.018393829999999996,-1.6063120000000002,2.068787,1.108625,1.655713,1.5637600000000003,0.027927649000000006,0.640439,2.1217940000000002e-05,3.1289687999999995e-06,3.3652949e-06,4.687568e-06,7.16479e-06,1.0235402999999998e-05,1.6688789e-05,3.13759e-05,0.7016272,0.02001062,0.000223201,71.90521000000001,52.819950000000006,4.7989469999999996e-05,6.34876,0.01910462,15.68957,0.0014176169,0.00012913528999999998,0.0387838,61.84923,0.0014176169,0.00012913528999999998,0.006144104,28.007360999999996,0.0014176169,0.00012913528999999998,0.002873153,27.934715,0.0014176169,0.00012913528999999998,0.0046854209999999995,1.2930559999999998e-05,3.168385e-05,-0.018515609999999995,47.37388,0.03936094,-0.001309075,-0.002099071,9.150345e-06,5.0936509999999997e-05
73,1607851800,1.573656,1.573676,0.013225836000000001,-1.632797,2.1275899999999996,1.1607340000000002,1.695465,1.6020870000000003,0.020009156,0.6716966,2.067243e-05,2.3664034000000004e-06,2.4944457e-06,3.6006929999999997e-06,6.049316999999999e-06,8.651375e-06,1.4340514999999999e-05,2.7985389999999997e-05,0.7619874,0.024571890000000002,0.00020199290000000002,73.14416000000001,53.19982,5.231361e-05,6.3355179999999995,0.020029409999999997,17.16842,0.00101569519,9.2282504e-05,0.040363319999999994,67.21197,0.00101569519,9.2282504e-05,0.006127413,25.247854999999998,0.00101569519,9.2282504e-05,0.0028784880000000002,24.832794999999997,0.00101569519,9.2282504e-05,0.004677618,1.3012749999999998e-05,3.169973e-05,-0.03952516,46.24065,0.0406613,-0.001252315,-0.0020374499999999997,8.810402e-06,5.59218e-05
73,1607852400,2.1016179999999998,2.101636,0.009900672,-1.70641,2.252393,1.3549039999999999,1.84142,1.7754549999999998,0.03171088,0.9095515000000001,2.3705060000000002e-05,6.0055617e-06,6.3872600999999995e-06,8.135069999999999e-06,1.2041409e-05,1.6546442e-05,2.6172035999999998e-05,5.1162959999999995e-05,1.0253926000000002,0.02502797,0.000256843,69.33226,52.41277,6.981737e-05,6.31048,0.023358419999999998,22.45117,0.00055718801,5.0321488e-05,0.046870869999999995,90.27486000000002,0.00055718801,5.0321488e-05,0.005817048,18.946212600000003,0.00055718801,5.0321488e-05,0.002725331,18.155193500000003,0.00055718801,5.0321488e-05,0.0046795330000000005,1.3783140000000001e-05,3.245183e-05,-0.08804177999999999,40.24995,0.03778152,-0.000847317,-0.0016713519999999999,8.999175e-06,5.012895e-05
73,1607853000,2.3090110000000004,2.309031,0.007960014,-1.6617640000000002,2.407423,1.4123290000000002,2.0182740000000003,1.922083,0.019261309999999997,0.9635231000000001,2.4274959999999998e-05,6.496494e-06,6.991847999999999e-06,8.899167e-06,1.2947155e-05,1.7882189e-05,2.9124020000000002e-05,5.7184560000000005e-05,1.1260090000000003,0.02808227,0.0002660856,69.83879,52.45509,7.671610000000001e-05,6.551437999999999,0.024347519999999997,24.882220000000004,0.00373782738,0.000341743199,0.04916964,99.36474000000001,0.00373782738,0.000341743199,0.007113623000000001,66.51419000000001,0.00373782738,0.000341743199,0.004088315,67.632342,0.00373782738,0.000341743199,0.004660168000000001,1.3694759999999999e-05,3.224379e-05,-0.22545482,39.0592,0.037266530000000006,-0.0006813843,-0.0015758080000000002,8.959084e-06,5.18791e-05
73,1607853600,2.1962044444444446,2.1962244444444448,0.009539173333333333,-1.6536111111111111,2.400697777777778,1.3756088888888887,1.987062222222222,1.8833055555555558,0.025154355555555553,0.9273444444444444,2.0063600000000002e-05,1.9846603333333335e-06,2.110263e-06,3.4118622222222223e-06,6.513932222222222e-06,9.736376666666668e-06,1.7323914444444442e-05,3.7061155555555554e-05,1.0673372222222222,0.0304051,0.00028138222222222223,74.52544444444445,52.83005555555556,7.29959e-05,6.369856666666667,0.02360612222222222,23.563844444444445,0.0016570265444444442,0.00015104505666666668,0.04778455555555555,94.02414444444443,0.0016570265444444442,0.00015104505666666668,0.006403706666666667,37.17635666666666,0.0016570265444444442,0.00015104505666666668,0.003338678888888889,37.064543333333326,0.0016570265444444442,0.00015104505666666668,0.004678067777777778,1.3665655555555555e-05,3.2359533333333334e-05,-0.0991925122222222,40.93158888888889,0.03796291111111111,-0.0008070924444444445,-0.0016867444444444444,8.56577111111111e-06,4.5179055555555553e-05
73,1607854200,2.125198,2.1252169999999997,0.010874689,-1.592433,2.417585,1.343197,2.023148,1.905658,0.02247281,0.8912537999999998,2.0853529999999998e-05,2.9929101e-06,3.1110239999999993e-06,4.398277e-06,7.443003e-06,1.0473698e-05,1.7258059e-05,3.502137000000001e-05,1.0254276,0.036836419999999995,0.0002517284,76.21087,53.562689999999996,7.063428000000001e-05,6.246784,0.0230807,22.94665,0.00228932721,0.000209047653,0.04695945,90.67805000000001,0.00228932721,0.000209047653,0.006689755,47.944511000000006,0.00228932721,0.000209047653,0.003602384,48.157914,0.00228932721,0.000209047653,0.004661543,1.3280159999999998e-05,3.189322e-05,-0.057731531,40.983450000000005,0.03815327,-0.0008229291999999999,-0.001766757,8.817480000000002e-06,5.2143129999999994e-05
73,1607854800,1.7202109999999997,1.720228,0.009756982,-1.594767,2.227531,1.215812,1.8424709999999997,1.7129400000000001,0.018950919000000004,0.7204659,2.0037089999999998e-05,1.9790071000000004e-06,2.0441004999999997e-06,3.0762632000000004e-06,5.397066e-06,7.6277e-06,1.2700941999999997e-05,2.5074980000000005e-05,0.8186015,0.04126067,0.0001827479,80.65414999999999,54.808209999999995,5.719188999999999e-05,6.295354000000001,0.02094567,18.9746,0.0018148101000000003,0.00016552517299999998,0.04214621,73.0098,0.0018148101000000003,0.00016552517299999998,0.006315109000000001,37.036015000000006,0.0018148101000000003,0.00016552517299999998,0.003103732,37.103164,0.0018148101000000003,0.00016552517299999998,0.0046656530000000005,1.3153399999999998e-05,3.173303e-05,0.10742460000000001,43.54884,0.03764067000000001,-0.0011026229999999998,-0.001958365,9.116406e-06,5.0737159999999997e-05
73,1607855400,1.573279,1.573298,0.010209952,-1.681916,2.1000639999999997,1.1754829999999998,1.7059640000000003,1.574973,0.015715734999999998,0.6566318000000001,2.1820840000000002e-05,3.8084934e-06,4.0711096e-06,5.4929552e-06,8.237779e-06,1.1791673e-05,1.8903781999999998e-05,3.5042730000000005e-05,0.7371426,0.049178530000000005,0.00022755929999999997,76.67413000000002,56.28165,5.2276190000000005e-05,6.410296,0.020248259999999997,17.41524,0.0030567906,0.00027938575999999994,0.039969540000000005,65.73592,0.0030567906,0.00027938575999999994,0.006832691,56.00434799999999,0.0030567906,0.00027938575999999994,0.00359255,56.80116599999999,0.0030567906,0.00027938575999999994,0.004664674999999999,1.308921e-05,3.1656590000000004e-05,-0.008962329999999985,45.03591,0.037020000000000004,-0.001264445,-0.002022166,8.803954e-06,4.621136000000001e-05
73,1607856000,1.571154,1.5711719999999998,0.013852910000000001,-1.666161,2.1156639999999998,1.172456,1.7262899999999999,1.5945459999999998,0.012220779999999997,0.6531804999999999,2.188558e-05,3.9068276e-06,4.3095646e-06,5.560896e-06,8.44678e-06,1.1864538e-05,1.8721278e-05,3.6153970000000004e-05,0.738562,0.046661749999999995,0.0002598756,77.08991,55.96956,5.218609e-05,6.573114000000001,0.02008435,17.20691,0.0019087082,0.00017416653,0.039948859999999996,65.59371999999999,0.0019087082,0.00017416653,0.006509756,41.098482000000004,0.0019087082,0.00017416653,0.003271619,41.179829999999995,0.0019087082,0.00017416653,0.004678463,1.341836e-05,3.207769e-05,0.09323084,47.094010000000004,0.03874316,-0.0012754630000000001,-0.002035488,9.408225000000001e-06,5.429238e-05
73,1607856600,1.6937229999999999,1.6937419999999999,0.010757791,-1.6784430000000001,2.1554170000000004,1.217098,1.7585039999999998,1.6391749999999998,0.012427843,0.7034670999999999,2.1908529999999997e-05,3.9665774999999995e-06,4.2549362000000006e-06,5.551308e-06,8.443782e-06,1.211222e-05,1.7362272999999998e-05,3.227123e-05,0.8032818,0.043295469999999996,0.00019603190000000003,77.79292,55.1869,5.6283320000000005e-05,6.325081,0.020654049999999997,18.005959999999998,0.00237488201,0.000216938868,0.04136865,70.19176,0.00237488201,0.000216938868,0.006545124000000001,46.02573099999999,0.00237488201,0.000216938868,0.0034021750000000003,46.421499,0.00237488201,0.000216938868,0.004644903000000001,1.327317e-05,3.1715819999999993e-05,-0.02012344000000001,46.585429999999995,0.03950323,-0.0011404939,-0.0019172019999999998,9.151917e-06,5.1868850000000004e-05
73,1607857200,1.982171,1.982189,0.010227453000000001,-1.601861,2.413049,1.298861,1.9503970000000002,1.8328680000000002,0.017968676,0.8375564000000001,2.0687560000000002e-05,2.9528733999999998e-06,3.1636586000000005e-06,4.2637347000000005e-06,7.227304e-06,1.0538994999999998e-05,1.7090625e-05,3.372967e-05,0.9590207000000002,0.03174097,0.0002425898,73.86236,53.26964,6.590957000000001e-05,6.381660999999999,0.02221746,21.14701,0.0026241853000000003,0.00023968704,0.045249420000000005,84.06753,0.0026241853000000003,0.00023968704,0.0067440239999999995,49.725806,0.0026241853000000003,0.00023968704,0.003698526999999999,50.172236,0.0026241853000000003,0.00023968704,0.004655596,1.427164e-05,3.261477e-05,-0.018999619,42.75841,0.038689890000000005,-0.0008464675000000001,-0.001742605,9.952072000000001e-06,5.615199e-05
73,1607857800,1.823423,1.823442,0.011683294,-1.650358,2.246507,1.25906,1.857056,1.721603,0.013755738,0.7510051,2.0083389999999997e-05,2.3272899e-06,2.5175458999999997e-06,3.8500919999999996e-06,6.943668e-06,9.628809e-06,1.649161e-05,3.386758e-05,0.8691611,0.04220994,0.0002627686,75.15919,54.68238,6.060581999999999e-05,6.398214999999999,0.0215014,19.71929,0.0017263304799999997,0.000157423372,0.043131390000000006,76.42703999999999,0.0017263304799999997,0.000157423372,0.006455342,36.768884,0.0017263304799999997,0.000157423372,0.0033353970000000004,36.771795,0.0017263304799999997,0.000157423372,0.004659563,1.445343e-05,3.284843e-05,-0.08246947100000003,40.33965,0.040844929999999995,-0.0006890679,-0.001612905,9.740383000000001e-06,5.876264999999999e-05
73,1607858400,2.201033,2.2010520000000002,0.018246042,-1.596612,2.488238,1.369456,2.049475,1.943683,0.015364947,0.9065717,2.170807e-05,4.2722448e-06,4.5208574e-06,6.023387e-06,9.765122999999999e-06,1.3371400999999998e-05,2.1424543999999998e-05,4.242305e-05,1.0757398,0.02431925,0.00035131309999999994,70.17353,52.249030000000005,7.317012e-05,6.24107,0.023581189999999995,23.72474,0.0019492991899999995,0.00017786671699999998,0.04814118,95.20292,0.0019492991899999995,0.00017786671699999998,0.006667355,43.7076,0.0019492991899999995,0.00017786671699999998,0.003632938,43.61986,0.0019492991899999995,0.00017786671699999998,0.004674328,1.5176299999999999e-05,3.350661e-05,0.029661539999999997,38.95184,0.03976074,-0.0005631214,-0.00152787,9.640071e-06,5.3265319999999994e-05
73,1607859000,2.076442,2.0764610000000006,0.02186318,-1.558065,2.465588,1.324249,2.03961,1.9166439999999998,0.016728106,0.8596461999999999,1.9977569999999998e-05,2.3542261e-06,2.5262946e-06,3.770865e-06,6.820284e-06,9.727346e-06,1.6039901999999997e-05,3.322741e-05,1.0073807000000001,0.030376570000000002,0.00038514649999999996,74.43205,53.00121,6.902701e-05,6.282617999999999,0.02272134,22.385450000000002,0.0019481058300000003,0.000177707224,0.046485889999999995,88.90907999999999,0.0019481058300000003,0.000177707224,0.006538445000000001,38.169996999999995,0.0019481058300000003,0.000177707224,0.003474699,38.285642,0.0019481058300000003,0.000177707224,0.004668554,1.46524e-05,3.300496e-05,0.082983288,37.098710000000004,0.038654999999999995,-0.0005864407,-0.0015555599999999999,9.030864e-06,5.151824e-05
73,1607859600,1.8924910000000001,1.8925079999999999,0.01793121,-1.5087920000000001,2.450475,1.2556170000000002,1.985799,1.858107,0.012837806999999998,0.7838430000000001,2.210589e-05,4.3154859000000005e-06,4.6107073e-06,6.04296e-06,8.959018e-06,1.2385421e-05,1.9011413999999997e-05,3.4966780000000004e-05,0.915625,0.030224409999999997,0.0003005894,75.02354999999997,53.237669999999994,6.290071e-05,6.2660610000000005,0.02155996,20.431440000000002,0.0017010669399999997,0.000155090698,0.044360949999999996,80.78877000000001,0.0017010669399999997,0.000155090698,0.006283668999999999,33.648638000000005,0.0017010669399999997,0.000155090698,0.003179047,33.749106999999995,0.0017010669399999997,0.000155090698,0.004648628,1.384972e-05,3.21967e-05,0.09191066,42.96315,0.04209904,-0.0008184395000000001,-0.0017455369999999997,9.516541e-06,5.919544e-05
73,1607860200,2.003172,2.0031919999999994,0.017201670000000002,-1.504674,2.493564,1.290145,2.035712,1.9107580000000002,0.01682297,0.83298,2.1841770000000003e-05,4.2660621e-06,4.5417779e-06,6.058709e-06,9.430959999999999e-06,1.2997068e-05,2.0985857e-05,4.063502000000001e-05,0.9721545,0.028973900000000004,0.0003501957,73.44883999999999,52.95655000000001,6.656527999999999e-05,6.379537,0.02208485,21.36303,0.00148110509,0.000134945537,0.04563111,85.47262,0.00148110509,0.000134945537,0.006400111,34.76978,0.00148110509,0.000134945537,0.003343285,34.577909,0.00148110509,0.000134945537,0.004663046,1.469366e-05,3.2966359999999994e-05,0.089841993,40.5513,0.0414065,-0.0006878225,-0.001646785,9.626118000000002e-06,5.452032e-05
73,1607860800,1.8954360000000001,1.8954550000000001,0.017837719999999998,-1.566042,2.3731099999999996,1.2659259999999999,1.9402329999999999,1.825033,0.01645063,0.7893662,2.180137e-05,4.2923358e-06,4.514463300000001e-06,5.88578e-06,8.925812e-06,1.2208989e-05,1.9177473999999996e-05,3.690492e-05,0.9187706999999999,0.028515339999999993,0.00033319130000000004,72.54650999999998,53.05986,6.299764e-05,6.133277,0.02163448,20.240650000000002,0.0006065844000000001,5.4759e-05,0.04436685,80.72522999999998,0.0006065844000000001,5.4759e-05,0.005979602,21.015615,0.0006065844000000001,5.4759e-05,0.002894955,20.341573000000004,0.0006065844000000001,5.4759e-05,0.004624231999999999,1.342106e-05,3.16335e-05,0.162226425,41.39576000000001,0.038949479999999995,-0.0008682334,-0.0017491289999999999,9.076221e-06,5.106293e-05
73,1607861400,1.8152279999999998,1.815248,0.014292313000000004,-1.5903690000000001,2.3097679999999996,1.243808,1.887394,1.7687789999999999,0.012676013,0.7524184,2.1001930000000002e-05,3.3729329000000003e-06,3.6764168e-06,5.182708e-06,8.295426999999999e-06,1.2130981e-05,2.0634046999999998e-05,4.268856e-05,0.8771996,0.029962890000000002,0.00034891249999999995,72.38620999999999,53.35098000000001,6.028814e-05,6.548126999999999,0.02138261,19.72132,0.0022235469499999995,0.00020305492700000002,0.04343703,77.47439,0.0022235469499999995,0.00020305492700000002,0.006503272,43.778445,0.0022235469499999995,0.00020305492700000002,0.0033868179999999998,44.032900999999995,0.0022235469499999995,0.00020305492700000002,0.004617035,1.300993e-05,3.1231789999999994e-05,-0.16237901100000002,42.00783,0.03654027,-0.0009923129,-0.001848657,8.504380000000001e-06,4.540476e-05
73,1607862000,1.6076350000000001,1.6076519999999999,0.012791448,-1.6276719999999998,2.173978,1.172371,1.743578,1.62635,0.019988818,0.6864836999999999,2.0684810000000003e-05,2.9030964000000003e-06,3.0959912000000008e-06,4.2892449e-06,6.645162e-06,9.639215e-06,1.5471960999999997e-05,2.9624520000000002e-05,0.771314,0.03216022,0.0002684147,75.00210999999999,54.08367,5.345443000000001e-05,6.227533,0.02010218,17.424400000000002,0.0007692647900000001,6.977639399999999e-05,0.040548469999999996,67.90696,0.0007692647900000001,6.977639399999999e-05,0.0058684359999999994,20.475150000000003,0.0007692647900000001,6.977639399999999e-05,0.002686666,20.030581,0.0007692647900000001,6.977639399999999e-05,0.004633611,1.300227e-05,3.1364909999999996e-05,-0.11021167999999999,44.732380000000006,0.03816647,-0.0011310061,-0.0019528850000000001,9.185744999999999e-06,5.5556469999999994e-05
73,1607862600,1.326603,1.326622,0.019258349999999997,-1.612903,2.052962,1.0688019999999998,1.611463,1.4996699999999998,0.013297815,0.5568299000000001,2.0685260000000004e-05,2.8570023000000002e-06,3.0446598999999996e-06,4.0860294e-06,6.458437e-06,8.728782e-06,1.4061260000000001e-05,2.5840653000000003e-05,0.6286484000000001,0.034318119999999994,0.00026720279999999997,77.41544999999999,55.19581000000001,4.4102919999999995e-05,6.241477000000001,0.018259619999999997,14.46602,0.00136641976,0.00012453014699999998,0.03668134,55.25406,0.00136641976,0.00012453014699999998,0.005998368,27.41723,0.00136641976,0.00012453014699999998,0.002743441,27.350532999999995,0.00136641976,0.00012453014699999998,0.004614781,1.2598110000000001e-05,3.083201e-05,-0.10350970000000001,47.09917,0.039407210000000005,-0.001317817,-0.002092435,8.632537e-06,4.871794e-05
73,1607863200,1.501565,1.5015839999999998,0.014257769999999998,-1.602073,2.138616,1.1353149999999999,1.713691,1.600324,0.013154947,0.6252137999999998,2.066438e-05,3.0301221999999996e-06,3.3545796999999992e-06,4.617459000000001e-06,7.172346999999999e-06,1.0147552999999999e-05,1.5820355e-05,3.083466e-05,0.7208124,0.029624829999999998,0.00026631340000000004,75.06089,54.00706,4.9891840000000005e-05,6.393558,0.0194356,16.279130000000002,0.00153732099,0.00014011889999999998,0.03936074999999999,63.63180000000001,0.00153732099,0.00014011889999999998,0.00624639,32.295159,0.00153732099,0.00014011889999999998,0.0030507620000000003,32.219356000000005,0.00153732099,0.00014011889999999998,0.004595668,1.2602119999999999e-05,3.069801e-05,0.11373473999999999,45.42601,0.03794108,-0.0012079039999999999,-0.00198678,8.694166e-06,5.1079849999999995e-05
73,1607863800,1.581201,1.5812190000000002,0.010573218,-1.6264939999999999,2.1421029999999996,1.165701,1.7361159999999998,1.625712,0.014042539000000001,0.6581486,2.024157e-05,2.6105263e-06,2.7804476000000004e-06,3.911924800000001e-06,6.3903640000000005e-06,9.149393000000002e-06,1.4607263999999998e-05,2.9501121999999995e-05,0.7593298999999999,0.03094222,0.00025487000000000003,76.38328,53.97191,5.2543330000000004e-05,6.355198,0.0199309,17.036550000000002,0.0017617466399999996,0.000160681293,0.040333610000000006,66.84493,0.0017617466399999996,0.000160681293,0.006263442000000001,33.463926,0.0017617466399999996,0.000160681293,0.003095933,33.623708,0.0017617466399999996,0.000160681293,0.004620851,1.3230300000000001e-05,3.1400570000000004e-05,-0.177429439,46.003960000000006,0.04034451,-0.0011661821000000002,-0.001966454,8.878111e-06,5.544282e-05
73,1607864400,1.497626,1.4976429999999998,0.007479440999999999,-1.7065360000000003,2.059862,1.146836,1.6183260000000002,1.511896,0.013665749,0.6239036,2.302556e-05,5.441462799999999e-06,5.7121568e-06,7.229956999999999e-06,9.759529000000001e-06,1.3539323e-05,2.0035967e-05,3.897087e-05,0.7098326999999999,0.03851553,0.00035755860000000005,76.28009999999999,55.280280000000005,4.974752999999999e-05,6.453725,0.01957192,16.05451,0.00155773934,0.0001420990782,0.03888046,62.16020999999999,0.00155773934,0.0001420990782,0.005906454,30.290101,0.00155773934,0.0001420990782,0.002701968,30.339765,0.00155773934,0.0001420990782,0.00459933,1.226505e-05,3.04615e-05,-0.09582043120000001,47.53607,0.040370840000000005,-0.001259445,-0.002005636,8.832474e-06,5.381208e-05
73,1607865000,1.3685100000000001,1.368529,0.009127098,-1.7517100000000003,1.8995069999999998,1.1033119999999998,1.5044339999999998,1.404006,0.007163088,0.5648003,2.11476e-05,3.5734013000000004e-06,3.839541799999999e-06,5.158966999999999e-06,7.541471e-06,1.1191693e-05,1.7004842000000002e-05,3.4010219999999996e-05,0.6455355,0.03830007,0.0003346908,76.30269000000001,55.65560000000001,4.545169e-05,6.579657999999999,0.018914939999999998,14.72808,0.00063023507,5.7068306e-05,0.037180000000000005,56.76859999999999,0.00063023507,5.7068306e-05,0.005523823,16.716798,0.00063023507,5.7068306e-05,0.0022685659999999996,16.217938800000002,0.00063023507,5.7068306e-05,0.0045890670000000005,1.173525e-05,2.990145e-05,-0.18172600300000002,45.47655,0.03536071,-0.0013840649999999999,-0.002087435,8.373238000000002e-06,4.953109e-05
73,1607865600,1.291541,1.2915610000000002,0.011411703999999998,-1.743362,1.866244,1.0724339999999999,1.482795,1.363729,0.009702065,0.5343421,2.18473e-05,3.921270599999999e-06,4.2362848999999994e-06,5.428554999999999e-06,8.071603000000002e-06,1.0862071999999999e-05,1.7273665999999997e-05,3.147976000000001e-05,0.5959093,0.049462889999999995,0.00031406110000000006,78.32994000000001,57.86710000000001,4.28972e-05,6.54405,0.01835947,13.974359999999999,0.00098199467,8.93658089e-05,0.035670389999999996,52.32721,0.00098199467,8.93658089e-05,0.005709393,21.276697000000006,0.00098199467,8.93658089e-05,0.002415833,21.058869199999997,0.00098199467,8.93658089e-05,0.0046101959999999996,1.153023e-05,2.9878310000000002e-05,0.212912765,47.074149999999996,0.03620141,-0.001506971,-0.0021821519999999997,8.265013999999998e-06,4.6358080000000005e-05
73,1607866200,1.0656640999999998,1.0656837000000001,0.01454397,-1.7354379999999998,1.7556539999999998,0.9771466999999999,1.3799299999999999,1.236487,0.00726892,0.44526970000000005,1.976061e-05,1.8366141000000002e-06,2.0230032999999996e-06,3.0622839e-06,4.960692e-06,7.559448999999999e-06,1.2207632e-05,2.4119579e-05,0.4719405,0.06049839,0.0003363444,81.19062999999998,61.45975,3.540147e-05,6.4744720000000004,0.0166382,11.58156,0.0018607753999999993,0.00016987495,0.03171946999999999,41.31456000000001,0.0018607753999999993,0.00016987495,0.006060999,32.85618,0.0018607753999999993,0.00016987495,0.0026975170000000004,33.2239989,0.0018607753999999993,0.00016987495,0.004607709,1.1418816e-05,2.972915e-05,-0.12765705,48.97284,0.03561799,-0.0016857070000000003,-0.00234505,8.406136000000001e-06,4.392268e-05
73,1607866800,1.0271153,1.0271339,0.017096760000000003,-1.713867,1.740164,0.9574076,1.376517,1.2359240000000002,0.008089510999999999,0.4269443,1.9716459999999997e-05,1.7813709999999998e-06,1.9746096999999997e-06,2.8065032e-06,4.547866999999999e-06,6.723524000000001e-06,1.0965630999999999e-05,2.0073525000000002e-05,0.4504385,0.06274167,0.00032654700000000006,84.98308,62.300740000000005,3.411837e-05,6.507465000000001,0.016308529999999998,11.20573,0.0019066611800000002,0.0001740871714,0.031044330000000002,39.57786,0.0019066611800000002,0.0001740871714,0.006031206999999999,33.97748,0.0019066611800000002,0.0001740871714,0.002659354,34.255451,0.0019066611800000002,0.0001740871714,0.004575291,1.0637005e-05,2.882782e-05,-0.05102188000000002,52.27447000000001,0.037114930000000004,-0.001721079,-0.0023724460000000003,7.718448e-06,4.597065e-05
73,1607867400,0.9423890000000001,0.9424072000000001,0.01604544,-1.6601039999999998,1.722428,0.9116841000000001,1.359492,1.205362,0.0075842270000000015,0.3928299,2.000974e-05,2.0568111999999995e-06,2.2459431e-06,3.1513621999999997e-06,4.895262000000001e-06,6.900494999999999e-06,1.1739218e-05,2.124759e-05,0.4056298000000001,0.06528827,0.0002216079,87.32106,63.93053,3.1278640000000005e-05,6.626689999999999,0.0154562,10.277600000000001,0.00182285482,0.00016645161549999998,0.0294704,35.65827,0.00182285482,0.00016645161549999998,0.006063685,33.117505,0.00182285482,0.00016645161549999998,0.0026546919999999997,33.404441,0.00182285482,0.00016645161549999998,0.004571395000000001,1.0574495e-05,2.8745699999999998e-05,-0.3426117,53.31272000000001,0.03577899999999999,-0.001792355,-0.0024510540000000003,7.931739e-06,4.449807e-05
73,1607868000,0.9644910000000001,0.9645098999999998,0.01625657,-1.679055,1.695503,0.9239640000000001,1.3555919999999997,1.2159380000000002,0.008159728,0.4051316,2.1509639999999998e-05,3.5350762999999994e-06,3.765196399999999e-06,4.7333609e-06,6.351065199999999e-06,8.605561e-06,1.2915292999999999e-05,2.3913241e-05,0.4253275,0.056663859999999996,0.0001874684,81.41954000000001,61.915139999999994,3.202168e-05,6.4984530000000005,0.015541339999999997,10.237348,0.00067788914,6.14788088e-05,0.030088720000000003,37.21749,0.00067788914,6.14788088e-05,0.0055118319999999995,16.667272,0.00067788914,6.14788088e-05,0.0020698189999999997,16.300795399999995,0.00067788914,6.14788088e-05,0.004464843,6.665753e-06,2.509001e-05,-0.11627166999999998,75.64166,0.035017530000000005,-0.001952557,-0.002548229,5.822298999999999e-06,4.058628000000001e-05
73,1607868600,1.0270443,1.0270636,0.01600176,-1.642737,1.6770900000000002,0.9487414999999999,1.407231,1.277964,0.015258866,0.43157499999999993,2.0461169999999998e-05,2.5775142999999997e-06,2.6644349e-06,3.2479465000000004e-06,4.514348999999999e-06,5.785189e-06,8.996024e-06,1.8311056999999997e-05,0.46419000000000005,0.04907633,0.00020775249999999997,81.00335,59.72727000000001,3.411985e-05,6.491664,0.015856379999999996,10.72016,0.00084826513,7.704330700000001e-05,0.0314035,40.57968,0.00084826513,7.704330700000001e-05,0.005586307,17.139809,0.00084826513,7.704330700000001e-05,0.0021994539999999996,16.888661,0.00084826513,7.704330700000001e-05,0.004316228,3.0344770000000003e-06,2.126167e-05,0.08944994040000001,66.63198351999999,0.02415589766,-0.001972845,-0.002541061,2.5106742000000004e-06,2.4772133000000003e-05
73,1607869200,0.9557418999999999,0.9557600999999998,0.01763269,-1.5392709999999998,1.5446339999999998,0.9069157000000001,1.445217,1.294651,0.006387912,0.3924906,1.958322e-05,1.4887803999999999e-06,1.47533978e-06,1.8337717800000003e-06,2.7380934e-06,3.4498292500000004e-06,5.551946700000001e-06,1.2040544e-05,0.4249792,0.05269124000000001,0.0001696353,84.91322,61.096199999999996,3.17695e-05,5.863808000000001,0.014997559999999998,9.910028,0.00169311852,0.00015445183399999998,0.03009572,37.158519999999996,0.00169311852,0.00015445183399999998,0.0061110620000000004,29.811674999999997,0.00169311852,0.00015445183399999998,0.002713378,30.057150999999998,0.00169311852,0.00015445183399999998,0.004276913,1.7109129999999997e-06,1.997538e-05,-0.08133666999999999,8.8361383,0.005482691949999999,-0.0020770879999999995,-0.00263996,8.53199e-07,1.1400553000000002e-05
73,1607869800,1.068593,1.0686096,0.019756759999999998,-1.603657,1.5898970000000001,0.9636186,1.481972,1.3379289999999997,0.010704795999999999,0.44716490000000003,1.9116579999999998e-05,1.0882985e-06,1.03398917e-06,1.4055804e-06,2.3068227e-06,3.0486906000000003e-06,5.319588299999999e-06,1.2669075e-05,0.4831239,0.05093618,0.00020860209999999999,81.73902999999999,59.687560000000005,3.5510659999999996e-05,6.231491,0.016004239999999996,11.063108,0.00076825346,6.9675076e-05,0.03202985,42.182610000000004,0.00076825346,6.9675076e-05,0.005839825000000001,19.084878,0.00076825346,6.9675076e-05,0.0024578850000000004,18.694328000000002,0.00076825346,6.9675076e-05,0.004281749999999999,1.7853560000000001e-06,2.010484e-05,-0.01984034,1.77744847,0.0037269263500000005,-0.001991131,-0.002578074,8.191182e-07,1.1288057000000002e-05
73,1607870400,1.2778249999999998,1.277843,0.02093909,-1.536494,1.78138,1.043023,1.653311,1.506195,0.015136895000000001,0.5353408,2.0154049999999997e-05,2.3134886e-06,2.28913235e-06,2.7786158499999996e-06,3.9526533e-06,4.9301621e-06,7.752036800000001e-06,1.6771805e-05,0.5886516,0.0500394,0.0001781098,79.42757,57.91423999999999,4.248011000000001e-05,6.073015,0.01737773,13.279320000000002,0.0009455446999999999,8.61081481e-05,0.035419820000000005,51.53768,0.0009455446999999999,8.61081481e-05,0.005701315,21.934648000000003,0.0009455446999999999,8.61081481e-05,0.0023961019999999998,21.615460000000002,0.0009455446999999999,8.61081481e-05,0.004275895,2.117917e-06,2.0367680000000004e-05,0.015969399999999998,2.48533875,0.004788296940000001,-0.001802368,-0.002438682,8.61313e-07,1.1595423e-05
73,1607871000,1.078524,1.07854,0.019506139999999998,-1.5416180000000002,1.620161,0.9604709,1.522359,1.384916,0.007734105999999999,0.44604430000000006,1.8964589999999997e-05,1.2368037e-06,1.1943424900000001e-06,1.5653551200000001e-06,2.4880237999999997e-06,3.16568296e-06,5.4108202999999995e-06,1.2703573000000001e-05,0.49494920000000003,0.04412703,0.0001560337,80.11608,58.25001999999999,3.5854219999999994e-05,5.811169,0.01595456,11.1766,0.00068938,6.247645e-05,0.03247523000000001,43.23116,0.00068938,6.247645e-05,0.005586931,15.676851,0.00068938,6.247645e-05,0.0022527489999999996,15.340791999999999,0.00068938,6.247645e-05,0.0042325,1.7920919999999997e-06,1.970089e-05,0.0011797130000000004,0.32369561999999996,0.0014491111000000001,-0.0019370279999999997,-0.002517155,7.258546e-07,9.940351e-06
73,1607871600,0.6387156,0.6387339000000001,0.025546430000000002,-1.437855,1.319065,0.7286498,1.201838,1.0612081,0.014607044000000003,0.2823274,1.904845e-05,1.0672911e-06,1.10262951e-06,1.40822692e-06,2.0049963e-06,2.6034887799999997e-06,4.297855099999999e-06,9.402039600000002e-06,0.272844,0.04629991000000001,0.00018823629999999999,84.4767,65.37075999999999,2.122339e-05,6.09756,0.012127869999999999,6.779731,0.0009098918499999999,8.28345522e-05,0.023969900000000002,24.16675,0.0009098918499999999,8.28345522e-05,0.005345007,16.762344000000002,0.0009098918499999999,8.28345522e-05,0.0017779303,16.6100368,0.0009098918499999999,8.28345522e-05,0.0042495200000000006,1.301098e-06,1.933201e-05,-0.024739867000000006,4.6000027,0.0060383804,-0.002375348,-0.002852267,8.431790000000001e-07,1.0753196999999999e-05
73,1607872200,0.47651269999999996,0.4765307999999999,0.015185919399999998,-1.4768109999999999,1.1450580000000001,0.6368492,1.0367950000000001,0.9104154,0.005908641000000001,0.2017776,1.9170310000000002e-05,1.2692813e-06,1.3271899100000002e-06,1.5868238e-06,2.0959765999999997e-06,2.6742088e-06,4.0585819999999995e-06,8.277147000000001e-06,0.19384089999999998,0.044228,0.0001648151,87.84076,68.65212,1.581877e-05,6.326753,0.0105304,5.015233,0.0006858047399999999,6.2197207e-05,0.020363739999999998,17.04129,0.0006858047399999999,6.2197207e-05,0.005421135,14.164196999999998,0.0006858047399999999,6.2197207e-05,0.001778278,13.810252000000002,0.0006858047399999999,6.2197207e-05,0.00425199,1.1628547000000001e-06,1.9197570000000002e-05,-0.10764136799999999,18.619802,0.0044537164,-0.002539444,-0.002971437,8.751699e-07,1.0948501e-05
73,1607872800,0.4349068,0.43492489999999995,0.016939054000000002,-1.271445,1.1611470000000002,0.5931649000000001,1.0451570000000001,0.9104526,0.005167918,0.18188379999999998,1.895569e-05,9.539335999999998e-07,9.9420627e-07,1.2467398e-06,1.682748e-06,2.1932875999999997e-06,3.4687127000000003e-06,7.267748e-06,0.1701754,0.04712898,0.0001302187,82.93324,71.99076,1.4447129999999998e-05,6.3364199999999995,0.009665192,4.526677,0.00063380853,5.745000759999998e-05,0.01898909,14.856039999999998,0.00063380853,5.745000759999998e-05,0.0054517210000000005,12.87157,0.00063380853,5.745000759999998e-05,0.0017904079999999998,12.604406,0.00063380853,5.745000759999998e-05,0.004257322,1.0709879e-06,1.915799e-05,0.12048066900000001,15.044734600000002,0.0039475639,-0.002610372,-0.003036286,9.193992999999998e-07,1.1052156e-05
73,1607873400,0.42089930000000003,0.4209174,0.020589889999999996,-1.1119991,1.1744249999999998,0.5717907999999999,1.0721574999999999,0.9194905999999999,0.004044043,0.1774261,1.8574219999999997e-05,5.673651e-07,5.8878097e-07,7.805986e-07,1.1280315e-06,1.5459914999999998e-06,2.5455330000000003e-06,5.5942668e-06,0.1565793,0.05373517,0.00012118176,95.77405999999999,75.65723,1.3967069999999998e-05,6.470643,0.009342441000000002,4.412352,0.00112120516,0.00010213930629999999,0.01826192,13.702760000000001,0.00112120516,0.00010213930629999999,0.005717367,20.216592999999996,0.00112120516,0.00010213930629999999,0.002033722,20.190656999999998,0.00112120516,0.00010213930629999999,0.004251964999999999,9.256108999999999e-07,1.8998649999999998e-05,-0.02066213,3.6569616000000003,0.0016640040000000002,-0.0026445680000000004,-0.0030675569999999994,8.094038e-07,1.0416790000000001e-05
73,1607874000,0.44591729999999996,0.4459352999999999,0.026842349999999997,-0.9454716000000001,1.2361499999999999,0.5753163000000001,1.136434,0.9787807000000001,0.004460983,0.18642989999999998,1.873148e-05,7.295400099999999e-07,7.486306000000001e-07,9.700352199999999e-07,1.2831029e-06,1.6500428999999998e-06,2.5565931e-06,5.4420853e-06,0.16676070000000004,0.056085020000000006,9.860657e-05,93.40543000000001,75.26282,1.481153e-05,6.213159,0.009376580999999998,4.66602,0.0012886635799999999,0.00011744657400000001,0.018850849999999995,14.595249999999998,0.0012886635799999999,0.00011744657400000001,0.005843928,23.136751999999998,0.0012886635799999999,0.00011744657400000001,0.0021943264,23.1840967,0.0012886635799999999,0.00011744657400000001,0.00425144,9.954596000000002e-07,1.906507e-05,-0.022388326999999996,1.5642723000000003,0.00074981666,-0.002592305,-0.0030199520000000002,7.437716e-07,9.909969e-06
73,1607874600,0.45003760000000004,0.4500558,0.0229087,-1.0738059000000002,1.228538,0.5893463999999999,1.122185,0.9584543999999999,0.0047811500000000005,0.18872689999999998,1.868693e-05,5.56882e-07,5.4565023e-07,7.045091600000001e-07,9.934421e-07,1.2455966e-06,2.0236842e-06,4.548281899999999e-06,0.16821529999999998,0.05670845,8.363653e-05,96.65808000000001,75.35227999999998,1.4946189999999999e-05,6.3971160000000005,0.009613601,4.734675999999999,0.00048890323,4.42283157e-05,0.018956689999999998,14.790079999999998,0.00048890323,4.42283157e-05,0.005233939,10.410828,0.00048890323,4.42283157e-05,0.0015581402999999998,10.026827800000001,0.00048890323,4.42283157e-05,0.004267797000000001,9.669305999999998e-07,1.9166570000000002e-05,-0.08278184000000001,12.889318600000001,0.0035140527,-0.002648198,-0.003071899,8.720999e-07,1.1458993e-05
73,1607875200,0.424395,0.424413,0.0204745,-1.24273,1.14491,0.583799,1.04516,0.899277,0.00216037,0.173341,1.81461e-05,2.40016e-07,1.8584e-07,3.62653e-07,3.76887e-07,3.79788e-07,5.84407e-07,1.52919e-06,0.155,0.0571297,6.38142e-05,105.068,76.9835,1.40965e-05,5.855,0.00956253,4.47429,1.67896e-05,1.3206e-06,0.0182369,13.6762,1.67896e-05,1.3206e-06,0.00463408,1.7464,1.67896e-05,1.3206e-06,0.000916104,1.22796,1.67896e-05,1.3206e-06,0.0042478,1.1815e-06,1.92166e-05,-0.00675684,0.637691,0.00248119,-0.002466,-0.00288593,1.05178e-06,1.12652e-05
73,1607961600,0.4168354000000001,0.4168531,0.047156750000000004,-0.4205147,1.2963770000000001,0.4751533,1.164973,1.0183434,0.007310252000000001,0.1882934,1.8608470000000004e-05,1.1599396000000002e-06,1.1984818899999998e-06,1.5855370000000003e-06,1.8506835999999995e-06,2.3091806799999996e-06,3.476687e-06,6.8882307999999995e-06,0.16640549999999998,0.04179713,0.00019540910000000002,89.37807000000001,70.30048,1.384039e-05,6.376628,0.009390525,4.358986,0.00050113616,4.5340858300000005e-05,0.018779320000000002,14.49505,0.00050113616,4.5340858300000005e-05,0.005261602,10.5482115,0.00050113616,4.5340858300000005e-05,0.0016412304,10.220137699999999,0.00050113616,4.5340858300000005e-05,0.004196177,1.235768e-06,1.882432e-05,-0.006569268999999996,8.818483200000001,0.005163759740000001,-0.0024160229999999998,-0.002849473,8.211485e-07,1.0952084e-05
73,1607962200,0.41393640000000004,0.4139539,0.04865866,-0.4332483,1.284189,0.4752884,1.162874,1.0131694,0.008015432,0.18425280000000002,1.850664e-05,9.280041200000002e-07,9.3638124e-07,1.3331426999999999e-06,1.5156789000000003e-06,1.91830324e-06,2.9173222e-06,6.1416277e-06,0.1665731,0.04019768,0.0001806986,91.26834,69.61476,1.3751709999999998e-05,6.360381,0.009343566000000001,4.300442,0.000505838078,4.578798070000001e-05,0.018785589999999998,14.484860000000001,0.000505838078,4.578798070000001e-05,0.005185416,10.039612,0.000505838078,4.578798070000001e-05,0.0015442789999999997,9.750679000000002,0.000505838078,4.578798070000001e-05,0.004214201999999999,1.295111e-06,1.904433e-05,0.0152431437,1.2958481000000002,0.0021384871,-0.002379089,-0.002808655,7.833571e-07,9.785763000000001e-06
73,1607962800,0.42091789999999996,0.42093539999999996,0.037903030000000004,-0.4382208,1.286439,0.4768136000000001,1.1638490000000001,1.021194,0.008650233,0.1868643,1.825313e-05,7.100338e-07,7.266080499999999e-07,1.0075748e-06,1.2948992000000002e-06,1.6682225000000003e-06,2.6597706999999995e-06,5.7289896e-06,0.17100310000000002,0.03930759,0.00013339814999999998,89.38423,68.81962,1.3981860000000001e-05,6.049794,0.009523832,4.39309,0.00113081281,0.000102983195,0.019069279999999997,14.925059999999998,0.00113081281,0.000102983195,0.0059751629999999995,21.968121,0.00113081281,0.000102983195,0.002354668,21.832714,0.00113081281,0.000102983195,0.004199836,1.0967647e-06,1.871648e-05,0.012301976,3.2181473000000005,0.0031126512000000006,-0.002515918,-0.0029472559999999997,7.416128e-07,9.791241e-06
73,1607963400,0.38874759999999997,0.38876499999999997,0.04171424,-0.3957035,1.2418879999999999,0.45475889999999997,1.12796,0.9836189,0.006755097999999999,0.1710203,1.8385e-05,9.7111995e-07,1.02507899e-06,1.3078802e-06,1.6363819e-06,2.1471316e-06,3.3360273e-06,6.8153909999999995e-06,0.153968,0.04028654,0.0001006584,88.08635000000001,70.85254,1.2905229999999998e-05,6.503980999999999,0.009145404,4.081429,0.0006406793699999999,5.814164899999999e-05,0.01812357,13.489610000000003,0.0006406793699999999,5.814164899999999e-05,0.005321369,12.7460348,0.0006406793699999999,5.814164899999999e-05,0.0016942284000000002,12.4744279,0.0006406793699999999,5.814164899999999e-05,0.0041837789999999994,1.003548e-06,1.8503459999999997e-05,-0.0011650190000000004,1.4142957000000003,0.0013419228200000004,-0.0025540450000000004,-0.002970191,7.66807e-07,9.626352e-06
73,1607964000,0.37544109999999997,0.37545900000000004,0.03814196000000001,-0.39449520000000005,1.2313129999999999,0.44984920000000006,1.108982,0.9673045,0.006331102,0.1680452,1.816714e-05,6.126481799999999e-07,6.26277e-07,7.983975999999999e-07,1.0838011e-06,1.3646736000000002e-06,2.1900155e-06,4.625445e-06,0.14782219999999996,0.039798030000000005,8.820736999999999e-05,92.60995,71.40683,1.246718e-05,6.381162000000001,0.009038975000000001,3.91674,0.00065952084,5.983309880000001e-05,0.017746829999999998,12.934089999999998,0.00065952084,5.983309880000001e-05,0.005467219999999999,13.086495000000003,0.00065952084,5.983309880000001e-05,0.001818428,12.817274000000001,0.00065952084,5.983309880000001e-05,0.004194709,9.208247e-07,1.849993e-05,-0.05152951,7.094671600000001,0.0024900612999999997,-0.0026610260000000004,-0.0030636310000000003,8.131413999999999e-07,1.0056089e-05
73,1607964600,0.3690097,0.36902739999999995,0.03335243,-0.3728532,1.2165009999999998,0.4428742,1.102421,0.9586425000000001,0.007088314,0.1644129,1.7870389999999997e-05,4.528282700000001e-07,4.8718699e-07,7.171369000000001e-07,8.967193000000001e-07,1.17152407e-06,1.9743818e-06,4.4971441e-06,0.1457095,0.03869093999999999,9.380213e-05,92.17329,71.23978000000001,1.2255417000000001e-05,6.3266219999999995,0.009053572,3.8841120000000005,0.00041560552999999993,3.75263451e-05,0.01762878,12.791962000000002,0.00041560552999999993,3.75263451e-05,0.005058999,8.332233,0.00041560552999999993,3.75263451e-05,0.0013999754,7.9819125,0.00041560552999999993,3.75263451e-05,0.004183844000000001,1.0738231999999999e-06,1.857495e-05,-0.007087777000000001,0.8612412,0.00124326777,-0.0024918370000000002,-0.002907123,7.304309e-07,9.256601e-06
73,1607965200,0.3407896999999999,0.3408073,0.029711690000000002,-0.3534922,1.1688370000000001,0.42817910000000003,1.06582,0.9185155,0.006248209,0.1497732,1.836929e-05,7.6750318e-07,7.8320845e-07,1.1016457000000001e-06,1.2600300999999997e-06,1.6265894999999998e-06,2.5068153e-06,5.146685999999999e-06,0.1314843,0.03879300000000001,0.00010341108999999998,93.67739999999999,72.93503000000001,1.131401e-05,6.550653,0.008746268999999997,3.5523179999999996,0.000601822333,5.455975400000001e-05,0.016706679999999995,11.45608,0.000601822333,5.455975400000001e-05,0.005348655999999999,11.944643,0.000601822333,5.455975400000001e-05,0.0016699468,11.641817,0.000601822333,5.455975400000001e-05,0.004196119,1.0392594e-06,1.8632230000000003e-05,0.05944256999999999,11.923370600000002,0.0037744901999999998,-0.002566153,-0.0029616169999999997,8.242845e-07,1.1059564e-05
73,1607965800,0.37700110000000003,0.3770187,0.029549950000000002,-0.583919,1.1975260000000003,0.4911866000000001,1.0931950000000001,0.9474288999999999,0.007035361999999999,0.1656837,1.8173729999999997e-05,6.392554e-07,6.6567104e-07,9.622547e-07,1.0859421e-06,1.3685801000000001e-06,2.1823111e-06,4.643179000000001e-06,0.150071,0.03832685,8.975640999999999e-05,92.31368,70.45618,1.2518039999999999e-05,6.425464,0.009618924,3.967931,0.0006702210499999999,6.0785546e-05,0.01794179,13.22217,0.0006702210499999999,6.0785546e-05,0.005310702,12.822753,0.0006702210499999999,6.0785546e-05,0.0016363573999999999,12.5437381,0.0006702210499999999,6.0785546e-05,0.004200311,1.153911e-06,1.879264e-05,-0.025246688,0.9379381,0.00126585154,-0.0024609029999999995,-0.002859728,7.268829e-07,9.656131e-06
73,1607966400,0.379871,0.3798886,0.02113634,-0.5832111000000001,1.196361,0.48934620000000006,1.0937579999999998,0.9465667999999999,0.007340914999999999,0.167162,1.821719e-05,6.0771856e-07,6.313508e-07,9.600557999999999e-07,1.0638236e-06,1.3598048999999999e-06,2.2081800999999997e-06,4.757207e-06,0.15187630000000002,0.037946259999999996,0.00010059814000000001,91.41469,70.14486000000001,1.261493e-05,6.449176,0.009650071,4.046758,0.0006602717000000001,5.987527700000001e-05,0.018068599999999997,13.443389999999999,0.0006602717000000001,5.987527700000001e-05,0.005478078999999999,13.078990999999998,0.0006602717000000001,5.987527700000001e-05,0.0018048914,12.816436,0.0006602717000000001,5.987527700000001e-05,0.004197785000000001,1.196387e-06,1.8813450000000002e-05,0.011438049799999999,1.0048065,0.0016752774299999996,-0.0024340169999999997,-0.002840767,7.330964999999999e-07,9.715496e-06
73,1607967000,0.3696257,0.3696432,0.031175050000000003,-0.40565500000000004,1.200413,0.4456953,1.1003939999999999,0.9581166,0.005754416,0.16405149999999996,1.834996e-05,7.806075e-07,8.059214399999998e-07,1.0466439e-06,1.3894622999999998e-06,1.8193449e-06,2.9601096e-06,6.3157669999999995e-06,0.14743869999999998,0.037253400000000006,0.00010428924000000001,85.02349000000001,70.26920000000001,1.227224e-05,6.524051,0.009147143,3.8888439999999997,0.0004950146100000001,4.4803037400000006e-05,0.017763229999999998,12.954849999999999,0.0004950146100000001,4.4803037400000006e-05,0.0051641790000000005,10.1235679,0.0004950146100000001,4.4803037400000006e-05,0.0014943716999999998,9.7911561,0.0004950146100000001,4.4803037400000006e-05,0.004212069000000001,8.55296e-07,1.8587730000000004e-05,0.04109607,3.8248584,0.0029134292,-0.002715016,-0.0031174139999999998,7.927407000000001e-07,9.813094999999999e-06
73,1607967600,0.3560188999999999,0.3560364,0.02785734,-0.41501780000000005,1.175774,0.4417044,1.0762440000000002,0.9350168999999999,0.006206339,0.15652800000000003,1.820251e-05,6.5019407e-07,6.543987800000001e-07,8.574830999999999e-07,1.1113188e-06,1.4385292e-06,2.3134116e-06,5.003456e-06,0.1410669,0.03683073,9.902854e-05,90.8994,71.01027,1.1817599999999998e-05,6.428971,0.009058889999999998,3.75231,0.00055436175,5.0212782000000006e-05,0.017353600000000004,12.39916,0.00055436175,5.0212782000000006e-05,0.005242666,11.016797,0.00055436175,5.0212782000000006e-05,0.0015716615,10.7251648,0.00055436175,5.0212782000000006e-05,0.004192954,8.298892000000001e-07,1.8405189999999997e-05,0.0026754700000000036,2.3382248,0.00147793626,-0.002708948,-0.003105548,7.367268000000001e-07,9.316943e-06
73,1607968200,0.3941987,0.3942165,0.027176629999999997,-0.4422403999999999,1.235287,0.4614815000000001,1.1262710000000002,0.9841051000000002,0.007215874999999999,0.17474289999999998,1.839673e-05,8.2228515e-07,8.354800499999999e-07,1.03186302e-06,1.3483565999999998e-06,1.6709261600000002e-06,2.5808555e-06,5.386825e-06,0.1605804,0.03640488000000001,9.940309e-05,91.8172,68.5777,1.30948e-05,6.096011,0.009446072000000002,4.156443,0.00052237071,4.7273703300000004e-05,0.01855586,14.140020000000002,0.00052237071,4.7273703300000004e-05,0.005291882,10.880844,0.00052237071,4.7273703300000004e-05,0.0016332145,10.557824,0.00052237071,4.7273703300000004e-05,0.004207274999999999,8.674889e-07,1.8565759999999998e-05,-0.008186089000000002,1.5661694000000002,0.0009937505,-0.002683024,-0.003105006,6.945749e-07,9.391027000000001e-06
73,1607968800,0.35420090000000004,0.3542188,0.029474799999999995,-0.39564679999999997,1.1778359999999999,0.4405805,1.0793580000000003,0.9358036000000001,0.006335537,0.1556645,1.8473009999999998e-05,8.438173200000001e-07,8.804907899999999e-07,1.0977965600000001e-06,1.4156834e-06,1.8049151000000002e-06,2.7913844000000002e-06,5.7685062999999995e-06,0.13997639999999997,0.037008589999999994,9.99279e-05,87.78522999999998,71.02055,1.1760379999999999e-05,6.255155,0.008983871999999999,3.72211,0.0006006749199999999,5.4418614000000006e-05,0.017295650000000003,12.276959999999999,0.0006006749199999999,5.4418614000000006e-05,0.005250489,11.171518,0.0006006749199999999,5.4418614000000006e-05,0.0015706027000000002,10.892490000000002,0.0006006749199999999,5.4418614000000006e-05,0.004206757,8.439995e-07,1.8530190000000004e-05,0.046995384999999994,6.0954101000000005,0.0026803642350000005,-0.0027170659999999998,-0.003120068,7.608939e-07,9.988328e-06
73,1607969400,0.3487463999999999,0.3487643,0.029324140000000005,-0.3830172,1.1821480000000002,0.43473059999999997,1.0706950000000002,0.9255658999999999,0.006936911000000001,0.1573232,1.8394930000000004e-05,7.4797804e-07,7.5646147e-07,9.3529481e-07,1.1980464000000002e-06,1.45622153e-06,2.2422736e-06,4.531973400000001e-06,0.13715560000000002,0.037121129999999995,8.348785000000001e-05,91.75351,71.56242,1.1586798e-05,6.1900569999999995,0.008872471000000002,3.6566989999999997,0.000490118736,4.444832390000001e-05,0.017094039999999998,12.039774,0.000490118736,4.444832390000001e-05,0.005153608999999999,10.0494048,0.000490118736,4.444832390000001e-05,0.0014639943,9.7313312,0.000490118736,4.444832390000001e-05,0.004206611,8.179313000000001e-07,1.851093e-05,-0.013551638,1.5318356999999998,0.0012426218,-0.0027396879999999997,-0.00313299,7.091911e-07,9.428219000000001e-06
73,1607970000,0.36105960000000004,0.3610776,0.03421393,-0.40068139999999997,1.195388,0.4448199,1.09252,0.9440538,0.006370934,0.15990279999999998,1.817748e-05,4.1657731e-07,4.0911568e-07,5.365854799999999e-07,8.180512000000001e-07,9.6526795e-07,1.5908834999999997e-06,3.699271e-06,0.14340150000000002,0.037050700000000006,6.855241e-05,92.94796000000001,70.68757000000001,1.1991880000000001e-05,6.245163,0.009121429,3.8141020000000005,0.000652696305,5.932673780000001e-05,0.01754248,12.64199,0.000652696305,5.932673780000001e-05,0.005299985,12.265571099999999,0.000652696305,5.932673780000001e-05,0.0016067303000000001,11.9820514,0.000652696305,5.932673780000001e-05,0.004213229,8.544130000000001e-07,1.8604949999999995e-05,-0.0360934333,1.1390407,0.00045168981999999994,-0.002701515,-0.003102004,7.610275e-07,9.436029e-06
73,1607970600,0.34645380000000003,0.3464715,0.036487000000000006,-0.4288046,1.1722860000000002,0.44235309999999994,1.060419,0.9241031,0.005944125,0.1535264,1.8226800000000003e-05,7.578550199999999e-07,7.7196511e-07,9.407873000000002e-07,1.3156213e-06,1.614197e-06,2.5595562000000004e-06,5.3530039999999995e-06,0.1358468,0.03729056000000001,7.505341e-05,91.90603,71.72472,1.149664e-05,6.570939,0.009020916,3.659991,0.00070947011,6.439984000000001e-05,0.01708827,12.005799999999999,0.00070947011,6.439984000000001e-05,0.005414029999999999,13.372501,0.00070947011,6.439984000000001e-05,0.0017330376000000002,13.198385000000002,0.00070947011,6.439984000000001e-05,0.00419639,8.487283999999999e-07,1.844917e-05,0.011651677000000003,4.105415,0.0027982928000000002,-0.00270704,-0.003098726,7.535714e-07,9.839966000000001e-06
73,1607971200,0.4064578,0.4064757,0.03303406,-0.4903109,1.258238,0.48232189999999997,1.1392490000000002,0.9912306000000001,0.007459203999999999,0.1836264,1.8295530000000003e-05,6.0422381e-07,6.011789300000001e-07,7.5772367e-07,1.1391508e-06,1.4012896e-06,2.27617952e-06,5.1241728e-06,0.1671276,0.03601431,7.419253000000001e-05,90.48240000000001,68.23267999999999,1.3500639999999999e-05,6.046241,0.009727441,4.2777460000000005,0.0005863940299999999,5.3094163e-05,0.01884419,14.69492,0.0005863940299999999,5.3094163e-05,0.0053357790000000006,11.203700000000001,0.0005863940299999999,5.3094163e-05,0.001677321,10.927327000000002,0.0005863940299999999,5.3094163e-05,0.00421764,9.471577e-07,1.872873e-05,0.028403708,3.3179665999999997,0.0019941119499999995,-0.002618279,-0.0030546,7.877507e-07,9.723465e-06
73,1607971800,0.37607920000000006,0.3760971000000001,0.03413197999999999,-0.4204135,1.2210759999999998,0.45020319999999997,1.10216,0.9586423999999999,0.007884051,0.16955230000000002,1.93355e-05,1.79210137e-06,1.48445203e-06,1.3916105e-06,1.6101501e-06,1.8525274000000003e-06,2.9009162e-06,6.267600999999999e-06,0.1524091,0.03552086,9.043741999999999e-05,91.03714,69.61424,1.2476858e-05,6.687142999999999,0.009083098999999999,4.043325,0.0008413393,7.84444874e-05,0.017942809999999997,13.399619999999999,0.0008413393,7.84444874e-05,0.005673944,15.610630000000004,0.0008413393,7.84444874e-05,0.0019965707999999994,15.407047000000002,0.0008413393,7.84444874e-05,0.004255643,9.335318200000001e-06,2.7184090000000002e-05,-4.115951587,201.6890306,0.0095120161,-0.0026819509999999997,-0.003099415,2.84475343e-05,0.000304252647
73,1607972400,0.3656816,0.36569939999999995,0.03054781,-0.43638190000000004,1.1877010000000001,0.45002770000000003,1.088733,0.9511417,0.006550366,0.1632991,1.791702e-05,3.1149220999999996e-07,2.997012e-07,4.3060014e-07,7.179294e-07,8.523867899999999e-07,1.46956851e-06,3.6630920000000003e-06,0.14709139999999998,0.035664419999999995,7.631224e-05,93.10352,69.62338,1.214837e-05,6.099116,0.009174375,3.8478760000000003,0.00062222473,5.6375425000000004e-05,0.0177344,12.91528,0.00062222473,5.6375425000000004e-05,0.005556019,12.890215000000001,0.00062222473,5.6375425000000004e-05,0.0018809220000000001,12.54541,0.00062222473,5.6375425000000004e-05,0.004205438,9.613820999999999e-07,1.8616160000000004e-05,0.059607742000000005,21.7786726,0.006464979699000001,-0.002664657,-0.0030694689999999996,9.707902000000001e-07,1.237767e-05
73,1607973000,0.32484830000000003,0.32486589999999993,0.03266487,-0.39645069999999993,1.1341080000000001,0.42383249999999995,1.033684,0.8965023000000001,0.006035274,0.1443125,1.804662e-05,6.3420259e-07,6.570083899999999e-07,8.1737004e-07,1.1587894e-06,1.4096106e-06,2.2376493e-06,4.796187e-06,0.1266417,0.03569016,8.007958999999999e-05,90.00564,72.12983,1.0786138999999998e-05,6.445717999999999,0.008682734000000001,3.4331939999999994,0.0005928896499999999,5.3704624e-05,0.016473389999999997,11.148877,0.0005928896499999999,5.3704624e-05,0.005237210000000001,10.904559,0.0005928896499999999,5.3704624e-05,0.0015518452999999997,10.6501615,0.0005928896499999999,5.3704624e-05,0.0041828410000000005,8.586267000000001e-07,1.834842e-05,0.0098558748,2.7570529,0.0020308226300000004,-0.0026758309999999996,-0.0030650979999999996,7.289449e-07,9.348543e-06
73,1607973600,0.3144801,0.3144979,0.0295837,-0.41797870000000004,1.1229339999999999,0.4215585,1.0085564,0.8783517999999999,0.005787549,0.1410052,1.824866e-05,4.8635112e-07,4.9294708e-07,6.2581226e-07,9.227403e-07,1.1028269199999999e-06,1.7404526000000001e-06,3.7499714999999996e-06,0.1199876,0.0371653,7.717760000000001e-05,94.69163,73.7424,1.0447694e-05,6.110099,0.008602869999999999,3.3069949999999997,0.000677762635,6.151381289999999e-05,0.016027849999999996,10.538236999999999,0.000677762635,6.151381289999999e-05,0.005424808000000001,12.473569000000001,0.000677762635,6.151381289999999e-05,0.0016962149999999998,12.216624,0.000677762635,6.151381289999999e-05,0.0042157670000000005,8.549038000000001e-07,1.8625650000000004e-05,0.007888539,0.9054715,0.0007212342200000001,-0.002698328,-0.0030836559999999997,7.233785e-07,9.264285999999999e-06
73,1607974200,0.37221659999999995,0.3722343,0.0271347,-0.4858078999999999,1.193699,0.4671741000000001,1.090983,0.9514790999999999,0.007109370000000001,0.1641586,1.8514939999999997e-05,7.7086989e-07,7.940642500000001e-07,9.810924999999997e-07,1.3559746e-06,1.7410878100000002e-06,2.6664619e-06,5.5210388e-06,0.14933610000000003,0.036676900000000005,8.041594e-05,92.75871000000001,69.87216,1.2358120000000001e-05,6.482072,0.009373366,3.909711,0.00061052902,5.54213965e-05,0.01786915,13.13018,0.00061052902,5.54213965e-05,0.00531233,12.0040252,0.00061052902,5.54213965e-05,0.0016157308999999998,11.7280916,0.00061052902,5.54213965e-05,0.004224507,9.426545e-07,1.878605e-05,0.03425381,1.0290057000000001,0.0011521675000000001,-0.002641533,-0.0030421880000000004,7.578013e-07,9.525205e-06
73,1607974800,0.3465081,0.3465259,0.023978149999999997,-0.5092213,1.1646740000000002,0.4582391,1.0497315,0.9113152,0.006245908999999999,0.1575372,1.830165e-05,5.9335575e-07,6.2266324e-07,8.039933299999999e-07,1.1788063e-06,1.5712313000000001e-06,2.5487521e-06,5.604297e-06,0.13694460000000003,0.03621689,7.854068000000001e-05,90.04399000000001,71.23925,1.1500824e-05,6.648928,0.009139870000000001,3.660508,0.0005886819909999999,5.335976380000001e-05,0.017076120000000004,12.026900999999999,0.0005886819909999999,5.335976380000001e-05,0.005411332,12.055976000000001,0.0005886819909999999,5.335976380000001e-05,0.0017031426999999997,11.748151000000002,0.0005886819909999999,5.335976380000001e-05,0.004217578,9.500307999999999e-07,1.872667e-05,-0.026776915000000002,6.7100805999999995,0.0033015468300000004,-0.0026487710000000003,-0.0030303739999999997,7.892961e-07,1.0369331e-05
73,1607975400,0.3203737,0.3203913,0.02487857,-0.5185462999999999,1.121733,0.44570099999999996,1.0133945,0.8751267,0.0070591180000000005,0.1445132,1.8266369999999996e-05,5.6077648e-07,5.826525500000001e-07,7.587236e-07,1.0942350999999999e-06,1.4020576e-06,2.2367598e-06,4.7992210000000005e-06,0.1245973,0.035501719999999994,7.525389e-05,86.64624,72.27294,1.0638427e-05,6.493137,0.008829297,3.373756,0.000495016834,4.47500427e-05,0.01631905,10.936899999999998,0.000495016834,4.47500427e-05,0.005259236999999999,9.896144399999999,0.000495016834,4.47500427e-05,0.0015319483,9.532947109999999,0.000495016834,4.47500427e-05,0.004215031,9.863623e-07,1.874976e-05,-0.010206940000000001,1.0811126,0.00108549203,-0.002599194,-0.0029941549999999996,7.080029e-07,9.614341e-06
73,1607976000,0.32382577777777777,0.32384366666666664,0.026895344444444445,-0.4959403333333333,1.1239100000000002,0.44317644444444443,1.0234068888888888,0.8826101111111111,0.005608945555555554,0.14476511111111112,1.8393611111111112e-05,5.888180666666667e-07,6.008635444444445e-07,7.491596111111112e-07,1.080383111111111e-06,1.3259823e-06,2.086232888888889e-06,4.38567311111111e-06,0.12538944444444444,0.03643835555555555,7.339733333333334e-05,93.77203333333334,72.61586666666668,1.0747744444444443e-05,6.38073,0.00882799,3.3976955555555555,0.0003730674111111111,3.355259333333334e-05,0.01637138888888889,10.997366666666668,0.0003730674111111111,3.355259333333334e-05,0.005100264444444444,7.975327888888889,0.0003730674111111111,3.355259333333334e-05,0.0013769755555555557,7.610654333333334,0.0003730674111111111,3.355259333333334e-05,0.004223046666666667,9.467665555555555e-07,1.8769544444444446e-05,-0.008111336666666667,8.495278555555556,0.00318478,-0.0026436588888888884,-0.0030508533333333337,8.078179999999999e-07,1.0861322222222222e-05
73,1607976600,0.3421358,0.3421536,0.03037206,-0.4031451,1.156497,0.43919680000000005,1.065032,0.9156655,0.0059356240000000005,0.1507768,1.840384e-05,6.3457557e-07,6.439928099999999e-07,7.9229514e-07,1.0974212e-06,1.31307322e-06,1.9961866e-06,4.2700225000000005e-06,0.133245,0.03774487,6.624311e-05,93.36634,72.19796,1.1364460000000002e-05,6.13657,0.008962754,3.6234080000000004,0.00055910984,5.06824162e-05,0.016901859999999998,11.743460000000002,0.00055910984,5.06824162e-05,0.005183946,10.654733,0.00055910984,5.06824162e-05,0.0014700169000000003,10.4012882,0.00055910984,5.06824162e-05,0.004222981,9.294155000000001e-07,1.875377e-05,0.053553176999999993,3.0088169000000002,0.0027457170600000006,-0.002646609,-0.0030609599999999997,7.648353000000001e-07,9.907423e-06
73,1607977200,0.29185359999999994,0.29187130000000006,0.03807601000000001,-0.3353005,1.086594,0.3996255,0.9879307,0.8508635,0.005722024,0.1280898,1.793375e-05,3.1438099000000003e-07,3.1695083999999997e-07,4.2251407000000004e-07,6.405261000000001e-07,7.4955187e-07,1.1988434e-06,2.7905655999999997e-06,0.10886104999999999,0.0369816,7.713883000000001e-05,97.03984,75.64097000000001,9.693213999999999e-06,6.1628799999999995,0.008004499,3.0707389999999997,0.0006768119199999999,6.142298799999999e-05,0.01524877,9.577698999999999,0.0006768119199999999,6.142298799999999e-05,0.005409148000000001,12.488424,0.0006768119199999999,6.142298799999999e-05,0.0016907288,12.2664419,0.0006768119199999999,6.142298799999999e-05,0.004207266,8.694683e-07,1.8565960000000002e-05,0.01783436,1.2261281,0.001282912157,-0.002685761,-0.003066312,6.962131000000001e-07,9.39848e-06
73,1607977800,0.25199209999999994,0.2520098,0.03591883,-0.29269920000000005,1.0505197000000002,0.3698132,0.9161154,0.7885741000000001,0.005453376,0.11554402000000001,1.8058859999999998e-05,4.884070899999999e-07,5.1433164e-07,6.4977359e-07,8.973286999999999e-07,1.1100727e-06,1.7634608e-06,3.7379894999999996e-06,0.08883118,0.03708274,7.186347e-05,95.17134999999999,80.02601,8.364023e-06,6.492671999999999,0.007554927,2.694259,0.00044134903000000005,3.9820955e-05,0.013761970000000002,7.849445,0.00044134903000000005,3.9820955e-05,0.005218064999999999,8.902132,0.00044134903000000005,3.9820955e-05,0.0014692507,8.5709738,0.00044134903000000005,3.9820955e-05,0.004197492000000001,8.545464e-07,1.84578e-05,0.05437096100000001,12.0054217,0.0042087782999999995,-0.0027165789999999998,-0.0030861879999999997,7.690053000000001e-07,9.658771e-06
73,1607978400,0.2823172,0.282335,0.033301800000000006,-0.3513449,1.0745580000000001,0.3940727,0.9700053000000001,0.8347379,0.004952844,0.12330920000000001,1.827244e-05,5.704464400000001e-07,5.858608000000001e-07,7.2890044e-07,9.836692e-07,1.2160354e-06,1.8786354000000002e-06,3.9106051e-06,0.10478952,0.03628425,7.374696e-05,94.69301,75.91816999999999,9.373092000000002e-06,6.465299,0.008075529000000001,2.971424,0.000277589285,2.4896656300000003e-05,0.01493766,9.170444999999999,0.000277589285,2.4896656300000003e-05,0.004971422000000001,5.917857,0.000277589285,2.4896656300000003e-05,0.0012316107000000002,5.477042,0.000277589285,2.4896656300000003e-05,0.004213603000000001,8.618303999999999e-07,1.861522e-05,-0.003117496,0.9171939,0.00048098054100000005,-0.002699584,-0.0030813499999999996,7.298703e-07,9.436374999999998e-06
73,1607979000,0.2510875,0.2511053,0.036937540000000005,-0.3030599,1.0114446000000001,0.37207409999999996,0.9243657999999998,0.7898868,0.003931633,0.10976520000000001,1.800196e-05,3.0436527e-07,3.2240784000000004e-07,4.3901139999999995e-07,6.758907000000001e-07,8.231702000000001e-07,1.3602789e-06,3.0531277e-06,0.08963995,0.03582115,7.455833000000001e-05,95.62727000000001,78.68742999999999,8.335004e-06,6.300268999999999,0.007613742999999999,2.669171,0.0005643519,5.11455293e-05,0.013878010000000001,7.907916999999999,0.0005643519,5.11455293e-05,0.00534875,11.452561000000001,0.0005643519,5.11455293e-05,0.001583478,11.133771,0.0005643519,5.11455293e-05,0.004209541,8.583862e-07,1.8572239999999998e-05,0.013319789999999998,3.1805331,0.00203136163,-0.00270291,-0.003071263,7.475708000000001e-07,9.607268e-06
73,1607979600,0.2579855000000001,0.25800280000000003,0.03624649,-0.38540339999999995,1.0194320000000001,0.3879853,0.9269909000000001,0.7937869,0.0043646480000000005,0.11125239,1.778807e-05,3.4230103e-07,3.4487046e-07,4.4276442e-07,6.605807e-07,7.761577000000001e-07,1.1737806e-06,2.5299695e-06,0.09213974000000001,0.03676791,7.766633000000001e-05,97.68010000000001,78.74127000000001,8.561896000000001e-06,6.303377,0.007767989,2.732411,0.0006138329199999999,5.562599e-05,0.01406514,8.146386,0.0006138329199999999,5.562599e-05,0.00527569,11.627982,0.0006138329199999999,5.562599e-05,0.0015444546,11.392366599999999,0.0006138329199999999,5.562599e-05,0.004180165,8.828893e-07,1.8343669999999996e-05,-0.008517461,13.459074099999999,0.0033786475700000006,-0.002673617,-0.003048744,8.455340999999999e-07,1.0994963000000001e-05
73,1607980200,0.2705041,0.27052149999999997,0.03180296999999999,-0.624106,1.0147074,0.4195398,0.9221156,0.7924367,0.005254175,0.11998980000000001,1.8026130000000002e-05,5.8524403e-07,6.2263057e-07,7.5961751e-07,1.0758107e-06,1.3371662e-06,2.0039683999999995e-06,4.197525400000001e-06,0.09845809,0.03669354,8.811839999999999e-05,92.37902,77.29920000000001,8.97722e-06,6.490025,0.008253065,2.8835170000000003,0.0006546549899999999,5.9417035699999994e-05,0.014547550000000001,8.695277,0.0006546549899999999,5.9417035699999994e-05,0.005255878,12.00913,0.0006546549899999999,5.9417035699999994e-05,0.0015175252,11.7772864,0.0006546549899999999,5.9417035699999994e-05,0.004181921,8.961272999999999e-07,1.8381010000000003e-05,0.004222496599999999,1.0829945,0.00150865985,-0.002652987,-0.00302164,7.605735e-07,9.331414e-06
73,1607980800,0.2469965,0.2470141,0.036533539999999996,-0.35600669999999995,1.0107313999999998,0.3758626,0.9073777000000002,0.7783361,0.004074726,0.11083102999999998,1.779263e-05,3.6509294e-07,3.8279811e-07,5.062394e-07,7.665961999999999e-07,9.422072000000001e-07,1.5045866e-06,3.316946e-06,0.08756241000000001,0.03584827,7.910096000000001e-05,93.25828,79.33799,8.196054e-06,6.566844000000001,0.007632156999999999,2.624988,0.0005724514400000001,5.1862053e-05,0.013719680000000001,7.761529000000001,0.0005724514400000001,5.1862053e-05,0.005192449,10.732814,0.0005724514400000001,5.1862053e-05,0.0014476993,10.4813566,0.0005724514400000001,5.1862053e-05,0.004176915,8.994046999999999e-07,1.832845e-05,-0.026110629000000003,8.608050899999999,0.0037235951,-0.002663754,-0.003038267,7.815503e-07,1.002953e-05
73,1607981400,0.2523987,0.252416,0.036841200000000004,-0.31034839999999997,1.0363085,0.3746529,0.9260158000000001,0.7884990999999999,0.005724072,0.11520990000000002,1.743911e-05,1.7957046e-07,1.7500397e-07,2.5678969e-07,4.2379990000000003e-07,4.988244e-07,7.829144999999999e-07,1.8649993e-06,0.09005512,0.03606913,7.028357e-05,99.78668,78.69325,8.386487999999999e-06,6.167400000000001,0.00767361,2.6766579999999998,0.00050201381,4.5415424e-05,0.01388455,7.9247879999999995,0.00050201381,4.5415424e-05,0.005185506,9.974927,0.00050201381,4.5415424e-05,0.0014740893,9.680643199999999,0.00050201381,4.5415424e-05,0.004151223,8.689989999999999e-07,1.809308e-05,0.01824977,3.5410668000000003,0.0026267199299999998,-0.002632462,-0.0030063670000000002,7.324296999999999e-07,9.234269e-06
73,1607982000,0.23071769999999997,0.2307353,0.037743580000000006,-0.29504410000000003,0.9850056,0.35921480000000006,0.8840893000000001,0.7563981,0.004577264,0.10296360999999998,1.756422e-05,2.0133808e-07,2.1028717999999995e-07,2.9551875999999994e-07,4.86361e-07,5.7973237e-07,9.591121000000001e-07,2.1906871e-06,0.07777227,0.03750788000000001,7.321648e-05,100.30154,82.67564,7.660314e-06,6.339093,0.007320379,2.470082,0.0004866748,4.397465899999999e-05,0.01295166,6.901809999999999,0.0004866748,4.397465899999999e-05,0.005171695,8.865669,0.0004866748,4.397465899999999e-05,0.0014328714999999998,8.586865999999999,0.0004866748,4.397465899999999e-05,0.004165978,8.476596e-07,1.819923e-05,-0.011064852,1.1854979,0.00113511219,-0.002659907,-0.003038079,7.838572e-07,9.375419e-06
73,1607982600,0.2770833,0.2771007,0.033027629999999995,-0.2801692,1.0745584000000001,0.3863602,0.9639301,0.8311379000000001,0.0067928829999999996,0.12432505999999999,1.753507e-05,2.1152756000000003e-07,2.2316237e-07,3.3354614e-07,5.738403999999999e-07,7.260018e-07,1.2631367000000002e-06,2.9742365e-06,0.10021042,0.038246680000000005,7.777586e-05,96.32812,78.28931,9.200501e-06,6.468972000000001,0.007826956,2.9383550000000005,0.000704511566,6.40153856e-05,0.0145847,8.835046,0.000704511566,6.40153856e-05,0.005447233,13.4467368,0.000704511566,6.40153856e-05,0.0017438619000000003,13.1908839,0.000704511566,6.40153856e-05,0.004173377,8.667594999999999e-07,1.828097e-05,-0.026523064000000002,1.2662505999999998,0.00120485766,-0.0026642519999999998,-0.0030460759999999996,7.573621e-07,9.563766e-06
73,1607983200,0.4342878,0.43430480000000005,0.02403605,-0.4501841,1.285314,0.48152360000000005,1.179036,1.0345073999999999,0.008160876999999999,0.18993960000000001,1.785712e-05,7.248468000000001e-07,7.432507100000001e-07,9.189871399999998e-07,1.3087535999999999e-06,1.5935297000000002e-06,2.5167893e-06,5.397161800000001e-06,0.1784299,0.03862238999999999,7.695742000000002e-05,89.98693,67.90023,1.4430380000000004e-05,6.0963840000000005,0.009903604,4.6303090000000005,0.000429254389,3.88260733e-05,0.019614020000000003,15.83218,0.000429254389,3.88260733e-05,0.005016271,8.2816328,0.000429254389,3.88260733e-05,0.0014321276,7.9434803,0.000429254389,3.88260733e-05,0.00414973,1.1529001999999999e-06,1.8343849999999995e-05,-0.042830560000000004,15.018888,0.0073863064300000005,-0.002439297,-0.002883625,8.731085000000001e-07,1.1444633999999998e-05
73,1607983800,0.2865281,0.2865456,0.03465976,-0.2961894,1.0843831,0.39219600000000004,0.9808804,0.8440758,0.006495758999999999,0.12734639999999997,1.761349e-05,2.2537250999999996e-07,2.2374211999999998e-07,3.2372457e-07,5.459579999999999e-07,6.7926804e-07,1.2040218000000001e-06,2.8622496e-06,0.10506940000000001,0.038110530000000004,7.622277999999999e-05,93.40863,77.03279,9.514925e-06,6.068586999999999,0.007944136000000001,3.0474229999999998,0.00055020433,4.9796317e-05,0.01499783,9.305150000000001,0.00055020433,4.9796317e-05,0.005219887,10.230260999999999,0.00055020433,4.9796317e-05,0.0015144971,9.960952,0.00055020433,4.9796317e-05,0.004173834,8.816594e-07,1.82939e-05,-0.041961604,4.0181751,0.0027371643499999997,-0.0026463240000000002,-0.003034686,7.873883e-07,9.842876000000001e-06
73,1607984400,0.30919930000000007,0.30921680000000007,0.040529279999999994,-0.3185867,1.1279599999999999,0.4078183,1.0173685,0.8779019,0.006205103,0.1376903,1.7968500000000003e-05,5.056994800000001e-07,5.224228e-07,6.580272e-07,9.437248999999999e-07,1.1458249e-06,1.8309072e-06,3.8812857e-06,0.11506948000000002,0.03943354,8.607767e-05,96.79148,75.64974,1.0265008e-05,6.339422000000001,0.008233735,3.303817,0.000648157356,5.8818462200000005e-05,0.01574521,10.202749,0.000648157356,5.8818462200000005e-05,0.0054245429999999996,12.947776,0.000648157356,5.8818462200000005e-05,0.0017311094,12.659761999999999,0.000648157356,5.8818462200000005e-05,0.0041768529999999995,9.254466000000001e-07,1.836066e-05,-0.0035562514999999987,3.3068903,0.0024926007677,-0.002613036,-0.00301686,7.465419e-07,9.484046e-06
73,1607985000,0.3571649,0.35718229999999995,0.04465576,-0.40877880000000005,1.197674,0.4457768,1.0841569999999998,0.9416913000000001,0.006240037,0.15670810000000002,1.774653e-05,5.9811219e-07,6.181265199999999e-07,7.870470500000001e-07,1.1173508000000001e-06,1.4047686999999998e-06,2.2934922999999997e-06,4.8873746e-06,0.13760250000000002,0.0408693,9.806155000000002e-05,93.36873999999999,73.08635000000001,1.186127e-05,6.364769,0.008741839,3.8241559999999994,0.0007773357100000001,7.061573499999999e-05,0.01724264,12.249439999999998,0.0007773357100000001,7.061573499999999e-05,0.005477702,14.727644000000002,0.0007773357100000001,7.061573499999999e-05,0.0018473869999999996,14.570289000000002,0.0007773357100000001,7.061573499999999e-05,0.004156662,1.0257757000000001e-06,1.826418e-05,0.007108237999999985,27.809696099999996,0.0088606703,-0.002572924,-0.0029954549999999997,8.606959000000002e-07,1.1547602e-05
73,1607985600,0.3726924,0.3727098,0.04181837,-0.37551340000000005,1.220438,0.4469437,1.107784,0.9642666999999999,0.007522513999999999,0.1633809,1.7857479999999998e-05,6.4259602e-07,6.5802327e-07,8.342600100000002e-07,1.2040927999999998e-06,1.48120794e-06,2.3835517e-06,5.18097e-06,0.1452609,0.040977669999999994,9.399886000000001e-05,92.52613,72.1129,1.237446e-05,6.371308000000001,0.009162817,3.9657150000000003,0.000584711602,5.299313480000001e-05,0.01770368,12.89304,0.000584711602,5.299313480000001e-05,0.005287515,11.601622,0.000584711602,5.299313480000001e-05,0.0016501625000000003,11.316174,0.000584711602,5.299313480000001e-05,0.004163298,9.833908999999998e-07,1.8301359999999998e-05,-0.025840296000000002,3.4422200000000003,0.0027055767999999997,-0.0025542760000000003,-0.002973853,7.098276999999999e-07,9.780064000000001e-06
73,1607986200,0.3739012,0.37391840000000004,0.03875675,-0.3924963,1.216351,0.4507916999999999,1.107744,0.9630669,0.006931818000000001,0.1644036,1.826856e-05,9.600927800000002e-07,1.01376932e-06,1.2412929e-06,1.7050934e-06,2.1812624999999997e-06,3.4653680000000003e-06,7.089965999999999e-06,0.14572449999999998,0.04111607000000001,9.139108e-05,89.08665,72.14103,1.240506e-05,6.595854,0.009007125000000001,3.8861720000000006,0.00087825157,7.98833545e-05,0.017597049999999996,12.72097,0.00087825157,7.98833545e-05,0.005459812,16.055498,0.00087825157,7.98833545e-05,0.0018413904000000002,15.947634200000005,0.00087825157,7.98833545e-05,0.004164184999999999,9.768865e-07,1.8307380000000002e-05,-0.0337909599,3.5636892,0.0030669651,-0.0025571079999999998,-0.0029811670000000003,7.691555999999999e-07,9.525574000000001e-06
73,1607986800,0.4959734000000001,0.49599090000000007,0.03133696,-1.0286378,1.284863,0.6138868,1.1741629999999998,1.0297069999999997,0.006691344999999999,0.2118426,1.86951e-05,1.2474196e-06,1.28031407e-06,1.5281659700000003e-06,2.0744595000000003e-06,2.5208167900000006e-06,3.8604094000000006e-06,7.889441000000002e-06,0.20585210000000004,0.04201141,0.00010113048999999998,88.56465,67.04956999999999,1.646976e-05,6.199807000000001,0.010093194,5.236286,0.00058507238,5.30311754e-05,0.021000730000000002,18.13539,0.00058507238,5.30311754e-05,0.005331199,12.433634000000001,0.00058507238,5.30311754e-05,0.0017660822999999999,12.116096000000002,0.00058507238,5.30311754e-05,0.004186687,1.169209e-06,1.868028e-05,0.034258945,4.9580721,0.00407025216,-0.0024013919999999996,-0.002864002,7.374901e-07,1.0022613e-05
73,1607987400,0.6297821,0.6297999000000001,0.028563949999999998,-1.0877121,1.4210319999999999,0.6929957000000001,1.292289,1.161486,0.011473597,0.2739166,1.858724e-05,1.1824132999999999e-06,1.2206895499999998e-06,1.51151643e-06,2.2394696e-06,2.8350914000000003e-06,4.5600272e-06,9.949206e-06,0.2794414,0.03530994999999999,0.00011436741000000001,83.60679,61.2294,2.091793e-05,6.387465,0.011514130000000001,6.607735,0.00080205968,7.286575919999999e-05,0.02444152,24.56311,0.00080205968,7.286575919999999e-05,0.005511958,15.902203000000004,0.00080205968,7.286575919999999e-05,0.002021168,15.71386,0.00080205968,7.286575919999999e-05,0.0041896450000000005,1.3464920000000001e-06,1.889665e-05,-0.006353573900000001,0.5594966,0.0012768260999999998,-0.002252838,-0.0027564,7.728260000000001e-07,9.609515000000001e-06
73,1607988000,0.5984589,0.5984761999999999,0.030465609999999997,-1.0377441,1.391066,0.6693420000000001,1.270839,1.1382340000000002,0.012546445,0.26114059999999994,1.8035989999999997e-05,9.127773e-07,9.068665800000001e-07,1.15488974e-06,1.7359383999999997e-06,2.19965316e-06,3.6594495000000005e-06,8.109844e-06,0.26716550000000006,0.031939819999999994,0.00010391217,82.59599999999999,60.795730000000006,1.988937e-05,5.979902999999999,0.011224719999999999,6.328691,0.0007524727740000001,6.84214586e-05,0.023931809999999998,23.596880000000002,0.0007524727740000001,6.84214586e-05,0.005377702,14.251565,0.0007524727740000001,6.84214586e-05,0.0019012169999999998,14.058276000000001,0.0007524727740000001,6.84214586e-05,0.004159561,1.2817980000000001e-06,1.857707e-05,-0.02052116,1.2206062,0.00216404451,-0.002282624,-0.00276679,7.109607e-07,9.637752e-06
73,1607988600,2.7340462,2.7340629,0.0143808,-1.0055598,2.5188010000000003,1.295851,2.164791,2.021948,0.087437654,1.3263779000000002,2.350801e-05,7.2307039e-06,7.5526891999999995e-06,9.202709e-06,1.2923148999999999e-05,1.7103974e-05,2.7395266000000002e-05,5.7389013999999994e-05,1.3336207,0.03298516,0.00027083302,73.89672999999999,57.370889999999996,9.083898e-05,6.399915000000001,0.022219549999999998,28.688184,0.0021118993,0.00019268439,0.04660312999999999,116.7739,0.0021118993,0.00019268439,0.00691581,49.72708300000001,0.0021118993,0.00019268439,0.0037451790000000004,49.779734,0.0021118993,0.00019268439,0.004327986000000001,8.132948e-06,2.5582259999999998e-05,-0.024715280999999988,183.67417289999997,0.044008704999999995,-0.0008341929999999999,-0.0018725808,9.1870461e-06,8.697348999999998e-05
73,1607989200,7.527907000000001,7.527925999999999,-0.006970627,-1.365574,4.4150849999999995,2.421377,3.947296,3.6953249999999995,0.27848378,3.4467529999999997,2.7858790000000004e-05,1.2074229e-05,1.16988753e-05,1.4201792999999998e-05,2.1914566000000002e-05,2.6851196e-05,4.4652897000000006e-05,9.97646e-05,3.711018,0.05096209,0.0017324935999999999,67.75644,51.436110000000006,0.0002503435,6.085459999999999,0.04316681000000001,79.74992,0.006418547100000001,0.00058696892,0.08857529,327.6436,0.006418547100000001,0.00058696892,0.009278453,132.602719,0.006418547100000001,0.00058696892,0.0064057509999999995,133.92138199999997,0.006418547100000001,0.00058696892,0.00470234,1.3848640999999999e-05,3.176496e-05,0.008262815999999996,32.339144,0.041496146,0.0017463856999999998,-8.969953e-05,5.7153964e-06,6.115483000000001e-05
73,1607989800,6.154164545454545,6.154182727272727,-0.0024720454545454546,-1.3653427272727272,3.980575454545455,2.1923372727272725,3.6348509090909094,3.4249781818181826,0.03649219090909091,2.513245454545455,2.5711927272727273e-05,9.284774545454546e-06,8.960703727272728e-06,1.1307638727272726e-05,1.7875428181818182e-05,2.2909247545454547e-05,3.8805175454545456e-05,8.866647272727273e-05,3.03155090909091,0.04238674545454545,0.002939413636363636,69.29573636363637,51.43968181818182,0.0002046069090909091,5.894514545454545,0.03871911818181818,64.95307272727271,0.003453896909090909,0.00031535066363636363,0.08051442727272728,266.29872727272726,0.003453896909090909,0.00031535066363636363,0.00830486909090909,79.43900909090908,0.003453896909090909,0.00031535066363636363,0.005458331818181818,79.6184818181818,0.003453896909090909,0.00031535066363636363,0.0046597800000000005,1.4457603636363638e-05,3.237038181818182e-05,-0.03366470090909091,45.23027118181818,0.03357750909090909,0.0013542520000000002,-0.0001497385454545455,7.238242727272727e-06,7.279092727272728e-05
73,1607990400,14.222292000000001,14.222306,0.004535811999999999,-1.0866614,6.824758,3.253516,6.07076,5.371964,0.24644709000000004,6.080732,3.552232e-05,1.9152265e-05,1.9467699e-05,2.4612717000000002e-05,3.848825e-05,4.9033880000000004e-05,8.729977999999999e-05,0.00019043774000000003,6.1509100000000005,0.9566072099999999,0.003177419,85.69124,61.832899999999995,0.00047243500000000005,6.521078,0.054627230000000006,152.70923,0.0198580246,0.0018186986910000002,0.11437372999999999,547.0695,0.0198580246,0.0018186986910000002,0.012459821999999999,378.77815000000004,0.0198580246,0.0018186986910000002,0.009667204,386.07853,0.0198580246,0.0018186986910000002,0.005723451,3.637917e-05,5.459752e-05,0.0039285489999999965,9.941752999999999,0.049602730000000005,0.005007869,0.002206686,1.0829762000000002e-05,9.743829e-05
73,1607991000,14.31945,14.319490000000002,-0.0034832867,-0.9052351,7.155592,3.2008110000000003,6.331394,5.491143,0.28602389999999994,6.184526,3.730017e-05,2.1508286e-05,2.1519944e-05,2.6036931e-05,3.665976200000001e-05,4.4246839999999994e-05,7.443802000000001e-05,0.00014803724999999998,5.717681000000001,1.4386900999999999,0.002960085,91.53516,70.68982,0.0004757807,6.190688,0.057004070000000004,153.3727,0.01502806068,0.00137602801,0.11026006,507.967,0.01502806068,0.00137602801,0.011457677000000001,275.787456,0.01502806068,0.00137602801,0.008674963999999999,281.970216,0.01502806068,0.00137602801,0.005533422,3.182674e-05,5.0234460000000006e-05,0.19238322000000002,33.308255,0.07508817999999999,0.0045446539999999995,0.0017511430000000001,1.5775281e-05,0.00016791051000000003
73,1607991600,23.43446,23.43448,-0.0021796105000000004,-1.4570514,7.599869000000001,4.364679,6.810883,6.202203,0.46437790999999995,10.005175,5.780021000000001e-05,4.6759859999999997e-05,4.507294900000001e-05,5.389434200000001e-05,7.565640299999998e-05,9.359325500000002e-05,0.00015036702,0.00031326382000000007,10.664011000000002,1.0498691,0.002525641,79.00577,61.01804,0.000779368,5.930854,0.0768045,248.1211,0.0353920768,0.0032416426600000007,0.14835028,942.5951000000001,0.0353920768,0.0032416426600000007,0.01566319,666.42554,0.0353920768,0.0032416426600000007,0.012403705,680.2714,0.0353920768,0.0032416426600000007,0.006492184000000001,5.196236999999999e-05,7.052207999999999e-05,-0.0008005899999999913,14.3374377,0.07143059,0.007040501,0.004205132,1.4755557e-05,0.00015011951
73,1607992200,24.126160000000002,24.12617,-0.0020561449999999997,-1.582027,7.632723,4.561522000000001,6.7505049999999995,6.01612,0.8371669199999999,10.847835,5.116503000000001e-05,3.8650205e-05,3.8707615399999996e-05,4.9051937e-05,7.385750999999999e-05,9.724605199999999e-05,0.00016463815600000002,0.00035375279,10.962709,1.0969985,0.0025081288,81.64735,59.52674,0.0008017879000000001,6.109495,0.0785515,257.8035,0.032885905300000004,0.00301222643,0.15284219999999998,973.531,0.032885905300000004,0.00301222643,0.014808198,600.8122900000001,0.032885905300000004,0.00301222643,0.011480874,614.44361,0.032885905300000004,0.00301222643,0.006627097,5.488737e-05,7.389938999999999e-05,0.08204485530000001,11.3796646,0.07004948,0.007332283,0.004460376,2.1214914e-05,0.00021552159999999997
73,1607992800,17.361510000000003,17.361520000000002,-0.0004913797,-0.9673743,8.029341,3.556824,6.78977,5.866793,0.5725039800000001,7.809703000000001,5.8758150000000006e-05,4.5801373000000004e-05,4.9013875999999996e-05,5.965216299999999e-05,8.085202999999998e-05,0.00010843349,0.00017272061000000002,0.00034235747,6.741375,1.935878,0.002593423,93.49063,75.48942,0.0005759697,6.569616000000001,0.05939813000000001,183.03449999999998,0.038510968,0.0035280144,0.11632926000000002,591.8859,0.038510968,0.0035280144,0.015346970000000001,681.3859299999999,0.038510968,0.0035280144,0.012633743999999999,698.9056499999999,0.038510968,0.0035280144,0.006228642,4.693826e-05,6.570703e-05,0.131213427,16.290356,0.05918678000000001,0.006520832,0.003124938,1.4305190999999999e-05,0.00012830934
73,1607993400,16.42287,16.42288,-0.00066740623,-1.0502924999999999,7.623157999999999,3.5401629999999997,6.622364,5.709249,0.36951429,7.127838,3.794876e-05,2.1441833e-05,2.2472727e-05,2.8138255999999998e-05,4.324293e-05,5.8650377e-05,0.00010090762999999999,0.00022159865000000002,6.462954000000001,1.7452859999999997,0.0026605139999999997,88.24539,71.56411,0.0005454216,6.161557,0.059643959999999996,175.2329,0.0395759533,0.0036257612100000004,0.11739940000000001,571.8237,0.0395759533,0.0036257612100000004,0.015787310000000002,710.63506,0.0395759533,0.0036257612100000004,0.013049051,728.74084,0.0395759533,0.0036257612100000004,0.0060689870000000005,4.4869e-05,6.358838e-05,-0.025812449999999997,43.408151,0.08039262,0.005858317,0.002923469,2.4569989e-05,0.00024377931000000002
73,1607994000,18.231689,18.231730000000002,-0.0009658192100000001,-1.1339215,7.939032999999999,3.71594,6.639203999999999,5.861092,1.0392899700000002,9.257850000000001,5.1502900000000005e-05,3.6489722e-05,3.7468598e-05,4.5820958e-05,6.6033108e-05,9.047840599999999e-05,0.00014343376,0.00029374543,7.397519,1.7153310000000002,0.0022456637,89.63967999999998,72.17582999999999,0.0006052748,6.408261999999999,0.06247866,193.5351,0.024563731999999998,0.0022495634,0.12178509000000001,651.5269999999999,0.024563731999999998,0.0022495634,0.013993415,517.99302,0.024563731999999998,0.0022495634,0.011187386,525.38271,0.024563731999999998,0.0022495634,0.006521618,5.463187e-05,7.353669999999999e-05,0.012541804999999998,19.063986,0.08521357,0.006840177,0.00392342,2.5120615000000002e-05,0.0002490327
73,1607994600,23.262669999999996,23.262669999999996,-0.0016800846,-1.4157980000000001,7.933592,4.372883,7.083329000000001,6.448135000000001,0.5528061500000001,10.456461000000001,6.427789e-05,5.4296027e-05,5.660368999999999e-05,6.886310100000001e-05,0.00010284356999999999,0.00013524316000000002,0.00021633408,0.00045410345,10.556762,1.0704126999999999,0.003023487,79.55846,59.978030000000004,0.0007724193999999999,6.3816500000000005,0.07585887,246.09980000000004,0.016179877199999998,0.001481330013,0.14897600000000003,930.9257,0.016179877199999998,0.001481330013,0.014226337,433.78336,0.016179877199999998,0.001481330013,0.010958852000000002,434.60293,0.016179877199999998,0.001481330013,0.007536653999999999,7.652085e-05,9.518223e-05,0.002221955,17.4889632,0.07543093,0.009371489,0.006187089,2.2657588000000002e-05,0.00021532913000000005
73,1607995200,33.84585,33.84588000000001,-0.0026154824,-1.3049960000000003,9.676233,5.206505000000001,8.986063,8.094923,0.53928966,14.20747,5.716425e-05,5.344453e-05,4.8710382e-05,6.4572446e-05,0.00010669354999999999,0.00013652766000000002,0.00022801022,0.00051714057,15.700670000000002,1.216042,0.005016004,79.6224,57.477689999999996,0.001124589,6.386289,0.08715626,355.09350000000006,0.035771012899999996,0.00327565578,0.18254030000000002,1378.4091,0.035771012899999996,0.00327565578,0.01787747,714.9105,0.035771012899999996,0.00327565578,0.014513589999999998,727.4186000000001,0.035771012899999996,0.00327565578,0.008849134,0.00010843153999999999,0.0001274645,-0.2759859953,6.9351535,0.05294717,0.01244127,0.008476286999999999,2.354055e-05,0.00021118554000000003
73,1607995800,21.64718,21.647199999999998,0.00103904733,-1.068069,8.443231,4.0593330000000005,7.6227079999999985,6.636991,0.42583742999999996,9.053121999999998,5.408724e-05,4.1521375e-05,4.1513033000000004e-05,5.0382941e-05,7.635834999999999e-05,9.263976999999998e-05,0.00013781275,0.00029944762999999997,9.126543999999999,1.6934620000000002,0.002810682,87.62892000000001,67.16248,0.0007193826000000001,6.075178,0.06724549,229.6058,0.024113754,0.0022077908,0.1379087,801.8471999999999,0.024113754,0.0022077908,0.015218480000000001,514.2133,0.024113754,0.0022077908,0.012230220000000002,521.1784,0.024113754,0.0022077908,0.008328322,9.310176999999999e-05,0.00011207139,-0.017116524,1.8273302,0.05070076,0.011220210999999999,0.007586990999999999,1.558513e-05,0.00013233264
73,1607996400,30.588869999999996,30.58888,-0.0012772012999999998,-1.2048051,10.160682,4.855535000000001,8.325252,7.544517000000001,1.4844515,14.892585,9.207127999999999e-05,7.395200000000001e-05,7.761534999999999e-05,8.901344e-05,0.00017694647,0.0002711709299999999,0.00029374101,0.000726129,14.025492,1.2628724,0.0043073600000000005,81.7827,60.25114,0.0010156004,6.532649000000001,0.08266833,331.0674,0.046010948,0.00421429561,0.1693557,1232.6326,0.046010948,0.00421429561,0.01874311,858.1637000000001,0.046010948,0.00421429561,0.015113426000000003,875.5413000000001,0.046010948,0.00421429561,0.012583507999999998,0.00031864704999999994,0.00034651539999999996,-0.088827057,5.236420000000001,0.10416686,0.022242660000000004,0.012723927,0.00016004795,0.0007522233000000001
73,1607997000,18.31779,18.317946,-0.0042884133,-0.95429715,7.848321000000001,3.443238,6.108601999999999,5.399038,1.6326200700000002,10.984981,0.0001855418,2.1184769000000003e-05,2.5936078e-05,2.9044965999999998e-05,7.333996700000001e-05,0.00012136731,0.00011354431999999999,0.00029305981,7.987529699999999,1.1687033999999998,0.0019395106999999998,91.36711,78.28538999999999,0.0006085866,6.465508999999999,0.06034234000000001,201.74171999999996,0.02310798018,0.0021151534280000003,0.11275402000000001,706.7322999999999,0.02310798018,0.0021151534280000003,0.016383481,452.57432,0.02310798018,0.0021151534280000003,0.01070115,455.22104,0.02310798018,0.0021151534280000003,0.012074664,0.00024421454000000004,0.00039197090000000004,0.0035191589999999996,26.8814773,0.12135939,0.013467894000000003,0.00697219672,0.00015010009000000004,0.0006773994400000001
73,1607997600,25.67675,25.676759999999994,0.00150608301,-0.8850409999999999,9.407499,4.0869729999999995,8.302753,7.467039,0.7734125999999999,11.901546,6.059949000000001e-05,5.2950009999999993e-05,5.0568791000000005e-05,6.0711884999999996e-05,9.15226e-05,0.00011833741999999999,0.00017785227999999998,0.00037519324000000003,11.786233999999999,1.0484021000000001,0.002765191,80.16529,58.524879999999996,0.0008533542,6.13178,0.07570879999999999,270.3625,0.024169768,0.002212428,0.1575864,1033.4478,0.024169768,0.002212428,0.01579737,499.85357000000005,0.024169768,0.002212428,0.012736775,507.63323,0.024169768,0.002212428,0.008000891,8.585674e-05,0.00010463504,0.024570879999999996,4.4849499999999995,0.06712159,0.010675232000000002,0.006977986,1.8058419999999998e-05,0.00017458099
73,1607998200,24.655409999999996,24.65542,-0.0026427244,-0.9197624,9.441922000000002,4.116224,8.115886999999999,7.263223999999999,1.00224075,12.157287,7.1172e-05,4.870485e-05,4.9634656e-05,6.059835000000001e-05,9.720373e-05,0.00013060391,0.00019846882000000001,0.0004138945,10.811957000000001,1.511841,0.00284847,82.88579999999999,63.06812,0.0008187620999999999,6.467511,0.07309605,262.4676,0.0302074381,0.00276638977,0.1508864,954.8426999999999,0.0302074381,0.00276638977,0.016197971999999998,589.42462,0.0302074381,0.00276638977,0.012846696999999999,599.82479,0.0302074381,0.00276638977,0.009003492999999998,0.00011191960999999999,0.00013859040000000001,-0.09864501,4.2319172,0.07544589999999998,0.011372410000000001,0.0076070919999999985,3.2920880000000004e-05,0.00024038894
73,1607998800,28.734790000000004,28.73483,-0.005034301,-1.1604915,9.68677,4.676940999999999,8.239752,7.200895,1.4165481,14.236897000000003,9.075475e-05,6.7548006e-05,6.9642965e-05,8.7057512e-05,0.00014021016999999999,0.00020071304,0.00028371521,0.0006214443000000001,12.935046,1.427052,0.003775228,78.11332,62.20374,0.0009543285,6.409637000000001,0.07977286,311.1226,0.0462816325,0.004252840999999999,0.162025,1147.4915999999998,0.0462816325,0.004252840999999999,0.01847301,860.6209000000001,0.0462816325,0.004252840999999999,0.014723413,879.71,0.0462816325,0.004252840999999999,0.010023574,0.00017944065,0.00020727667,-0.1801129,16.289360499999997,0.11410818,0.013844343,0.00872747,8.5380501e-05,0.0005360023299999999
73,1607999400,25.052909999999997,25.052929999999996,-0.0023411413,-1.0894532,9.54311,4.335283,8.002595,7.038253,1.5162210999999997,12.959913,9.582005999999999e-05,7.850689e-05,8.675191999999999e-05,9.939781e-05,0.00017247366,0.00025419580000000003,0.00028560032,0.0006058887999999999,10.889429000000002,1.632403,0.002956737,82.60691999999999,64.14349999999999,0.0008319000999999999,6.520366,0.07465441,274.0533,0.038231488,0.0035014895800000003,0.15013170000000003,959.6424999999999,0.038231488,0.0035014895800000003,0.01573036,684.4524600000001,0.038231488,0.0035014895800000003,0.012443446,700.91724,0.038231488,0.0035014895800000003,0.011810043,0.00029010310000000003,0.00031343990000000003,0.030210753,10.5813023,0.13365300000000002,0.021066869999999998,0.011869801999999999,0.00013428365000000002,0.00067051196
73,1608000000,28.925099999999997,28.925130000000003,-0.0020748320999999996,-1.301119,9.577008000000001,4.781658999999999,8.172664,7.200933000000001,1.7168642000000003,14.452245,7.204764e-05,5.7076574e-05,6.3405905e-05,7.470315199999998e-05,0.00014498182,0.00021248713,0.00021923918,0.0005306645,12.979398,1.4788690000000002,0.002928018,83.87612000000001,61.7528,0.0009611457000000001,6.456785000000001,0.08085841,312.8523,0.034451756900000005,0.00315587756,0.1632573,1140.8969000000002,0.034451756900000005,0.00315587756,0.016459579999999998,655.28709,0.034451756900000005,0.00315587756,0.013012764,667.54024,0.034451756900000005,0.00315587756,0.012085855000000001,0.00028604609,0.0003082669,0.018974677000000002,6.3483729,0.09358385,0.02080227,0.012682272999999999,0.00011433179899999999,0.00056505922
73,1608000600,22.690338,22.690379999999998,-0.00119295275,-0.9181046800000001,9.257945000000001,4.009456999999999,7.790975999999999,6.588689,1.7002905,12.198026,5.514147000000001e-05,3.963564e-05,4.1350389999999996e-05,5.035717e-05,9.07628e-05,0.00012751403,0.00014634569,0.0003552157,9.783842,1.5578439999999998,0.002589905,85.28307,65.21960000000001,0.0007538294999999999,6.374182,0.07013623999999999,246.57511,0.0333675033,0.0030559374400000003,0.14103891,867.6865,0.0333675033,0.0030559374400000003,0.015214057,588.39887,0.0333675033,0.0030559374400000003,0.012156433999999999,603.23463,0.0333675033,0.0030559374400000003,0.009561217,0.00016037127,0.00018216187,0.010282169999999998,8.684281799999999,0.09948683999999999,0.013962751,0.008720054999999999,7.0586875e-05,0.00047772074
73,1608001200,26.181330000000003,26.18135,-0.0005624356000000001,-1.0385605,9.525737000000001,4.4124360000000005,8.166998,7.139469,2.4454794,14.039419,6.554904e-05,4.7101558e-05,5.2481428000000005e-05,6.204742e-05,0.00011727303,0.00017869726,0.00017943753,0.00042075869999999994,11.697394,1.3899475,0.0022216794999999996,82.12226000000001,61.55699,0.0008700763,6.317884000000001,0.0757461,286.0085,0.031236033899999998,0.00286056035,0.1550532,1035.1844,0.031236033899999998,0.00286056035,0.016895476,623.56727,0.031236033899999998,0.00286056035,0.013444474000000001,634.8110300000001,0.031236033899999998,0.00286056035,0.011180119,0.00025217458,0.00027616264,-0.0007345019999999991,18.050463200000003,0.12141868000000003,0.018320658,0.011145832999999999,0.000127380576,0.00069534656
73,1608001800,23.91107,23.91108,0.002364969,-0.9227649,9.195171,4.117727,8.012082,7.1599450000000004,1.16953322,11.439556,4.3557100000000003e-05,2.0507477e-05,2.0601636e-05,2.9464853999999997e-05,5.494127e-05,7.245054e-05,0.00011573249999999999,0.00027728048000000006,10.598685999999997,1.353291,0.0029496900000000005,87.31616,61.86721,0.0007942928999999999,6.293161,0.07218938999999999,254.1658,0.0486517335,0.0044572052599999995,0.1491441,933.7173999999999,0.0486517335,0.0044572052599999995,0.01831567,870.5568,0.0486517335,0.0044572052599999995,0.014995513000000002,891.8805999999998,0.0486517335,0.0044572052599999995,0.008883523,0.00011350658000000001,0.00014078588,0.019938039999999997,9.1482829,0.09557848,0.011200098,0.0073492359999999994,4.1692224000000006e-05,0.00029653502
73,1608002400,19.14905,19.149070000000002,0.002920203,-0.9275941,8.558663999999998,3.717434,7.254409,6.330755999999999,0.94188014,9.202539999999999,5.241483e-05,3.867164199999999e-05,3.978526799999999e-05,4.7824766000000004e-05,6.944e-05,9.113660999999999e-05,0.00014455265,0.00029330533000000003,8.052252,1.519351,0.0021666415999999997,84.59106999999999,66.7064,0.0006360648,6.306257,0.06426586,204.2783,0.0117115964,0.00107157654,0.12989434,710.3706,0.0117115964,0.00107157654,0.012382615999999999,299.12314000000003,0.0117115964,0.00107157654,0.009410325,300.27898,0.0117115964,0.00107157654,0.0071310209999999995,7.183836000000001e-05,9.091039e-05,0.18310835,48.413010799999995,0.12007633,0.008386113,0.005123257,4.0093062e-05,0.00040360164999999996
73,1608003000,29.704960000000007,29.70499,-0.0005222695000000001,-1.1570424000000001,9.527642,4.755260999999999,8.57876,7.552318,1.6965942600000001,13.936955000000001,6.577528e-05,5.1152959e-05,5.294137e-05,6.8317613e-05,0.00010587433,0.0001481899,0.00024958453,0.0005377789,13.625024999999999,1.2229237000000002,0.0032713111999999995,79.66182,59.37922999999999,0.0009863576,6.4105620000000005,0.07975333,312.9946,0.054022267699999994,0.004950661798,0.1673674,1199.2026,0.054022267699999994,0.004950661798,0.018987193,974.1397300000001,0.054022267699999994,0.004950661798,0.015372068,997.83404,0.054022267699999994,0.004950661798,0.007876343999999999,7.949399000000001e-05,0.00010376593999999999,-0.026732367,5.9538284,0.07634737,0.009380863,0.005821357,1.8835383e-05,0.00018084780000000001
73,1608003600,24.8622,24.86222,0.0003328800000000001,-1.2234155999999998,9.546552000000002,4.375959,7.564282,6.783022,1.21571531,13.271357,6.853365e-05,5.2687524999999995e-05,5.2714332e-05,6.328699600000001e-05,9.022135000000001e-05,0.00011640886899999998,0.00019140368,0.00039137801,11.210022,1.2175124,0.002559482,81.68327000000001,61.08720000000001,0.0008259121,6.280153,0.0734794,260.4754,0.0269692115,0.00246963763,0.1514952,980.6907000000001,0.0269692115,0.00246963763,0.01611899,562.7148,0.0269692115,0.00246963763,0.012752788999999997,571.1494,0.0269692115,0.00246963763,0.0075435580000000006,7.441848e-05,9.839309e-05,0.008212934020000002,16.4993445,0.09022865000000001,0.008614065,0.005237139,2.2701604e-05,0.00019839619000000002
73,1608004200,26.018370000000004,26.018400000000003,0.0007293768200000001,-1.1179766,9.727875999999998,4.436397,7.950467000000001,7.173632,1.2180803,13.752486999999999,5.664159e-05,3.4750942e-05,3.2676375e-05,4.0855936e-05,6.346429000000001e-05,7.938841999999998e-05,0.00013517563,0.00029478958,11.727765999999999,1.2784706,0.0022420762,84.75939000000001,61.35878,0.0008650935999999999,6.151497000000001,0.07326401,267.4355,0.015339128100000002,0.00140768454,0.1544606,1015.9369999999999,0.015339128100000002,0.00140768454,0.01547354,386.0315,0.015339128100000002,0.00140768454,0.011946825999999999,386.95120000000003,0.015339128100000002,0.00140768454,0.0077861760000000006,8.247831999999999e-05,0.00010972052000000001,-0.087345385,28.596604000000003,0.10662875000000001,0.008853126,0.00521238,4.0871467999999996e-05,0.00037114223
73,1608004800,27.261089999999996,27.26112,-0.00015353699999999987,-1.3440252999999998,8.334779,4.487017,7.384467000000001,6.806045999999999,1.57782065,12.98039,9.205146000000001e-05,6.4783836e-05,6.545571100000001e-05,7.910560000000001e-05,0.00011186809999999999,0.00014088721,0.00022740690000000002,0.00047777800000000005,13.367906999999999,0.25890285,0.0025141869999999998,67.78134,51.89395999999999,0.0009063462,6.357387,0.07744517,281.8821,0.027810447000000005,0.0025451867,0.16147873000000001,1164.6357000000003,0.027810447000000005,0.0025451867,0.016548669,540.88332,0.027810447000000005,0.0025451867,0.012445531999999999,549.33839,0.027810447000000005,0.0025451867,0.007725879,8.504935e-05,0.00011671497,0.018242790000000002,38.007729999999995,0.09877778000000001,0.007830251,0.004360836,4.7629604e-05,0.00033959877000000005
73,1608005400,24.773895,24.773920999999998,0.0044613266,-1.4328370000000001,7.531388999999999,4.308667000000001,6.826632999999999,6.4654240000000005,1.05847271,11.215005999999999,5.086800000000001e-05,4.5803801e-05,3.8297679e-05,4.7142518999999997e-05,6.978489e-05,8.499801e-05,0.00013660469,0.00030023584,12.316486000000001,0.06760493000000001,0.0021043996999999997,66.05448999999999,50.794709999999995,0.0008242688,6.0957110000000005,0.07581260000000001,266.23781999999994,0.022597177000000003,0.0020682205999999997,0.15631375,1095.8281,0.022597177000000003,0.0020682205999999997,0.015015354,443.66297000000003,0.022597177000000003,0.0020682205999999997,0.011794050999999998,451.6092299999999,0.022597177000000003,0.0020682205999999997,0.007114246,6.82071e-05,8.734868e-05,0.011849218,10.0553159,0.06777602999999999,0.008149718,0.004897316,2.1968710000000003e-05,0.00019180136
73,1608006000,23.08766,23.08768,0.0058276388999999994,-1.462249,8.058771,4.25134,6.8246839999999995,6.300456,1.89736768,11.865641,8.523389e-05,7.7167197e-05,7.7207599e-05,8.9810054e-05,0.00012063965,0.00015073225000000002,0.0002344208,0.00046139178,11.477714,0.06236621999999999,0.002475765,62.82330000000002,50.64233,0.0007676838,6.079949999999999,0.07413986999999998,245.4545,0.0216665877,0.00198315398,0.1531298,1013.8624,0.0216665877,0.00198315398,0.014525977,420.22052999999994,0.0216665877,0.00198315398,0.011239299999999999,427.46953,0.0216665877,0.00198315398,0.006841256999999999,6.534981e-05,8.420598e-05,-0.03108031,38.861043,0.1141365,0.007765832,0.004612204,3.256886599999999e-05,0.00034093875
73,1608006600,25.14031,25.14036,0.0027237074,-1.4330690000000001,8.331134,4.411994,7.105192000000001,6.487734999999999,1.6504790799999998,13.258191,6.882881e-05,4.1351883e-05,4.2197574999999996e-05,5.341476100000001e-05,8.472404000000001e-05,0.00011305233099999999,0.00019021340000000003,0.00042549487000000005,12.411804,0.15540147,0.001965533,68.78247,51.76651,0.0008358453999999999,6.1928719999999995,0.07752945,271.71649999999994,0.016352465700000002,0.00149584719,0.15930329999999998,1105.7921999999999,0.016352465700000002,0.00149584719,0.01510696,357.58925999999997,0.016352465700000002,0.00149584719,0.011081193,360.30944000000005,0.016352465700000002,0.00149584719,0.007568099,7.966733e-05,0.0001117243,0.031114517,32.67984800000001,0.11250877,0.007670987,0.004307704,4.6594097999999996e-05,0.00036712136
73,1608007200,26.583526999999997,26.583579000000004,-0.0017501807300000002,-1.2284453000000002,9.539951,4.430898,7.839386,7.045078000000001,2.0608222800000005,15.000149000000002,0.0001310903,5.5227341000000004e-05,5.457718000000001e-05,6.574295000000001e-05,9.580446000000001e-05,0.00012174929000000002,0.00019411643999999996,0.00042221413999999995,12.570566000000001,0.7175805,0.0025299578000000005,76.14209000000001,56.14302,0.0008837753,6.109160999999999,0.07693415,282.66562,0.0336697601,0.0030831085900000004,0.1598111,1110.2472,0.0336697601,0.0030831085900000004,0.018824829999999997,682.0373999999999,0.0336697601,0.0030831085900000004,0.013932669,691.7681,0.0336697601,0.0030831085900000004,0.008666684,0.00011262153,0.00017439510000000002,-0.07938110000000001,50.0181445,0.13103831,0.00789661,0.004293394000000001,7.759459399999999e-05,0.00045249463
73,1608007800,32.49031000000001,32.49036,-0.001267859,-1.250535,10.031268,5.02053,8.572879,7.790975,1.9268196600000003,16.914171000000003,0.00013071648999999998,6.069837e-05,5.971847e-05,7.463779e-05,0.0001131059,0.00014816479000000001,0.00024900593000000003,0.0005447297199999999,15.376157000000001,0.8643492,0.0033190787,77.65144000000001,56.15574,0.0010797635999999998,6.485590999999999,0.08563182,347.3219,0.046827466000000005,0.0042888159,0.1790354,1365.4654,0.046827466000000005,0.0042888159,0.02132468,917.6210000000001,0.046827466000000005,0.0042888159,0.016146962,934.2279999999998,0.046827466000000005,0.0042888159,0.009365561,0.00012716354,0.00018627725999999998,-0.1192732188,13.596048999999999,0.08881304,0.00917117,0.0054127080000000004,7.2012258e-05,0.00032945504
73,1608008400,27.834089999999996,27.834210000000002,-0.0048503967000000005,-1.5128430000000002,8.641915000000001,4.7477529999999994,7.380712000000001,6.769705,1.43286623,13.110585,0.00015109308,6.3281389e-05,6.5664182e-05,8.185507499999999e-05,0.00012040900999999999,0.00015580213,0.00025947677,0.00056808795,13.162152000000003,0.7503751999999999,0.0031361162000000005,75.19472,56.423350000000006,0.0009246674,6.370004,0.08127053,294.9644,0.036434819900000005,0.00336315837,0.1637945,1160.966,0.036434819900000005,0.00336315837,0.018491979999999998,675.95604,0.036434819900000005,0.00336315837,0.013292662,686.95856,0.036434819900000005,0.00336315837,0.009287853,0.00010622250999999998,0.00019148659999999998,0.0399317,22.8452472,0.11000901,0.00842009,0.0050295466,5.7802372000000004e-05,0.00033912277
73,1608009000,27.575709999999997,27.57573,-0.001124733,-1.5357310000000002,8.499336,4.784689,7.446867,6.81602,0.9225435000000001,12.550481,6.956396e-05,6.3355768e-05,5.883781290000001e-05,7.0080142e-05,9.92534e-05,0.00012423394700000003,0.0002026408,0.00042818378000000003,12.958549999999999,0.8249582,0.0032583639999999997,78.07748999999998,56.469849999999994,0.0009166611,6.032563999999999,0.08167632999999999,293.6041,0.0478874709,0.00438652223,0.165503,1146.6108,0.0478874709,0.00438652223,0.017473439,828.28959,0.0478874709,0.00438652223,0.014284337999999999,850.0379400000002,0.0478874709,0.00438652223,0.007101319,6.406688999999999e-05,8.316670999999999e-05,0.0016276309999999912,13.062462000000002,0.07524387,0.00842257,0.005344256,1.7387484e-05,0.00017605437
73,1608009600,21.048802000000002,21.048845999999998,-0.005914342,-1.3958382,7.765842000000001,4.079661,6.417344,5.7121,1.25059218,11.069269,6.017631000000001e-05,5.0586796e-05,4.8586288999999996e-05,5.8467611e-05,8.385426999999999e-05,0.00010564923,0.00017543933000000004,0.00036287556999999997,9.930408,0.59054873,0.0025214370000000005,74.25311000000002,56.762800000000006,0.0006995039,6.204135,0.07068066,223.12189999999995,0.0281126764,0.0025743019600000003,0.14075194,876.6085,0.0281126764,0.0025743019600000003,0.015290044999999999,539.21121,0.0281126764,0.0025743019600000003,0.012293651999999999,548.3275,0.0281126764,0.0025743019600000003,0.006731091999999999,5.8244609999999995e-05,7.753874e-05,0.06047795,24.8688647,0.08863449999999999,0.007358774,0.004272372,2.0722211000000003e-05,0.00020284229000000001
73,1608010200,16.230477,16.2305,-0.011858214,-1.469182,6.191252,3.593672,5.4779789999999995,5.109605,0.4311278799999999,7.3046120000000005,7.420403e-05,6.052281e-05,6.2916365e-05,7.3940683e-05,9.786678e-05,0.00012588613000000002,0.00019478486000000002,0.00039116784,7.899473,0.21097259999999998,0.003722368,69.14095999999999,52.72852,0.0005393228,6.42721,0.06408401,172.73471999999998,0.014326896900000002,0.00131111455,0.12811025000000004,698.5067,0.014326896900000002,0.00131111455,0.012429833,313.23603,0.014326896900000002,0.00131111455,0.009282318,316.36937,0.014326896900000002,0.00131111455,0.006122746,4.257157e-05,6.125128e-05,-0.018228269999999998,13.480810299999998,0.05626782,0.006035454,0.0033211259999999998,1.4454277000000002e-05,0.0001342638
73,1608010800,21.174761000000004,21.174765,-0.008576417309999999,-1.4104472,7.5192049999999995,3.9675249999999997,6.18735,5.675497,1.4932661900000002,10.857954000000001,6.653624e-05,5.2358469e-05,5.2184899000000006e-05,6.129213299999999e-05,8.820155e-05,0.000111818027,0.00017737923,0.00035224533000000004,10.300306,0.2833512,0.0027761416,71.14455000000001,53.79987,0.0007043898999999999,6.13158,0.07024273,226.36864,0.012586458,0.00115182546,0.14011133,911.6691000000001,0.012586458,0.00115182546,0.012828289999999997,251.79729999999995,0.012586458,0.00115182546,0.009332379000000002,255.02970999999997,0.012586458,0.00115182546,0.0066219550000000005,6.0757309999999996e-05,8.193259e-05,0.06649114999999998,79.27781999999999,0.12637139,0.0066297019999999995,0.0037065171,4.2682669999999995e-05,0.00041783520000000004
73,1608011400,38.77793,38.77796,-0.002255648,-1.6111309999999999,9.641020000000001,5.761006,8.423357,7.704535,2.2243803,18.76354,8.613565e-05,4.551735e-05,4.1823973e-05,5.4336458e-05,8.844298999999999e-05,0.000110778351,0.00018815191,0.00044482795000000007,18.512629999999998,0.872577,0.0027276242,75.17438000000001,54.812239999999996,0.0012895665,5.896239,0.09814432,408.0005,0.0424942286,0.0039032565000000005,0.19723079999999998,1628.3970000000002,0.0424942286,0.0039032565000000005,0.01943463,807.1368999999999,0.0424942286,0.0039032565000000005,0.014704769999999997,820.2124,0.0424942286,0.0039032565000000005,0.008880633000000002,0.00011666967000000001,0.00015228918,-0.038929539999999985,14.7771639,0.10652507,0.010224517,0.0066687380000000004,5.944366800000001e-05,0.00034569965
73,1608012000,32.38341,32.383419999999994,-0.00074041872,-1.628077,8.669443,5.242904000000001,7.811185999999999,7.129943,0.6249008899999999,13.942543,7.163775e-05,6.922311e-05,6.349726e-05,7.695037899999999e-05,0.00011098939999999999,0.00014118922999999998,0.00023166091000000004,0.00047992869999999993,15.070536,1.116918,0.0030236483,80.67353999999999,57.98894,0.0010763125999999998,6.333731,0.08879532999999999,342.9715,0.0352049462,0.00322360373,0.17713399999999999,1330.5881000000002,0.0352049462,0.00322360373,0.017154344999999998,683.7477700000002,0.0352049462,0.00322360373,0.013855090999999996,696.0801899999999,0.0352049462,0.00322360373,0.007902952,8.205245000000001e-05,0.00010141979999999997,0.0019266920000000007,2.5514809000000005,0.05212538,0.010307482,0.006795289,1.4573859999999998e-05,0.00011754540000000003
73,1608012600,31.316790000000005,31.316810000000004,8.035433000000005e-05,-1.519494,8.834371,5.037834,7.770912,7.244059,1.0005091099999999,14.570819,5.022789000000001e-05,4.270773e-05,3.659544500000001e-05,4.3960587000000005e-05,6.997328000000001e-05,8.407652000000001e-05,0.00014450902,0.00032408237,15.039356000000002,0.6154033,0.0028578049999999997,76.90518999999999,54.909800000000004,0.0010416984000000001,6.230023,0.08716623000000001,332.10699999999997,0.021235387,0.0019428003999999999,0.17688920000000002,1328.3162,0.021235387,0.0019428003999999999,0.01710251,532.4835999999999,0.021235387,0.0019428003999999999,0.013705091999999999,535.1486000000001,0.021235387,0.0019428003999999999,0.007560584,7.969277e-05,9.869487000000001e-05,-0.04516797299999999,33.659972800000006,0.09948085,0.009603152,0.006108629999999999,3.1901127999999995e-05,0.00032278618
73,1608013200,31.083109999999998,31.083140000000004,0.0002865862999999999,-1.535371,9.143038,5.019905,7.579732,6.876286,2.23714889,16.241719999999997,3.104822e-05,2.2051976e-05,1.9440202000000003e-05,3.0313114000000005e-05,6.331697e-05,8.708202999999999e-05,0.00017049227,0.00042050100000000005,14.991620000000001,0.5459596,0.003147619,74.27868,54.725649999999995,0.0010334134,6.22022,0.08539248,326.00210000000004,0.006627939300000002,0.00060540137,0.1735307,1316.2598999999998,0.006627939300000002,0.00060540137,0.014232856999999998,277.03562999999997,0.006627939300000002,0.00060540137,0.010470158,273.26688,0.006627939300000002,0.00060540137,0.007616988,8.146991e-05,0.00010194888999999999,0.0092196416,23.819666,0.11499492999999998,0.009356402,0.006002789,2.9970987999999995e-05,0.00027853471
73,1608013800,35.32129000000001,35.32139000000001,-0.0044002317,-1.5608810000000002,9.357441,5.3537609999999995,8.026186999999998,7.395865000000001,2.4193143700000004,18.053291,0.00020824256,9.956504e-05,0.000102446643,0.000122998547,0.00017051972,0.00022145537,0.00035030395999999996,0.0007193187299999999,17.086783,0.5692657000000001,0.0026952465,71.84808,54.18127,0.0011737037000000001,6.26919,0.09158386,369.98190000000005,0.027898629399999996,0.00257533658,0.1856306,1498.3491,0.027898629399999996,0.00257533658,0.019429349,595.7453499999999,0.027898629399999996,0.00257533658,0.013173818,600.3550299999999,0.027898629399999996,0.00257533658,0.010421947999999999,0.00015114576,0.00024543954000000003,-0.13305868,31.520626400000005,0.11700507,0.008921768,0.005394201,0.000104711549,0.00060530559
73,1608014400,26.913961999999998,26.914013999999998,0.0008347694999999999,-1.1027242,9.079182,4.3562579999999995,7.77672,6.821461000000001,1.2943665,12.933714999999998,9.449426e-05,3.09717e-05,2.8027772e-05,3.5513580000000004e-05,5.631703e-05,7.005243e-05,0.00012170476,0.00026943006,12.275585999999999,1.1784124999999999,0.0023314169999999997,83.77208999999999,64.67461,0.0008950618999999998,6.271838,0.07383899999999999,278.21430000000004,0.043782524,0.004007976,0.15063763,1065.3649,0.043782524,0.004007976,0.01910563,793.7166,0.043782524,0.004007976,0.014631284,810.8332,0.043782524,0.004007976,0.008785691000000002,0.00010058385,0.00016284337,-0.002562160000000002,24.987586299999997,0.09426495,0.008292808,0.0047210080000000005,5.1222647e-05,0.00032013732
73,1608015000,20.84319,20.84322,0.00018908239999999998,-1.190156,8.204913,4.044569000000001,7.251070999999999,6.401558,0.5020872000000001,9.089653000000002,5.615279e-05,4.3249787999999994e-05,4.1510253000000006e-05,4.9430138000000004e-05,7.000895999999998e-05,9.213747e-05,0.00014061175,0.00029584064999999996,9.141138999999999,1.275663,0.004025459,84.83555000000001,62.69376,0.0006925627,6.207213,0.06806288,222.8576,0.02052484743,0.001879370645,0.1393713,808.7919,0.02052484743,0.001879370645,0.013193824999999998,376.262724,0.02052484743,0.001879370645,0.010381590999999999,384.624521,0.02052484743,0.001879370645,0.007022740999999999,6.212231e-05,8.096523e-05,0.044142395999999993,17.5638179,0.06227653,0.008324703000000001,0.005157099,1.6856962e-05,0.00016838956
73,1608015600,19.761074999999998,19.761097,0.001203131,-1.0641173,8.113636,3.867939,7.229844999999999,6.311329,0.51983042,8.445727999999999,5.520749e-05,4.379631800000001e-05,4.1568997000000007e-05,4.9449203e-05,7.134891e-05,9.692665e-05,0.00014628111,0.00030572145999999996,8.639016,1.236607,0.004125703,83.19006999999999,63.63190000000001,0.0006564253,6.272916,0.06500369,209.58586999999997,0.034137538099999996,0.00312747609,0.13326149,760.5357,0.034137538099999996,0.00312747609,0.014502372999999999,600.3542,0.034137538099999996,0.00312747609,0.011810332000000002,615.6725000000001,0.034137538099999996,0.00312747609,0.007082247000000002,6.474714999999999e-05,8.357472999999998e-05,-0.0008141130000000011,21.1688169,0.05881609,0.008316594,0.005189345,1.6269325e-05,0.00015550537
73,1608016200,18.07233,18.07235,0.0058560140000000005,-0.9662998999999999,7.837897000000001,3.6382399999999997,7.050515,6.103949,0.7508427799999999,8.222076,6.758564e-05,3.3232651e-05,3.3135038999999994e-05,3.8249829999999996e-05,5.4519780000000005e-05,7.059689e-05,0.0001055467,0.00020562737999999997,7.664828,1.3666831000000002,0.004066096,90.88206,66.40529,0.0006003665,6.335562,0.060702500000000006,194.0238,0.02231885,0.0020441749,0.1261264,679.8993,0.02231885,0.0020441749,0.014163033,427.86906,0.02231885,0.0020441749,0.01096688,435.57993999999997,0.02231885,0.0020441749,0.007461604999999999,7.228472e-05,0.0001038461,-0.052882320000000003,1.2215393,0.04559971,0.007487186000000002,0.004494655,2.3710332e-05,0.00011257973
73,1608016800,19.420194,19.420211,0.0032954855000000005,-0.91232885,7.926875,3.6211690000000005,6.471684000000001,5.681873999999999,0.7064306100000001,9.298399,8.381283000000001e-05,7.2707802e-05,7.7090969e-05,9.1081353e-05,0.000120811697,0.00016720356,0.00024757509000000006,0.00046833392999999995,8.3354782,1.3714490000000001,0.0018472423999999997,87.40999000000001,79.44622999999999,0.0006444598000000001,6.567400999999999,0.06212970999999999,205.98786,0.029803785720000003,0.0027299071169999997,0.11725347,734.5808800000001,0.029803785720000003,0.0027299071169999997,0.014279882999999998,576.76272,0.029803785720000003,0.0027299071169999997,0.011147705,587.6977899999999,0.029803785720000003,0.0027299071169999997,0.007024799,7.410276000000002e-05,9.267962000000001e-05,0.0334255076,78.99070170000002,0.1149588,0.008032023,0.004817996,4.9203931e-05,0.0004749258
73,1608017400,28.765340000000002,28.765390000000004,-0.0007117000000000002,-1.2814879000000001,9.159847000000001,4.7447,8.075979,7.203819999999999,1.51495097,13.696493999999998,0.00010519088000000001,7.091019000000001e-05,7.3492526e-05,8.804764e-05,0.00012470737,0.00016551373,0.00024900063,0.000507296,13.220039,1.1592558,0.0020319229999999997,78.85294,59.18701,0.0009557663999999998,6.328822000000001,0.08147134999999998,306.72040000000004,0.0369046481,0.0033803903099999997,0.16568519999999998,1169.0191,0.0369046481,0.0033803903099999997,0.018240520000000003,719.3642,0.0369046481,0.0033803903099999997,0.014142990999999999,732.3059999999999,0.0369046481,0.0033803903099999997,0.008716669,0.000113688,0.00014604548,-0.12107707999999999,36.006583000000006,0.14007421,0.010266135,0.00644483,6.199715699999999e-05,0.00050846814
73,1608018000,27.71353,27.713569999999997,-0.0013762626999999999,-1.365719,8.933935000000002,4.761366,8.007994,7.233295999999998,0.25067874999999995,11.7512,9.067936999999999e-05,8.3775294e-05,8.3195978e-05,9.9019794e-05,0.00013571715,0.00018086775999999997,0.00027086912,0.00054407651,12.691364,1.1610341000000002,0.002917182,77.86483,58.49293,0.0009207561000000001,6.397048,0.0795306,291.17109999999997,0.038473692,0.0035233998000000002,0.16434120000000002,1113.2973,0.038473692,0.0035233998000000002,0.016717660000000002,698.0307,0.038473692,0.0035233998000000002,0.013615009,714.7460000000001,0.038473692,0.0035233998000000002,0.007913153000000001,8.467942000000001e-05,0.00010372751000000001,0.022043506999999997,11.6725081,0.06765783,0.010295672,0.0067286789999999996,2.118113e-05,0.00019898528
73,1608018600,28.374039999999997,28.37405,-0.001859479,-1.335504,8.974326,4.795535000000001,8.091246000000002,7.343850000000001,0.31225070999999993,11.85211,7.315618e-05,7.479877e-05,6.5835613e-05,7.8337418e-05,0.0001111335,0.00014274161,0.00021844841999999997,0.00045560944,13.086305999999999,1.0967216,0.002805722,81.50381,57.80751,0.0009427577999999999,6.3453159999999995,0.08063646999999999,300.21090000000004,0.0478146137,0.00437973893,0.1674304,1154.7043999999999,0.0478146137,0.00437973893,0.018090790000000002,875.66623,0.0478146137,0.00437973893,0.015280585999999999,897.1745999999999,0.0478146137,0.00437973893,0.008286806,9.317451000000001e-05,0.0001120385,-0.029885216,3.2453298999999993,0.054213050000000006,0.011152713,0.007475551999999999,1.7218850000000002e-05,0.00015181279000000002
73,1608019200,25.79859,25.79862,-0.00151518197,-1.256892,9.07183,4.482657000000001,7.774024,6.984551000000001,1.2943533300000003,12.354418,3.515587e-05,2.5062266e-05,2.3697238999999997e-05,3.1090552e-05,5.4698669999999996e-05,6.916446000000001e-05,0.00011693779,0.00028308215,11.713742,1.1830095,0.0019189079000000002,83.73427000000001,60.04355,0.0008576676999999999,6.126062999999999,0.07660610999999999,278.2336,0.030076402000000002,0.0027539184,0.1566464,1041.9933999999998,0.030076402000000002,0.0027539184,0.01649926,598.9492,0.030076402000000002,0.0027539184,0.013292607000000001,610.1809000000001,0.030076402000000002,0.0027539184,0.008406073000000002,0.00010193561000000002,0.00012081544,0.022275702999999997,6.279833599999999,0.08739345999999999,0.011637277000000001,0.007532133000000001,2.6675440000000005e-05,0.00025976266
73,1608019800,18.8812,18.881230000000002,-0.0020443466,-1.334159,7.760413,3.933294,6.627802,5.904593,0.62188797,8.590347999999999,5.551125e-05,4.2295518000000004e-05,4.5824387e-05,5.450229699999999e-05,8.014593e-05,0.00010466206000000003,0.00016842211,0.00035776890000000004,8.193790000000002,1.2435512999999998,0.002366699,81.87075,63.22411999999999,0.0006272859000000001,6.416062999999999,0.06725585,203.7942,0.017259423900000005,0.00158001251,0.13273669999999999,728.3282,0.017259423900000005,0.00158001251,0.013061544999999999,381.53399,0.017259423900000005,0.00158001251,0.010075301999999998,385.73354,0.017259423900000005,0.00158001251,0.007619113000000001,8.074119999999999e-05,9.961115e-05,0.063867716,13.315797700000001,0.08163889,0.00964811,0.006194643,2.5324350999999997e-05,0.00024398877
73,1608020400,17.622197000000003,17.622219,0.0023125254000000003,-1.1878323,7.004156999999999,3.4168369999999997,5.970034,5.151832000000001,1.1552398600000002,8.480841,4.7378750000000004e-05,3.5163314e-05,3.6729552e-05,4.4951281e-05,6.490988000000002e-05,8.219787999999999e-05,0.00012560173,0.00025443479999999994,7.627001099999999,1.1819908,0.0014215352,90.59984,76.93952999999999,0.0005855265,6.399767,0.05893761000000001,188.1547,0.025981271590000004,0.0023794804230000003,0.11198411999999999,674.0979199999999,0.025981271590000004,0.0023794804230000003,0.013252954,479.820556,0.025981271590000004,0.0023794804230000003,0.010246794,490.523309,0.025981271590000004,0.0023794804230000003,0.0075015659999999994,8.028273e-05,9.918068e-05,0.030239519999999992,26.689245999999997,0.10422731999999998,0.009374362,0.005828589,3.6362099e-05,0.00036016047
73,1608021000,5.632885,5.632903,0.0075882330000000015,-0.9399304,4.5142,1.9632530000000004,3.9928219999999994,3.3444270000000005,0.06582915,2.32547,2.15485e-05,4.190245000000001e-06,7.001684000000001e-06,8.899997999999999e-06,1.577774e-05,2.3043969999999996e-05,3.7115329999999996e-05,7.153979000000001e-05,1.3677587,1.447491,0.0010205626,102.02437,101.30815,0.00018698470000000003,6.573189000000001,0.03570689,62.18558,0.018543275999999997,0.0016988254799999998,0.05405684000000001,122.39819000000003,0.018543275999999997,0.0016988254799999998,0.010519178,320.595139,0.018543275999999997,0.0016988254799999998,0.008060175,329.315524,0.018543275999999997,0.0016988254799999998,0.006734261,5.777168e-05,7.599980999999999e-05,-0.011514377000000001,2.628686,0.04365545,0.007753252999999999,0.004485126000000001,1.1924367e-05,8.730166e-05
73,1608021600,6.286945,6.286962,-0.00012962740000000008,-0.9682086,4.486449,2.060648,4.0505379999999995,3.572246,0.19785725,2.6884800000000006,2.5018939999999998e-05,7.418993999999999e-06,8.776505e-06,1.1412885000000001e-05,1.6260634999999997e-05,2.2391678e-05,3.613399e-05,6.551306000000001e-05,1.2187711,1.9235780000000002,0.000945425,110.16938999999999,114.60634,0.00020870059999999996,6.561842,0.038539279999999995,68.68677,0.026351708379999998,0.002414701531,0.048287449999999996,110.25027,0.026351708379999998,0.002414701531,0.011562351,449.23064000000005,0.026351708379999998,0.002414701531,0.009090289,462.32313000000005,0.026351708379999998,0.002414701531,0.005641406,3.6830860000000004e-05,5.515797e-05,0.24400972999999998,46.380635,0.07895332000000001,0.004266722,0.0013821863,2.5943116000000003e-05,0.00024788072
73,1608022200,6.311346,6.311362000000001,-0.0008017180000000001,-0.9898346,4.7773080000000006,2.07833,3.9150820000000004,3.5516579999999998,0.18465316,2.876401,2.4256040000000002e-05,6.6041412e-06,7.571158e-06,1.0330176999999999e-05,1.4816622000000002e-05,2.1239311000000002e-05,3.603766e-05,7.316786e-05,1.3975250000000004,1.757051,0.0009192110999999999,106.49902999999999,109.34145000000001,0.0002094223,6.391306999999999,0.0381588,68.15326999999999,0.020366861110000002,0.0018660411660000001,0.051641809999999996,124.31083000000001,0.020366861110000002,0.0018660411660000001,0.010724042,357.70238099999995,0.020366861110000002,0.0018660411660000001,0.008223717,367.31592200000006,0.020366861110000002,0.0018660411660000001,0.005378893000000001,3.342622999999999e-05,5.168533000000001e-05,0.04557456900000001,68.542681,0.09156091,0.0033233490000000006,0.0007418153,2.8297538999999998e-05,0.00027508896
73,1608022800,8.805394,8.805419,-0.0003704211600000001,-0.8691908999999999,5.71401,2.4187319999999994,4.709466999999999,3.936383,0.6550530499999999,4.385724999999999,2.426045e-05,7.655768e-06,8.547516e-06,1.2716199e-05,1.9863071e-05,2.9352330000000002e-05,5.669013999999999e-05,0.00011537611000000001,2.7198097000000003,1.68155,0.0010770307000000001,94.54862,95.11783,0.00029233970000000004,6.3809200000000015,0.04399136,94.54108,0.032729695999999996,0.0029989585,0.06957954000000001,242.68244000000004,0.032729695999999996,0.0029989585,0.01336675,560.6689,0.032729695999999996,0.0029989585,0.010812037,577.0642,0.032729695999999996,0.0029989585,0.005505563,3.6391429999999994e-05,5.474849e-05,0.12522083,73.459336,0.10071942999999998,0.003767379,0.001400232,3.1168733e-05,0.00031577155
73,1608023400,18.591476999999998,18.591518999999998,0.0011600129999999999,-0.9559140000000002,7.850226999999999,3.6209949999999997,6.819621000000001,5.9690199999999995,0.76139811,8.676007000000002,4.439524e-05,3.1006051e-05,3.2442017999999995e-05,4.1017585000000004e-05,6.279324e-05,9.106594e-05,0.00014448777999999997,0.00030248825000000004,7.860419,1.432902,0.0016951085,83.30647000000002,71.14135000000002,0.0006174569,6.439404999999999,0.062210940000000006,194.75456,0.026183161,0.002397765,0.12223082,686.8556,0.026183161,0.002397765,0.014490123999999998,489.54479999999995,0.026183161,0.002397765,0.011592552,500.2878999999999,0.026183161,0.002397765,0.006375788,5.831185e-05,7.665615e-05,0.02220137,64.210105,0.11469953,0.006441957,0.003422194,4.4547781e-05,0.00043297604999999997
73,1608024000,11.198635,11.198648,0.007839256999999999,-0.56321051,6.806382999999999,2.6954940000000005,5.878303999999999,4.922363,0.31032442000000005,4.922434,3.442101e-05,1.8676179000000005e-05,1.9675997999999997e-05,2.4383114e-05,3.4342474e-05,5.1948749999999996e-05,7.718115999999999e-05,0.0001448572,3.6148569999999998,1.9829189999999997,0.0011488199,99.43349,86.17475999999999,0.0003717098,6.407596000000001,0.04703096,118.82314,0.032432298299999995,0.00297151786,0.08576552,315.8976,0.032432298299999995,0.00297151786,0.01393202,608.5361999999999,0.032432298299999995,0.00297151786,0.011500409999999999,621.8978000000001,0.032432298299999995,0.00297151786,0.0058110639999999995,4.156082e-05,5.982756e-05,-0.050503519,47.93271,0.07304391,0.004802247,0.0022606807,2.0118004e-05,0.00018066761999999999
73,1608024600,10.610784,10.610806,0.005608448,-0.9577766999999999,6.1647,2.773993,5.399941,4.5787759999999995,0.8363319500000002,5.268679,2.8529770000000004e-05,1.313684e-05,1.36713089e-05,1.8267839e-05,2.9435545e-05,4.2741937e-05,7.0830758e-05,0.00015148434,4.5276440000000004,0.7763501999999999,0.0010457663,85.5435,66.15941000000001,0.0003523502,6.300663,0.04617543,111.56341,0.0147999643,0.0013550431,0.09553795000000001,396.3151,0.0147999643,0.0013550431,0.011252150999999998,286.74762999999996,0.0147999643,0.0013550431,0.00856218,292.0205,0.0147999643,0.0013550431,0.005489242,3.446868e-05,5.272633999999999e-05,0.08378124499999999,33.773838,0.07041968000000001,0.0039055450000000007,0.00108046482,1.9525495e-05,0.00016673604000000001
73,1608025200,4.281326,4.281345,0.011212355,-1.2884725,3.631198,1.7145277999999997,2.9362660000000007,2.628529,0.11176679999999999,2.0703147000000004,2.6579360000000006e-05,9.607368300000001e-06,1.01135267e-05,1.2650316000000002e-05,1.8080512000000004e-05,2.3707632e-05,3.5911059000000004e-05,7.295316e-05,1.9364738000000004,0.20352508,0.0004706188,82.12530000000001,59.51631,0.00014224046,6.393675,0.028676499999999994,45.20024,0.0049042148,0.0004484892,0.05904011,169.91965000000002,0.0049042148,0.0004484892,0.008286524,103.47172,0.0049042148,0.0004484892,0.0052771,104.45833,0.0049042148,0.0004484892,0.004903051,2.0521219999999997e-05,3.855285e-05,-0.099344723,35.80393,0.04670661,0.0005877551,-0.0009902559,1.1082616999999998e-05,6.948985e-05
73,1608025800,1.28945,1.289469,0.005960507,-1.7177229999999999,1.895421,1.0698286,1.516696,1.375842,0.017453113,0.5455718,1.945176e-05,1.9117953000000004e-06,2.1390761e-06,3.2746285999999995e-06,5.581322e-06,8.076079000000001e-06,1.3492277e-05,2.559711e-05,0.5914463,0.05299662000000001,0.0002199225,79.07945000000001,58.39706000000001,4.284112e-05,6.3835180000000005,0.0181585,13.9017,0.00111804741,0.00010177155600000001,0.0354314,51.79102,0.00111804741,0.00010177155600000001,0.005665108,20.495101,0.00111804741,0.00010177155600000001,0.002429368,20.434824,0.00111804741,0.00010177155600000001,0.004601614,1.3472939999999999e-05,3.136519e-05,0.015312919999999997,49.581849999999996,0.03929099,-0.001357837,-0.00208452,9.920973e-06,5.832293999999999e-05
73,1608026400,1.73298,1.732996,0.006866853999999999,-1.7293939999999999,2.158529,1.241438,1.740466,1.599799,0.017773830999999997,0.7227862,2.0702540000000003e-05,3.4320789999999998e-06,3.7656247999999997e-06,5.1353195e-06,8.118805e-06,1.1316976e-05,1.8832278000000002e-05,3.7515330000000005e-05,0.8062522,0.05989844999999999,0.0002470936,77.26409,56.95969,5.7573550000000004e-05,6.389279,0.021249849999999997,18.842820000000003,0.00110365732,0.00010041443399999999,0.04163771,71.26449,0.00110365732,0.00010041443399999999,0.005819957000000001,25.295279,0.00110365732,0.00010041443399999999,0.0027056650000000003,24.983603,0.00110365732,0.00010041443399999999,0.004609525,1.446346e-05,3.228962e-05,0.08593661999999999,47.00557,0.04284177,-0.0010530575,-0.0018060340000000002,1.0104672e-05,5.8513879999999994e-05
73,1608027000,1.9226640000000004,1.922682,0.008497501000000001,-1.6527809999999998,2.3302840000000002,1.295233,1.9275579999999999,1.766227,0.020434828,0.8082779,1.947343e-05,2.2522855e-06,2.3427268000000003e-06,3.452796e-06,5.902126e-06,8.355662999999999e-06,1.3360949e-05,2.632936e-05,0.8932629999999999,0.06770839,0.0002969801,82.70669,57.15671000000001,6.390024000000001e-05,6.207511,0.02200468,20.76772,0.0020026092,0.00018280062400000003,0.04370632,78.66968,0.0020026092,0.00018280062400000003,0.006398700000000002,42.521466000000004,0.0020026092,0.00018280062400000003,0.0033544480000000003,42.697731,0.0020026092,0.00018280062400000003,0.0046122839999999995,1.4496109999999999e-05,3.237741e-05,0.004253220000000002,43.81331,0.039631879999999994,-0.0008679714,-0.0017141309999999996,9.698909e-06,5.252621999999999e-05
73,1608027600,2.2209259999999995,2.220945,0.010427058999999999,-1.657682,2.475075,1.3935719999999998,2.074488,1.903934,0.01713301,0.9197415,2.0814940000000002e-05,3.7948238e-06,4.2633756e-06,5.9514565e-06,9.749402e-06,1.4261634e-05,2.3123555e-05,4.857626e-05,1.0400893,0.06966311,0.0005962885,77.89089,56.32661,7.373824e-05,6.484054,0.02369894,23.8859,0.0023307639200000002,0.000212809478,0.04733035000000001,91.96407000000002,0.0023307639200000002,0.000212809478,0.0066146469999999995,48.36112899999999,0.0023307639200000002,0.000212809478,0.0036386889999999996,48.66868,0.0023307639200000002,0.000212809478,0.004596366,1.4503889999999998e-05,3.231968000000001e-05,-0.104295604,42.1623,0.039572159999999995,-0.0006875655000000001,-0.001565216,9.572942000000001e-06,5.3136440000000005e-05
73,1608028200,2.021712,2.0217300000000002,0.004182645300000001,-1.644906,2.3863099999999995,1.324634,1.954523,1.818431,0.02068657,0.8466899,2.343236e-05,6.2902206000000005e-06,6.6543311e-06,8.284429499999999e-06,1.2228987e-05,1.6172205e-05,2.4798358999999997e-05,4.644556e-05,0.9656269999999999,0.044535000000000005,0.0005664601999999999,76.81849,54.479169999999996,6.715658999999999e-05,6.46374,0.02254904,21.65607,0.0030967294200000004,0.00028302810499999996,0.045469880000000004,84.9442,0.0030967294200000004,0.00028302810499999996,0.006722598000000001,55.600815,0.0030967294200000004,0.00028302810499999996,0.003733798000000001,56.515841,0.0030967294200000004,0.00028302810499999996,0.00461403,1.5058750000000002e-05,3.286922e-05,-0.1517154,47.70568000000001,0.043245099999999995,-0.0008223447,-0.001668097,9.922187e-06,5.8750999999999994e-05
73,1608028800,2.1477480000000004,2.1477650000000006,0.0043991202,-1.606087,2.4727140000000003,1.355878,2.038677,1.907871,0.018647870000000004,0.8931633000000001,2.146807e-05,4.409962499999999e-06,4.6625353999999995e-06,6.266843999999999e-06,9.527556e-06,1.2997244000000002e-05,2.1172885999999997e-05,4.1437210000000004e-05,1.0324358,0.040746489999999996,0.0005827308,74.60626,53.863459999999996,7.136177999999998e-05,6.291981999999999,0.02316843,23.073559999999997,0.00153373087,0.000139770457,0.04703755,90.82941000000001,0.00153373087,0.000139770457,0.006389205,36.779180000000004,0.00153373087,0.000139770457,0.0034026549999999997,36.672108,0.00153373087,0.000139770457,0.004612973000000001,1.491342e-05,3.273090000000001e-05,0.198462154,42.731399999999994,0.0409828,-0.0007248264,-0.0016088629999999999,9.748656e-06,4.960775e-05
73,1608029400,2.254274,2.2542929999999997,0.005371496999999999,-1.562428,2.551991,1.382429,2.1275910000000002,1.9899239999999998,0.014102287,0.9310957999999999,2.05154e-05,3.5941322e-06,3.8483034e-06,5.260457e-06,8.764043e-06,1.2501967000000001e-05,2.0600492000000002e-05,4.349831e-05,1.086379,0.04008809000000001,0.0005662492999999999,75.16317,53.623760000000004,7.491102e-05,6.351272,0.023539289999999997,23.99147,0.0033559319000000002,0.00030674804000000003,0.04818639,95.27383,0.0033559319000000002,0.00030674804000000003,0.007128369,60.88414,0.0033559319000000002,0.00030674804000000003,0.00418916,61.796710000000004,0.0033559319000000002,0.00030674804000000003,0.004591104,1.416512e-05,3.198138999999999e-05,-0.14932203900000002,41.7808,0.03942855000000001,-0.0006526215,-0.001567814,9.502909e-06,5.475113999999999e-05
73,1608030000,2.076077,2.076094,0.012900034999999999,-1.542183,2.473388,1.321868,2.0558880000000004,1.926922,0.014469203,0.8600519999999999,2.073808e-05,3.4980622999999996e-06,3.7108483000000004e-06,4.869297e-06,7.760645000000001e-06,1.0508807e-05,1.6891964999999998e-05,3.3900239999999994e-05,1.0007555,0.036734170000000003,0.0004632458,75.58938000000002,53.61033,6.900984000000001e-05,6.214833999999999,0.022534520000000002,22.125100000000003,0.0016340977,0.00014894380999999998,0.04629487,87.94386000000002,0.0016340977,0.00014894380999999998,0.006427225,37.06468,0.0016340977,0.00014894380999999998,0.003449832,36.9265,0.0016340977,0.00014894380999999998,0.0045868739999999995,1.4045380000000001e-05,3.177684e-05,-0.11181413000000003,41.292809999999996,0.03874503,-0.0007461786999999999,-0.001662874,9.229016e-06,4.7245260000000004e-05
73,1608030600,2.076758,2.076777,0.012911497,-1.5361799999999999,2.475412,1.31901,2.056825,1.932882,0.015691303,0.8623628999999999,2.02e-05,3.3879899999999993e-06,3.7118162e-06,5.2620722e-06,8.722825000000002e-06,1.2758425000000001e-05,2.1054682e-05,4.355079e-05,0.9985513999999999,0.039148340000000004,0.0005760587,75.23919,53.84004,6.897040999999999e-05,6.416789999999999,0.022507359999999997,22.15932,0.00240608297,0.000219738002,0.04625714,87.66842,0.00240608297,0.000219738002,0.006490743,45.750693999999996,0.00240608297,0.000219738002,0.0035209670000000007,46.246936999999996,0.00240608297,0.000219738002,0.004588331,1.4272919999999998e-05,3.197318e-05,-0.06296710999999999,41.51062,0.040398869999999996,-0.0007110684000000001,-0.001645412,9.999027999999999e-06,5.853588000000001e-05
73,1608031200,2.058382,2.058399,0.006967103,-1.6140910000000002,2.402848,1.329192,1.991537,1.866506,0.013247087999999999,0.8529960000000001,2.0726940000000003e-05,3.8782675e-06,4.166350300000001e-06,5.733562e-06,9.340479999999998e-06,1.3413223999999998e-05,2.2349059999999996e-05,4.621092e-05,0.9916991,0.03676893,0.0006118394000000001,74.04926,53.637429999999995,6.837037e-05,6.490168,0.02269091,22.054529999999996,0.0012619475700000001,0.000114888773,0.04614498,87.4144,0.0012619475700000001,0.000114888773,0.006026968,28.628601000000003,0.0012619475700000001,0.000114888773,0.0030588329999999995,28.378287,0.0012619475700000001,0.000114888773,0.004557355000000001,1.400792e-05,3.150248e-05,-0.154439895,40.07629,0.037264849999999995,-0.0007242749000000001,-0.0016042359999999998,9.207242999999998e-06,5.0219610000000004e-05
73,1608031800,2.0954119999999996,2.095429,0.008091432999999999,-1.6044809999999998,2.447887,1.337956,1.9998610000000003,1.8891200000000001,0.016143552,0.8698286,2.0963519999999998e-05,4.6577138e-06,4.8915530000000005e-06,6.300395999999999e-06,9.541154e-06,1.3100467999999998e-05,2.0318271000000002e-05,4.027778e-05,1.0124884,0.03458625,0.0005212334,75.40876,53.35382,6.964212e-05,6.347658000000001,0.02308042,22.80839,0.00185505956,0.00016923190499999998,0.04680872,89.89113,0.00185505956,0.00016923190499999998,0.006295182000000001,39.397003,0.00185505956,0.00016923190499999998,0.003347676,39.409921,0.00185505956,0.00016923190499999998,0.004528111,1.4010600000000001e-05,3.1239020000000005e-05,0.009370019999999996,40.28974,0.03749193,-0.0006612125,-0.001550461,9.155142e-06,4.8501459999999994e-05
73,1608032400,2.0938250000000003,2.0938429999999997,0.005163486,-1.6176469999999998,2.419349,1.341523,1.99101,1.877046,0.014150032000000002,0.8642074,1.983108e-05,3.1629507999999994e-06,3.3103139999999994e-06,4.585367999999999e-06,7.571420999999999e-06,1.0690159e-05,1.7764168999999997e-05,3.5681850000000005e-05,1.0144842,0.03177463,0.0005636587,75.61184999999999,53.09105000000001,6.959081e-05,6.270943000000001,0.022992840000000004,22.547599999999996,0.0019496943,0.00017789382999999998,0.04671423,89.59765999999999,0.0019496943,0.00017789382999999998,0.006408772,39.4832,0.0019496943,0.00017789382999999998,0.0034694489999999995,39.660360000000004,0.0019496943,0.00017789382999999998,0.004522499,1.363584e-05,3.089525e-05,-0.07484374,41.060249999999996,0.03857227,-0.0007051212000000001,-0.001571295,8.948758e-06,4.9126400000000005e-05
73,1608033000,2.063603,2.063622,0.0053708160000000005,-1.6589909999999997,2.370336,1.337552,1.9430069999999997,1.8311449999999998,0.014197155,0.8516571,2.0275730000000002e-05,3.5398425e-06,3.7882878000000004e-06,5.0857047e-06,8.331577e-06,1.1667129e-05,1.9036447999999997e-05,3.8729040000000004e-05,0.9965219,0.034598460000000004,0.0005847834,73.47290000000001,53.40117,6.859696e-05,6.286745,0.0230415,22.410949999999996,0.00102362113,9.3014861e-05,0.046368019999999996,88.27408999999999,0.00102362113,9.3014861e-05,0.006027684,25.337727,0.00102362113,9.3014861e-05,0.003043925,24.873873,0.00102362113,9.3014861e-05,0.00454785,1.413437e-05,3.1527139999999994e-05,-0.14711546000000003,41.84671,0.03792291,-0.0007471875,-0.001584505,9.325324000000001e-06,5.634284000000001e-05
73,1608033600,2.144399,2.1444159999999997,0.010635197999999998,-1.6279879999999998,2.426475,1.3568479999999998,2.012085,1.894707,0.011853530999999999,0.8822707,1.934475e-05,2.4474324e-06,2.5187890000000003e-06,3.7544000000000004e-06,6.545927e-06,9.085673999999999e-06,1.5492892e-05,3.1778170000000005e-05,1.0393824,0.032177899999999995,0.0005628962000000001,74.14913,53.053129999999996,7.130008000000002e-05,6.222122000000001,0.02332472,23.138389999999998,0.00206079568,0.000188072883,0.04728525,91.79341000000001,0.00206079568,0.000188072883,0.006554152999999998,43.382034,0.00206079568,0.000188072883,0.0036182320000000003,43.437081,0.00206079568,0.000188072883,0.004551288999999999,1.392489e-05,3.141222999999999e-05,0.08567533299999999,42.053630000000005,0.04059925999999999,-0.0006955751000000001,-0.001557546,9.370419e-06,5.684148e-05
73,1608034200,2.41599,2.4160069999999996,0.007891923,-1.612224,2.56624,1.4368130000000001,2.1374519999999997,2.023376,0.018412405,0.9992952,2.251899e-05,5.7353038e-06,6.0288240000000004e-06,7.832859e-06,1.1814081e-05,1.6223518e-05,2.6073143e-05,5.0649479999999995e-05,1.173011,0.0342634,0.0005878363,73.30436,52.89922,8.028509e-05,6.342886,0.02458411,25.717629999999996,0.0023471160800000003,0.00021431173900000002,0.050099660000000004,102.99422,0.0023471160800000003,0.00021431173900000002,0.0065424079999999996,46.178501,0.0023471160800000003,0.00021431173900000002,0.003612257,46.45223,0.0023471160800000003,0.00021431173900000002,0.004592739,1.4850300000000002e-05,3.248107e-05,0.030249149999999992,38.61782,0.03861675,-0.00046613439999999997,-0.001416653,9.462298e-06,5.216126000000001e-05
73,1608034800,2.160011,2.1600290000000006,0.01082578329,-1.596939,2.4519,1.3549430000000002,2.040063,1.924895,0.019466392,0.9018670999999999,2.014461e-05,3.4843561999999996e-06,3.6542924999999994e-06,5.006181e-06,8.210824e-06,1.1434456e-05,1.8671958999999998e-05,3.8369129999999994e-05,1.049287,0.030084419999999994,0.0005417541,74.62407999999999,52.836800000000004,7.178993e-05,6.216685,0.023263560000000003,23.195999999999998,0.00155612975,0.00014181722600000002,0.047432810000000006,92.50310999999999,0.00155612975,0.00014181722600000002,0.006194546,33.47876599999999,0.00155612975,0.00014181722600000002,0.0032405619999999998,33.442671000000004,0.00155612975,0.00014181722600000002,0.0045688149999999995,1.440282e-05,3.193484e-05,-0.14257139000000002,41.643319999999996,0.03990286,-0.0006690404,-0.0015773329999999998,9.503528999999999e-06,4.9404970000000003e-05
73,1608035400,2.076505,2.0765229999999995,0.00419706123,-1.580819,2.4277869999999995,1.327569,2.0093089999999996,1.8903580000000002,0.014730359000000002,0.8617651000000001,1.960385e-05,2.5357457e-06,2.4748770000000002e-06,3.7535633000000002e-06,6.200169e-06,8.950901e-06,1.3919128e-05,2.8264380000000002e-05,1.0059263,0.03191195000000001,0.0003445117,75.77689000000001,53.13668,6.90571e-05,6.0394570000000005,0.0226223,22.043870000000002,0.0022683847,0.00020708749999999999,0.046325910000000005,88.09907,0.0022683847,0.00020708749999999999,0.00643433,42.909292,0.0022683847,0.00020708749999999999,0.0034798679999999997,43.283919,0.0022683847,0.00020708749999999999,0.004570706,1.407701e-05,3.167547e-05,-0.19561865999999997,41.671569999999996,0.03766501,-0.0007432278,-0.0016341849999999998,9.33493e-06,4.942551999999999e-05
73,1608036000,2.1051810000000004,2.105198,0.0037371306999999998,-1.575596,2.4216379999999997,1.3315940000000002,2.009948,1.9064830000000001,0.013683230000000001,0.8726958,1.9472440000000003e-05,2.8334963e-06,2.8001833000000003e-06,3.881880499999999e-06,6.4310060000000005e-06,8.539815e-06,1.3662811e-05,2.648449e-05,1.0243862,0.027880739999999998,0.0002515568,75.07300000000001,52.70453,7.004499e-05,6.000148,0.022914690000000005,22.566589999999998,0.00282868599,0.00025847094400000003,0.046893950000000004,90.2687,0.00282868599,0.00025847094400000003,0.006758205000000001,52.311699999999995,0.00282868599,0.00025847094400000003,0.0038151440000000003,52.99298,0.00282868599,0.00025847094400000003,0.004540964999999999,1.366974e-05,3.1126329999999996e-05,-0.12514751000000002,42.78921000000001,0.03938859,-0.0007232180000000001,-0.0016200280000000001,8.981931e-06,5.2685540000000005e-05
73,1608036600,2.095904,2.0959209999999997,0.0023622393,-1.658645,2.34131,1.344584,1.926921,1.8353820000000003,0.013510137000000002,0.8636735,2.175683e-05,4.9410063e-06,5.272934e-06,6.862466999999999e-06,1.0500339e-05,1.4473496e-05,2.3326292e-05,4.6872720000000004e-05,1.017312,0.03022223,0.00029837410000000005,71.30346,52.92856999999999,6.965665e-05,6.477963,0.023087080000000003,22.42929,0.0009033118,8.197450700000002e-05,0.04672102,89.60222999999999,0.0009033118,8.197450700000002e-05,0.00602489,25.740846999999995,0.0009033118,8.197450700000002e-05,0.0030594990000000002,25.142919,0.0009033118,8.197450700000002e-05,0.004549019999999999,1.3715899999999999e-05,3.1205290000000004e-05,-0.015512690000000004,40.72733,0.037250460000000006,-0.0006905046,-0.0015553960000000001,8.740114e-06,4.7120430000000006e-05
73,1608037200,2.05593,2.055946,0.0019561727,-1.722747,2.2444800000000003,1.3453700000000002,1.8443070000000001,1.7378790000000002,0.014160952000000001,0.8450717000000001,1.9459260000000002e-05,2.5154528e-06,2.5827655e-06,3.5827774e-06,6.118155e-06,8.346595999999998e-06,1.3502802000000001e-05,2.729383000000001e-05,0.9836876999999999,0.04399724,0.0002130136,77.34202,54.39789999999999,6.83731e-05,5.917756,0.023028109999999997,21.91767,0.0018115599600000004,0.00016534143100000001,0.04586466,86.41936,0.0018115599600000004,0.00016534143100000001,0.00615338,36.38331699999999,0.0018115599600000004,0.00016534143100000001,0.003186088,36.498616000000005,0.0018115599600000004,0.00016534143100000001,0.004546148,1.328284e-05,3.0820350000000004e-05,0.04260538999999999,39.83567,0.03658055,-0.0007731063000000001,-0.0016125399999999998,8.538765999999999e-06,4.5170020000000004e-05
73,1608037800,1.786214,1.7862310000000001,0.004104396,-1.680831,2.206792,1.251151,1.8047060000000001,1.6727779999999999,0.012621494,0.7377467999999999,2.15271e-05,4.3368671e-06,4.555589100000001e-06,5.8512363e-06,8.699752e-06,1.1836085e-05,1.8460457e-05,3.6092709999999995e-05,0.8425431,0.050254759999999996,0.00021307229999999996,76.43676,55.68429999999999,5.935328e-05,6.153086999999999,0.021315039999999997,19.1828,0.00231589362,0.000211490713,0.04250138,74.13218,0.00231589362,0.000211490713,0.006457456,46.118138,0.00231589362,0.000211490713,0.0033950430000000004,46.491263999999994,0.00231589362,0.000211490713,0.004548504,1.2532709999999998e-05,3.0250439999999997e-05,0.10954428999999999,42.401509999999995,0.03685667,-0.0009897391000000001,-0.0018044450000000004,8.348373999999998e-06,4.3794219999999996e-05
73,1608038400,1.579448,1.5794679999999999,0.007301899000000001,-1.661324,2.125415,1.174128,1.722091,1.595036,0.013444105000000001,0.6579803,2.058475e-05,3.4532996e-06,3.6908395e-06,5.026294899999999e-06,7.761194000000001e-06,1.0600802999999998e-05,1.7008876999999996e-05,3.370558e-05,0.7452477999999999,0.044160740000000004,0.00023200290000000004,76.98605999999998,55.61134,5.246962999999999e-05,6.442452,0.01991831,16.91448,0.0012427187800000002,0.00011321312459999998,0.03988321,65.32002,0.0012427187800000002,0.00011321312459999998,0.005850684,25.421852,0.0012427187800000002,0.00011321312459999998,0.002718721,25.246327,0.0012427187800000002,0.00011321312459999998,0.004553083,1.2446739999999998e-05,3.0196610000000006e-05,0.12549560099999998,47.28464,0.04129165,-0.001152379,-0.0019226280000000002,8.759372999999999e-06,5.655917999999999e-05
73,1608039000,1.371806,1.3718249999999999,0.007790000000000001,-1.653699,1.9976110000000002,1.09484,1.616111,1.4885709999999999,0.011928002999999998,0.5756338999999999,1.886584e-05,1.5930212999999998e-06,1.6813280999999998e-06,2.506878e-06,4.416194e-06,6.265184e-06,1.0223319e-05,1.993814e-05,0.6400686,0.04559974,0.0001870904,81.44927,56.77008000000001,4.5598919999999996e-05,6.290288,0.018519360000000002,14.713490000000002,0.00051355111,4.6386279600000006e-05,0.036919730000000005,55.98072,0.00051355111,4.6386279600000006e-05,0.005699679,17.625194000000004,0.00051355111,4.6386279600000006e-05,0.002532187,16.9824735,0.00051355111,4.6386279600000006e-05,0.004537068,1.200867e-05,2.9629839999999998e-05,-0.06694492999999999,45.457890000000006,0.03708886000000001,-0.0012837489999999998,-0.002023149,8.529005e-06,4.6978259999999994e-05
73,1608039600,1.22079,1.220807,0.00486238,-1.6664169999999998,1.9237700000000004,1.038548,1.533611,1.3892680000000002,0.010156993,0.5096823999999999,1.9179399999999998e-05,2.230173e-06,2.4741868000000004e-06,3.4637988000000005e-06,5.791844999999999e-06,8.426011e-06,1.3818882e-05,2.6798356999999996e-05,0.5559839,0.054109859999999996,0.00023539710000000002,82.91309000000001,58.92006,4.054369e-05,6.438609,0.01759616,13.27526,0.00172296229,0.00015723886099999998,0.03451009,48.90032,0.00172296229,0.00015723886099999998,0.005990789,32.496945000000004,0.00172296229,0.00015723886099999998,0.0027849199999999998,32.751706999999996,0.00172296229,0.00015723886099999998,0.004512247,1.180539e-05,2.9252729999999994e-05,0.10853696499999999,51.146930000000005,0.04020828,-0.0014053079999999999,-0.0021404150000000005,8.724120999999999e-06,5.154859000000001e-05
73,1608040200,1.060807,1.0608238,0.006580477999999999,-1.679415,1.804779,0.9681167,1.417543,1.2851249999999999,0.010888859,0.44540110000000005,1.812287e-05,9.273305e-07,1.1195085000000002e-06,1.9182025000000003e-06,3.968321e-06,5.911255e-06,1.1057548e-05,2.1397822e-05,0.48139199999999993,0.048696,0.00026758880000000003,80.78493,59.275580000000005,3.524513e-05,6.409626,0.01640479,11.500760000000001,0.00179811071,0.00016415923500000002,0.03203244,42.173559999999995,0.00179811071,0.00016415923500000002,0.006061148999999999,35.044907,0.00179811071,0.00016415923500000002,0.002799108,35.151430000000005,0.00179811071,0.00016415923500000002,0.004503549000000001,1.107272e-05,2.8566049999999997e-05,0.027482379999999983,50.372389999999996,0.03621948,-0.0015626429999999996,-0.002253458,8.134589000000002e-06,4.31435e-05
73,1608040800,0.9560869999999999,0.9561046,0.013223122,-1.677254,1.752615,0.9203609,1.3611799999999998,1.222238,0.010157989000000001,0.40421389999999996,1.9058489999999996e-05,1.8358783000000001e-06,2.0835801e-06,2.9440204e-06,4.526006e-06,6.398500000000001e-06,1.0330673e-05,1.9693598e-05,0.42580720000000005,0.05178003,0.0004065856,85.20176000000001,60.963300000000004,3.176304e-05,6.534980999999999,0.015530100000000002,10.337258000000002,0.0009466621399999998,8.607048100000001e-05,0.03004889,37.052499999999995,0.0009466621399999998,8.607048100000001e-05,0.005643764,19.496681000000002,0.0009466621399999998,8.607048100000001e-05,0.0023455480000000003,19.303673,0.0009466621399999998,8.607048100000001e-05,0.004494235,1.069826e-05,2.81312e-05,0.13477122,50.2834,0.035207520000000006,-0.001660903,-0.0023300969999999997,7.818204999999998e-06,4.411313e-05
73,1608041400,1.0502099999999999,1.0502264000000001,0.029627360000000002,-1.585278,1.8800059999999998,0.9543007999999998,1.4924329999999997,1.344715,0.012514951,0.44353030000000004,1.945147e-05,2.5060381e-06,2.8034588e-06,3.831459e-06,6.006062e-06,8.729919999999999e-06,1.407244e-05,2.7327589999999995e-05,0.4739661,0.05063339,0.00043728760000000006,78.13067000000001,59.75388,3.4870669999999996e-05,6.654731000000001,0.01607153,11.39378,0.00117465168,0.000107002133,0.031760290000000004,41.452870000000004,0.00117465168,0.000107002133,0.005839966,25.258770000000002,0.00117465168,0.000107002133,0.002588897,25.106027,0.00117465168,0.000107002133,0.004503741,1.1194692000000001e-05,2.861367e-05,0.24740403649999995,48.83289,0.03641894,-0.0015683080000000002,-0.002255231,7.815899999999997e-06,4.187035e-05
73,1608042000,1.113805,1.113823,0.03185088999999999,-1.5342110000000002,1.9700100000000003,0.9766818999999998,1.564998,1.4160800000000002,0.013926797,0.4743091,1.836948e-05,1.1010213999999998e-06,1.3025298000000001e-06,2.2771010000000004e-06,4.104191e-06,6.399909e-06,1.1356431e-05,2.283056e-05,0.5044997,0.051920369999999993,0.00043240930000000013,84.23774000000002,59.435489999999994,3.698111e-05,6.6763900000000005,0.01637676,11.97114,0.0015210380699999999,0.0001387747748,0.032754700000000005,44.05477,0.0015210380699999999,0.0001387747748,0.005948096,28.640168999999997,0.0015210380699999999,0.0001387747748,0.0027101860000000003,28.754503000000007,0.0015210380699999999,0.0001387747748,0.004503438,1.1209851e-05,2.870298e-05,0.47445393,51.66185,0.0357356,-0.001511757,-0.002239199,8.129714e-06,4.3043409999999996e-05
73,1608042600,1.100717,1.100733,0.02871763,-1.587979,1.840669,0.9762535,1.5225819999999999,1.379066,0.010904501,0.46017720000000006,1.871569e-05,1.5601726e-06,1.5941976999999998e-06,2.1404698999999997e-06,3.3510349999999992e-06,4.444037e-06,7.310208e-06,1.5377015e-05,0.5011637,0.04878751,0.00037025430000000003,84.40263,58.948389999999996,3.6584730000000004e-05,6.276669,0.01628135,11.53528,0.00205569156,0.0001878098742,0.03265684,43.72045,0.00205569156,0.0001878098742,0.006079295,36.385534,0.00205569156,0.0001878098742,0.0028103579999999998,36.789820999999996,0.00205569156,0.0001878098742,0.004295911,5.038857e-06,2.2538119999999998e-05,0.08539840999999998,76.62370000000001,0.03211156,-0.0017169820000000001,-0.00234618,4.467329e-06,3.616772e-05
73,1608043200,0.9826165,0.9826333999999999,0.008466691,-1.7585459999999997,1.468584,0.9382218,1.2730130000000002,1.188825,0.009840351,0.40893440000000003,1.928667e-05,2.1622184000000005e-06,2.1979196199999998e-06,2.6898416e-06,3.8035384e-06,4.873485000000001e-06,7.601363899999999e-06,1.5517786e-05,0.45147129999999996,0.039428649999999996,0.0003669247,81.65594999999999,58.12012,3.2645189999999996e-05,6.1964500000000005,0.015922910000000002,10.310175,0.0011050563799999999,0.000100676604,0.031060610000000006,39.61397,0.0011050563799999999,0.000100676604,0.005683621,23.734975000000002,0.0011050563799999999,0.000100676604,0.002367819,23.518449999999998,0.0011050563799999999,0.000100676604,0.004212936,2.987333e-06,2.035314e-05,0.33712551799999996,46.833129330000006,0.019967764199999998,-0.0018835219999999999,-0.00240842,2.3152851e-06,2.1770608000000003e-05
73,1608043800,0.8809241,0.8809414,0.012817410000000001,-1.754127,1.3147920000000002,0.8886172,1.2322499999999998,1.119596,0.008265787,0.36319580000000007,1.850609e-05,1.5001607000000002e-06,1.4928921300000002e-06,1.8473461700000003e-06,2.6674589000000003e-06,3.3814342e-06,5.461894499999999e-06,1.2030802e-05,0.40103429999999995,0.03901826,0.0003787439,82.45451,59.03433000000001,2.9265859999999998e-05,6.205557000000001,0.014991500000000001,9.173252,0.00113339577,0.00010326314570000002,0.029198900000000007,35.043699999999994,0.00113339577,0.00010326314570000002,0.0056678,23.347043,0.00113339577,0.00010326314570000002,0.002313882,23.243699,0.00113339577,0.00010326314570000002,0.004163928,1.564317e-06,1.889622e-05,0.014730143000000001,0.7374630200000001,0.0018405183399999997,-0.002035157,-0.0025335189999999997,7.55506e-07,1.0263412000000002e-05
73,1608044400,0.452016,0.4520332000000001,0.05603589,-1.419144,1.148699,0.6138973,1.0382564000000003,0.9044152000000001,0.007878307,0.19845549999999998,1.7731479999999996e-05,5.745446e-07,5.9109491e-07,7.504679000000001e-07,1.0941202000000003e-06,1.3984483999999998e-06,2.1984373e-06,5.033828000000001e-06,0.18171900000000002,0.04392634,0.00034972919999999997,91.1596,70.12066000000002,1.5016450000000001e-05,6.281185,0.010240229,4.826914,0.00030664744,2.7563538399999998e-05,0.01968089,16.07831,0.00030664744,2.7563538399999998e-05,0.004873166,6.070600600000001,0.00030664744,2.7563538399999998e-05,0.0013097822999999999,5.6682868299999996,0.00030664744,2.7563538399999998e-05,0.004145624999999999,1.2345112e-06,1.8410050000000002e-05,0.030653704000000004,0.8844176000000001,0.00228274362,-0.0023191830000000003,-0.002754806,7.59509e-07,9.405389e-06
73,1608045000,0.5070712,0.5070884,0.03340088000000001,-1.5750759999999997,1.145435,0.6633127000000001,1.0491331000000002,0.9082025999999999,0.006676738999999999,0.21471230000000002,1.7815170000000003e-05,6.818627000000001e-07,6.800547e-07,8.490907000000001e-07,1.238837e-06,1.5724838000000003e-06,2.4918524000000004e-06,5.840980999999999e-06,0.206092,0.04708095,0.00034845220000000003,94.32584,68.92579,1.683688e-05,6.347868,0.011033715999999999,5.304683,0.00111436141,0.0001015393776,0.02091813,18.03723,0.00111436141,0.0001015393776,0.005648261999999999,21.004238,0.00111436141,0.0001015393776,0.002130016,21.005066,0.00111436141,0.0001015393776,0.0041436549999999996,1.0781717e-06,1.824389e-05,-0.007267206600000001,2.1427329999999998,0.0014725760799999999,-0.002410424,-0.0028370120000000003,7.749686e-07,9.858606e-06
73,1608045600,0.44091579999999997,0.44093309999999997,0.04885964,-1.396953,1.131671,0.6050207,1.0337944000000001,0.8841270000000001,0.004742991,0.18567459999999997,1.7669760000000002e-05,4.8810184e-07,4.967306500000001e-07,6.661899400000001e-07,1.0243377e-06,1.4202415999999999e-06,2.3411324e-06,5.698221000000001e-06,0.1696077,0.05049750000000001,0.00034020179999999994,92.24190000000002,73.69852,1.464401e-05,6.350518,0.009964868999999998,4.576312,0.00099819313,9.092130290000001e-05,0.018832629999999996,14.673570000000002,0.00099819313,9.092130290000001e-05,0.0054131940000000005,17.657104099999998,0.00099819313,9.092130290000001e-05,0.0018603334999999998,17.605330799999997,0.00099819313,9.092130290000001e-05,0.00415606,1.0168836000000002e-06,1.8288920000000002e-05,0.011894279999999998,0.42674409999999996,0.000496595631,-0.0024751699999999996,-0.002885556,7.264922e-07,9.231518e-06
73,1608046200,0.4542533000000001,0.4542704000000001,0.07012569999999999,-1.0415965999999999,1.250176,0.5874053,1.1465609,0.9806554999999999,0.006368288,0.193801,1.743807e-05,4.256928e-07,4.3255217999999996e-07,5.936655e-07,9.349779e-07,1.2716086e-06,2.1753126e-06,5.406341e-06,0.1716922,0.055148130000000004,0.00027464700000000004,95.08290000000001,74.89435,1.5085110000000003e-05,6.502527000000001,0.009569339999999999,4.736027000000001,0.00122528789,0.000111667301,0.019004059999999996,14.947059999999999,0.00122528789,0.000111667301,0.005677381,21.139487,0.00122528789,0.000111667301,0.002152368,21.251101,0.00122528789,0.000111667301,0.004133652999999999,1.0521893e-06,1.812531e-05,0.042747101,4.0112239,0.0041743197,-0.002444288,-0.002877395,8.272964999999999e-07,1.0024326e-05
73,1608046800,0.3644056,0.3644228,0.06361637,-1.1296597,1.1084200000000002,0.529373,1.0065304000000002,0.8526260000000001,0.005871348,0.1543868,1.757617e-05,5.1514106e-07,5.4157733e-07,6.8594571e-07,9.572787e-07,1.2534591999999997e-06,1.9381259e-06,4.604097e-06,0.12881373999999998,0.05310938,0.00026854369999999996,94.58479,79.79997999999999,1.2099568e-05,6.271265,0.008727192,3.8255450000000004,0.0008034875399999999,7.308014309999999e-05,0.01645705,11.232460000000001,0.0008034875399999999,7.308014309999999e-05,0.005457159,15.998016000000002,0.0008034875399999999,7.308014309999999e-05,0.0018546364000000004,15.823888,0.0008034875399999999,7.308014309999999e-05,0.004142860999999999,9.465352e-07,1.810163e-05,-0.031554714,2.9953115,0.0014760107299999997,-0.002542097,-0.002946118,7.529046000000001e-07,9.672687000000001e-06
73,1608047400,0.337395,0.3374118,0.0668189,-1.156618,1.070433,0.5109151999999999,0.9694797999999999,0.8127998999999999,0.004091837,0.1433121,1.7827929999999998e-05,8.003613399999999e-07,8.4049936e-07,1.01577943e-06,1.3011725000000001e-06,1.6985985799999999e-06,2.5278544200000002e-06,5.2666169000000004e-06,0.11383320000000001,0.054577110000000005,0.00027258929999999994,95.79177,82.75025000000001,1.119997e-05,6.304254,0.008462984,3.529302,0.0006759660199999999,6.13930878e-05,0.01548295,9.879522999999999,0.0006759660199999999,6.13930878e-05,0.005264820000000002,12.598390199999999,0.0006759660199999999,6.13930878e-05,0.0016519955999999998,12.400876,0.0006759660199999999,6.13930878e-05,0.004130344,8.432917999999999e-07,1.7903489999999998e-05,0.0020279889999999983,0.5724505,6.50557042e-05,-0.0025960539999999995,-0.0029897179999999997,7.394732e-07,9.108411e-06
73,1608048000,0.2920833,0.29210040000000004,0.024629970000000004,-1.1268698999999998,0.9937427,0.46729659999999995,0.8822895000000001,0.7367849,0.004159487,0.12750350000000002,1.7662590000000002e-05,4.2577232000000003e-07,4.5108214000000007e-07,5.591137800000001e-07,7.36957e-07,9.356853e-07,1.3860378000000003e-06,3.2352354e-06,0.08998118999999999,0.05596656,8.54473e-05,104.31629000000001,88.50227,9.696807000000001e-06,6.324768,0.007962578,3.091377,0.0009635862700000001,8.769058600000001e-05,0.013843449999999998,7.893967000000001,0.0009635862700000001,8.769058600000001e-05,0.005429801000000001,16.502378999999998,0.0009635862700000001,8.769058600000001e-05,0.0017542494,16.434136,0.0009635862700000001,8.769058600000001e-05,0.004155430999999999,8.394552e-07,1.809111e-05,-1.393398637,57.5042503,0.0036785778000000004,-0.0027033100000000004,-0.003082062,1.0215543e-06,1.3088735000000001e-05
73,1608048600,0.29187009999999997,0.29188749999999997,0.0159611,-1.287873,0.9360286000000002,0.47751029999999994,0.8398757,0.7104591,0.003031228,0.1223106,1.769648e-05,4.3234141e-07,4.5550781000000003e-07,5.569166e-07,7.299163e-07,9.094258e-07,1.3444547000000002e-06,3.151237e-06,0.09085157,0.054987699999999994,8.760727e-05,103.01993,87.87292,9.692799e-06,6.483470999999999,0.008130374,3.0805730000000002,0.00079787991,7.252137900000001e-05,0.01390182,7.9664540000000015,0.00079787991,7.252137900000001e-05,0.005324295999999999,14.353543299999998,0.00079787991,7.252137900000001e-05,0.0016443761999999998,14.240631500000001,0.00079787991,7.252137900000001e-05,0.004161466000000001,7.680348000000001e-07,1.80814e-05,0.008167563999999999,3.2881011,0.0010289444,-0.002700638,-0.00308251,7.315636e-07,9.493536999999998e-06
73,1608049200,0.35432369999999996,0.3543407,0.02152586,-1.231472,1.059371,0.5291633,0.9547416,0.8117499,0.006435933,0.1523165,1.7714649999999998e-05,5.1101477e-07,5.262355499999999e-07,6.670266799999999e-07,9.405199e-07,1.2145161e-06,1.9222444e-06,4.4143958999999996e-06,0.12647930000000002,0.050591239999999996,8.010194e-05,91.49293999999999,79.03618999999999,1.176776e-05,6.082681000000001,0.008772902,3.731937,0.0007427325299999999,6.744173500000001e-05,0.01638554,11.110007,0.0007427325299999999,6.744173500000001e-05,0.005397577,13.940768,0.0007427325299999999,6.744173500000001e-05,0.0017739829999999998,13.710196000000002,0.0007427325299999999,6.744173500000001e-05,0.004150756,8.550644000000001e-07,1.807463e-05,0.058885469,5.2361179,0.0023897046799999993,-0.002614773,-0.0030113229999999998,7.509445999999999e-07,9.267220999999999e-06
73,1608049800,0.34628059999999994,0.3462976,0.017080829999999998,-1.278076,1.0318065,0.5289236,0.9386917,0.8003869,0.0036575160000000004,0.1467298,1.776423e-05,6.2645554e-07,6.4825936e-07,7.865768899999998e-07,1.0453172000000001e-06,1.3306621000000002e-06,2.0695263e-06,4.471338499999999e-06,0.1280649,0.04497899,8.460917e-05,93.95896,76.14753,1.149904e-05,6.311171,0.008690176,3.64177,0.0006035001519999999,5.4753873099999995e-05,0.01650969,11.21079,0.0006035001519999999,5.4753873099999995e-05,0.005333177000000001,13.119755000000001,0.0006035001519999999,5.4753873099999995e-05,0.0017139129000000003,12.8382419,0.0006035001519999999,5.4753873099999995e-05,0.00414261,8.428669e-07,1.800361e-05,0.023757052,0.7181903000000001,0.00069205,-0.002605491,-0.0029975789999999998,7.604359999999999e-07,9.553635999999998e-06
73,1608050400,0.2680003,0.2680177,0.012852049499999999,-1.169591,0.9172028999999998,0.44738730000000004,0.8311751999999999,0.6895336000000001,0.0045759189999999995,0.11380099999999997,1.7433420000000003e-05,1.6592233999999998e-07,1.9411385000000003e-07,2.9369843e-07,4.510556e-07,6.780388299999999e-07,1.243051e-06,3.1229936e-06,0.08030372,0.053597030000000004,9.212978e-05,98.51995,90.50741,8.892233999999999e-06,6.501231,0.0077037519999999995,2.831615,0.0006692521689999999,6.07780107e-05,0.013018449999999997,7.033257999999999,0.0006692521689999999,6.07780107e-05,0.005118738,11.748058400000001,0.0006692521689999999,6.07780107e-05,0.0014193001000000001,11.571212500000001,0.0006692521689999999,6.07780107e-05,0.004158286999999999,7.651558e-07,1.804511e-05,-0.012397882999999997,10.3317845,0.0025378644999999997,-0.002722011,-0.0030920739999999993,8.271173999999999e-07,1.0506835e-05
73,1608051000,0.24220479999999997,0.24222190000000002,0.006365123300000002,-1.111502,0.8894895999999999,0.41706389999999993,0.7980619000000001,0.6510573,0.002440287,0.10199558,1.767069e-05,4.5216174999999994e-07,4.7750829e-07,5.8217371e-07,7.365613e-07,9.30968e-07,1.4065632000000001e-06,3.0636833e-06,0.06640758999999999,0.05459524,9.078123000000001e-05,104.80444,95.32582,8.030679e-06,6.455845000000001,0.007349528999999999,2.581988,0.00038218036999999996,3.44034e-05,0.01191,5.853396999999999,0.00038218036999999996,3.44034e-05,0.005049673,7.380546000000001,0.00038218036999999996,3.44034e-05,0.0013297608,7.0443541,0.00038218036999999996,3.44034e-05,0.004153834999999999,6.787386e-07,1.793131e-05,0.06832507999999998,1.34589,0.00039255588999999997,-0.002768099,-0.003142611,7.142068000000001e-07,9.099948000000002e-06
73,1608051600,0.24240380000000003,0.24242090000000002,0.006561924499999999,-1.1271740000000001,0.9090277000000002,0.41911050000000005,0.7944617,0.6554825,0.00260911,0.10379622,1.777164e-05,6.5938597e-07,7.4837436e-07,9.215556900000001e-07,1.1444932000000001e-06,1.5181788999999998e-06,2.1938256999999997e-06,4.3774047e-06,0.06749278,0.05361300000000001,8.359479e-05,99.85428999999999,94.39494,8.045232999999999e-06,6.516963,0.007421433999999999,2.649286,0.00022929992,2.0424141000000002e-05,0.012027239999999998,5.963080000000001,0.00022929992,2.0424141000000002e-05,0.0049571929999999995,5.850018999999999,0.00022929992,2.0424141000000002e-05,0.001253909,5.359602,0.00022929992,2.0424141000000002e-05,0.0041952579999999995,1.8490607000000002e-06,1.899364e-05,0.041247366699999996,7.3632698,0.0042674476169999994,-0.00247217573,-0.0030379279999999996,1.4095622000000001e-06,1.257346e-05
73,1608052200,0.24083689999999996,0.2408539,0.026336480000000002,-1.0749514999999998,0.9082402,0.41475819999999997,0.8057494999999999,0.667408,0.0022907927999999997,0.10109269000000001,1.733684e-05,3.2995412e-07,3.4223618999999997e-07,4.499256000000001e-07,5.744993999999999e-07,7.717997999999999e-07,1.1994507e-06,2.7480850999999997e-06,0.06729505,0.053051879999999996,6.456264e-05,103.57059000000001,94.18686,7.990131e-06,6.528433999999999,0.007212209,2.5577370000000004,0.00113967448,0.000103863646,0.0119968,5.937545999999999,0.00113967448,0.000103863646,0.005672297,20.264946000000002,0.00113967448,0.000103863646,0.0019876247,20.319482,0.00113967448,0.000103863646,0.00412161,7.006585999999999e-07,1.7683130000000002e-05,0.041642213,2.5368972,0.0015551380199999999,-0.002746269,-0.0031067530000000003,7.200465e-07,9.03916e-06
73,1608052800,0.237643,0.23766000000000004,0.0340222,-0.9634601,0.9267282,0.4064888,0.8264502,0.6782081,0.002697858,0.1008364,1.731708e-05,2.3767749999999998e-07,2.4780218e-07,3.3629669e-07,4.2753372000000006e-07,5.370405600000001e-07,8.493485e-07,2.0804047999999996e-06,0.0658516,0.052899150000000006,6.381236e-05,106.32907,94.74203999999999,7.89121e-06,6.289732,0.00710243,2.529881,0.0006886961,6.2544207e-05,0.011859580000000002,5.8139,0.0006886961,6.2544207e-05,0.005275128999999999,12.3180463,0.0006886961,6.2544207e-05,0.0015685428,12.145153099999998,0.0006886961,6.2544207e-05,0.004134818,6.648707e-07,1.7762669999999996e-05,-0.0043747,0.767366,-0.000224131425,-0.002781744,-0.0031361680000000004,7.256707e-07,8.985783999999999e-06
73,1608053400,0.1966193,0.19663649999999996,0.025420039999999998,-1.0466318,0.8270502000000001,0.36790999999999996,0.7276346,0.5978057,0.002592567,0.08400306,1.761434e-05,3.0737227999999994e-07,3.2440588e-07,4.0411985e-07,4.9097066e-07,6.0643389e-07,8.702879999999999e-07,1.9121263e-06,0.046433619999999995,0.051812519999999994,5.765782e-05,110.89954,102.90543,6.526275000000001e-06,6.302281000000001,0.006640933999999999,2.114693,0.00042841328200000006,3.87256494e-05,0.009940149,4.080012999999999,0.00042841328200000006,3.87256494e-05,0.005071262,8.686443,0.00042841328200000006,3.87256494e-05,0.0013039712000000002,8.373279300000002,0.00042841328200000006,3.87256494e-05,0.004154341,6.347917e-07,1.7893910000000002e-05,0.0018054536999999999,0.7229233,-0.0004622403,-0.0028357969999999997,-0.003172286,7.207863e-07,8.985134e-06
73,1608054000,0.1778344,0.1778518,0.021186500000000004,-1.136562,0.7559481,0.35318710000000003,0.6551451,0.5894805,0.002204033,0.07542282,1.752599e-05,1.2735711999999998e-07,1.4699887999999997e-07,2.1778798999999998e-07,2.5812251e-07,3.6135649000000003e-07,5.586984000000001e-07,1.3423692999999999e-06,0.03588155999999999,0.05297567000000001,5.666798e-05,109.63174,109.8768,5.906098e-06,6.178219,0.006451126999999999,1.915539,0.0005497505400000001,4.9765174000000005e-05,0.008737051999999999,3.1738150000000003,0.0005497505400000001,4.9765174000000005e-05,0.005205716,9.928697000000001,0.0005497505400000001,4.9765174000000005e-05,0.0014115577000000002,9.667198200000001,0.0005497505400000001,4.9765174000000005e-05,0.004170166,6.645191999999999e-07,1.8043779999999997e-05,-0.005029035999999999,19.394773500000003,0.0029221502999999998,-0.002862202,-0.0031964610000000003,8.114430999999999e-07,1.0296819999999999e-05
73,1608054600,0.179143,0.1791603,0.017888069,-1.144291,0.7538481,0.35469259999999997,0.6546200000000001,0.5953682,0.0019037371000000004,0.07643902,1.753241e-05,1.6853029e-07,1.9008919999999999e-07,2.5877343000000003e-07,3.1850689999999994e-07,4.3605609e-07,6.675285300000001e-07,1.6123219e-06,0.03577469,0.05373565,5.7223449999999995e-05,109.37491,110.11880000000001,5.946543000000001e-06,6.315171000000001,0.006469128,1.9099970000000002,0.00042234911699999994,3.8152227e-05,0.008741810999999999,3.155458,0.00042234911699999994,3.8152227e-05,0.0050401790000000005,7.9740072,0.00042234911699999994,3.8152227e-05,0.0012365352999999999,7.635987900000001,0.00042234911699999994,3.8152227e-05,0.00416612,6.301558e-07,1.798317e-05,0.03946758,2.1909020999999997,0.0009183455690000003,-0.002865584,-0.0031970930000000002,7.053335e-07,9.093657000000001e-06
73,1608055200,0.18139699999999997,0.1814144,0.012034800000000002,-1.0499159999999998,0.7907115,0.35558480000000003,0.686796,0.5771426,0.0020719522,0.07700068000000002,1.762841e-05,2.8320007000000004e-07,3.0936504000000003e-07,4.025889e-07,4.905342e-07,6.636472999999999e-07,9.948075e-07,2.1954830000000006e-06,0.036475099999999996,0.05415336,6.394386e-05,108.36099999999999,110.1078,6.015453999999999e-06,6.569878,0.0064422939999999995,1.955132,0.00101890776,9.2773161e-05,0.00879615,3.2272030000000003,0.00101890776,9.2773161e-05,0.005517322,17.410805999999997,0.00101890776,9.2773161e-05,0.0017339048,17.433944,0.00101890776,9.2773161e-05,0.0041660379999999995,6.390937999999999e-07,1.799173e-05,0.013023819999999997,4.1311044,0.0007259136000000001,-0.0028460379999999995,-0.003184594,7.096448e-07,9.20954e-06
73,1608055800,0.1813073,0.1813243,0.015481149999999999,-0.9933577,0.8028621000000001,0.3529031,0.7063715,0.5734676000000001,0.0018524412,0.07641736,1.72972e-05,1.5510076e-07,1.6789896e-07,2.4610113999999997e-07,2.9437103e-07,3.9536266e-07,5.807131e-07,1.5222795e-06,0.0369872,0.053596679999999994,6.569661999999999e-05,110.24678000000002,109.33130000000001,6.017509e-06,6.231307,0.006374428,1.945402,0.0004963313499999999,4.488025e-05,0.008890021000000001,3.274521,0.0004963313499999999,4.488025e-05,0.0050883249999999994,8.982299999999999,0.0004963313499999999,4.488025e-05,0.0013228174000000001,8.708611999999999,0.0004963313499999999,4.488025e-05,0.004132942,6.475260000000001e-07,1.772846e-05,0.035207440000000007,0.7936194000000001,7.170400000000013e-06,-0.002805072,-0.003138739,6.923996999999999e-07,8.939835e-06
73,1608056400,0.2397419,0.2397593,0.02709969,-0.8134989999999999,0.9590915999999998,0.40011169999999996,0.8431759,0.7018340999999999,0.0038353488,0.1023503,1.7656690000000003e-05,4.122238e-07,4.3370431000000004e-07,5.3096998e-07,6.595311299999999e-07,8.5128314e-07,1.2390176e-06,2.7485595000000003e-06,0.06743282,0.05236263,6.695204000000001e-05,102.01553,94.52288999999999,7.959546e-06,6.1170670000000005,0.007002138000000001,2.564438,0.000606705,5.497815000000001e-05,0.011932397,5.9576,0.000606705,5.497815000000001e-05,0.00528385,11.400087,0.000606705,5.497815000000001e-05,0.001573014,11.20618,0.000606705,5.497815000000001e-05,0.00415409,7.100008e-07,1.796359e-05,0.014760369,2.8301735,0.00100249447,-0.0027570399999999997,-0.0031229089999999997,7.294210999999999e-07,9.271426e-06
73,1608057000,0.1940988,0.1941162,0.019959861000000002,-0.9611774000000001,0.8453889,0.36273599999999995,0.7317598999999999,0.6017809,0.002708402,0.08496086,1.7390980000000002e-05,2.0712728e-07,2.3669584e-07,3.4054486e-07,4.2862699999999996e-07,6.054045e-07,9.700385999999999e-07,2.2832926e-06,0.04392496,0.053044179999999996,7.423051e-05,106.60541,106.34633000000001,6.436480000000001e-06,6.620958,0.006523358,2.078815,0.000690216,6.2640842e-05,0.009547045,3.906071,0.000690216,6.2640842e-05,0.005292769,12.070119000000002,0.000690216,6.2640842e-05,0.0015329392,11.904768,0.000690216,6.2640842e-05,0.004145029999999999,7.161786999999999e-07,1.7883969999999998e-05,-0.05273325799999999,9.5029539,0.0033102645,-0.002776001,-0.003122985,7.27604e-07,9.54895e-06
73,1608057600,0.1615043,0.1615213,0.014358031999999998,-1.0264483999999998,0.7467602,0.3361207,0.6505322,0.549617,0.0018788122999999998,0.06768567,1.724215e-05,4.746889e-08,5.937996000000002e-08,1.3120047e-07,1.3799355e-07,2.0041639000000002e-07,3.502661e-07,1.0767569999999999e-06,0.0280538,0.052631149999999995,6.495454000000001e-05,113.55729999999998,115.36240000000001,5.3600180000000004e-06,6.264191000000001,0.006116509000000001,1.73854,0.0006250327679999999,5.67357192e-05,0.007756885,2.505888,0.0006250327679999999,5.67357192e-05,0.005156209,11.031635599999998,0.0006250327679999999,5.67357192e-05,0.0013675869999999998,10.8292461,0.0006250327679999999,5.67357192e-05,0.0041429100000000005,6.195649e-07,1.777688e-05,0.045385277,6.5000766,0.00147535485,-0.002862307,-0.00318444,7.655743999999999e-07,9.386175e-06
73,1608058200,0.16077940000000002,0.1607965,0.0073581039,-1.0946859999999998,0.7279722000000001,0.3367208,0.6342569,0.5535918,0.0017307198,0.06812694,1.7131540000000003e-05,4.235307e-08,6.015297e-08,1.2070316e-07,1.5241451e-07,2.3292598e-07,4.0823029999999997e-07,1.2361307999999998e-06,0.02845589,0.05186885,6.235801e-05,110.55800000000002,114.7816,5.337233e-06,6.189643,0.006131014999999999,1.7302889999999997,0.0008100699599999999,7.364171e-05,0.007783969,2.5235879999999997,0.0008100699599999999,7.364171e-05,0.005286204,13.993170000000001,0.0008100699599999999,7.364171e-05,0.001507462,13.8866361,0.0008100699599999999,7.364171e-05,0.004131455,6.153831e-07,1.767664e-05,0.0068201856000000005,7.2367064999999995,0.0021160915300000005,-0.0028576619999999995,-0.003181973,7.070755e-07,9.222333000000002e-06
73,1608058800,0.1609641,0.1609813,0.01006595,-1.083397,0.7322848,0.33619899999999997,0.635832,0.5536293,0.0016636374999999999,0.06737745,1.735134e-05,1.6147848e-07,1.9704238000000003e-07,2.5221442e-07,3.0044883e-07,4.2060220000000003e-07,6.288293999999999e-07,1.5580948999999999e-06,0.02871693,0.0516883,7.279776000000001e-05,113.8886,114.5087,5.337019e-06,6.6636679999999995,0.00611832,1.730768,0.00077278352,7.021801300000001e-05,0.007812952000000001,2.5409060000000006,0.00077278352,7.021801300000001e-05,0.00531583,13.133378000000002,0.00077278352,7.021801300000001e-05,0.0015227625,13.0251927,0.00077278352,7.021801300000001e-05,0.004151787999999999,6.402851e-07,1.787619e-05,0.042264119,1.6781471,0.00024248023999999999,-0.002832204,-0.0031571169999999996,7.074471e-07,8.954952e-06
73,1608059400,0.1532362,0.15325339999999998,0.013385503000000002,-1.0167899,0.7340475000000001,0.3274368,0.6336193999999999,0.5397164,0.0018994225000000004,0.06541077000000001,1.732915e-05,8.304335e-08,9.795643999999999e-08,1.5550065e-07,1.8644939e-07,2.621416e-07,4.0127630000000003e-07,1.1172279999999998e-06,0.024976859999999997,0.051572150000000004,6.639288e-05,116.54788,117.4914,5.084846e-06,6.569335,0.005972193000000001,1.652268,0.0006867305199999999,6.23561072e-05,0.007321465000000001,2.2404770000000003,0.0006867305199999999,6.23561072e-05,0.005231211,11.902330000000001,0.0006867305199999999,6.23561072e-05,0.0014352268,11.747095,0.0006867305199999999,6.23561072e-05,0.00414513,5.918019e-07,1.777417e-05,0.006657409999999997,0.8551071,-0.0005111521999999999,-0.002881045,-0.0032003540000000003,6.938816e-07,8.901297e-06
73,1608060000,0.1407657,0.1407829,0.017867844,-1.0086447,0.7076841,0.3160082000000001,0.6211315,0.505253,0.001435868,0.05961160000000001,1.741144e-05,1.1789589000000001e-07,1.5424221e-07,2.1537288000000005e-07,2.4700061e-07,3.0306182e-07,4.811086999999999e-07,1.1964635e-06,0.01941438,0.05089737,6.786025e-05,115.3021,122.5393,4.669179e-06,6.487394,0.005727888,1.5119950000000002,0.00044455412,4.0137461e-05,0.006436101,1.7291900000000002,0.00044455412,4.0137461e-05,0.0051258,8.555298,0.00044455412,4.0137461e-05,0.0013006759,8.2238728,0.00044455412,4.0137461e-05,0.004161027,6.919744e-07,1.79785e-05,0.008794999000000001,10.6308028,0.0028756099,-0.0028621899999999997,-0.0031784560000000005,8.211594000000002e-07,1.0949185999999998e-05
73,1608060600,0.16333999999999999,0.16335729999999998,0.017213218,-0.9940345,0.7586107,0.33575839999999996,0.6657579,0.5505917,0.0017463824,0.06907275999999998,1.728574e-05,1.4990138000000002e-07,1.6807967e-07,2.3758788999999997e-07,2.7977048e-07,3.793338e-07,5.253638e-07,1.3249934e-06,0.03115874,0.050440450000000005,6.668306e-05,111.947,112.01219999999998,5.420209999999999e-06,6.278698,0.006084507,1.7519339999999999,0.000632447949,5.740738480000001e-05,0.008159855000000002,2.7699599999999998,0.000632447949,5.740738480000001e-05,0.005137265,10.8150067,0.000632447949,5.740738480000001e-05,0.001357911,10.648287999999999,0.000632447949,5.740738480000001e-05,0.004140295,6.414093999999999e-07,1.7783229999999998e-05,0.006733086000000002,0.7877406,0.0002316878,-0.0028227750000000005,-0.0031501920000000004,7.145964000000001e-07,8.979682e-06
73,1608061200,0.15234960000000003,0.1523669,0.01876824,-0.9229521,0.7534356000000001,0.3240524,0.6573576000000001,0.5353287999999999,0.002007065,0.06478046000000001,1.756175e-05,3.051597e-07,3.3836891e-07,4.1770953e-07,4.8298346e-07,6.2794636e-07,8.944953999999999e-07,1.8637383000000003e-06,0.02657196,0.049527749999999995,6.904453000000001e-05,111.07122,115.35119999999999,5.051331e-06,6.571441,0.0058430819999999994,1.6300519999999998,0.00048198798999999997,4.35854512e-05,0.0075227309999999995,2.362791,0.00048198798999999997,4.35854512e-05,0.0051095540000000005,8.544099,0.00048198798999999997,4.35854512e-05,0.0013052441,8.267494,0.00048198798999999997,4.35854512e-05,0.004148736,6.317842e-07,1.784453e-05,0.001713268000000001,0.6970810999999999,-0.00021448624999999998,-0.002846551,-0.003170175,7.262140000000001e-07,8.996954999999999e-06
73,1608061800,0.1661025,0.1661193,0.015901879,-0.9403124,0.7913865999999999,0.3380003,0.6790333000000001,0.5552047,0.0024430220000000004,0.07294739,1.720956e-05,2.0093605000000002e-07,2.2057872e-07,2.8912598e-07,3.3835881e-07,4.364099099999999e-07,6.3427384e-07,1.4959306e-06,0.033334209999999996,0.04964894,6.375574999999999e-05,108.311,109.9787,5.517349e-06,6.1394269999999995,0.006104167999999999,1.8026110000000002,0.00032546911999999995,2.9270578700000005e-05,0.008431939,2.9473689999999997,0.00032546911999999995,2.9270578700000005e-05,0.004913661,6.1872553,0.00032546911999999995,2.9270578700000005e-05,0.0011502708,5.8253255,0.00032546911999999995,2.9270578700000005e-05,0.004124828,6.51293e-07,1.764913e-05,0.1715554,18.457908500000002,0.004221595999999999,-0.002842906,-0.0031596239999999998,7.769308e-07,1.0155834e-05
73,1608062400,0.1529951,0.15301209999999998,0.013909262,-0.9148166,0.7644984000000001,0.32494379999999995,0.6543576000000001,0.5366040000000001,0.002251653,0.06635582999999999,1.717706e-05,1.3640248999999998e-07,1.5152922e-07,2.633428e-07,2.4018254e-07,3.1861633000000006e-07,4.967332e-07,1.2577877000000001e-06,0.02629744,0.05012667,7.001534000000001e-05,114.95763000000002,116.042,5.077122e-06,6.44092,0.005906255,1.6451839999999998,0.00054978348,4.981316839999999e-05,0.007459614000000001,2.339743,0.00054978348,4.981316839999999e-05,0.005178258,10.205600599999999,0.00054978348,4.981316839999999e-05,0.0014068132,9.973978500000001,0.00054978348,4.981316839999999e-05,0.004121365,6.753906e-07,1.7659840000000003e-05,0.02009082,0.7881197999999999,8.132366000000004e-05,-0.002783473,-0.0031147730000000004,7.253387000000001e-07,9.044687e-06
73,1608063000,0.13976850000000002,0.1397857,0.030222640000000002,-0.7514207,0.7686609000000001,0.3116097,0.6609203,0.5197657,0.0020986620000000003,0.06136857,1.705359e-05,8.504418000000001e-08,1.0401291000000001e-07,2.3330520000000002e-07,1.753336e-07,2.4755625e-07,3.976612e-07,1.0679929e-06,0.02020945,0.04959827,7.349476e-05,118.23590000000002,121.39880000000001,4.638462e-06,6.417437,0.005694988000000001,1.5141499999999999,0.0009170532600000002,8.35026665e-05,0.006548124999999999,1.8134419999999998,0.0009170532600000002,8.35026665e-05,0.005392103,15.758925,0.0009170532600000002,8.35026665e-05,0.0016116227,15.714345,0.0009170532600000002,8.35026665e-05,0.004120737,6.967843000000001e-07,1.7672499999999997e-05,-0.024337000999999997,2.23570891,0.0016156109499999999,-0.0027905070000000002,-0.00310007,7.623337e-07,9.324827999999999e-06
73,1608063600,0.11924749999999999,0.1192644,0.02832751,-1.0763274,0.668608,0.29942060000000004,0.57328,0.4420634,0.0016915631000000001,0.05093031,1.6891729999999998e-05,9.729085999999999e-08,1.2008434e-07,3.0243741999999996e-07,1.6027174e-07,2.1958557e-07,3.1329910000000005e-07,7.756578e-07,0.008833661,0.05072019,6.725749999999999e-05,122.8739,135.3313,3.957906e-06,6.231406000000001,0.005457068000000001,1.300514,0.0005763459400000001,5.223362200000001e-05,0.004311830000000001,0.8082463000000001,0.0005763459400000001,5.223362200000001e-05,0.005145387000000001,10.109873,0.0005763459400000001,5.223362200000001e-05,0.001358817,9.9155944,0.0005763459400000001,5.223362200000001e-05,0.004092663,7.847549e-07,1.7530290000000003e-05,0.049326760000000004,2.0727679300000004,0.0012606809790000001,-0.0026703720000000003,-0.002994864,7.270016000000001e-07,9.313448e-06
73,1608064200,0.12917170000000003,0.1291886,0.03187952000000001,-0.8143866,0.7217846000000001,0.3041845,0.6309191999999999,0.4924275000000001,0.001726122,0.05534846,1.71981e-05,1.3340494999999997e-07,1.5372949000000002e-07,2.7458169000000006e-07,2.184407e-07,2.9144212e-07,4.2188250000000003e-07,1.0219673999999998e-06,0.015381240999999999,0.04913535000000001,6.612911000000001e-05,118.34550000000002,126.57509999999999,4.287088e-06,6.439009,0.00552721,1.385596,0.00030216813,2.71396375e-05,0.005668507000000001,1.3768911000000001,0.00030216813,2.71396375e-05,0.004915078999999999,5.8273201,0.00030216813,2.71396375e-05,0.0011101027000000002,5.45547356,0.00030216813,2.71396375e-05,0.004127907,6.816267e-07,1.7720209999999997e-05,-0.005660629999999998,0.9648929300000001,0.0006087563000000001,-0.002792624,-0.003107648,7.746195e-07,9.089993e-06
73,1608064800,0.13835540000000002,0.1383722,0.03190427999999999,-0.7529736,0.7669734,0.31181960000000003,0.6540573999999999,0.5221659,0.002034746,0.06087222,1.704934e-05,1.4229301999999998e-07,1.5698382e-07,2.9343695e-07,2.3841379e-07,3.1182021000000007e-07,4.3421670999999996e-07,1.0866309e-06,0.019367508000000002,0.04974348,6.297119000000002e-05,114.70565000000002,122.61770000000001,4.595029e-06,6.376217,0.005673401,1.4790519999999998,0.00037810884699999997,3.41493448e-05,0.006368078000000001,1.7285271000000002,0.00037810884699999997,3.41493448e-05,0.004934713,7.0709813,0.00037810884699999997,3.41493448e-05,0.0011544076,6.7396517000000005,0.00037810884699999997,3.41493448e-05,0.004105752,7.233929e-07,1.757661e-05,0.038645107,1.21481217,0.0010086587000000002,-0.002740475,-0.0030655630000000003,7.194407e-07,9.027466e-06
73,1608065400,0.11660144444444444,0.11661844444444444,0.022390833333333332,-0.9712807777777778,0.6846042222222223,0.29254444444444444,0.5839762222222222,0.4418885555555556,0.0014769145555555555,0.050094511111111115,1.6928111111111114e-05,4.1670999999999996e-08,5.8634111111111115e-08,1.5988872222222222e-07,9.561297777777778e-08,1.4114294444444445e-07,2.2945988888888888e-07,7.093020000000001e-07,0.009408276666666666,0.048831533333333337,5.854045555555555e-05,122.51644444444446,133.97533333333334,3.872114444444444e-06,6.14266111111111,0.005368053333333333,1.2759522222222222,0.0005879393866666666,5.3349772666666665e-05,0.004460294444444445,0.8490264444444444,0.0005879393866666666,5.3349772666666665e-05,0.005072635555555555,10.041205555555557,0.0005879393866666666,5.3349772666666665e-05,0.0012794103333333335,9.855355333333334,0.0005879393866666666,5.3349772666666665e-05,0.004104352222222222,6.791421111111111e-07,1.750922222222222e-05,-0.05658956800000001,23.053199866666667,0.00407630341111111,-0.0028157733333333333,-0.0031167400000000002,7.849227777777778e-07,9.906306666666668e-06
73,1608066000,0.12407400000000002,0.12409099999999998,0.027071610000000003,-0.9526382,0.6998087999999999,0.3026239,0.6025684,0.4661395,0.0013270964000000002,0.05296804000000001,1.69998e-05,7.012861000000001e-08,1.1991572000000002e-07,1.3947652e-07,1.3829334e-07,1.8188943999999998e-07,2.650962e-07,7.59021e-07,0.011650364,0.05032132,6.320663000000001e-05,122.83770000000001,131.3192,4.118717e-06,6.257679,0.005524966,1.357789,0.00057537245,5.2171822e-05,0.004987383999999999,1.0579934999999998,0.00057537245,5.2171822e-05,0.005110708,10.2899807,0.00057537245,5.2171822e-05,0.0013046022999999999,10.084512,0.00057537245,5.2171822e-05,0.004117422,6.116083e-07,1.756229e-05,-0.009823428000000002,2.0182070600000004,0.0008566982000000001,-0.002852544,-0.003158351,7.423533999999999e-07,9.210393e-06
73,1608066600,0.1139135,0.11393040000000001,0.020329220999999998,-1.1684277,0.6406320999999999,0.29528220000000005,0.5478167,0.4215128,0.0010337822,0.047801119999999996,1.706019e-05,6.216379e-08,7.869637e-08,1.7615732000000003e-07,1.1976986e-07,1.7563565000000003e-07,2.489528e-07,7.068402e-07,0.006226155999999999,0.05067284,5.576944999999999e-05,124.60249999999999,139.2338,3.7829329999999997e-06,6.127961000000001,0.005343757000000001,1.233561,0.000590747582,5.3638138600000004e-05,0.0035849540000000004,0.5750546,0.000590747582,5.3638138600000004e-05,0.005104942999999999,10.555397000000001,0.000590747582,5.3638138600000004e-05,0.0012916130999999996,10.336035200000001,0.000590747582,5.3638138600000004e-05,0.004115437,6.359637000000001e-07,1.756898e-05,-0.011394672,1.7440588,0.0009233559,-0.002841443,-0.003145821,6.900466e-07,8.996682999999998e-06
73,1608067200,0.1187554,0.1187724,0.012727643,-1.1294838999999999,0.6566451,0.2985004,0.5541543000000001,0.4575515,0.0012174028,0.05017417,1.711407e-05,6.973243e-08,8.828944e-08,1.8371556000000002e-07,1.4080034e-07,1.8862475e-07,2.658804e-07,7.539659000000001e-07,0.008842306,0.050461650000000004,7.122532e-05,124.32549999999999,135.3128,3.943957e-06,6.354502999999999,0.0054429990000000004,1.303232,0.00050199495,4.5410738000000006e-05,0.004294195,0.8025008999999999,0.00050199495,4.5410738000000006e-05,0.005127288,9.107741999999998,0.00050199495,4.5410738000000006e-05,0.0013172929,8.834112000000001,0.00050199495,4.5410738000000006e-05,0.004126120999999999,6.843287e-07,1.770807e-05,0.021409320000000003,0.6160584,0.0001806345,-0.0027907009999999996,-0.0031054950000000002,7.630536000000001e-07,9.330016000000001e-06
73,1608067800,0.12105790000000001,0.12107490000000001,0.024807436,-0.9658614,0.689646,0.2989083,0.5922555,0.454439,0.001899913,0.052098639999999995,1.699297e-05,5.811121000000001e-08,7.465228e-08,1.7692070000000002e-07,1.2725520000000002e-07,1.8821748000000002e-07,2.7218479999999993e-07,8.075527e-07,0.010646699,0.049809439999999996,7.094107e-05,123.45439999999999,132.6213,4.014716e-06,6.532903,0.005405125,1.30194,0.00064802519,5.8814245e-05,0.004717446,0.9678591999999998,0.00064802519,5.8814245e-05,0.005210718,11.360877,0.00064802519,5.8814245e-05,0.0014141026000000002,11.193977,0.00064802519,5.8814245e-05,0.004107721999999999,6.673994e-07,1.753929e-05,0.030338520999999997,1.0389226,0.0009762836800000001,-0.002784107,-0.003097348,7.136592000000001e-07,8.926878e-06
73,1608068400,0.14082460000000002,0.1408414,0.024320099,-0.7845009000000001,0.7599233000000001,0.3141304,0.6494448,0.522166,0.002494283,0.06213673000000001,1.6837120000000003e-05,7.610734000000001e-08,9.645491e-08,3.2397799999999996e-07,1.6684258e-07,2.2125389999999996e-07,3.5256419999999996e-07,9.87105e-07,0.019988416,0.05034831000000001,7.282905e-05,118.40419999999999,122.6283,4.6737030000000005e-06,6.440124,0.005721165,1.520302,0.00062128379,5.6357317e-05,0.006373935999999999,1.7945629,0.00062128379,5.6357317e-05,0.005225857,11.338284,0.00062128379,5.6357317e-05,0.0014647971,11.148465999999999,0.00062128379,5.6357317e-05,0.0040955079999999994,9.432978999999998e-07,1.7698539999999996e-05,-0.06351263650000001,6.977205360000001,0.005178959999999999,-0.002569598,-0.002903036,7.998730999999998e-07,1.0261535999999998e-05
73,1608069000,0.14057389999999997,0.1405907,0.032423350000000004,-0.7602410999999999,0.7597731,0.31299019999999994,0.6600951,0.5165782,0.0025743263,0.06050555,1.6960360000000002e-05,1.0570053999999999e-07,1.2446921e-07,1.9234431999999996e-07,2.0504761e-07,2.7771681e-07,4.410819999999999e-07,1.1631152e-06,0.019405548,0.05080293,7.556006999999999e-05,116.268,124.15169999999998,4.6653789999999995e-06,6.572676000000001,0.005767213,1.519495,0.000458710484,4.150304859999999e-05,0.006135756,1.7290333,0.000458710484,4.150304859999999e-05,0.0050230480000000004,8.784923000000001,0.000458710484,4.150304859999999e-05,0.0012560641,8.504061400000001,0.000458710484,4.150304859999999e-05,0.004101599,5.976427999999999e-07,1.740659e-05,0.091218004,23.1903939,0.0033732586000000007,-0.0028751740000000003,-0.003184862,7.446938999999999e-07,9.439424e-06
73,1608069600,0.12466139999999999,0.12467830000000002,0.02160902,-1.0600469000000001,0.6750581,0.30528800000000006,0.5901931,0.4587516,0.0011896953000000003,0.05204413,1.6694589999999997e-05,4.3005120000000005e-08,6.33354e-08,1.0923649e-07,9.795172e-08,1.4108017999999998e-07,2.1695759999999998e-07,6.48005e-07,0.009803767000000001,0.05244547000000001,7.957554e-05,126.035,134.3259,4.136637e-06,6.446596000000001,0.005521682,1.3484969999999996,0.00073342015,6.663761799999999e-05,0.004586535,0.8980535999999999,0.00073342015,6.663761799999999e-05,0.005279516,12.737936000000001,0.00073342015,6.663761799999999e-05,0.0015228541,12.616537,0.00073342015,6.663761799999999e-05,0.004074681,5.341089999999999e-07,1.713287e-05,0.022528349999999996,4.5220723,0.0012842186,-0.002884213,-0.003190496,7.25815e-07,9.167409000000001e-06
73,1608070200,0.12304440000000001,0.12306059999999999,0.009829808,-1.1696829999999998,0.6397320000000001,0.3041205,0.5518667999999999,0.474652,0.0013009907,0.05143875,1.6673319999999996e-05,8.658448000000001e-08,1.0989554999999999e-07,1.6354919e-07,1.5104601e-07,2.0318595e-07,3.0891270000000003e-07,7.909429999999999e-07,0.009345349999999999,0.052107459999999994,6.676093000000002e-05,124.2888,135.0036,4.085539e-06,6.206684,0.005507016999999999,1.330851,0.0005822140700000001,5.2781352e-05,0.004440535,0.8551347,0.0005822140700000001,5.2781352e-05,0.0051631490000000006,10.554108000000001,0.0005822140700000001,5.2781352e-05,0.0014091014,10.358460000000001,0.0005822140700000001,5.2781352e-05,0.004070177999999999,5.357197999999999e-07,1.7096710000000003e-05,-0.010611321000000002,7.040636000000001,0.0017593276299999999,-0.0028817180000000006,-0.003183625,6.846490000000001e-07,8.880656e-06
73,1608070800,0.1305739,0.1305905,0.03305851,-0.9187239,0.7321722,0.30849669999999996,0.6227815000000001,0.48402730000000005,0.0017068278999999998,0.055673839999999995,1.6775569999999997e-05,1.1337859e-07,1.3525681e-07,1.9559474e-07,2.065981e-07,2.9080086000000003e-07,4.394002999999999e-07,1.0546416e-06,0.013422720999999999,0.05179258,6.878561999999999e-05,118.01110000000001,129.56619999999998,4.3301959999999995e-06,6.444598000000001,0.0056049459999999995,1.413816,0.000431890626,3.90712108e-05,0.005348526000000001,1.2103849,0.000431890626,3.90712108e-05,0.005048299,8.6370488,0.000431890626,3.90712108e-05,0.0012874496000000002,8.3475987,0.000431890626,3.90712108e-05,0.004081759,5.459529e-07,1.719776e-05,-0.08799755000000001,10.848572899999999,0.0025858303,-0.00289202,-0.0032015620000000002,7.544220999999999e-07,9.641692000000001e-06
73,1608071400,0.1226441,0.12266080000000001,0.03248132,-1.2021587999999999,0.6538700000000001,0.3061014,0.5551670000000001,0.46895180000000003,0.0013555066,0.05182622,1.687596e-05,6.446933000000001e-08,8.894879e-08,1.3898432e-07,1.2280515e-07,1.6785385000000003e-07,2.6276430000000004e-07,6.913005999999999e-07,0.006718791,0.054529680000000004,7.162839999999999e-05,128.4477,139.1089,4.068269999999999e-06,6.398544,0.005551294,1.3285049999999998,0.00064951543,5.8990322000000004e-05,0.0037437079999999997,0.6221804000000001,0.00064951543,5.8990322000000004e-05,0.005136457,11.1828331,0.00064951543,5.8990322000000004e-05,0.0013562355,11.0207722,0.00064951543,5.8990322000000004e-05,0.004094038,5.514701e-07,1.7306530000000003e-05,-0.048172203,5.4413471,0.0017819340599999998,-0.00290091,-0.0031989819999999995,7.424759e-07,9.463254e-06
73,1608072000,0.1233406,0.12335719999999999,0.02647786,-1.2856429999999999,0.6309191000000001,0.3102322,0.5379539,0.4735645,0.0016904749999999999,0.05227480999999999,1.682333e-05,5.887169e-08,8.090697999999999e-08,1.5765157e-07,1.112346e-07,1.5646015e-07,2.2419229999999998e-07,6.466643e-07,0.006408541000000001,0.05519176,6.797576e-05,129.4947,139.70890000000003,4.092357e-06,6.628192,0.005600508,1.3451210000000002,0.0007764481760000001,7.062101439999999e-05,0.0036183740000000006,0.6011898,0.0007764481760000001,7.062101439999999e-05,0.00528585,13.3079626,0.0007764481760000001,7.062101439999999e-05,0.0015159308000000002,13.199996100000002,0.0007764481760000001,7.062101439999999e-05,0.004089414,6.373941e-07,1.7349930000000003e-05,0.029770712999999997,7.875197499999999,0.0034322323300000008,-0.002811089,-0.00312104,6.927055e-07,9.130125000000001e-06
73,1608072600,0.1501739,0.1501906,0.014384983,-1.1510455,0.7109843,0.3295532,0.6089436,0.5243783999999999,0.0021476639999999996,0.06342485,1.698474e-05,1.4307128e-07,1.6603555999999996e-07,2.298602e-07,2.6088924e-07,3.6379432000000006e-07,5.349414e-07,1.2564778e-06,0.019557939000000003,0.05545462999999999,7.095448999999999e-05,118.53029999999998,126.59859999999999,4.9822849999999995e-06,6.422167,0.006017997,1.6338570000000001,0.00076966914,6.999162200000001e-05,0.00599509,1.7485239,0.00076966914,6.999162200000001e-05,0.0052557640000000004,13.32131,0.00076966914,6.999162200000001e-05,0.0015044764,13.199700099999998,0.00076966914,6.999162200000001e-05,0.0041035130000000005,6.704488000000001e-07,1.748111e-05,-0.004369191999999994,21.4566683,0.00553343662,-0.002828343,-0.003149626,7.852311e-07,1.0311625999999999e-05
73,1608073200,0.21164109999999997,0.21165810000000002,0.022856306,-1.0344263999999999,0.8625641999999999,0.3821902,0.7555731000000001,0.6294568,0.0032342490000000002,0.09172862,1.6962300000000002e-05,1.3073952999999998e-07,1.4109375999999998e-07,2.0611816e-07,2.9385649000000004e-07,3.9109715e-07,6.453589e-07,1.7091654e-06,0.04979915,0.05590809,0.00010912188,109.47543,103.46507000000001,7.026681e-06,6.279490000000001,0.006818691,2.258494,0.0009064712999999998,8.2490021e-05,0.010268335,4.409206,0.0009064712999999998,8.2490021e-05,0.005415217,15.981640900000002,0.0009064712999999998,8.2490021e-05,0.0017190236999999997,15.9140164,0.0009064712999999998,8.2490021e-05,0.004105493,7.040961999999999e-07,1.754933e-05,-0.017019401,4.8013637000000005,0.0017834532800000001,-0.002730998,-0.003091569,7.497175999999999e-07,9.386828e-06
73,1608073800,0.26981890000000003,0.2698353,0.03507584,-0.7955845,1.0175572999999998,0.42500340000000003,0.9058025000000001,0.748673,0.005522739,0.11985700000000002,1.6946220000000002e-05,2.5279768999999997e-07,2.9002599e-07,3.7697258e-07,5.113596e-07,6.660444999999999e-07,1.0452418000000002e-06,2.5159059999999997e-06,0.07757199,0.05722907000000001,0.00010194324,103.43736000000001,92.90601,8.960397e-06,6.093958,0.007432037999999999,2.8740259999999997,0.0012331067000000001,0.00011241138999999998,0.012825529999999998,6.846883,0.0012331067000000001,0.00011241138999999998,0.005698776000000001,21.412145000000002,0.0012331067000000001,0.00011241138999999998,0.002078613,21.503205,0.0012331067000000001,0.00011241138999999998,0.0040959510000000005,9.347584999999999e-07,1.765683e-05,-0.055330920000000006,14.178846800000002,0.0051370253000000005,-0.0026025030000000004,-0.0029893099999999994,9.461317e-07,1.1860339e-05
73,1608074400,4.1277566,4.1277724,0.008600258,-0.7460365,2.838386,1.5235612,2.5007263999999996,2.2773316,0.11057618900000002,1.9267602999999998,2.163875e-05,6.1593901e-06,5.790980500000001e-06,6.834599300000001e-06,1.03385939e-05,1.19968327e-05,1.8954810000000004e-05,4.1647374999999995e-05,2.01161585,0.051931910000000005,0.00022267579999999998,78.52561,66.54347999999999,0.00013734951099999998,5.966735999999999,0.026060112000000003,42.596033,0.0017841929999999999,0.000162517548,0.05338238999999999,175.53400900000003,0.0017841929999999999,0.000162517548,0.007358729,54.737438999999995,0.0017841929999999999,0.000162517548,0.004151339,54.00943500000001,0.0017841929999999999,0.000162517548,0.0043376890000000005,7.664838e-06,2.4603919999999998e-05,0.2122114712,129.77552989999998,0.026836430700000004,-0.0002758230000000001,-0.001473918084,7.8215795e-06,8.7301557e-05
73,1608075000,7.457613,7.45763,-0.00505275,-1.499539,3.9871969999999997,2.471074,3.849343,3.6570729999999996,0.04525842,3.029637,3.237976e-05,1.6948905e-05,1.74648598e-05,2.0945313200000003e-05,2.9957372000000002e-05,3.8347894e-05,6.0957678999999976e-05,0.00013093744,3.6826840000000005,0.04528177,0.0005063487999999999,66.12337999999998,51.238710000000005,0.00024794560000000005,6.16956,0.042703569999999996,78.25089,0.005576088799999999,0.0005097620800000001,0.08898249999999999,324.75690000000003,0.005576088799999999,0.0005097620800000001,0.009423308000000002,129.24465,0.005576088799999999,0.0005097620800000001,0.0066376939999999995,129.97935999999999,0.005576088799999999,0.0005097620800000001,0.004564510999999999,1.0491557e-05,2.804199e-05,0.019599119999999998,1.1617016,0.012332448,0.0017627480000000002,-0.00013037832,1.3480408999999998e-06,1.982226e-05
73,1608075600,6.060219,6.060237,-0.0007781419999999996,-1.2882830999999997,4.288219,2.1693139999999995,3.7144880000000002,3.426518,0.10847259000000001,2.7010680000000002,2.4567570000000003e-05,9.432513e-06,9.7291185e-06,1.2786711399999999e-05,2.0410837000000002e-05,2.81256223e-05,4.89613508e-05,0.00010956305,2.90138,0.12791686,0.0005674433,73.01932,54.77204999999999,0.0002013023,6.244034000000001,0.037435319999999994,64.00977,0.00493492171,0.000451261653,0.07846765,255.66930000000002,0.00493492171,0.000451261653,0.008724019999999999,106.29809,0.00493492171,0.000451261653,0.006008796000000001,107.10801000000001,0.00493492171,0.000451261653,0.004594595,1.6688025000000002e-05,3.403914e-05,0.2643006600000001,155.2916981,0.07100634800000001,0.0013215556999999999,-0.0006123076,2.35918826e-05,0.00024511104
73,1608076200,11.92173,11.921733,0.005689912,-1.460067,5.531193,3.1254199999999996,5.022603,4.65963,0.11340536000000001,4.956491,3.673129e-05,2.2578204e-05,2.2511425000000004e-05,2.7421777e-05,3.972960000000001e-05,5.016512900000001e-05,8.265226000000001e-05,0.00017619648999999999,5.742141,0.2165458,0.0017378830000000002,74.80609999999999,53.79641,0.0003963749999999999,5.968872,0.05335839,126.70368,0.00997824,0.0009128668999999999,0.11072783,508.28249999999997,0.00997824,0.0009128668999999999,0.010960218,212.61819999999997,0.00997824,0.0009128668999999999,0.00806667,215.09523999999996,0.00997824,0.0009128668999999999,0.005124204,2.2908329999999998e-05,4.045336e-05,-0.008926204,6.012835999999999,0.032065090000000004,0.0033982570000000004,0.0012543807,5.422408e-06,4.259690999999999e-05
73,1608076800,9.685946999999999,9.685965,0.0053765345,-1.1936577,5.645084,2.743733,4.8544849999999995,4.263131,0.27813510999999996,4.383775999999999,2.4950469999999996e-05,9.380586000000001e-06,8.9273148e-06,1.1804536e-05,2.0645021e-05,2.6579455e-05,4.8874393e-05,0.00011553093000000001,4.1582230000000004,0.6819632999999999,0.002535804,85.54803,62.6463,0.0003218153,6.193346,0.04668795,104.82321999999999,0.0184920568,0.0016935703100000002,0.0944102,370.9379,0.0184920568,0.0016935703100000002,0.012152104,352.90932999999995,0.0184920568,0.0016935703100000002,0.009432731,360.21123,0.0184920568,0.0016935703100000002,0.005113405,2.6153149999999995e-05,4.3735889999999995e-05,-0.08075080400000001,44.422503,0.06003794,0.0030961639999999998,0.0009098428000000001,1.4789419999999999e-05,0.00013700886
73,1608077400,15.490450000000001,15.490450000000001,-0.0018854580000000002,-1.1692325000000001,6.7662189999999995,3.4594259999999997,6.031796999999999,5.360301,0.30456212,6.740876,4.4736950000000005e-05,3.0859419e-05,3.2129800000000005e-05,3.9311061e-05,5.7543450000000006e-05,7.503333000000001e-05,0.00012313321,0.00027207919000000005,6.383879,1.3575269,0.0031493439999999997,87.42143000000002,69.92125999999999,0.0005142172,6.5395129999999995,0.06115423,166.64589999999998,0.0225053336,0.00206118837,0.11521107,569.9674,0.0225053336,0.00206118837,0.012935347,440.32579000000004,0.0225053336,0.00206118837,0.010095564999999999,449.05244000000005,0.0225053336,0.00206118837,0.0054421949999999995,3.210123e-05,4.966332000000001e-05,-0.0019432100000000032,50.265646000000004,0.07798703,0.004328774999999999,0.00175988823,1.9597815199999998e-05,0.0002035791
73,1608078000,22.52946,22.52948,-0.001313436,-1.7635900000000002,6.450345,4.499074,6.035472,5.647747999999999,0.07871681999999999,9.068330999999999,7.864866e-05,6.670177e-05,6.8846307e-05,8.067931400000001e-05,0.00011013713,0.000142170888,0.00022469928,0.00044352005999999996,10.317372,0.9435556,0.002604467,76.59571,58.393209999999996,0.0007485587,6.289099,0.07777049,240.04160000000002,0.0256525619,0.00234875217,0.1493775,915.8016,0.0256525619,0.00234875217,0.014188187,488.66100000000006,0.0256525619,0.00234875217,0.010951134999999997,498.08885,0.0256525619,0.00234875217,0.006272204000000001,4.3832659999999995e-05,6.198735e-05,0.007912170999999999,1.4431261,0.03662077000000001,0.006556620000000001,0.004258868000000001,6.092644e-06,5.411140000000001e-05
73,1608078600,33.206,33.20602,-0.0021336187999999997,-1.3480956,9.789517,5.123818,8.389757,7.577331000000001,1.1608111700000001,15.248929,5.201563e-05,4.8108802e-05,4.1639215999999996e-05,5.1129699e-05,7.880427e-05,9.771793199999999e-05,0.00016177957999999998,0.00036352690000000007,15.509553,1.0899712,0.002585829,79.60216999999999,58.15404000000001,0.0011039877999999997,6.008093000000001,0.0881174,354.2610000000001,0.028009305900000003,0.00256436778,0.1786897,1375.009,0.028009305900000003,0.00256436778,0.016128268999999997,552.55625,0.028009305900000003,0.00256436778,0.012698218000000002,561.5981099999999,0.028009305900000003,0.00256436778,0.007329919,7.577081e-05,9.390084e-05,-0.054336517499999994,23.795875000000002,0.10366841999999998,0.009243483,0.005719395,2.8002860000000003e-05,0.00029277709000000005
73,1608079200,16.44785,16.44785,0.003849941,-1.0226960999999999,7.509192999999999,3.5359229999999995,6.731682000000001,5.780388,0.13969136,6.79087,4.669184e-05,3.1344577e-05,3.2108205e-05,3.7829005999999996e-05,5.2406670000000006e-05,7.009039200000001e-05,0.00011124161999999998,0.00020854228000000003,6.352676,1.8680309999999998,0.0026316300000000003,93.82214,72.98205,0.0005463092,6.385751000000001,0.05847504,175.79479999999998,0.025105989000000002,0.0022993451,0.11668346,562.7859000000001,0.025105989000000002,0.0022993451,0.013677400000000001,442.1482,0.025105989000000002,0.0022993451,0.011041723,453.2527,0.025105989000000002,0.0022993451,0.006195527000000001,4.4562300000000005e-05,6.272002e-05,0.03945433,2.773829,0.04049845999999999,0.006383157,0.003412092,7.952498e-06,6.606156999999999e-05
73,1608079800,19.384586,19.384597000000003,0.00020415160000000011,-1.0355313000000002,8.307435000000002,3.770179,7.071553,6.106160999999999,1.37744906,10.313143999999998,6.457600999999999e-05,4.3764518e-05,4.5919185000000005e-05,5.4353054999999997e-05,7.535951999999999e-05,0.00010206127,0.00016178266,0.00030776257,8.006696999999999,1.6821370000000002,0.002624834,88.28929,70.92218999999999,0.0006438476,6.3794650000000015,0.06369688,209.37893,0.04759816,0.004360948700000001,0.12613299,714.0145,0.04759816,0.004360948700000001,0.01700004,843.7848,0.04759816,0.004360948700000001,0.013943218000000002,864.8591,0.04759816,0.004360948700000001,0.006951885,6.0845970000000005e-05,8.500497e-05,-0.060740890000000006,16.652737,0.08079368,0.006995870999999999,0.004025320000000001,2.2560237999999995e-05,0.00020248617000000004
73,1608080400,16.977694000000003,16.977718,0.0031359319999999997,-0.9037525000000001,7.844116,3.409001,6.705622,5.7551120000000004,0.8132863400000001,8.183674,3.9786579999999995e-05,2.627709e-05,2.6632405e-05,3.2568948e-05,4.7057331e-05,6.532021999999999e-05,0.00011448641,0.00021965461999999997,6.656038000000001,1.8298650000000003,0.002388585,92.47284,76.83231,0.0005634495000000001,6.374729,0.058021710000000004,180.73662,0.0373015254,0.0034176057699999997,0.11322998,588.6924,0.0373015254,0.0034176057699999997,0.01536343,689.0467799999999,0.0373015254,0.0034176057699999997,0.012626567,704.13706,0.0373015254,0.0034176057699999997,0.005897989999999999,4.0807639999999995e-05,5.8719939999999996e-05,0.015401814,32.261188000000004,0.07608963,0.005479109,0.002860993,1.7676663999999998e-05,0.00018878900999999998
73,1608081000,34.366699999999994,34.36674,-0.0021653192,-1.438762,9.463784999999998,5.3007480000000005,8.470267000000002,7.672956999999999,1.2118356700000001,15.451882000000001,7.002011e-05,5.9056115999999996e-05,5.7157533000000007e-05,6.9860037e-05,0.0001037041,0.000134762927,0.0002231518,0.0004777123900000001,16.153827,1.0255073,0.002847065,79.09553000000001,56.59129,0.0011422452,6.254923,0.09020815000000001,365.6027,0.055691828,0.0051009309,0.18406899999999998,1430.7265,0.055691828,0.0051009309,0.01994679,1023.5024,0.055691828,0.0051009309,0.016161981,1048.0886,0.055691828,0.0051009309,0.007455916999999999,7.094012e-05,9.334760999999999e-05,0.04079914,11.154077899999999,0.08471849000000001,0.008929033,0.005525732,1.8824096e-05,0.00018959034999999996
73,1608081600,32.020179999999996,32.020179999999996,-0.0010902038,-1.258054,9.474439999999998,5.05619,8.933897,8.025996000000001,0.0805411,12.90213,6.047523000000001e-05,5.4305720000000006e-05,5.11347164e-05,6.2438787e-05,9.373713000000001e-05,0.00012052670400000001,0.00019939058000000001,0.00043460625,14.777039999999996,1.229186,0.00278647,81.60873000000001,57.714920000000006,0.001064238,6.0156469999999995,0.08436029,335.59720000000004,0.041981329,0.0038444932,0.1778318,1298.979,0.041981329,0.0038444932,0.019033289999999998,839.5518,0.041981329,0.0038444932,0.015676412,853.1881999999999,0.041981329,0.0038444932,0.007076606000000001,6.175127e-05,8.025803e-05,0.03733513199999999,0.8460744,0.03625779,0.008986385000000001,0.005357664,6.767021e-06,6.294115999999999e-05
73,1608082200,24.615820000000003,24.615850000000002,-0.002028225,-1.624345,7.598294,4.636912,6.941502,6.154688,0.40374002999999997,10.324122999999998,3.917864e-05,2.686769e-05,2.5761398e-05,3.4614166e-05,5.826792999999999e-05,7.823926e-05,0.00013914295,0.00033277740000000006,10.907312999999998,1.397014,0.002864504,84.40079999999999,61.48565,0.0008178286,6.334725999999999,0.07820645,259.3169,0.02861503819999999,0.00262025633,0.1525743,960.1083999999998,0.02861503819999999,0.00262025633,0.01475118,517.95304,0.02861503819999999,0.00262025633,0.01158729,529.32886,0.02861503819999999,0.00262025633,0.006563044000000001,4.939145e-05,6.7992e-05,0.04070923,5.4101333,0.050310869999999994,0.007301246,0.004576002,9.042446000000001e-06,9.662505000000001e-05
73,1608082800,29.626809999999995,29.626839999999998,-0.001308232208,-1.589443,8.380379999999999,5.079553,7.873851999999999,7.043577999999999,0.06614951,11.90627,4.2063370000000006e-05,3.258865199999999e-05,3.0433451e-05,4.086870100000001e-05,6.961378e-05,9.234683900000001e-05,0.00016274798000000002,0.00038464244,13.244670000000003,1.564723,0.00316279,83.27146,60.61717,0.0009844539,6.112928999999999,0.08425938000000001,308.34139999999996,0.024760652700000003,0.00226643029,0.16810209999999998,1159.312,0.024760652700000003,0.00226643029,0.016004449999999996,531.89631,0.024760652700000003,0.00226643029,0.012685190999999998,538.6206599999999,0.024760652700000003,0.00226643029,0.006921719,5.691301999999999e-05,7.544799e-05,0.023912499000000004,0.6365869000000001,0.03538214,0.008312558000000001,0.005285445000000001,6.178301e-06,5.8021370000000005e-05
73,1608083400,33.89608,33.896100000000004,-0.00251698225,-1.5367169999999999,9.222432000000001,5.356389999999999,8.363954000000001,7.4789270000000005,1.0867472,15.19587,0.00010642714,9.807801699999999e-05,9.9510774e-05,0.000116408694,0.00015923714000000002,0.000202776227,0.00031187722999999996,0.0006311140499999999,15.696028000000002,1.2476042,0.002707018,78.5518,57.641780000000004,0.0011258762,6.22245,0.09145652,354.1409,0.035174861999999994,0.0032202584,0.1817261,1374.9841,0.035174861999999994,0.0032202584,0.017280849999999997,714.5334,0.035174861999999994,0.0032202584,0.013562768,727.4164999999999,0.035174861999999994,0.0032202584,0.007324527,6.793328e-05,8.932797e-05,-0.04613075,12.9765041,0.08066402,0.008762974,0.0054936709999999995,2.0803015e-05,0.00020986573
73,1608084000,29.994190000000003,29.994230000000005,-0.0011033365,-1.610397,8.520779999999998,5.048108,7.687096000000001,6.813357999999999,0.68031876,12.622085000000002,7.243991000000001e-05,6.350902399999999e-05,6.2698971e-05,7.410110700000001e-05,0.00010040974999999999,0.000124257519,0.00019141031,0.00039591044999999996,13.271102000000003,1.7227710000000003,0.002160334,85.05069,62.824670000000005,0.0009969696,6.011048000000001,0.08473324,316.6785,0.059936739,0.0054907941,0.1657694,1171.4744,0.059936739,0.0054907941,0.018759149999999995,1049.7163999999998,0.059936739,0.0054907941,0.015370594999999997,1076.3776000000003,0.059936739,0.0054907941,0.006699602000000001,5.565167e-05,7.387400999999999e-05,-0.06760018,12.146517,0.056768660000000006,0.007829032000000001,0.004901884,1.5565946999999998e-05,0.00016480824
73,1608084600,37.364,37.36405,-0.0017856500000000002,-1.530367,9.460224,5.627332,8.872658,7.9551169999999995,0.6374612199999999,15.2927,5.457145999999999e-05,4.9460629999999994e-05,4.5750989999999995e-05,5.855554e-05,9.47857e-05,0.00012199329999999999,0.00021159517999999998,0.00047656170000000004,17.273709999999998,1.4039199999999998,0.003270589,82.58512,57.99808,0.0012415627000000001,6.429083999999999,0.09427814000000001,391.9095,0.0538167284,0.00492945634,0.1912303,1520.943,0.0538167284,0.00492945634,0.01972362,1025.4888999999998,0.0538167284,0.00492945634,0.016110781,1046.4572,0.0538167284,0.00492945634,0.007545821000000001,7.375158999999999e-05,9.242706999999999e-05,-0.007097688999999999,1.9518976000000001,0.054536390000000004,0.009896743,0.006371438,1.0346846e-05,0.00010653622999999999
73,1608085200,31.173430000000003,31.173449999999995,-0.0019381579999999995,-1.540494,8.899621,5.165871999999999,8.098035,7.2897349999999985,0.4722728,13.080239999999998,5.7878659999999996e-05,5.296684e-05,4.8949133e-05,6.107387e-05,9.025168e-05,0.00011782304,0.00019749771999999998,0.00043395660000000003,14.213439999999997,1.3693259999999998,0.002920795,81.79391999999999,58.823029999999996,0.001035806,6.391078,0.08704322,330.0296,0.0353428223,0.0032367604199999996,0.1746819,1257.0223,0.0353428223,0.0032367604199999996,0.01709264,745.7932700000001,0.0353428223,0.0032367604199999996,0.013883798999999999,757.09727,0.0353428223,0.0032367604199999996,0.007215598000000001,6.553771000000002e-05,8.406147999999999e-05,0.007529806,5.866613200000001,0.05528190999999999,0.009000421,0.005730329,1.2611910000000001e-05,0.00011927944
73,1608085800,29.72197,29.721989999999998,-0.002023783,-1.5529629999999999,8.520148,5.06837,8.002031,7.150943,0.08289479999999999,11.974419999999999,5.543096e-05,5.2323989999999995e-05,4.6877783e-05,5.7932144e-05,8.76125e-05,0.000114576758,0.00018650927999999998,0.00042697237999999996,13.468700000000002,1.38842,0.002840578,81.84061,59.37967,0.0009876700999999998,6.05179,0.08473363,313.5253,0.060985654,0.0055868841,0.1701161,1187.5349999999999,0.060985654,0.0055868841,0.01862654,1026.71004,0.060985654,0.0055868841,0.015664356999999997,1057.05446,0.060985654,0.0055868841,0.007236166,6.420023999999999e-05,8.279001999999999e-05,0.024972312000000003,0.5992548,0.038566,0.008951694999999999,0.0058127380000000005,7.769270999999998e-06,6.190072000000001e-05
73,1608086400,29.363079999999997,29.363099999999996,-0.002259239,-1.55586,9.018915999999999,5.01713,7.863729999999999,6.854120999999999,1.3156441700000001,14.101450000000003,6.841558e-05,6.211188e-05,5.9154969999999997e-05,7.3460577e-05,0.00010525044,0.00012783973,0.00020170702000000003,0.00041295246,13.389524999999997,1.2883710000000002,0.0025465730000000003,81.33899,59.17187,0.0009756407999999999,6.124903000000001,0.08482851,311.79019999999997,0.02478399254,0.00226904459,0.1679247,1181.7956000000001,0.02478399254,0.00226904459,0.015339419999999998,506.06102,0.02478399254,0.00226904459,0.012116324999999999,514.25964,0.02478399254,0.00226904459,0.008117289,9.513288999999999e-05,0.00011364203000000001,-0.02598902,25.684303399999997,0.10665914000000001,0.010781008,0.007202653000000001,3.1414799e-05,0.0003029525
73,1608087000,19.402079999999998,19.402079999999998,0.00429027,-0.8695734000000002,7.68211,3.5775060000000005,6.762920000000001,5.957695,0.8150331000000002,8.873992000000001,5.020943e-05,3.881941299999999e-05,4.1388583e-05,5.3454378e-05,8.4430918e-05,0.00011661444000000002,0.00018999529000000002,0.00040600911000000003,8.228223000000003,1.4690189999999999,0.002843677,86.97675999999998,70.38885,0.0006438989,6.480315,0.06427503,203.05700000000002,0.042275098299999994,0.0038731937549999996,0.12493207000000002,716.9687,0.042275098299999994,0.0038731937549999996,0.014589329000000002,715.085986,0.042275098299999994,0.0038731937549999996,0.011663195000000001,734.9191109999999,0.042275098299999994,0.0038731937549999996,0.007606241000000001,8.614683e-05,0.00010471908000000002,-0.012121254299999999,7.2336442000000005,0.07551078,0.009647612,0.005874280000000001,2.9730633999999996e-05,0.00020813420999999998
73,1608087600,15.09475,15.09478,0.005852555000000001,-0.4959934,7.680009,3.041937,6.954663000000001,5.784777,0.42560359,6.535933,4.446259e-05,3.0071751999999998e-05,3.1608973e-05,3.9008876999999996e-05,5.5403890000000006e-05,7.320317000000001e-05,0.00012299657,0.00024705478,6.175945,1.368724,0.0020865449999999995,85.88557,68.43516,0.0005013373,6.465388,0.05626702,163.219,0.029898869,0.0027387818000000003,0.11479862999999998,550.9465,0.029898869,0.0027387818000000003,0.014674915,567.33013,0.029898869,0.0027387818000000003,0.011950503999999999,579.8492799999999,0.029898869,0.0027387818000000003,0.006264153,4.871431e-05,6.667095e-05,0.005037856000000003,24.465078000000002,0.06308759,0.0069334900000000005,0.003502698,1.7043414999999998e-05,0.00016329072
73,1608088200,21.751946,21.751960000000004,-0.0009637468999999999,-1.2826955999999998,7.625632,4.005345,6.554597999999999,5.765162999999999,1.65153375,10.371312,9.178997e-05,8.129880200000001e-05,8.5469328e-05,0.00010058370999999996,0.00013286989300000001,0.00016939463899999998,0.00026863702999999994,0.0004942887099999999,9.727266,1.1452065,0.0020854650000000003,84.55649000000001,66.20738,0.0007225064,6.409093999999999,0.06892294,230.75472,0.04613751864,0.0042281561999999995,0.13397129000000002,857.3643999999998,0.04613751864,0.0042281561999999995,0.015698101,784.07962,0.04613751864,0.0042281561999999995,0.012591084999999998,805.68138,0.04613751864,0.0042281561999999995,0.006746062,6.719939999999999e-05,8.510600000000001e-05,0.04713932,43.465320000000006,0.12243925,0.007642539999999999,0.004559383,4.2456453e-05,0.00040715904
73,1608088800,26.775059999999996,26.775079999999996,-0.001882322,-1.603888,8.034958,4.816471,7.357199,6.638302,0.13895004000000002,11.100570000000001,6.276766e-05,5.5386006000000004e-05,5.2021778000000004e-05,6.2163981e-05,8.634865e-05,0.00010762929999999999,0.00017204488,0.00034918513,12.130484000000001,1.2539088999999999,0.002190846,83.14394999999999,59.443799999999996,0.0008901167999999999,6.138912,0.08068681,278.53770000000003,0.027776916600000007,0.0025431017400000004,0.16053830000000002,1059.261,0.027776916600000007,0.0025431017400000004,0.015386402999999998,538.09615,0.027776916600000007,0.0025431017400000004,0.012376649,549.03818,0.027776916600000007,0.0025431017400000004,0.007066546999999999,6.179367e-05,8.004044999999999e-05,0.0139875,3.0962017,0.04696895,0.008610876,0.005497211,1.0469682e-05,9.576049e-05
73,1608089400,20.11814,20.11815,0.00034740882000000004,-1.1332965,8.02352,3.95906,7.252534,6.346842,0.54887158,8.711514000000001,3.197412e-05,1.9534045e-05,1.63518299e-05,2.1611653e-05,3.6176119e-05,4.6601707000000004e-05,8.034884000000002e-05,0.00019627511,8.622324,1.433888,0.002407408,88.34151999999999,64.40743,0.0006687216,5.922768,0.06597908,212.17470000000003,0.0339923381,0.0031136107699999997,0.1354915,757.9505,0.0339923381,0.0031136107699999997,0.015368222,618.5551800000001,0.0339923381,0.0031136107699999997,0.012690559,632.94445,0.0339923381,0.0031136107699999997,0.00663507,5.5633470000000007e-05,7.398009000000001e-05,0.10548690600000002,21.458260000000003,0.07794694999999999,0.0075737700000000005,0.004395059,1.8232618e-05,0.00018347144
73,1608090000,22.26712,22.26716,-0.00111354959,-1.0929986,8.815428,4.104361,7.528245,6.584414,1.13633264,11.185137000000001,8.427733e-05,7.1180544e-05,7.4092146e-05,8.833726e-05,0.00011839850999999998,0.00015415623999999998,0.00024311125999999997,0.00047844639999999997,9.715885,1.4135024999999999,0.0028806269999999993,82.79042000000001,64.34551,0.0007393365000000001,6.524782,0.06786837000000001,231.0473,0.022909901999999996,0.0020972851200000003,0.1404253,845.3708,0.022909901999999996,0.0020972851200000003,0.014411204,440.91171999999995,0.022909901999999996,0.0020972851200000003,0.01132769,448.8502,0.022909901999999996,0.0020972851200000003,0.006653855,5.528486e-05,7.455041e-05,0.09285719,16.7335103,0.0822957,0.007483895,0.004214647,2.1375993999999997e-05,0.00022818169999999998
73,1608090600,11.346883000000002,11.346887,0.004908513,-1.0318081000000001,6.6860029999999995,2.923462,5.549345,4.719555999999999,0.35416185,5.5192190000000005,2.5174340000000003e-05,8.989166e-06,8.768960399999999e-06,1.1756964000000001e-05,1.8505203999999998e-05,2.4203075000000004e-05,4.6863723e-05,0.00010844500000000001,3.9984959999999994,1.6726679999999998,0.002034854,96.52879,79.63839,0.00037706869999999996,6.179087,0.04853313,119.36257,0.033945710000000004,0.0031101282900000003,0.09135149000000001,347.78139999999996,0.033945710000000004,0.0031101282900000003,0.013401797999999998,578.9383499999999,0.033945710000000004,0.0031101282900000003,0.010858748000000001,595.63265,0.033945710000000004,0.0031101282900000003,0.005392476,3.161115e-05,4.9862180000000004e-05,-0.31246885,96.92720800000001,0.08908474,0.003973893000000001,0.0016184953000000003,2.1894815e-05,0.00022513254999999998
73,1608091200,19.098913000000003,19.098937000000003,0.0019460588000000001,-1.3084342,7.3628990000000005,3.7736940000000003,6.30098,5.7013359999999995,1.6327501199999996,9.905106,8.586221e-05,7.615246900000001e-05,7.7690753e-05,9.0302585e-05,0.00011796312,0.00015155623,0.00022965857999999998,0.0004517676,9.342616,0.20335405999999998,0.002217726,67.55881000000001,53.636889999999994,0.0006348632000000001,6.253317999999999,0.06527124999999999,200.1799,0.027386766420000003,0.002507988126,0.13469637999999998,818.7956999999999,0.027386766420000003,0.002507988126,0.014601402999999999,503.31754200000006,0.027386766420000003,0.002507988126,0.011429326,514.7685547,0.027386766420000003,0.002507988126,0.00617991,5.012889e-05,6.804148999999999e-05,0.06576771,47.139950999999996,0.11153909000000002,0.006367718999999999,0.0034402459999999997,3.719088599999999e-05,0.00039626374999999993
73,1608091800,9.868468000000002,9.868478000000001,0.0049056740000000005,-1.425373,5.172831,2.8146910000000003,4.564226,4.248092000000001,0.22069922000000003,4.298771,3.1309730000000005e-05,1.5486266999999997e-05,1.6011368e-05,2.0976282999999998e-05,3.5127581999999996e-05,4.774303e-05,8.948328e-05,0.00020218756,4.852474,0.07862602,0.0026934570000000002,69.73249,51.64885,0.0003278277,6.433873,0.04911749,105.21207,0.0071354765,0.0006525648509999999,0.10178150999999999,427.0771,0.0071354765,0.0006525648509999999,0.010369834,169.85172,0.0071354765,0.0006525648509999999,0.0075467519999999995,170.50868,0.0071354765,0.0006525648509999999,0.0054680729999999995,3.5876329999999996e-05,5.376479e-05,0.013890349999999992,104.63301600000003,0.10030630999999998,0.004052834999999999,0.0018222240000000001,2.7980349999999997e-05,0.0002849106
73,1608092400,12.56114,12.56117,0.007436166000000001,-1.451164,5.698151000000001,3.164644,5.023842,4.740405999999999,0.23887138000000002,5.425916999999999,4.453345e-05,3.0540659e-05,3.10228844e-05,3.8500933e-05,5.6104349999999994e-05,7.3787143e-05,0.00012262515,0.00025873570000000003,6.165486,0.11182764,0.0026192909999999997,70.23811,51.76180000000001,0.0004174524,6.374452,0.05463115,133.3789,0.008526678579999999,0.000779872409,0.11374599999999999,544.1518,0.008526678579999999,0.000779872409,0.011110692,187.20108,0.008526678579999999,0.000779872409,0.008289460000000002,188.50549999999998,0.008526678579999999,0.000779872409,0.005672216999999999,3.528909000000001e-05,5.313488999999999e-05,0.05529501,9.038129999999999,0.05048650000000001,0.004740457,0.0023994899999999998,1.1599517e-05,0.00010155803
73,1608093000,20.75421,20.75423,-0.0029107350500000005,-1.407034,7.629420999999999,4.046978999999999,6.610665,5.863455,1.9970043400000002,11.42351,4.142919e-05,3.0063908e-05,2.9689547999999995e-05,3.879967e-05,6.185929e-05,8.157438e-05,0.00013968366,0.00031414670000000003,10.088209,0.28584350000000003,0.0023337579999999996,71.88806000000001,52.97065,0.0006900362000000001,6.396566,0.07105719000000002,221.1416,0.015673776699999996,0.0014341865499999998,0.1436938,892.1027000000001,0.015673776699999996,0.0014341865499999998,0.013988724999999999,348.42017,0.015673776699999996,0.0014341865499999998,0.010672635,351.79754999999994,0.015673776699999996,0.0014341865499999998,0.0065864370000000005,6.422702e-05,8.242518999999998e-05,-0.03521646800000001,48.86602499999999,0.11815715999999998,0.007296044999999999,0.0041121989999999995,3.9288931e-05,0.00038174671
73,1608093600,17.641530000000003,17.64157,0.007824257000000001,-1.3670170000000001,7.141195000000001,3.761911,6.367132,5.665297999999999,0.5446487300000001,7.559249999999999,4.070693000000001e-05,2.6789253999999995e-05,2.7697073000000002e-05,3.5520781e-05,5.690534000000001e-05,7.801837000000001e-05,0.00013461143,0.00030903254,8.379042,0.4381832,0.0028604070000000006,76.57773999999999,55.15802,0.0005862326,6.435972,0.06414602999999999,185.91500000000002,0.015380900300000003,0.0014075304200000002,0.13317099999999998,736.8632,0.015380900300000003,0.0014075304200000002,0.013228652000000002,333.68698,0.015380900300000003,0.0014075304200000002,0.010057025,337.32937,0.015380900300000003,0.0014075304200000002,0.0062954280000000005,4.8286570000000004e-05,6.664899999999999e-05,0.055143978,13.867962,0.07304860999999999,0.006556492,0.0037131279999999996,1.4417802000000002e-05,0.00014100071
73,1608094200,20.97535,20.975360000000002,0.0021063540000000004,-1.571472,7.163769,4.153422999999999,6.36477,5.7658000000000005,0.77902122,9.403077,7.367839e-05,6.4414805e-05,6.49373575e-05,7.737434e-05,0.00010589712699999999,0.000142799225,0.00022518841000000001,0.00047116751,9.789891,0.6932187,0.0033472079999999995,76.81192999999999,58.19933999999999,0.0006966939000000001,6.369287,0.07066230999999999,224.32259999999997,0.017618094560000002,0.001612950869,0.141155,867.827,0.017618094560000002,0.001612950869,0.014018974,397.06906399999997,0.017618094560000002,0.001612950869,0.010889408,401.151436,0.017618094560000002,0.001612950869,0.006968989,0.00011819490999999998,0.00013667352,3.3828871655,174.856998,0.19353443,0.007877463000000001,0.004883782000000001,0.00030267357200000004,0.00324356871
73,1608094800,15.831403999999997,15.831446,0.004189999,-1.4930530000000002,6.269481000000001,3.584776,5.683635,5.204070000000001,0.48258207,6.902315999999999,5.3974550000000007e-05,4.22156e-05,4.18232553e-05,5.000322200000001e-05,7.041252e-05,0.00010053968,0.00014567846,0.00030550763,7.519270000000001,0.3925548,0.003089432,74.47153999999999,55.47498,0.0005260374,6.273549,0.06255790000000001,170.07080000000002,0.0042556880000000005,0.00038792830000000005,0.12598308,667.1823999999999,0.0042556880000000005,0.00038792830000000005,0.010902869999999999,135.90009999999998,0.0042556880000000005,0.00038792830000000005,0.007962476,134.53323,0.0042556880000000005,0.00038792830000000005,0.006810253,6.003976e-05,7.826698e-05,-0.03169988199999999,21.458307400000002,0.08507249000000001,0.007692205000000001,0.004808209,2.1338565000000004e-05,0.00020678999999999996
73,1608095400,22.64282,22.642860000000002,0.007957927,-1.4888989999999998,7.587607,4.279829,6.7388439999999985,6.317105,0.9504560000000002,10.742801,6.536016000000001e-05,5.538564099999999e-05,5.816466000000001e-05,7.428577e-05,0.00011082046,0.00015704842999999998,0.0002591077,0.0005572378,11.077535,0.23861310000000002,0.003950543,69.59259999999999,52.48782,0.0007519032999999999,6.678216000000001,0.07380226999999999,240.6281,0.028361502999999993,0.0025968453999999997,0.1522016,980.4898000000001,0.028361502999999993,0.0025968453999999997,0.015894582,536.53819,0.028361502999999993,0.0025968453999999997,0.012617370999999999,547.1952100000001,0.028361502999999993,0.0025968453999999997,0.0069792019999999995,6.493372e-05,8.329062e-05,-0.01326899,15.3118225,0.07652907,0.008212541,0.005092928,2.3094269e-05,0.00022856169000000002
73,1608096000,11.433457999999998,11.43348,0.001088704,-1.436034,5.476142,3.050169,4.909387,4.524851,0.30387775,4.939022,3.953331e-05,2.5297309e-05,2.6738287999999998e-05,3.3441194e-05,5.0175909999999996e-05,7.244595e-05,0.00011867681,0.00025347357,5.388231,0.32514851,0.00274595,76.50113999999999,56.079809999999995,0.0003796255,6.55979,0.0530731,120.4872,0.012218348799999999,0.00111838018,0.10658977,472.3744,0.012218348799999999,0.00111838018,0.011251866000000001,255.56452,0.012218348799999999,0.00111838018,0.00834732,258.89601,0.012218348799999999,0.00111838018,0.0059128620000000005,4.7440540000000004e-05,6.566048e-05,-0.03552759999999999,97.85202100000001,0.13149733000000002,0.005201552999999999,0.002804504,4.2538919e-05,0.00044784904
73,1608096600,17.789049999999996,17.78908,0.0016990482000000002,-1.704842,5.876243,3.932690000000001,5.339675000000001,5.139158,0.22836806000000004,7.399008,3.7500479999999996e-05,2.3979093e-05,2.37257989e-05,3.0976454000000005e-05,5.1730206e-05,7.4008221e-05,0.000119689771,0.00028215097,8.617161,0.27356648,0.0031691249999999996,72.83518000000001,52.90147,0.0005911864000000001,6.190365999999999,0.06818234,189.55440000000002,0.004945016599999999,0.00045162195,0.1362699,764.0871,0.004945016599999999,0.00045162195,0.011499528000000002,188.24103999999997,0.004945016599999999,0.00045162195,0.008355109,185.9151,0.004945016599999999,0.00045162195,0.006401657000000001,4.71293e-05,6.536644e-05,0.021678598,1.6808573,0.04007192,0.006756775000000001,0.004155430999999999,7.74711e-06,6.690103e-05
73,1608097200,25.21763,25.21765,0.0009797200000000001,-1.608538,7.401225999999999,4.593795,6.569038000000001,6.213338,1.45793602,12.123922000000002,8.481024e-05,7.656814e-05,7.851693e-05,9.307906e-05,0.00012953934,0.00017254747999999998,0.00026182058,0.0005280777000000001,12.224005,0.38073060000000003,0.0026728462,69.67970999999999,53.25792,0.0008381132,6.477677,0.07845371,258.2239,0.0132880667,0.00121516124,0.15818930000000003,1058.1200000000001,0.0132880667,0.00121516124,0.013997501999999998,330.76066,0.0132880667,0.00121516124,0.010596422999999999,331.1636,0.0132880667,0.00121516124,0.007166036000000001,7.438774999999999e-05,9.275085e-05,0.026719390899999994,47.5909785,0.13069483,0.008566888,0.005381809999999999,3.6928935e-05,0.00035156715000000005
73,1608097800,24.736650000000004,24.736650000000004,-0.0005420338000000001,-1.6657350000000002,7.110291999999999,4.6042119999999995,6.5378,6.114223000000001,0.8612799000000002,10.829719999999998,4.896693000000001e-05,3.7506362e-05,3.649432200000001e-05,4.503775e-05,6.949216e-05,9.312076e-05,0.00014187574999999998,0.00031300597,11.872135,0.49320329999999996,0.002208941,76.23829,54.255129999999994,0.0008225115,6.073019,0.07946687000000001,262.7638,0.030837691,0.0028237570899999997,0.15799709999999997,1048.8380000000002,0.030837691,0.0028237570899999997,0.01544848,554.9159099999999,0.030837691,0.0028237570899999997,0.012049807,568.5584200000001,0.030837691,0.0028237570899999997,0.00706579,6.685848e-05,8.536791000000001e-05,0.03915653000000001,19.161858000000002,0.08624147,0.008397545999999999,0.005262612000000001,2.8519930000000003e-05,0.00028785804999999996
73,1608098400,25.54749,25.5475,0.00031631837,-1.724182,7.103206,4.751353,6.589026,6.146438,0.055465980000000005,10.265459999999997,5.6397340000000006e-05,4.8039031e-05,4.6882220599999994e-05,5.912609e-05,9.026254000000001e-05,0.00012402932,0.000197219258,0.00043414895000000003,12.18317,0.5862861,0.003248326,74.28795,54.610910000000004,0.0008488510000000001,6.280815,0.08126728999999999,271.45770000000005,0.0080443665,0.00073525187,0.16214089999999998,1079.02,0.0080443665,0.00073525187,0.01339702,299.52148,0.0080443665,0.00073525187,0.009998093000000001,295.91863,0.0080443665,0.00073525187,0.0071043140000000005,6.086691e-05,7.960616000000001e-05,0.041272871100000004,0.6940073000000001,0.04114239000000001,0.008410636000000003,0.005458285,6.997365000000001e-06,6.107833000000001e-05
73,1608099000,22.14465,22.14465,-0.0025280588000000004,-1.5658219,7.06559,4.312774,6.496736,5.986083,0.30336528,9.266741999999999,8.745708999999999e-05,7.706550400000001e-05,7.822988770000001e-05,9.1474379e-05,0.000121585419,0.000154780306,0.00023696235000000002,0.0004541212,10.537665,0.5307215000000001,0.00263654,73.50014999999999,54.878420000000006,0.0007358819,6.339208,0.07464107,232.65050000000002,0.018411827,0.0016850617899999997,0.1490646,926.5528,0.018411827,0.0016850617899999997,0.013458279,353.766985,0.018411827,0.0016850617899999997,0.010265225999999999,359.937305,0.018411827,0.0016850617899999997,0.006564413000000001,5.224820999999999e-05,7.095649000000001e-05,0.015696285,20.3898008,0.050189910000000004,0.007171491999999999,0.004347678,1.1109147e-05,8.273676999999999e-05
73,1608099600,23.371049999999997,23.37106,-0.004212884,-1.526508,7.2865470000000006,4.379992,6.776944,6.22264,1.0070393699999998,10.151411,8.890772e-05,8.0070818e-05,8.1349227e-05,9.5168464e-05,0.00012806207,0.00016183543,0.00025358296,0.00048959209,11.288091000000001,0.3933639,0.002711578,68.67900999999999,53.52957,0.0007766921999999999,6.144748999999999,0.07736772,247.85719999999998,0.024610642199999998,0.00225313544,0.15425830000000001,998.9009999999998,0.024610642199999998,0.00225313544,0.014709406000000003,486.11205999999993,0.024610642199999998,0.00225313544,0.011388873999999998,494.53252999999995,0.024610642199999998,0.00225313544,0.006436984999999999,5.0272610000000005e-05,6.885082e-05,0.03631793399999998,21.15008,0.08778779,0.007045243999999999,0.004129417999999999,2.301168e-05,0.00024821171
73,1608100200,19.531949000000004,19.531964,-0.0022697752,-1.3441725000000002,7.056889999999998,3.9208559999999992,6.167363999999999,5.590483999999999,0.8295320900000002,8.927383,5.324117999999999e-05,4.1388356999999994e-05,4.05612589e-05,4.9714049e-05,7.328778999999999e-05,9.587212899999999e-05,0.00016019582999999998,0.00033996680000000003,9.247055,0.5154084,0.00267113,75.29693,56.95958,0.0006490892000000001,6.155246,0.06779177,204.87713999999997,0.0210533574,0.0019274782500000001,0.13623952,811.398,0.0210533574,0.0019274782500000001,0.013733872,416.58325,0.0210533574,0.0019274782500000001,0.010663586,424.09102999999993,0.0210533574,0.0019274782500000001,0.006328844,5.128766e-05,7.019853999999998e-05,0.015525489999999992,73.329935,0.11049234000000001,0.006324122,0.0036143469999999995,2.7746467000000002e-05,0.00028853083
73,1608100800,26.350358,26.350389,-0.0012812449999999999,-1.370302,8.425381999999999,4.547828,7.525505999999998,6.845609999999999,0.49530119,11.546828000000001,7.015535e-05,6.548128499999999e-05,6.1899911e-05,7.225101700000001e-05,0.00010328855,0.000129608535,0.000205898756,0.0004289026100000001,12.411399000000001,0.76034,0.00231824,79.15281999999999,57.87504000000001,0.000875948,6.062876,0.07672432,276.57081000000005,0.01955348342,0.001789313352,0.15854949000000002,1090.6407,0.01955348342,0.001789313352,0.015510941,469.2858300000001,0.01955348342,0.001789313352,0.012435189000000001,472.2700500000001,0.01955348342,0.001789313352,0.007187250999999999,6.814179e-05,8.650314e-05,-0.06311029809999999,22.2880919,0.06533931000000001,0.008696011,0.005558591,1.6442171e-05,0.00015067806
73,1608101400,24.86859,24.868609999999997,-0.002574022,-1.4229119999999997,8.460034,4.509512,7.408277,6.603689,1.4947641399999998,12.422507999999999,3.415722e-05,2.2478338999999998e-05,2.13544097e-05,2.5716868e-05,4.625776e-05,5.7020113e-05,9.958141000000001e-05,0.00024139860000000002,11.584098999999998,0.8477205,0.001945244,81.20584,57.52396,0.0008266991,5.9545,0.07562438,260.634,0.022646028,0.00207340289,0.1548719,1016.7923999999999,0.022646028,0.00207340289,0.014380264999999998,450.37078,0.022646028,0.00207340289,0.011059537000000001,457.35434999999995,0.022646028,0.00207340289,0.006676105,5.523298e-05,7.401132e-05,0.02450651,8.388633800000001,0.06747616,0.007507998,0.004433205000000001,1.6760453e-05,0.00017664625
73,1608102000,23.086,23.086019999999998,-0.0031472158399999998,-1.4748959999999998,7.598069,4.350893,6.941463000000001,6.320255,0.71464131,10.114177999999999,8.172826999999999e-05,7.1879131e-05,7.2581157e-05,8.5606521e-05,0.00011530541000000002,0.00014692906899999998,0.00022502611000000007,0.00046422542,10.710466,0.8290078,0.0022730109999999997,76.03551,57.6448,0.0007668679000000002,6.197717000000001,0.07399130999999999,241.19009999999994,0.021502582399999998,0.0019685921599999997,0.149713,938.5739,0.021502582399999998,0.0019685921599999997,0.015703197,520.66956,0.021502582399999998,0.0019685921599999997,0.012566488,524.82174,0.021502582399999998,0.0019685921599999997,0.006585279999999999,5.319182e-05,7.203871999999999e-05,-0.052729233,30.951916200000007,0.08459859,0.007273611000000001,0.004322832,2.2689662e-05,0.00023369943
73,1608102600,27.369369999999996,27.36939,-0.003325996,-1.726089,7.268996000000001,4.9085090000000005,6.803310000000001,6.310131,0.14819210999999996,11.046476,6.013897000000001e-05,5.4374960000000004e-05,4.9608351e-05,6.0558737e-05,8.706054999999998e-05,0.00011011011,0.00017574551999999997,0.00038172716999999997,12.915790000000001,0.7656286,0.0022917999999999997,77.05048,55.876110000000004,0.0009097918999999999,6.101569,0.08371384999999999,289.6061,0.01602924,0.00146638918,0.1662017,1141.9879999999998,0.01602924,0.00146638918,0.01490534,421.3041999999999,0.01602924,0.00146638918,0.011709336999999998,421.83369000000005,0.01602924,0.00146638918,0.0069648950000000005,5.7553710000000005e-05,7.634533e-05,0.007543134,0.48021340000000007,0.03291634,0.008308984,0.005262556,6.724335e-06,5.571508e-05
73,1608103200,28.905340000000002,28.90535,-0.003035686,-1.5231780000000001,8.457336999999999,4.870121999999999,7.438874,6.638527999999999,1.39952145,12.960564000000002,8.808874e-05,8.013688e-05,8.079063000000001e-05,9.677213999999998e-05,0.00013228072,0.00016861315,0.00026157329999999996,0.0005281179,13.510434999999998,0.9388783,0.0019351419999999997,75.07384,58.104049999999994,0.0009604643999999999,6.316236,0.0836382,306.1979,0.029057071399999995,0.0026603716899999993,0.16686829999999997,1195.1597,0.029057071399999995,0.0026603716899999993,0.016115795,578.9308699999999,0.029057071399999995,0.0026603716899999993,0.012590848000000002,588.60971,0.029057071399999995,0.0026603716899999993,0.006986477,6.584655e-05,8.499159e-05,0.04070259,37.9036194,0.10550313999999998,0.008276236999999999,0.004998466,3.1929446e-05,0.00033099355
73,1608103800,23.980740000000004,23.98077,-0.00119487113,-1.334359,8.387394,4.428662000000001,7.589669000000001,6.779757999999999,0.12086353999999999,9.927247999999999,7.271922000000001e-05,6.284122999999999e-05,6.4250527e-05,7.614294e-05,0.00010622173,0.00013747617,0.00021140120000000002,0.00043856010000000004,10.662192,1.324709,0.0023207899999999997,81.96825,61.445730000000005,0.0007964576,6.510724999999999,0.07330118999999999,252.20299999999997,0.048977358900000004,0.004486975230000001,0.1506051,936.8041,0.048977358900000004,0.004486975230000001,0.01769916,893.449,0.048977358900000004,0.004486975230000001,0.014705089999999999,915.3183000000001,0.048977358900000004,0.004486975230000001,0.006904628,6.183927e-05,8.032515e-05,-0.075552229,9.021232099999999,0.05143928,0.008170186,0.0048100650000000005,1.9037096000000004e-05,0.00017372423
73,1608104400,27.258500000000005,27.25851,-0.0014829130000000002,-1.279858,8.878356,4.638402000000001,7.991079999999999,7.252347,0.76263865,12.3326,6.545685e-05,5.739085999999999e-05,5.4800451e-05,6.674398200000001e-05,9.650256e-05,0.00012308437000000001,0.00019837040000000001,0.00040855075,12.478297,1.1470729999999998,0.002810586,79.50497,58.69386000000001,0.0009056935999999999,6.242265000000001,0.07873965,287.86100000000005,0.0207620027,0.00190033628,0.1626863,1098.3105,0.0207620027,0.00190033628,0.015638939999999997,481.9084,0.0207620027,0.00190033628,0.012652194,485.7563,0.0207620027,0.00190033628,0.007748753,8.151953999999999e-05,0.00010116161999999999,0.027007421000000004,16.0343848,0.09225429999999998,0.009878503,0.0063239310000000005,2.894282e-05,0.00029654472
73,1608105000,26.57907,26.5791,-0.0020533633400000003,-1.357782,9.050332999999998,4.62064,7.652332999999999,6.809495,1.2832784000000002,12.914006,6.113479999999999e-05,5.112437699999999e-05,5.0839219e-05,6.3083438e-05,9.076622e-05,0.00011752198999999998,0.0001913469,0.00040730569,12.184594,1.101374,0.002563232,79.05489,59.24473999999999,0.0008832981000000001,6.213526,0.07800781999999999,281.0005,0.0217994058,0.0019956413200000003,0.1588023,1072.4694999999997,0.0217994058,0.0019956413200000003,0.01599262,509.3758999999999,0.0217994058,0.0019956413200000003,0.012716327,514.5283000000002,0.0217994058,0.0019956413200000003,0.007591763,8.136613e-05,0.00010069111,0.037791969,38.7660359,0.11984544999999998,0.009585789,0.00605663,3.8171122999999994e-05,0.00039551926
73,1608105600,28.754260000000006,28.754260000000006,-0.0012066792,-1.2936429999999999,8.977624,4.801115,8.319856,7.544030000000001,0.11743244,11.62448,5.990609e-05,5.498638000000001e-05,5.2164836999999993e-05,6.5941634e-05,0.00010008753999999999,0.00013299931000000003,0.00022265568,0.00048497975,13.285410000000002,1.0874473000000002,0.0031264440000000004,78.65892,57.63538,0.0009553248000000001,6.273524999999999,0.08101314000000001,306.2387,0.05647731229999999,0.0051740076400000005,0.1691681,1175.6970000000001,0.05647731229999999,0.0051740076400000005,0.01926004,1005.4179,0.05647731229999999,0.0051740076400000005,0.016247776999999998,1030.3747,0.05647731229999999,0.0051740076400000005,0.007565378,7.455767e-05,9.321509e-05,0.01795177,1.2461463,0.046797330000000005,0.009738542000000001,0.006195924000000001,1.0974500999999999e-05,8.048524e-05
73,1608106200,27.174020000000002,27.17403,-0.0014216278000000002,-1.2758526,9.035188000000002,4.63307,8.104784,7.086555,0.9489099099999999,12.11914,5.39057e-05,4.7534245e-05,4.212582e-05,5.0244583000000004e-05,7.415715000000001e-05,9.2178302e-05,0.00014345996,0.00030525402,12.571,1.0132112,0.0020212169999999996,78.36809,57.58915999999999,0.0009037075000000001,5.774986999999999,0.07934962000000001,289.12749999999994,0.027874786000000002,0.00255205565,0.1637791,1110.8542999999997,0.027874786000000002,0.00255205565,0.01653241,593.06462,0.027874786000000002,0.00255205565,0.013401207000000002,600.67548,0.027874786000000002,0.00255205565,0.007404070999999998,7.688139e-05,9.569812e-05,-0.040000066,31.737959000000007,0.10390968,0.009202400000000001,0.005761818,3.2854647e-05,0.00032473434999999993
73,1608106800,17.859555,17.859573,0.00461140842,-1.1120782999999999,7.7011579999999995,3.579254,6.488822999999999,5.532544,1.4010217600000003,8.995605999999999,4.9242160000000005e-05,3.5144535e-05,3.6350213000000005e-05,4.5501313999999996e-05,6.448813e-05,8.376891000000001e-05,0.0001350616,0.00026952644999999996,7.305473999999999,1.6219919999999999,0.001618145,90.46941000000001,76.06818000000001,0.0005931577,6.43557,0.06113742,192.17455,0.0212008737,0.0019414175,0.11682027000000002,650.0844,0.0212008737,0.0019414175,0.012991172,409.71450999999996,0.0212008737,0.0019414175,0.010140649000000002,417.80564999999996,0.0212008737,0.0019414175,0.006756829000000001,6.317701999999998e-05,8.188126999999999e-05,0.12469925000000001,15.862249999999998,0.08405085,0.007678666000000001,0.004171065,2.6752851000000002e-05,0.00024882784
73,1608107400,9.170988,9.171001,0.0032452910999999996,-0.975585,5.725184999999999,2.5527000000000006,5.027778,4.1523140000000005,0.22565501000000002,3.9233350000000002,2.9214189999999998e-05,1.2926446000000001e-05,1.4031316999999999e-05,1.7976171e-05,2.6386173999999997e-05,3.5307799999999994e-05,5.701541e-05,0.00012101746,2.928939,1.6550880000000003,0.0011605155999999998,99.71767,86.67232,0.00030436110000000004,6.4049689999999995,0.04589412999999999,99.58824,0.023385984400000004,0.0021424355100000004,0.07864441,261.2647,0.023385984400000004,0.0021424355100000004,0.011393445999999998,406.05561,0.023385984400000004,0.0021424355100000004,0.008892209,416.77056000000005,0.023385984400000004,0.0021424355100000004,0.005903971,4.912362e-05,6.731953000000001e-05,0.09413774,87.37089,0.10907979999999999,0.0053943509999999995,0.0023375838,3.6247032e-05,0.00030632396
73,1608108000,9.864927,9.864951,0.004453858,-1.260526,5.585794,2.7992239999999997,4.9969529999999995,4.17279,0.05172786,4.054945,3.0950550000000005e-05,1.48821e-05,1.6002916e-05,1.9743353e-05,2.8542637e-05,3.7255399999999996e-05,5.869496999999999e-05,0.00011801305999999999,3.330824,1.5999690000000002,0.0013543969999999998,101.41774,82.45664,0.00032751069999999995,6.645304,0.047457910000000006,106.99179999999998,0.014487529399999999,0.0013268201499999999,0.08511374000000001,298.08669999999995,0.014487529399999999,0.0013268201499999999,0.010983201,301.15952000000004,0.014487529399999999,0.0013268201499999999,0.008499680999999999,305.75199999999995,0.014487529399999999,0.0013268201499999999,0.005859283,3.9986000000000006e-05,5.789927999999999e-05,0.03837295,7.179437999999999,0.049037580000000004,0.005337424,0.002498482,1.2704256999999999e-05,9.20872e-05
73,1608108600,12.52904,12.529060000000001,0.0050686640000000005,-1.0256858,6.705803999999999,3.059031,5.719525,4.977714000000001,0.23162235999999997,5.491912,2.540374e-05,1.0227025999999998e-05,1.0704087e-05,1.4693114e-05,2.4899777e-05,3.3523416e-05,5.8723930000000004e-05,0.00012994124000000003,4.553081,1.7099309999999999,0.0012025952000000002,94.30006,78.66878,0.0004162435,5.990106,0.05103043,132.92839999999998,0.026646977999999998,0.0024410248000000002,0.09756329,400.4081,0.026646977999999998,0.0024410248000000002,0.013582873,496.43044999999995,0.026646977999999998,0.0024410248000000002,0.011040548,507.59653,0.026646977999999998,0.0024410248000000002,0.006032871,4.667103e-05,6.440693e-05,0.004064507,19.524671,0.06493604,0.006070348,0.002877556,1.8185489000000004e-05,0.00014096638999999998
73,1608109200,17.5868,17.58684,-2.976539999999994e-05,-0.9930576999999999,8.179075000000001,3.5988460000000004,6.814369000000001,5.919408,0.7355264,8.801169000000002,3.931496e-05,2.6447648000000002e-05,2.752753e-05,3.553317e-05,5.2479390000000004e-05,7.233757e-05,0.00011891945000000001,0.00025152414,6.941194,1.849972,0.0016342409000000002,92.62529,72.58161,0.0005837602,6.400676,0.06128156,188.47299999999998,0.03135017400000001,0.0028716685999999997,0.12023128999999999,615.0542,0.03135017400000001,0.0028716685999999997,0.015050568,616.85887,0.03135017400000001,0.0028716685999999997,0.012278899,628.9767899999999,0.03135017400000001,0.0028716685999999997,0.006531478,6.176981999999999e-05,7.984738e-05,-0.0022763000000000006,42.424966000000005,0.10461532,0.007498863,0.0038267320000000002,4.2214229999999995e-05,0.00039184716999999993
73,1608109800,18.798759999999998,18.7988,-0.0006025936000000001,-1.0016037,8.090198,3.775022,7.222306000000001,6.233705,0.30017113999999995,7.885796000000001,4.3768809999999994e-05,2.9325141999999996e-05,2.9525470999999998e-05,3.4719823e-05,4.848121e-05,5.947830000000001e-05,8.817132e-05,0.00017876233000000002,7.329254999999999,2.068565,0.0010639299,95.25091,72.27572,0.0006246201,6.104246,0.06231297,198.58239999999998,0.0383129708,0.00351000712,0.124977,644.8619,0.0383129708,0.00351000712,0.01612083,710.5361,0.0383129708,0.00351000712,0.013377932,726.7325999999999,0.0383129708,0.00351000712,0.006177874,4.773712e-05,6.589769e-05,0.0015982400000000025,12.164727000000001,0.06149575,0.006717092000000001,0.002964449,1.3600539999999999e-05,0.00010607852000000002
73,1608110400,24.01114,24.01117,0.005779254100000001,-1.0513203,8.593388000000001,4.209847,7.844977,6.862146,0.9158743399999999,10.493049,4.8465670000000004e-05,3.6604006999999996e-05,3.7619285e-05,4.7138705000000004e-05,7.293987000000001e-05,9.622772e-05,0.00015991579,0.00034449507000000005,10.251451999999999,1.7513809999999999,0.0019114147000000002,89.95525,67.86386999999999,0.00079734,6.296117,0.07108781,253.97560000000004,0.038540248000000006,0.0035300888,0.14401809999999998,903.9734000000001,0.038540248000000006,0.0035300888,0.016465,723.5708999999999,0.038540248000000006,0.0035300888,0.013356607000000001,739.5865,0.038540248000000006,0.0035300888,0.006458285999999999,5.8202700000000004e-05,7.610923e-05,-0.059951549999999985,40.247423,0.09624114999999998,0.0074358670000000005,0.0037727199999999994,3.3861292000000005e-05,0.00033776698
73,1608111000,15.3493,15.34931,0.007829392400000001,-1.185428,7.008815,3.467302,6.225529000000001,5.492119,0.34821555,6.558992000000001,4.771009e-05,3.393915800000001e-05,3.4679056e-05,4.233000400000001e-05,5.9078992999999995e-05,7.6614596e-05,0.00012102682,0.00024710303,6.994346,0.6784007,0.0012422095,80.95488,58.910700000000006,0.0005099480999999999,6.2913429999999995,0.058104539999999996,160.33759999999998,0.0140069215,0.0012818705899999999,0.121829,612.4558,0.0140069215,0.0012818705899999999,0.012822838999999999,308.48223,0.0140069215,0.0012818705899999999,0.009889087,312.2996,0.0140069215,0.0012818705899999999,0.005845948,4.1159159999999994e-05,5.970096e-05,-0.006848932799999996,54.722516,0.07668735,0.005178416,0.002307417,2.3423979999999997e-05,0.00021833364999999998
73,1608111600,4.176139000000001,4.176157,0.00772429,-1.3845613,3.568271,1.8048259999999998,2.891976,2.6857189999999997,0.27977657,2.102813,2.6845880000000002e-05,1.0353579e-05,1.07660623e-05,1.3278953999999997e-05,1.9320061000000005e-05,2.6062102999999997e-05,4.066476e-05,8.141622999999998e-05,1.9753859999999999,0.11191045999999998,0.0005594796999999999,72.87111999999999,54.91414999999999,0.00013873709999999998,6.417306999999999,0.031171670000000002,44.85676,0.00667804732,0.000611212506,0.0639583,174.3075,0.00667804732,0.000611212506,0.00759627,121.30457799999999,0.00667804732,0.000611212506,0.00476796,123.487512,0.00667804732,0.000611212506,0.0047583059999999995,2.184775e-05,3.984365e-05,-0.01342219,112.85188999999998,0.07810165,0.0004526091,-0.0009594436000000001,2.8336693000000004e-05,0.00025965785
73,1608112200,2.928465,2.928482,-0.00372719616,-1.729185,2.496677,1.6047550000000002,2.124028,2.017975,0.058018480000000004,1.246626,2.4315919999999997e-05,7.549853e-06,8.148629e-06,1.0438824000000001e-05,1.5714518000000003e-05,2.1278533e-05,3.4013814e-05,6.92359e-05,1.4104079999999999,0.053164159999999995,0.0004882537000000001,72.71824000000001,53.71799000000001,9.727711e-05,6.52188,0.027796710000000002,31.57754,0.005566055679999999,0.000509371244,0.054879489999999996,123.96549999999999,0.005566055679999999,0.000509371244,0.007628649999999999,97.116461,0.005566055679999999,0.000509371244,0.004785192000000001,99.10439899999999,0.005566055679999999,0.000509371244,0.004650257,2.0484260000000004e-05,3.824099e-05,-0.17477727999999998,151.64171000000002,0.0785791,-0.00010509551999999999,-0.0011245979,2.9537343e-05,0.00027231730999999996
73,1608112800,7.143908999999999,7.143922999999999,-0.004893699999999999,-1.4870424,3.98517,2.254372,3.3935139999999997,3.1947219999999996,0.71927446,3.553779,3.717193e-05,2.2119096e-05,2.3397069000000002e-05,2.7971784999999998e-05,4.0077899e-05,5.3070986e-05,8.333969999999999e-05,0.00016603668,3.517062,0.05374452999999999,0.0007045530999999999,69.60902,52.59457,0.00023734167000000005,6.355914,0.03958729,76.57446999999999,0.00931724617,0.000853542747,0.07953942,309.6158,0.00931724617,0.000853542747,0.008866744,164.16117000000003,0.00931724617,0.000853542747,0.005931156999999999,167.80702200000002,0.00931724617,0.000853542747,0.005004222,3.429484e-05,5.215585e-05,-0.13669116000000003,203.02454999999998,0.13376320000000003,0.0015335539000000003,-0.00012961270000000003,5.2683420000000006e-05,0.0005083314999999998
73,1608113400,2.792842,2.792859,-0.00044090602000000005,-1.7672720000000002,2.471664,1.579087,2.057951,1.9614989999999999,0.021681970000000002,1.154943,2.1779449999999997e-05,5.212308e-06,5.539709300000001e-06,7.4276719999999984e-06,1.1812614e-05,1.5909582999999998e-05,2.5002713000000003e-05,5.113768999999999e-05,1.323372,0.07249934,0.00042278540000000004,76.38066,55.23151,9.278305e-05,6.430359,0.027207989999999998,29.86808,0.00227461494,0.00020764000400000002,0.05340468,117.0539,0.00227461494,0.00020764000400000002,0.006506789999999998,49.3279,0.00227461494,0.00020764000400000002,0.0036283139999999997,49.558105,0.00227461494,0.00020764000400000002,0.004581636,1.54961e-05,3.304947e-05,-0.10368720999999999,39.86784,0.04073061,-0.00031500709999999994,-0.001210842,1.0637034999999999e-05,6.352187e-05
73,1608114000,3.200736,3.2007549999999996,-0.0015529376,-1.3515383,3.3047150000000003,1.605978,2.457299,2.1381669999999997,0.42003461,2.009058,2.6496160000000003e-05,1.0178035599999998e-05,1.1086500999999999e-05,1.4199838e-05,1.9852221e-05,2.7756415e-05,4.4947842e-05,8.972687e-05,1.5389149999999998,0.060683940000000006,0.000539997,73.03038,54.22019,0.00010630302,6.240264000000001,0.028038760000000003,34.91929,0.0025340868,0.000231513106,0.05560560999999999,136.3073,0.0025340868,0.000231513106,0.006941986999999999,58.379313,0.0025340868,0.000231513106,0.004027946,58.599073999999995,0.0025340868,0.000231513106,0.004699389,2.5749000000000004e-05,4.329784e-05,-0.12127441999999997,226.41093999999998,0.11499177999999999,-0.00011645681,-0.0012155527,3.7815726e-05,0.00035154016
73,1608114600,2.411454,2.4114709999999997,-0.0017942099,-1.772586,2.298557,1.466907,1.879183,1.820793,0.017231774,0.9958880000000001,2.24822e-05,6.0656232e-06,6.474432800000001e-06,8.531325e-06,1.2275121000000001e-05,1.7866743e-05,2.7711684000000004e-05,5.574082000000001e-05,1.1438929999999998,0.06118836000000001,0.0005038339,74.71725,55.12612,8.009078e-05,6.483488000000001,0.02527837,25.773180000000004,0.0008648716000000001,7.854226800000001e-05,0.049514409999999995,100.61524,0.0008648716000000001,7.854226800000001e-05,0.005974022999999999,28.346611000000003,0.0008648716000000001,7.854226800000001e-05,0.0030432840000000003,27.778686,0.0008648716000000001,7.854226800000001e-05,0.004560426,1.5206090000000001e-05,3.256998000000001e-05,-0.04796684999999999,43.09715,0.04229914,-0.0005355534000000001,-0.0014005999999999997,1.0316665e-05,5.8700700000000005e-05
73,1608115200,5.775068,5.775081999999999,-0.0015902819,-1.3603163,4.060737,2.022473,3.0312169999999994,2.8476120000000003,0.663204,3.3364518000000003,2.947928e-05,1.45818822e-05,1.5960599399999998e-05,2.0962682e-05,3.0928912e-05,4.4133794000000005e-05,7.313213e-05,0.00015749054999999998,2.82754,0.05877111,0.0008531145,71.9785,53.35148999999999,0.00019180718999999997,6.5918019999999995,0.03525504,62.33116,0.00662210414,0.0006062315790000001,0.07074047,249.82092000000006,0.00662210414,0.0006062315790000001,0.008120539,129.11659,0.00662210414,0.0006062315790000001,0.005191757,130.696023,0.00662210414,0.0006062315790000001,0.004863283,3.19908e-05,4.944332e-05,0.08969951000000001,239.14239600000002,0.13095079,0.0009289071000000001,-0.0005136880999999999,4.8723837000000004e-05,0.00047011098
73,1608115800,3.075383,3.0754019999999995,0.0033579377,-1.703306,2.6530930000000006,1.606353,2.2284319999999997,2.101901,0.07599420900000001,1.283664,2.360322e-05,7.170925900000001e-06,7.465411799999999e-06,9.4409997e-06,1.3955270999999999e-05,1.864282e-05,2.9896532000000002e-05,5.9087500000000006e-05,1.4749189999999999,0.06226946,0.0003505183,76.21465,54.54542,0.00010218638000000001,6.262397,0.02758046,32.2975,0.0037084390500000007,0.000339063717,0.05502924,128.904,0.0037084390500000007,0.000339063717,0.006992585,71.049463,0.0037084390500000007,0.000339063717,0.0041328730000000004,72.047016,0.0037084390500000007,0.000339063717,0.004588285,1.647714e-05,3.391298e-05,-0.03671198,68.61575,0.05323126,-0.00013170089999999996,-0.0011390031000000002,1.3600087e-05,0.0001024767
73,1608116400,2.676502,2.6765209999999997,0.0017684161999999997,-1.7368530000000004,2.414887,1.5368109999999997,2.0362380000000004,1.944886,0.04577998099999999,1.1335335,2.1101770000000003e-05,4.5463919e-06,4.7523749000000004e-06,6.421224999999999e-06,1.0131365e-05,1.4119248e-05,2.336863e-05,4.7792840000000004e-05,1.282541,0.055271570000000006,0.0003238233,75.04522,54.209939999999996,8.892781000000001e-05,6.312487,0.0266955,28.69076,0.0023004157499999997,0.000210105672,0.05237946,112.86519999999999,0.0023004157499999997,0.000210105672,0.006495832,49.160369,0.0023004157499999997,0.000210105672,0.0036136669999999997,49.459937999999994,0.0023004157499999997,0.000210105672,0.004560684,1.68827e-05,3.428495e-05,0.54389182,118.86338,0.07215408,-0.00033844738,-0.001271255,1.5810842000000003e-05,0.00012492927
73,1608117000,6.155339,6.155352999999999,-0.0021134661999999997,-1.3046225,4.210779,2.059139,3.3960660000000003,3.030805,0.7373264880000001,3.7755547999999997,2.5935809999999997e-05,1.0706799000000001e-05,1.13617027e-05,1.5207468999999998e-05,2.4194893000000002e-05,3.2955931999999995e-05,5.793045000000001e-05,0.00012897484,3.032771,0.043916,0.0006896531,70.30404,52.44524,0.00020449737,6.359025,0.03596453,65.47711,0.00572447346,0.00052429316,0.07282040000000001,266.31466,0.00572447346,0.00052429316,0.008098093999999998,120.957327,0.00572447346,0.00052429316,0.005155573999999999,122.33639000000001,0.00572447346,0.00052429316,0.004814992,2.458923e-05,4.198752e-05,-0.04722067999999997,184.26381899999998,0.09818304,0.0010465627000000003,-0.00053743753,2.6185487e-05,0.00024394323000000002
73,1608117600,2.571012,2.571027999999999,-0.0024415877999999997,-1.7248359999999998,2.363398,1.500757,2.0025239999999997,1.926023,0.07852482799999999,1.1364047999999998,2.314694e-05,6.931656799999999e-06,7.4562554e-06,9.406759900000002e-06,1.3845355e-05,1.9345658000000002e-05,3.2094423e-05,6.443761000000001e-05,1.2397950000000002,0.04515102,0.0004004373,73.28232,53.64641,8.540262e-05,6.282022,0.025865270000000003,27.534049999999997,0.0029629209100000002,0.000270804358,0.05123949,108.65421999999998,0.0029629209100000002,0.000270804358,0.006582376999999999,54.549414999999996,0.0029629209100000002,0.000270804358,0.003707827999999999,55.25924,0.0029629209100000002,0.000270804358,0.004578174999999999,1.910687e-05,3.6492269999999994e-05,0.08876380499999999,168.43422,0.07853734999999999,-0.0003549033,-0.001325687,2.7871297000000004e-05,0.00026671423999999994
73,1608118200,4.2099910000000005,4.210008,-0.00308879142,-1.4244949999999998,3.3200899999999995,1.7434809999999998,2.7286569999999997,2.19213,0.5866348360000001,2.5622355,2.56079e-05,9.748799500000001e-06,1.0089450399999999e-05,1.2499596699999998e-05,1.8492144e-05,2.4271284e-05,3.8623954e-05,7.987363000000002e-05,2.066707,0.037654639999999996,0.0004293981,71.39645,52.59275,0.00013996974,6.206152,0.03035131,44.89815,0.0038324164,0.000350284836,0.06114980999999999,181.75449999999998,0.0038324164,0.000350284836,0.007452784,77.51031100000002,0.0038324164,0.000350284836,0.0045590480000000004,78.37735599999999,0.0038324164,0.000350284836,0.004652351,2.1209770000000003e-05,3.858845e-05,0.06051778999999998,173.04737,0.08914022000000002,0.0001573213,-0.0010432183000000002,3.1218339e-05,0.00030344998999999996
73,1608118800,2.559797,2.559815,-0.0042392787,-1.724904,2.4230259999999997,1.4962699999999998,1.979086,1.9103820000000002,0.043123916,1.1037974,1.9581130000000003e-05,3.2793591000000006e-06,3.7968358999999996e-06,5.807458e-06,1.0666051e-05,1.6117338000000003e-05,2.931974e-05,6.491854e-05,1.24246,0.03676373,0.0005360237,72.91047,52.982589999999995,8.497582000000001e-05,6.684523,0.02592799,27.618779999999997,0.0025438951899999997,0.00023233065800000002,0.05155341,109.37737,0.0025438951899999997,0.00023233065800000002,0.006662089,49.842208,0.0025438951899999997,0.00023233065800000002,0.003778222,50.2301,0.0025438951899999997,0.00023233065800000002,0.00457257,1.923245e-05,3.661819e-05,-0.022643570999999994,164.17721,0.08055369999999999,-0.0003461444,-0.0013099163,2.9972886e-05,0.00028328462
73,1608119400,7.022314,7.0223369999999985,-0.0006873886100000001,-1.3764418999999999,4.103001,2.133313,3.6336000000000004,3.1862829999999995,1.3480923,4.2508102,2.936737e-05,1.38455088e-05,1.3786747900000003e-05,1.7287079000000002e-05,2.5386911000000003e-05,3.2879840999999995e-05,5.192392999999999e-05,0.00011066057000000001,3.4751330000000005,0.03521657,0.0005317861000000001,68.87983000000001,52.248400000000004,0.00023353941000000002,6.1631029999999996,0.037426560000000005,75.62378,0.00361531693,0.00033020031700000004,0.075457,308.07957,0.00361531693,0.00033020031700000004,0.00801174,88.10306,0.00361531693,0.00033020031700000004,0.004949279,88.19018000000001,0.00361531693,0.00033020031700000004,0.0049534060000000005,2.9567409999999998e-05,4.743063e-05,0.17525215,134.35557,0.10889604000000001,0.0012904658,-0.0004597227,3.7339791e-05,0.00034133718000000003
73,1608120000,2.6049909999999996,2.605008,-0.002054913,-1.7274420000000004,2.356122,1.5131929999999998,1.9905599999999999,1.9136100000000003,0.068196408,1.1393166000000001,2.4160269999999998e-05,7.349395799999999e-06,7.8027682e-06,9.9191358e-06,1.4387408e-05,1.9788224e-05,3.1668403e-05,6.194372e-05,1.259475,0.04244663,0.0004129324,72.11638,53.32190999999999,8.653235e-05,6.239345,0.026383339999999998,28.36608,0.00283360226,0.00025886404000000004,0.05199703,111.5058,0.00283360226,0.00025886404000000004,0.006666982,53.490762,0.00283360226,0.00025886404000000004,0.0037576620000000006,54.070862999999996,0.00283360226,0.00025886404000000004,0.004612963,1.8906379999999998e-05,3.654552e-05,-0.05731884049999999,145.52291,0.07474444999999999,-0.00037507226000000005,-0.001334774,2.7985260000000002e-05,0.00026340345
73,1608120600,6.424539999999999,6.424553,-0.00108513,-1.2798456999999999,4.000660000000001,2.090615,3.4654809999999996,3.007966,0.760436856,3.3073554,2.3133800000000002e-05,7.994326e-06,7.735011000000001e-06,1.0169130000000001e-05,1.6992557000000003e-05,2.1874274999999996e-05,3.6266956e-05,8.061183e-05,3.1723730000000003,0.03922167,0.0004836122,68.57159,52.29551,0.00021371871,6.141495,0.036276710000000004,67.17492999999999,0.00622980239,0.0005701743279999999,0.07383302,277.20804,0.00622980239,0.0005701743279999999,0.008395185,121.769982,0.00622980239,0.0005701743279999999,0.005450340999999999,123.67350000000002,0.00622980239,0.0005701743279999999,0.004856469,2.791855e-05,4.530124e-05,0.04734241,239.09844600000002,0.12114617000000001,0.00110613408,-0.0004052601000000001,4.0590532000000005e-05,0.00041088801999999996
73,1608121200,2.5252289999999995,2.525246,0.005085692000000001,-1.4874654,2.722847,1.469238,1.983024,1.856233,0.24471450000000003,1.7039128000000001,2.1998200000000002e-05,4.9549894000000005e-06,5.4152569999999995e-06,7.4214059999999995e-06,1.1780345999999999e-05,1.7162382e-05,2.8985551000000002e-05,6.089390000000001e-05,1.21869,0.043284470000000005,0.000498271,76.26471000000001,53.58239,8.387862e-05,6.513006999999999,0.02540367,27.572909999999997,0.004887205699999999,0.00044725363499999995,0.050248459999999995,107.10214,0.004887205699999999,0.00044725363499999995,0.006997086000000001,89.489834,0.004887205699999999,0.00044725363499999995,0.004036817000000001,90.97753299999998,0.004887205699999999,0.00044725363499999995,0.004645071,2.074377e-05,3.857652e-05,-0.21104497000000003,198.45308,0.09295706000000001,-0.0005050133,-0.001440703,3.3491437e-05,0.0003301649
73,1608121800,3.491451,3.491469,-0.0009976299000000002,-1.3996805,3.230688,1.6425830000000001,2.5766660000000003,2.256218,0.4436623900000001,2.0299647999999997,2.4511409999999998e-05,7.9072805e-06,8.550945599999999e-06,1.0987775e-05,1.6573836e-05,2.3180472e-05,3.8138242e-05,7.931002e-05,1.703173,0.04186707,0.0004936124,72.89439,53.01351999999999,0.00011599951000000001,6.402861,0.02837957,36.906960000000005,0.00326578325,0.000298667061,0.05726323,148.525,0.00326578325,0.000298667061,0.007132463,72.47353199999999,0.00326578325,0.000298667061,0.004205126,72.952508,0.00326578325,0.000298667061,0.0046512440000000006,2.043969e-05,3.817321999999999e-05,-0.052048149999999994,214.60933,0.09955170999999999,-0.00015647339999999996,-0.0012489356999999999,3.4015791e-05,0.00033853168999999994
73,1608122400,2.452847,2.452865,0.0032745250000000004,-1.7222739999999999,2.358409,1.465071,1.990935,1.8616700000000002,0.078349682,1.0862399,2.1975240000000002e-05,5.1393036000000004e-06,5.470129800000001e-06,7.2092666000000006e-06,1.1392361e-05,1.5744443000000002e-05,2.5997443e-05,5.432047000000001e-05,1.181696,0.04420638,0.00039105300000000004,73.25713,53.73411,8.14796e-05,6.259181,0.025339450000000003,26.53737,0.00093531876,8.513057159999998e-05,0.05011525,104.01687,0.00093531876,8.513057159999998e-05,0.005842582,27.667132,0.00093531876,8.513057159999998e-05,0.002890218,27.131081000000002,0.00093531876,8.513057159999998e-05,0.0045792919999999996,1.6233080000000004e-05,3.386370999999999e-05,-0.377352685,105.73494000000001,0.06174372,-0.0005102667999999999,-0.0013982679999999998,1.8150124e-05,0.00015335620000000001
73,1608123000,4.995693999999999,4.995715,0.004366676599999999,-1.36913288,3.6630360000000004,1.837691,2.755697,2.4246350000000003,0.42496119,3.1312169,2.342139e-05,7.666591e-06,8.402087e-06,1.1770083e-05,1.9693766e-05,2.8661930000000006e-05,4.995097e-05,0.00011393292,2.4556859999999996,0.04122282,0.0006903790999999999,69.49249,53.16487000000001,0.00016596671,6.618246999999999,0.031626119999999994,52.03071000000001,0.00259620645,0.00023694675399999997,0.0640112,213.5899,0.00259620645,0.00023694675399999997,0.007564202000000001,76.777978,0.00259620645,0.00023694675399999997,0.004557329000000001,76.156377,0.00259620645,0.00023694675399999997,0.004763631999999999,2.47756e-05,4.2295070000000006e-05,-0.14055025240000002,196.406243,0.09608135,0.00036592990000000006,-0.0008444744,3.7826965999999996e-05,0.00036727389
73,1608123600,2.880997,2.8810130000000003,0.003266484,-1.6002243,2.725996,1.53441,2.169517,2.0275,0.216681595,1.4943939999999998,2.409086e-05,7.880203e-06,8.3316966e-06,1.0504125e-05,1.5024373999999999e-05,2.007261e-05,3.1377628e-05,6.167294e-05,1.3819852999999998,0.05798361,0.0003650652,73.27458,54.83522000000001,9.574986e-05,6.315416000000001,0.02646807,30.52477,0.004370783059999999,0.00039974432500000006,0.052546989999999995,121.40318000000002,0.004370783059999999,0.00039974432500000006,0.0072925379999999995,78.082041,0.004370783059999999,0.00039974432500000006,0.004396732,79.63101900000001,0.004370783059999999,0.00039974432500000006,0.004567613000000001,2.149896e-05,3.8862209999999996e-05,-0.09823838,267.00014999999996,0.10263025,-0.0003784268,-0.0013365462,4.9522724e-05,0.00050628316
73,1608124200,2.385797,2.385816,0.0032710790000000005,-1.6323115000000001,2.514713,1.4414639999999999,1.915784,1.7572649999999999,0.14814743,1.2718648,2.3529249999999995e-05,7.1167550000000004e-06,7.617368000000001e-06,9.794286e-06,1.4276855e-05,2.0429197000000003e-05,3.3943752e-05,6.891586999999999e-05,1.1304880000000002,0.061753539999999996,0.0004892992000000001,73.72385,55.36639,7.920694999999999e-05,6.625476999999999,0.0246013,25.13554,0.004202916150000001,0.00038455401099999996,0.048392929999999994,98.11135999999999,0.004202916150000001,0.00038455401099999996,0.007091060000000001,75.844332,0.004202916150000001,0.00038455401099999996,0.004209947,77.142041,0.004202916150000001,0.00038455401099999996,0.004520103,1.539523e-05,3.259995e-05,-0.019657619999999976,94.08707,0.05852351,-0.0006036752,-0.001428837,1.4865975e-05,0.00011792183
73,1608124800,5.6118369999999995,5.611863,-0.0029273146000000005,-1.3524328,3.733389,1.9616019999999998,3.3179879999999997,2.93255,0.9866910310000001,3.0463686,2.573545e-05,1.0455891899999999e-05,1.05994198e-05,1.3296029e-05,1.9737651e-05,2.5544838000000004e-05,4.2174484e-05,8.815869e-05,2.7482365,0.05681054,0.0006563137,73.6655,53.57162000000001,0.00018666322000000001,6.237516,0.03337651,57.18684,0.0076610486299999985,0.0007017299551,0.06790543,235.97764999999998,0.0076610486299999985,0.0007017299551,0.008369425,136.564884,0.0076610486299999985,0.0007017299551,0.005444763,139.387764,0.0076610486299999985,0.0007017299551,0.004787133000000001,2.5462500000000002e-05,4.297948e-05,-0.53099514,206.83168999999998,0.11520141000000002,0.000815182,-0.0007360591,3.2780026999999995e-05,0.00031110333999999996
73,1608125400,2.1018790000000003,2.101897,-0.007493236000000002,-1.7146250000000003,2.167003,1.3537029999999999,1.8520699999999999,1.748491,0.11725186399999998,0.9927562999999999,1.913706e-05,2.2628388e-06,2.4208374e-06,3.7679152e-06,6.785575000000001e-06,1.0023707999999999e-05,1.6911905e-05,3.627435e-05,0.9891895000000002,0.06111719,0.0005526533000000001,79.82561000000001,56.23759,6.984484000000001e-05,6.283142,0.02322898,22.53828,0.0018397566799999998,0.00016801981999999997,0.04519524,86.05809,0.0018397566799999998,0.00016801981999999997,0.006042257,41.816548000000004,0.0018397566799999998,0.00016801981999999997,0.003058336,41.757925,0.0018397566799999998,0.00016801981999999997,0.0045507690000000005,1.751294e-05,3.491633e-05,0.061621999999999996,168.77182,0.07749895999999999,-0.0007819158200000001,-0.001658254,2.4967312999999996e-05,0.00023502126000000002
73,1608126000,3.088223,3.088239,-0.0053603278,-1.25328747,3.01993,1.5004680000000001,2.4010109999999996,2.0284749999999994,0.5259938190000001,1.9493535000000002,2.424155e-05,8.178668899999999e-06,8.8694486e-06,1.13365504e-05,1.6807312e-05,2.3482207000000003e-05,3.8443162e-05,7.998326e-05,1.4848164000000001,0.058621009999999994,0.0004767087999999999,76.35108000000001,55.32683999999999,0.00010253015,6.537344999999999,0.02610001,33.13366,0.0026249230899999996,0.00023984213480000003,0.05166097000000001,130.29712999999998,0.0026249230899999996,0.00023984213480000003,0.006866152,61.81031500000002,0.0026249230899999996,0.00023984213480000003,0.003848957,61.95462679999999,0.0026249230899999996,0.00023984213480000003,0.004600751000000001,2.053502e-05,3.794846e-05,-0.08844293499999999,242.03657999999996,0.10167778000000001,-0.0004669755,-0.0015091146,3.2771751e-05,0.00032442734
73,1608126600,4.002727,4.002754,-0.003176453,-1.5966738999999999,2.7948829999999996,1.638337,2.5029019999999997,2.3427719999999996,0.585839391,2.0491474,1.9521819999999998e-05,3.3210173999999996e-06,3.1965879e-06,4.7430343e-06,9.155016e-06,1.2225316e-05,2.1657626e-05,5.1181634e-05,1.9431166999999998,0.057738080000000004,0.0004013549,78.47056,55.4255,0.00013306422,6.181722,0.02846781,42.31430999999999,0.00530865537,0.00048564725400000004,0.05596653,170.2379,0.00530865537,0.00048564725400000004,0.007170941,93.832605,0.00530865537,0.00048564725400000004,0.004137664,95.760152,0.00530865537,0.00048564725400000004,0.004686910999999999,2.135368e-05,3.87523e-05,-0.12901031999999998,130.93788,0.08451358,8.300949999999999e-05,-0.0011569301999999999,3.2157503e-05,0.00029119808
73,1608127200,2.330592,2.330611,-0.006541613,-1.4215967000000003,2.547114,1.3344740000000002,2.085552,1.772903,0.323110987,1.4496497000000002,2.553755e-05,8.9130075e-06,9.7631857e-06,1.1978888e-05,1.7041413e-05,2.3086235000000002e-05,3.6714053e-05,7.087137999999999e-05,1.1073632000000002,0.057365299999999994,0.0003800658,75.40089,56.28576999999999,7.737589000000002e-05,6.5220839999999995,0.023468789999999996,26.19712,0.0024816759599999997,0.0002267637314,0.04551945,98.31674000000001,0.0024816759599999997,0.0002267637314,0.006502430000000001,50.426006,0.0024816759599999997,0.0002267637314,0.003431895,50.719629,0.0024816759599999997,0.0002267637314,0.004569339000000001,2.1435520000000003e-05,3.879738e-05,0.038326653000000016,204.55157,0.09376709000000001,-0.0008336953,-0.0017643237000000002,4.338991e-05,0.00040090343000000005
73,1608127800,1.64528,1.645297,-0.0039202754,-1.6299523,2.075125,1.1892440000000002,1.6403759999999998,1.509197,0.10841884499999999,0.9500139000000001,1.988306e-05,3.0963610000000005e-06,3.2347110000000006e-06,4.2468614000000005e-06,6.5380899999999994e-06,9.067855999999998e-06,1.4711213999999997e-05,3.001959e-05,0.7658018999999999,0.056497969999999995,0.00026666680000000004,81.60619999999999,57.420939999999995,5.4673069999999995e-05,6.126389,0.02065215,17.97033,0.0022605598,0.0002065151203,0.03974865,67.35044,0.0022605598,0.0002065151203,0.006107062000000001,41.160889,0.0022605598,0.0002065151203,0.003012177,41.686301099999994,0.0022605598,0.0002065151203,0.00442782,1.2146176e-05,2.9473179999999996e-05,0.38663391,91.13769,0.05095843,-0.0012560772,-0.0019861580000000005,1.2194288000000002e-05,9.498621999999999e-05
73,1608128400,3.9180750000000004,3.9180889999999997,-0.004179588999999999,-1.3252918,3.117471,1.576552,2.518802,2.348432,0.709565701,2.3846414,2.3006880000000004e-05,7.303580799999999e-06,7.563224499999999e-06,9.803379000000001e-06,1.4899554000000003e-05,2.0099935e-05,3.402105e-05,7.199593400000001e-05,1.9025863,0.05583552000000001,0.00044000189999999996,75.07517,56.07074,0.00013025352000000002,6.2243759999999995,0.02724416,41.54894,0.00287771545,0.00026284769000000003,0.053974789999999995,166.55226,0.00287771545,0.00026284769000000003,0.007172294,65.33818299999999,0.00287771545,0.00026284769000000003,0.004112807,65.50742,0.00287771545,0.00026284769000000003,0.004580023999999999,2.0010272e-05,3.706880000000001e-05,-0.049029400000000015,229.08165,0.1009889,-3.001999999999996e-05,-0.0013301909,3.3104402e-05,0.00033419772999999996
73,1608129000,2.1929891,2.1930078,-0.017108566999999998,-1.6286170000000002,2.0204109999999997,1.2257623,1.8303929999999997,1.69329,0.20125273499999996,0.9889280000000001,1.9065729999999998e-05,2.5006027000000003e-06,2.2655108e-06,3.5407286e-06,5.180090000000001e-06,8.222389000000001e-06,1.2871843000000002e-05,3.1508344e-05,1.0393182,0.05668512999999999,0.00042291249999999996,83.11818000000001,59.37957,7.285535e-05,6.400291,0.021272469999999998,23.40084,0.00124766376,0.0001139597388,0.04136564,91.55201,0.00124766376,0.0001139597388,0.0058558889999999995,26.6197053,0.00124766376,0.0001139597388,0.0026369630000000004,26.403022,0.00124766376,0.0001139597388,0.004349717,1.0929935000000001e-05,2.827897e-05,0.21829813999999997,204.47381000000001,0.07032245,-0.0011837399999999997,-0.0020395469,1.9497693e-05,0.00020050198
73,1608129600,1.7401113,1.7401284000000001,-0.022172409,-1.267633,2.083939,1.0902040999999998,1.658114,1.463821,0.261064274,1.1173980000000001,1.9688710000000004e-05,2.9382843e-06,3.00286203e-06,3.7752301000000002e-06,5.6100862e-06,7.269211599999999e-06,1.19667671e-05,2.5789130999999995e-05,0.8073291000000001,0.062214250000000006,0.0004494768,83.32879000000001,61.18317,5.783669000000001e-05,6.273011,0.018968560000000002,18.804345,0.0013500624200000002,0.0001231856638,0.036367870000000004,71.26471000000001,0.0013500624200000002,0.0001231856638,0.0059126890000000005,34.075365000000005,0.0013500624200000002,0.0001231856638,0.002636626,33.8095035,0.0013500624200000002,0.0001231856638,0.004239550999999999,8.058886e-06,2.52751e-05,0.04648361000000001,223.69834140000003,0.052400619399999994,-0.0015972620000000003,-0.002313547,1.96003751e-05,0.000208675427
73,1608130200,2.4447119,2.4447276000000002,-0.020709418,-0.9669725,2.494876,1.234463,1.963823,1.770915,0.38665620500000003,1.7070070999999998,2.2181019999999998e-05,5.758364800000001e-06,6.1580802500000005e-06,7.627853339999999e-06,1.21643826e-05,1.6526384e-05,2.76804927e-05,5.9857124e-05,1.1613919,0.0603249,0.0004992317,80.45769999999999,59.951769999999996,8.119702999999999e-05,6.422380000000001,0.0214048,26.698242999999998,0.0028861129,0.00026374753,0.0413565,100.99094,0.0028861129,0.00026374753,0.006389426000000001,50.718187,0.0028861129,0.00026374753,0.003136568,51.465688,0.0028861129,0.00026374753,0.004388263,1.9617813e-05,3.702754e-05,0.33969408999999995,330.37221710000006,0.0996183728,-0.0012552801000000001,-0.002098356,4.4859543800000004e-05,0.00039823253
73,1608130800,0.3889843,0.38900200000000007,0.010557333999999998,-1.294052,1.070957,0.5553366000000002,0.9797185,0.8202627,0.004853471,0.16373089999999998,1.812605e-05,5.993725500000001e-07,6.2259961e-07,7.876607099999999e-07,1.0685789999999999e-06,1.4461922999999998e-06,2.3039916e-06,4.909404099999999e-06,0.1293109,0.06499490999999999,0.0001725099,94.53192999999999,83.72491,1.291249e-05,6.218097,0.009353331,4.125625,0.00095281168,8.678939620000001e-05,0.016628200000000003,11.410904,0.00095281168,8.678939620000001e-05,0.005417743,17.1544135,0.00095281168,8.678939620000001e-05,0.0017643927999999999,17.105894069999998,0.00095281168,8.678939620000001e-05,0.004186672000000001,8.592209999999999e-07,1.838491e-05,0.02163915,1.0537638,0.0009692335,-0.0026437810000000004,-0.003048533,7.267089e-07,9.498127e-06
73,1608131400,1.6517358999999998,1.6517532,0.0034180890000000005,-0.9973483,1.9983239999999998,0.9029611000000001,1.7901916,1.4360311,0.44563620400000004,1.1487907,2.1007770000000004e-05,4.1273914e-06,4.330522e-06,5.4340987e-06,7.7097801e-06,1.0522836199999999e-05,1.73563474e-05,3.5993395999999996e-05,0.7654601,0.06008385000000001,0.00023449619999999999,88.45145,72.15368,5.484237000000001e-05,6.528609999999999,0.015516791000000002,18.069745,0.0008624158499999999,7.840273400000001e-05,0.029566889999999995,67.77564000000001,0.0008624158499999999,7.840273400000001e-05,0.0058209080000000005,20.198147,0.0008624158499999999,7.840273400000001e-05,0.0023198740000000004,19.842994,0.0008624158499999999,7.840273400000001e-05,0.004322096,1.3454214899999997e-05,3.093328e-05,-0.11661254000000001,269.6993761,0.07533330213,-0.0017530589,-0.0025588636,4.67805633e-05,0.000462625199
73,1608132000,2.7170427000000004,2.7170578999999995,-0.005049777,-0.3930159,2.6236930000000003,1.119545,1.9644217000000002,1.6540251000000001,0.499643732,2.028988,2.338207e-05,7.084983999999999e-06,7.78606053e-06,9.95017832e-06,1.4383141900000001e-05,1.9895271460000002e-05,3.32167355e-05,7.076847690000001e-05,1.3003928999999999,0.057577409999999996,0.00037948109999999996,84.26644,67.0424,9.024356000000001e-05,6.3875779999999995,0.019054948,27.560845,0.00395880388,0.00036203502300000004,0.03704821,111.70138,0.00395880388,0.00036203502300000004,0.007154552,80.912908,0.00395880388,0.00036203502300000004,0.0036890469999999996,81.767044,0.00395880388,0.00036203502300000004,0.004410702,1.46006092e-05,3.204368e-05,-0.15614360100000002,348.0115109999999,0.0862195354,-0.0013357830000000001,-0.0022006869999999998,3.2278063099999995e-05,0.000331405185
73,1608132600,1.7078898000000002,1.7079083999999998,-0.007487090300000001,0.02073799999999999,2.6610810000000003,0.9333806000000001,1.9152212,1.398568,0.584406933,1.7447661000000003,1.842942e-05,1.62610347e-06,2.01226286e-06,3.5207205800000006e-06,6.7928443e-06,1.12735083e-05,2.1433728500000002e-05,5.4281421899999994e-05,0.7949342999999999,0.05846555999999999,0.0004432790999999999,82.5836,67.81734,5.667002e-05,6.663474000000001,0.015842643,18.224706,0.00233165122,0.000213033979,0.030179309999999997,68.20397,0.00233165122,0.000213033979,0.006396423,44.81567,0.00233165122,0.000213033979,0.0029290796,45.0706657,0.00233165122,0.000213033979,0.004314490000000001,1.1962935799999999e-05,2.943069000000001e-05,0.15600941499999998,419.61180140000005,0.0931515101,-0.0017846024999999999,-0.0025889579999999997,3.96025014e-05,0.000420547246
73,1608133200,0.3758988,0.37591589999999997,-0.001376651,-1.4003390000000002,1.0775588,0.5557655,0.9187029999999998,0.7859865,0.006514315,0.1806985,1.950168e-05,2.82496475e-06,2.10775836e-06,1.7201365300000004e-06,1.6046693999999996e-06,1.75704012e-06,2.3856781100000003e-06,4.892230099999999e-06,0.1297957,0.05794049,0.0001934226,92.65711,81.11813000000001,1.248275e-05,6.5909260000000005,0.009279924,4.033406000000001,0.0006917574,6.84843566e-05,0.01653674,11.470981,0.0006917574,6.84843566e-05,0.0053420709999999995,13.803748200000001,0.0006917574,6.84843566e-05,0.0017353092999999997,13.507897000000003,0.0006917574,6.84843566e-05,0.004196718,1.9190532800000002e-05,3.638323e-05,-4.172165189999999,212.12932570000004,0.0138189141,-0.0025892270000000004,-0.0029874439999999997,4.1772417999999996e-05,0.00034303994100000004
73,1608133800,3.359852900000001,3.3598692,0.006794233999999999,-0.6781265000000001,2.9496894999999994,1.269091,2.4058476,2.1009649,0.63493887,2.2581791000000004,2.3130800000000002e-05,7.231582270000001e-06,7.643271129999999e-06,1.001733354e-05,1.5896400499999997e-05,2.1996556699999996e-05,3.759692e-05,8.62482318e-05,1.6253381999999998,0.05395962,0.000435414,82.63507,67.42813,0.00011162652,6.5477810000000005,0.021488811,35.004917,0.005822706910000001,0.000532999099,0.043232530000000005,139.73009,0.005822706910000001,0.000532999099,0.007414917000000002,99.783113,0.005822706910000001,0.000532999099,0.004102232999999999,101.897139,0.005822706910000001,0.000532999099,0.004477475999999999,2.0562416200000002e-05,3.792382999999999e-05,0.3113050394,192.3538653,0.09438155740000001,-0.0006962559999999999,-0.0019019423,5.05896986e-05,0.000497214338
73,1608134400,0.5410060999999999,0.5410233000000001,0.020128594000000003,-1.32973,1.2672379999999999,0.6667504,1.1552609000000003,1.0001946,0.007001326,0.228176,1.86447e-05,1.4790831e-06,1.5507199e-06,1.8703945000000003e-06,2.4759419000000002e-06,3.1978082999999997e-06,4.9496871000000004e-06,9.912189e-06,0.21133699999999997,0.05898719,0.00015187119999999997,88.23127000000001,72.22936999999999,1.795638e-05,6.551692,0.010862020000000002,5.613447,0.0012277788199999999,0.000111902387,0.021100380000000002,18.37993,0.0012277788199999999,0.000111902387,0.005698548,22.030357000000002,0.0012277788199999999,0.000111902387,0.0022027853999999998,22.083514,0.0012277788199999999,0.000111902387,0.0041505430000000005,1.1656803000000002e-06,1.837794e-05,-0.009915570999999998,7.191664999999999,0.0029771407,-0.002361543,-0.002820416,8.220426000000001e-07,1.0068997e-05
73,1608135000,1.1242412000000002,1.124259,0.004085743,-1.0347119,1.7258399999999998,0.7779465,1.5015091000000003,1.1450227,0.296015165,0.8424946,2.0214239999999996e-05,3.3181802999999995e-06,3.4474957500000005e-06,4.2048994e-06,5.668774899999999e-06,7.3918933e-06,1.1574471300000001e-05,2.3926316500000003e-05,0.5037895,0.05806753,0.00020112100000000001,90.55743,72.26486,3.732503000000001e-05,6.314239,0.01309343,12.136894999999999,0.00092643307,8.428321319999999e-05,0.024922089999999997,43.87766,0.00092643307,8.428321319999999e-05,0.0056641289999999995,19.790338,0.00092643307,8.428321319999999e-05,0.0021328847999999997,19.570458300000002,0.00092643307,8.428321319999999e-05,0.004230349999999999,6.519196699999999e-06,2.381082e-05,0.07772396000000001,205.23046519999997,0.046080412499999994,-0.0020570178,-0.002694539,1.80016348e-05,0.00019392385399999998
73,1608135600,2.8705263000000003,2.8705438,0.0056255709,-1.09026137,2.579104,1.1490896000000002,2.3471585,2.0494371,0.8240366699999999,1.92101,2.172563e-05,5.433658789999999e-06,5.72905698e-06,7.50561602e-06,1.13813231e-05,1.592566401e-05,2.7302727499999994e-05,6.0920684800000003e-05,1.3792165,0.05555936,0.0003472134,82.83172,67.97785999999999,9.536436000000002e-05,6.280392,0.019706108,31.346338000000003,0.0026334564100000003,0.00024094827000000003,0.03855929,120.45491999999999,0.0026334564100000003,0.00024094827000000003,0.006691931,50.40794,0.0026334564100000003,0.00024094827000000003,0.003297064,50.824771000000005,0.0026334564100000003,0.00024094827000000003,0.0044131050000000005,1.6388321599999997e-05,3.3642229999999997e-05,0.16389594999999998,247.29892949999999,0.09183331689999999,-0.0007920164999999999,-0.00202677557,3.9458592699999995e-05,0.00039589678899999996
73,1608136200,0.36295160000000004,0.3629688,0.010695850000000002,-1.329358,1.0285075000000001,0.5394502,0.9342659,0.7874491,0.003503141,0.1520996,1.772711e-05,4.5790569e-07,4.6018810999999997e-07,5.899426000000001e-07,7.700559999999999e-07,1.0065682e-06,1.49904616e-06,3.2724882e-06,0.12267659999999998,0.058631400000000014,0.0001587457,101.03089,82.66475,1.205072e-05,5.924421,0.009066894,3.848342,0.00033069649999999996,2.9697866e-05,0.01618191,10.814672999999999,0.00033069649999999996,2.9697866e-05,0.005072474000000001,7.339814199999999,0.00033069649999999996,2.9697866e-05,0.0014314688000000002,6.9099807,0.00033069649999999996,2.9697866e-05,0.004157709000000001,8.604493e-07,1.81362e-05,0.032709471000000004,6.2990015999999995,0.00258569218,-0.0026257460000000004,-0.003017794,6.999516e-07,9.532621e-06
73,1608136800,2.3865443999999996,2.3865608000000003,0.003632853999999999,0.7253933000000001,2.926777,1.0451153,2.1418409,1.8882188999999996,0.720157578,2.1793003000000004,2.0633850000000002e-05,4.2792463e-06,4.5772477e-06,6.1935772e-06,9.691574999999999e-06,1.4089134e-05,2.5216450499999996e-05,5.5614933e-05,1.1384858000000002,0.05432368,0.00033976359999999997,81.6061,67.84625,7.9244e-05,6.522625,0.017786589,25.299053999999998,0.0023706113799999997,0.00021672700099999997,0.03511221,99.13285599999999,0.0023706113799999997,0.00021672700099999997,0.0064524709999999996,51.253772000000005,0.0023706113799999997,0.00021672700099999997,0.003017727,51.47098200000001,0.0023706113799999997,0.00021672700099999997,0.004349355000000001,1.5192549800000001e-05,3.2442809999999994e-05,-0.42971307999999997,480.99164659999985,0.11074742349,-0.0012497472000000001,-0.0022991047,4.44124608e-05,0.00047804645999999993
73,1608137400,1.9854889999999998,1.9855046,0.018702675,-1.0736917964000001,1.9824970000000004,0.8822174,1.8008428000000003,1.5487220000000002,0.515576674,1.2544374,2.161685e-05,5.0871020000000004e-06,5.27682439e-06,6.44886371e-06,9.309071399999999e-06,1.207594862e-05,1.9187229e-05,3.88153461e-05,0.9364066000000001,0.05602704000000001,0.0002098478,91.43161,74.79487999999999,6.598894e-05,6.090321,0.014915803,21.513478999999997,0.0007957881959999999,7.22645112e-05,0.029079910000000004,81.67792,0.0007957881959999999,7.22645112e-05,0.005843712,24.762639999999998,0.0007957881959999999,7.22645112e-05,0.0022974336,24.140962,0.0007957881959999999,7.22645112e-05,0.004323947,1.0711237400000001e-05,2.78718e-05,0.07471256999999999,133.84282969999998,0.0548048113,-0.0015418880000000004,-0.0024516202,2.6765603500000003e-05,0.000288581792
73,1608138000,1.8857198,1.8857378,0.005925767,-0.25628909999999994,2.3406345,0.9432121,1.8178677,1.5126845999999998,0.5268750149999999,1.5502214,2.1141280000000002e-05,4.3771686e-06,4.62033691e-06,5.9341055e-06,8.7922531e-06,1.2096843900000001e-05,2.0521822399999997e-05,4.2745844e-05,0.8864044,0.05612039,0.00023131710000000002,86.21079999999999,69.92595,6.262448000000001e-05,6.455831999999999,0.016057706,20.522309,0.0032689200000000002,0.000298854179,0.031017259999999998,77.22612,0.0032689200000000002,0.000298854179,0.006581076999999999,56.621474,0.0032689200000000002,0.000298854179,0.0031120182000000003,57.718175499999994,0.0032689200000000002,0.000298854179,0.004326323,1.60987039e-05,3.336556e-05,-0.5482850829999999,355.75712459999994,0.09411201056,-0.0015941859999999998,-0.0024798499999999996,4.7021329e-05,0.000479201223
73,1608138600,0.9338939000000002,0.9339105,0.012904691000000001,-1.2550597,1.410982,0.6983464999999999,1.2933400000000002,1.1203096000000001,0.16547477900000002,0.5227777,1.8705769999999998e-05,1.8215799000000004e-06,1.8985961000000002e-06,2.4039745e-06,3.4355356e-06,4.434300000000001e-06,7.121745e-06,1.5445161e-05,0.41100780000000003,0.05574632,0.00015404569999999997,84.83174,76.30552,3.103505e-05,6.414064000000001,0.011622622,9.600036,0.0009787423100000002,8.90957614e-05,0.02226394,35.74382000000001,0.0009787423100000002,8.90957614e-05,0.00545367,18.908008000000002,0.0009787423100000002,8.90957614e-05,0.0019033235999999995,18.7750029,0.0009787423100000002,8.90957614e-05,0.004203457,4.5630358e-06,2.1812059999999998e-05,-0.014912164999999995,99.40002659999999,0.0271207546,-0.0022153600000000004,-0.002800862,7.6962467e-06,7.6277184e-05
73,1608139200,1.9070257000000002,1.9070416000000001,0.013094907,-0.7357730000000001,1.9226839999999998,0.8568559,1.5165088,1.2087373,0.190718819,1.2382049000000002,2.1027900000000002e-05,4.53215837e-06,4.7492030700000005e-06,5.96310394e-06,8.699055700000001e-06,1.163348537e-05,1.902566657e-05,3.8417427399999996e-05,0.8993298999999999,0.05386392999999999,0.00022019550000000002,94.84124999999999,76.20347000000001,6.335368000000001e-05,6.051158,0.014547034,19.944615000000002,0.0008990381299999999,8.174465919999999e-05,0.028000810000000004,78.312496,0.0008990381299999999,8.174465919999999e-05,0.005839474,26.585794,0.0008990381299999999,8.174465919999999e-05,0.0022770955000000004,26.109790999999994,0.0008990381299999999,8.174465919999999e-05,0.004299893,8.4425833e-06,2.5623490000000002e-05,-0.346243544,138.62580280000003,0.03957118547,-0.0019082160000000001,-0.002529253,2.4335541600000003e-05,0.0002603344360000001
73,1608139800,1.4918626,1.4918797000000001,0.007162083000000001,-0.7149653699999999,2.0024854000000003,0.8299448999999999,1.6484376,1.3101775999999998,0.34802858,1.1519425,2.0635899999999997e-05,3.93032447e-06,4.333839580000001e-06,5.62471439e-06,8.3320803e-06,1.2152195900000001e-05,2.01455216e-05,4.5926260099999997e-05,0.69280543,0.05275321000000001,0.0002663992,90.35076000000001,74.08764,4.951325000000001e-05,6.369184,0.014330036,16.311388,0.00132842782,0.000121044003,0.027511960000000002,60.871269999999996,0.00132842782,0.000121044003,0.0058528880000000005,29.744893100000002,0.00132842782,0.000121044003,0.0023307195,29.510600100000005,0.00132842782,0.000121044003,0.004312396,1.6821634999999997e-05,3.406945e-05,-0.22515956200000004,276.3576856,0.07648394730000001,-0.0018707629,-0.0026017685999999997,3.1398724999999996e-05,0.000281160899
73,1608140400,0.3071851,0.3072022,0.02100886,-1.2110770000000002,0.9843677,0.48706269999999996,0.8898647000000001,0.7450726,0.0032071419999999996,0.1284522,1.778652e-05,5.125013400000001e-07,5.349044e-07,6.7164299e-07,8.772068000000001e-07,1.1070317999999999e-06,1.6901648e-06,3.5853676000000006e-06,0.09790929,0.05553336,0.00013978263,99.48155,86.31707,1.0197218e-05,6.319628,0.008199808999999999,3.241193,0.0011969207999999998,0.00010907083,0.014472600000000002,8.623335999999998,0.0011969207999999998,0.00010907083,0.005710413,21.001654000000002,0.0011969207999999998,0.00010907083,0.0020355130000000005,21.081702,0.0011969207999999998,0.00010907083,0.004157351,7.607181999999999e-07,1.804368e-05,-0.0033311559999999996,0.5679439000000001,-9.0395e-05,-0.002703919,-0.003075573,7.515679e-07,9.256457e-06
73,1608141000,2.2533958,2.2534110000000003,0.008566775000000002,-1.05216184,2.14709,0.9354490999999999,1.8960208,1.6490371,0.5347008289999999,1.523555,1.9280939999999996e-05,2.8629163e-06,3.2588520999999997e-06,4.9186240000000005e-06,8.586242e-06,1.3182614900000001e-05,2.3773037600000002e-05,5.4140799e-05,1.0744535599999998,0.0518262,0.00030350056,89.49648999999998,78.59139,7.484280899999999e-05,6.496619,0.016466463,25.3945,0.0027721547500000002,0.000253353596,0.031131930000000002,95.37272499999999,0.0027721547500000002,0.000253353596,0.006283817,51.459633,0.0027721547500000002,0.000253353596,0.0027572201,52.0486262,0.0027721547500000002,0.000253353596,0.00442274,2.3876069999999998e-05,4.115892e-05,-0.045435066,187.71524179999997,0.08704744871100001,-0.00141917403,-0.0023392787,4.7758854200000005e-05,0.000425892962
73,1608141600,1.0362028,1.0362198,0.011525597,-0.8988327999999999,1.6337001999999998,0.6587291,1.4462692999999998,1.1224094,0.344042688,0.8545462,1.9641539999999998e-05,2.4191002e-06,2.6635376e-06,3.4658174000000008e-06,5.1482131e-06,7.228965199999998e-06,1.22944752e-05,2.5995669e-05,0.46360307999999995,0.05428358999999999,0.00015299589000000003,90.12401,81.63509,3.4394112e-05,6.411225999999999,0.0112645,11.013348,0.00241131999,0.00022053788000000004,0.020699879999999997,40.233266,0.00241131999,0.00022053788000000004,0.006011791,41.513707,0.00241131999,0.00022053788000000004,0.0023606869999999998,42.15574499999999,0.00241131999,0.00022053788000000004,0.00427885,7.3936311999999995e-06,2.5029860000000003e-05,-0.2080913921,220.59317960000004,0.050149264529999994,-0.0022716828,-0.002896468,2.56487748e-05,0.000276692615
73,1608142200,0.32024400000000003,0.32026170000000004,0.01872766,-1.3003779999999998,0.9728551,0.5043502,0.8827019,0.7382475000000001,0.003355325,0.134214,1.8074310000000005e-05,5.559944e-07,5.961071e-07,7.678998999999999e-07,1.0152098e-06,1.3338909e-06,2.1372095e-06,4.487047e-06,0.10553570999999999,0.054499429999999995,7.407814e-05,94.36788000000001,84.17557000000001,1.062978e-05,6.524718,0.008502724,3.3870519999999997,0.0007823385900000001,7.106047599999998e-05,0.01502744,9.294457000000001,0.0007823385900000001,7.106047599999998e-05,0.005403455,14.318057,0.0007823385900000001,7.106047599999998e-05,0.0017010216999999998,14.188545,0.0007823385900000001,7.106047599999998e-05,0.004194301000000001,8.115127e-07,1.8388819999999997e-05,-0.004148189999999992,16.351673499999997,0.0034317930999999994,-0.002740699,-0.0031050260000000003,8.492096e-07,1.1234019e-05
73,1608142800,3.2734464,3.2734611,0.0168422286,0.500792,2.942227,1.2219585,2.0201871,1.8429556000000002,0.43988031899999996,2.2901515,3.1009709999999996e-05,1.4920837099999999e-05,1.62033336e-05,1.95214891e-05,2.66975903e-05,3.59970432e-05,5.6804194e-05,0.00011812925100000002,1.5855729,0.05048525,0.00035954046999999995,79.78663000000002,67.63378,0.00010868711999999999,6.630832,0.021153349000000002,36.126708,0.0015199702500000001,0.000138576863,0.04222205,140.08067999999997,0.0015199702500000001,0.000138576863,0.006485123,39.062608,0.0015199702500000001,0.000138576863,0.003070019,38.761389,0.0015199702500000001,0.000138576863,0.004465158,1.9631217400000002e-05,3.7050039999999995e-05,-0.0033231399999999966,452.0526945,0.12080493293999998,-0.001002508,-0.00198427166,5.751130189999999e-05,0.0006123436209999999
73,1608143400,0.29817600000000005,0.2981932,0.033800000000000004,-1.0378110999999999,1.003306,0.4675127,0.9130407,0.7621358,0.0028036800000000002,0.1238891,1.7726910000000002e-05,3.1005401999999997e-07,3.1717894000000006e-07,4.3866538e-07,5.823301299999999e-07,7.5473106e-07,1.23963452e-06,2.7665097e-06,0.09412745,0.05487450000000001,7.781759e-05,101.32513999999999,87.09684999999999,9.902622e-06,6.333997,0.007923737,3.1728880000000004,0.0005388118209999999,4.88010675e-05,0.014201150000000001,8.324079999999999,0.0005388118209999999,4.88010675e-05,0.005237212,10.574033,0.0005388118209999999,4.88010675e-05,0.0015360138,10.286542999999998,0.0005388118209999999,4.88010675e-05,0.004171790000000001,7.367003000000001e-07,1.813222e-05,0.023186738,3.5147847000000008,0.0026541949199999993,-0.002764856,-0.003126869,7.665548000000001e-07,9.423654e-06
73,1608144000,0.2602526,0.26027000000000006,0.025068669999999998,-1.167245,0.9075651,0.43888620000000006,0.8140375000000001,0.687921,0.002297602,0.1078935,1.7498650000000002e-05,3.4847841999999994e-07,3.6104857999999995e-07,4.7652340000000003e-07,5.832855e-07,7.697878000000001e-07,1.1793129e-06,2.4991386e-06,0.07581780999999999,0.05422817,7.36028e-05,106.0059,91.92497999999999,8.638016999999999e-06,6.492870999999999,0.007594872,2.7651019999999997,0.0004891894220000001,4.42740188e-05,0.01275024,6.7161360000000005,0.0004891894220000001,4.42740188e-05,0.005090843,9.7093696,0.0004891894220000001,4.42740188e-05,0.0013808916,9.3889214,0.0004891894220000001,4.42740188e-05,0.004148124,7.005333e-07,1.790301e-05,0.03616834,1.8275171000000001,0.0011413087,-0.0027693470000000006,-0.003117458,7.628802e-07,9.381296e-06
73,1608144600,3.5806735999999995,3.5806908000000006,0.0071173518,-0.29888339999999997,3.1458205999999995,1.2561197,2.6686565,2.1854541,0.929626059,2.5806193999999993,2.94625e-05,1.3306352599999999e-05,1.4281332599999999e-05,1.73235502e-05,2.3656237e-05,3.1680309900000005e-05,5.001574059999999e-05,0.00010266740400000001,1.7397778899999998,0.04999885,0.00029596053,80.24978,68.49119,0.00011894824499999998,6.509459,0.021742767000000003,38.084151,0.00256668289,0.000234334102,0.042824709999999995,151.958757,0.00256668289,0.000234334102,0.007076672000000001,57.43454899999999,0.00256668289,0.000234334102,0.0036451299,57.576567,0.00256668289,0.000234334102,0.004547569,2.8520876e-05,4.603193e-05,0.35395119500000005,517.2484529999999,0.15727946427,-0.0006584676,-0.0019154070800000002,7.609319600000001e-05,0.000758596913
73,1608145200,0.29218890000000003,0.29220630000000003,0.01939115,-1.272096,0.9344157,0.4759987,0.837813,0.7232472,0.003536672,0.12212490000000001,1.7717929999999997e-05,2.2805293e-07,2.2442656e-07,3.2095487e-07,4.214839e-07,5.310193999999999e-07,8.487163000000001e-07,2.041575e-06,0.09251653,0.05349458,7.79398e-05,107.15281999999999,87.42039,9.699281e-06,6.351839,0.00812219,3.088747,0.00052715339,4.7711066999999994e-05,0.01399465,8.152154999999999,0.00052715339,4.7711066999999994e-05,0.005283758,10.7146875,0.00052715339,4.7711066999999994e-05,0.0015641226,10.420578800000001,0.00052715339,4.7711066999999994e-05,0.0041815260000000005,7.590069e-07,1.8235639999999998e-05,0.001702058,2.8712851999999995,0.0021926055,-0.002766695,-0.003112047,7.661052000000001e-07,9.488034e-06
73,1608145800,1.4441756000000001,1.4441938,0.013031866,-0.39351679999999994,1.9698226,0.7892413,1.5459109999999998,1.3608786,0.41077728,1.1450543999999998,1.837993e-05,1.5820342e-06,1.7294248399999998e-06,2.6808305e-06,4.842163e-06,7.1465657e-06,1.31822352e-05,3.1547545999999995e-05,0.6703406999999999,0.05148233,0.00020017002,91.925,74.56522000000001,4.7936783e-05,6.593662,0.013499857,16.007754,0.0013816539299999998,0.0001262726173,0.026042,59.579038000000004,0.0013816539299999998,0.0001262726173,0.006032133,35.674504999999996,0.0013816539299999998,0.0001262726173,0.002488129,35.320229,0.0013816539299999998,0.0001262726173,0.004274762999999999,1.13854778e-05,2.8627020000000004e-05,0.06177728089999999,342.23222840000005,0.07965699419999998,-0.0018621726000000003,-0.0026182753000000003,2.76730133e-05,0.000294261197
73,1608146400,2.60811,2.6081250000000002,0.010647123999999999,2.541436,3.1934103,0.9813452,1.9231337,1.4759699000000002,0.670526422,2.68761441,2.44389e-05,8.18223624e-06,8.823537e-06,1.07805376e-05,1.5164984099999999e-05,2.03105027e-05,3.302972730000001e-05,6.7967672e-05,1.25239974,0.05123008,0.00025274341999999994,82.60002,72.55686,8.6625596e-05,6.479044,0.017209573,28.739993999999996,0.0017372956999999998,0.00015840953,0.032660322,110.18517999999999,0.0017372956999999998,0.00015840953,0.006790374,48.400966,0.0017372956999999998,0.00015840953,0.0032208749999999993,47.96304199999999,0.0017372956999999998,0.00015840953,0.004424398,1.6875915400000003e-05,3.4268529999999994e-05,0.169852849,560.1808520000001,0.12004083935999998,-0.001490897,-0.0023353882,4.16644536e-05,0.00042045485599999995
73,1608147000,0.25078349999999994,0.2508011,0.026563209999999997,-1.1751260000000001,0.8993149,0.4305267,0.797687,0.6662077,0.0030178440000000004,0.10461424999999999,1.766278e-05,2.6855934999999994e-07,2.8308320000000003e-07,3.9705581e-07,5.078947999999999e-07,6.928377000000001e-07,1.0999841e-06,2.3966010000000003e-06,0.07200742,0.05330556000000001,7.230264999999999e-05,107.05393,93.01235,8.320733e-06,6.335483999999999,0.007458976000000001,2.668565,0.000601798571,5.4584703699999995e-05,0.01238474,6.362693999999999,0.000601798571,5.4584703699999995e-05,0.00533659,12.264787000000002,0.000601798571,5.4584703699999995e-05,0.0015951601999999998,11.935678000000001,0.000601798571,5.4584703699999995e-05,0.004169142,7.354682e-07,1.811327e-05,-0.0074017810000000005,1.265869,0.0008988662999999999,-0.0027571080000000003,-0.003101161,8.014123e-07,9.599972e-06
73,1608147600,2.4679102,2.4679249,0.005953296999999999,-0.25044069999999996,2.6022789,1.0344152000000002,2.1244398,1.8141933000000001,0.752365526,1.9250340000000001,2.0218959999999995e-05,3.79080589e-06,4.11162028e-06,5.6442330999999995e-06,9.1272843e-06,1.29906142e-05,2.2916938399999998e-05,5.29018164e-05,1.18179627,0.05180001999999999,0.00024467212,85.55947,70.39563,8.1980273e-05,6.438651999999999,0.017908645,26.926690999999998,0.00210848247,0.000192712875,0.03458391,103.66701699999999,0.00210848247,0.000192712875,0.006047614,40.13968,0.00210848247,0.000192712875,0.0025654121,40.303025000000005,0.00210848247,0.000192712875,0.004403537,2.02042888e-05,3.7587629999999994e-05,-0.13778784,473.8500576,0.12222132459999999,-0.0012420033,-0.0022883647,5.59823135e-05,0.000577172066
73,1608148200,1.6402834,1.6402981,0.0055187,-0.97714,1.7178525999999998,0.7565697,1.4693315,1.1281838,0.38471203500000006,1.12595345,2.2946660000000006e-05,6.0706882000000006e-06,6.3312733200000005e-06,7.5914282000000005e-06,1.02952073e-05,1.2707644899999997e-05,1.9313907100000002e-05,3.7631458000000006e-05,0.7694402,0.05046077,0.00013300215,90.12357999999999,82.59597,5.4515520000000005e-05,6.443414,0.013228230000000002,17.757813000000002,0.00130485363,0.00011917266700000001,0.02421667,68.47869299999999,0.00130485363,0.00011917266700000001,0.005755415,25.219360399999996,0.00130485363,0.00011917266700000001,0.0020921214,25.13475,0.00130485363,0.00011917266700000001,0.004326368,7.255616400000001e-06,2.4714240000000004e-05,0.29999508499999994,111.78495109999999,0.0434951523,-0.0019525573,-0.002650245,1.56624296e-05,0.000168586699
73,1608148800,1.6932703,1.6932886000000003,-0.001908694,-0.3857951,2.1749923,0.7749381000000001,1.9093329,1.4451446,0.685095259,1.58406786,2.064551e-05,4.0980642999999994e-06,4.4734514400000005e-06,5.82080744e-06,8.56563233e-06,1.204592228e-05,2.06471891e-05,4.39950059e-05,0.79631195,0.050031309999999996,0.00018842267,91.07305,81.16165,5.6232894e-05,6.343836,0.013687589,17.937882,0.0026284416900000003,0.000240429234,0.024875256,69.34286,0.0026284416900000003,0.000240429234,0.006295953000000002,52.391129000000014,0.0026284416900000003,0.000240429234,0.0026858493000000002,52.839845000000004,0.0026284416900000003,0.000240429234,0.004320880000000001,1.47310914e-05,3.204758e-05,-0.21025471099999998,439.6545803,0.1042049326,-0.0017945714999999998,-0.002657263,4.68780186e-05,0.000504699487
73,1608149400,1.1124149,1.1124325999999998,-0.0030347242,0.2834459999999999,1.5790980000000001,0.6369133,1.1017082000000002,1.0169561,0.20073790000000002,0.9076075799999999,1.958494e-05,2.5827028899999995e-06,2.7934622900000002e-06,3.62762027e-06,5.1598204999999995e-06,7.3234021000000005e-06,1.2451458000000001e-05,2.64585074e-05,0.50542249,0.050579339999999993,0.00014306679,100.32209,87.22871,3.6961699000000006e-05,6.395239,0.011455912000000002,12.450880000000002,0.00102175118,9.2962706e-05,0.020072569999999998,45.24823500000001,0.00102175118,9.2962706e-05,0.005851095,25.774212999999996,0.00102175118,9.2962706e-05,0.0021782406000000003,25.411442,0.00102175118,9.2962706e-05,0.004242205000000001,5.5393384e-06,2.290333e-05,0.17363088999999998,99.43746689999998,0.0324049541,-0.0022751970000000005,-0.0028291428,1.52774299e-05,0.000166260528
73,1608150000,1.6269471000000002,1.626963,-0.003266856,-0.862455,1.7120766,0.7417401,1.4350939,1.0690078,0.33194602300000003,1.0931733099999998,2.151663e-05,4.582619199999999e-06,4.62598692e-06,5.4506103e-06,7.5757004e-06,9.800869400000001e-06,1.53833943e-05,3.05539772e-05,0.7628367199999999,0.0504236,0.00013276563999999998,97.67062000000001,85.12184,5.4069836999999996e-05,6.282897999999999,0.013194451,17.621679,0.00170618528,0.000155702192,0.023724669999999996,67.599194,0.00170618528,0.000155702192,0.005883826,30.483812,0.00170618528,0.000155702192,0.0022131205,30.779942899999998,0.00170618528,0.000155702192,0.0043098039999999995,6.476359900000001e-06,2.381371e-05,0.24695630799999999,83.1794786,0.037873018999999994,-0.0019850659999999997,-0.002646307,1.40661981e-05,0.00015297576000000002
73,1608150600,1.6644710999999996,1.6644890999999997,0.002923144,-1.230978,1.5006458999999999,0.7750674999999999,1.3986806999999999,1.3050401,0.30321897099999995,0.84241089,1.7857550000000003e-05,8.854632600000001e-07,7.835681899999999e-07,1.3323958899999999e-06,2.7677503400000003e-06,3.82809194e-06,7.3078608e-06,1.92212851e-05,0.7818531400000001,0.05022577,0.00011954201999999999,92.57422,88.21377,5.5354747e-05,6.295837000000001,0.013775649000000001,18.151429999999998,0.00055938895,5.0549473e-05,0.025116920000000004,69.324987,0.00055938895,5.0549473e-05,0.005377083999999999,10.092572999999998,0.00055938895,5.0549473e-05,0.001741654,9.768967,0.00055938895,5.0549473e-05,0.004330315999999999,1.2402791899999999e-05,2.984371e-05,0.11764265599999998,110.45783630000001,0.052492250399999996,-0.001830884,-0.0026019986999999997,3.1148469700000005e-05,0.000262935225
73,1608151200,1.0506235,1.0506413000000001,-0.0029565680810000002,-0.8977335,1.5338337,0.6056657999999999,1.3887795,1.1703731999999998,0.39132277800000004,0.8951522500000001,1.894037e-05,2.0452049599999997e-06,2.1981568800000003e-06,2.96757585e-06,4.3181637999999996e-06,5.9751229800000005e-06,1.01937168e-05,2.20254163e-05,0.4743625000000001,0.050767059999999996,0.00012927316999999998,100.58489,88.65918,3.488452400000001e-05,6.508537,0.01081516,11.140259,0.0007447471999999999,6.7599502e-05,0.0188029,41.410101000000004,0.0007447471999999999,6.7599502e-05,0.005730346,21.720735999999995,0.0007447471999999999,6.7599502e-05,0.0020445478999999997,21.275959,0.0007447471999999999,6.7599502e-05,0.0042412629999999995,8.029400600000001e-06,2.528465e-05,0.18224439,219.24362820000002,0.053454647749999994,-0.002269498,-0.0028762370000000002,2.76686894e-05,0.00029874019000000003
73,1608151800,2.0394687,2.0394849,-0.0009732094000000002,-0.7132284,2.3062838,0.8645164,2.0337254000000002,1.7156774000000001,0.756943577,1.7317852100000004,2.260509e-05,6.0778556099999996e-06,6.3897882000000015e-06,7.851520499999999e-06,1.10451514e-05,1.5052617999999998e-05,2.415747e-05,5.2087519999999994e-05,0.9691830800000002,0.05021895999999999,0.00020436763,87.82638,78.91389000000001,6.7736936e-05,6.568340000000001,0.015186794,22.323174,0.0024338922999999997,0.00022232333,0.028129000000000005,84.62884000000001,0.0024338922999999997,0.00022232333,0.006591585,49.963968,0.0024338922999999997,0.00022232333,0.003014322,50.146097,0.0024338922999999997,0.00022232333,0.004335812999999999,1.52953394e-05,3.243408e-05,-0.4961716,311.8496771,0.08639538335,-0.001509818412,-0.0024718929000000006,3.52718225e-05,0.000342999777
73,1608152400,2.028853,2.0288689,-0.0073908720000000015,-0.7679696,1.9502473999999999,0.8099049,1.7404281999999998,1.4398191000000002,0.5546854665,1.3640918499999999,2.0500750000000002e-05,4.01605808e-06,4.166749100000001e-06,5.33002919e-06,7.8947829e-06,1.054040118e-05,1.7647081399999997e-05,3.767016270000001e-05,0.9641940000000002,0.049965970000000005,0.0001751754,96.79643,89.45741999999998,6.744009e-05,6.319215000000001,0.014481789,21.911966,0.002717881068,0.00024839714759999996,0.026156032000000003,84.623842,0.002717881068,0.00024839714759999996,0.006212537,47.97216099999999,0.002717881068,0.00024839714759999996,0.0025810329,48.859679,0.002717881068,0.00024839714759999996,0.004347203,1.0978887399999998e-05,2.830571e-05,0.08139537,250.38597099999998,0.0718628036,-0.00165738,-0.0025098157,2.78963167e-05,0.00030007619100000003
73,1608153000,0.1985767,0.1985938,-0.001808048,-1.226375,0.7367101,0.37824080000000004,0.6663578,0.6246566,0.0022411880000000003,0.08406623,1.7252989999999998e-05,1.6956141000000002e-07,1.8891241e-07,2.9001295000000005e-07,3.5782553e-07,4.828762e-07,7.287642e-07,1.6079213999999998e-06,0.048288,0.05093415999999999,6.176569e-05,107.42902,101.81738,6.588703e-06,6.504164999999999,0.006916433,2.124523,0.000431541688,3.89864511e-05,0.01015293,4.292209,0.000431541688,3.89864511e-05,0.0050257290000000005,8.155557,0.000431541688,3.89864511e-05,0.0012742534,7.861721700000001,0.000431541688,3.89864511e-05,0.004132665,8.13879e-07,1.788278e-05,0.024025023899999998,4.30737728,0.00293016873,-0.002685697,-0.003032853,7.434677000000001e-07,9.305608e-06
73,1608153600,1.6874876999999997,1.6875038000000004,-0.004571434,0.5008823,2.2273818999999997,0.7635555999999999,1.6573641000000001,1.4106435999999998,0.601086641,1.67677355,1.70494e-05,8.087429000000001e-07,1.0786832400000001e-06,2.32826815e-06,4.95693196e-06,8.1173293e-06,1.6329969699999998e-05,3.945493949999999e-05,0.79490199,0.04852858,0.00023869650000000005,96.69453999999999,81.64273,5.6030490000000004e-05,6.530530000000001,0.013811094000000001,19.325544,0.0008662149799999999,7.872767700000001e-05,0.024845628999999998,71.011011,0.0008662149799999999,7.872767700000001e-05,0.0059112240000000005,26.7515624,0.0008662149799999999,7.872767700000001e-05,0.0023395007,26.1771615,0.0008662149799999999,7.872767700000001e-05,0.004285764,1.6173447e-05,3.310179e-05,0.10601624000000001,462.93782330000005,0.1125078974,-0.0017136499900000002,-0.0025459530999999997,6.140144529999999e-05,0.00066235339
73,1608154200,2.3123042,2.3123189,0.0043179474,0.5747586000000002,2.3825975,0.9047494,1.8076294999999998,1.5764344999999997,0.38410953000000003,1.4302168499999999,2.235977e-05,6.15584486e-06,6.459415799999999e-06,8.04011121e-06,1.075562333e-05,1.4977017869999997e-05,2.20504995e-05,5.02631167e-05,1.10602104,0.049824310000000004,0.00018338891,87.71768,81.62612,7.685150099999999e-05,6.3140789999999996,0.015861792000000003,24.790425000000003,0.00465878652,0.00042635958499999995,0.029706740000000002,96.54169499999999,0.00465878652,0.00042635958499999995,0.006672954,77.15840299999999,0.00465878652,0.00042635958499999995,0.0031148703999999998,78.668722,0.00465878652,0.00042635958499999995,0.0043183990000000005,9.1354157e-06,2.617682e-05,0.02307845599999999,200.7996158,0.0509559501,-0.0014806493,-0.002308042,2.0111735299999996e-05,0.00020594019600000003
73,1608154800,1.6038957,1.603913,-0.0010625679999999998,0.03718410000000005,2.1847791,0.7679064999999999,1.6643015,1.2831021,0.60466949,1.54617566,2.223989e-05,6.112843290000001e-06,6.639549939999999e-06,8.20178061e-06,1.1314149300000001e-05,1.5459469900000003e-05,2.5292385300000006e-05,5.136605599999999e-05,0.75120491,0.05042457,0.00018843071999999998,90.09588999999998,78.67186999999998,5.322536e-05,6.539896000000001,0.013618628000000002,18.119692999999998,0.0025755634360000003,0.00023564913229999997,0.02474393,66.615088,0.0025755634360000003,0.00023564913229999997,0.006044137,48.08870029999999,0.0025755634360000003,0.00023564913229999997,0.0024904414,48.659963999999995,0.0025755634360000003,0.00023564913229999997,0.004250709,1.4303460600000001e-05,3.110055e-05,-0.014479550000000004,463.76051829999994,0.102504288,-0.0017952779999999998,-0.0025890619999999996,4.99394161e-05,0.000532321578
73,1608155400,0.2277735,0.22779029999999997,-0.006301305,-1.259699,0.8042869999999999,0.4114434,0.7068966,0.6579575,0.0023467849999999997,0.09534867999999999,1.743305e-05,4.9971196e-07,5.3752262e-07,6.668682e-07,8.165749000000002e-07,1.055945e-06,1.5692718e-06,3.0950103999999996e-06,0.06172669000000001,0.05208693999999999,6.387084e-05,103.3366,96.01342,7.5553820000000005e-06,6.371834999999999,0.007478734000000001,2.422117,0.0007378411699999999,6.7021301e-05,0.011484249999999998,5.445026,0.0007378411699999999,6.7021301e-05,0.0052793729999999995,13.008849000000001,0.0007378411699999999,6.7021301e-05,0.0015769635,12.874666,0.0007378411699999999,6.7021301e-05,0.0041185200000000005,7.248032999999999e-07,1.768426e-05,0.01740731,1.5517989,0.00103280824,-0.0027183990000000002,-0.003077794,7.183237000000001e-07,9.159086e-06
73,1608156000,3.1824514999999995,3.1824651000000004,-0.0018459092999999998,-0.5381594,2.8368491000000002,1.1258623,2.5089768999999995,1.9373087000000002,0.926338895,2.29070696,1.952705e-05,3.48557278e-06,3.7335282800000004e-06,5.4662144e-06,9.683297699999999e-06,1.36467903e-05,2.4455603399999998e-05,5.61100213e-05,1.54096855,0.04987783,0.00025591765,84.12969999999999,73.65359,0.00010578112800000003,6.427415000000001,0.019976466000000002,34.944202,0.00480317066,0.00043975829,0.03831349,137.12598300000002,0.00480317066,0.00043975829,0.0068796,83.961659,0.00480317066,0.00043975829,0.0033955553,85.507081,0.00480317066,0.00043975829,0.00447089,2.5171659100000004e-05,4.2293579999999996e-05,0.17532001,447.5072284000001,0.1390167481,-0.0008676412,-0.0020303054,6.988854779999999e-05,0.0006921847340000001
73,1608156600,0.8506331999999999,0.8506506999999999,-0.0018992887,-1.278294,1.1898735,0.6038256000000001,1.0687451000000001,0.9782546999999999,0.16054010300000002,0.45483547,1.743345e-05,5.040606999999999e-07,4.5617910000000007e-07,7.148834e-07,1.3851394999999998e-06,1.9292541000000003e-06,3.8930241000000004e-06,1.02341015e-05,0.37314037,0.0520481,0.00010817387,103.32337,87.05696,2.8268151000000004e-05,6.659363999999999,0.010777508000000002,9.312067,0.0007529451,6.835427e-05,0.018706519999999997,33.40822099999999,0.0007529451,6.835427e-05,0.005536319,14.178785999999999,0.0007529451,6.835427e-05,0.0018943099999999997,13.973726,0.0007529451,6.835427e-05,0.004204655999999999,5.1566757999999996e-06,2.229855e-05,0.057873141,65.921396,0.02835987135,-0.0022750309999999994,-0.0028356443999999997,1.45959747e-05,0.000156079588
73,1608157200,0.44808519999999996,0.44810249999999996,0.0054515329,-0.661518,1.2780761999999999,0.48190410000000006,0.8705886000000002,0.7221595000000001,0.18438052300000002,0.6315117600000001,1.83215e-05,1.29687262e-06,1.4729125e-06,2.0607246e-06,2.8658645e-06,4.1821069e-06,7.1611774e-06,1.53569954e-05,0.16898019,0.05491312,0.0001124173,101.82214,90.20141000000001,1.4849398000000002e-05,6.471656,0.008557969,5.081689,0.00052119405,4.7203077e-05,0.01407629,14.91523,0.00052119405,4.7203077e-05,0.0053202020000000004,13.221955,0.00052119405,4.7203077e-05,0.0016531732,12.898666099999996,0.00052119405,4.7203077e-05,0.004160568999999999,5.5440448e-06,2.2518019999999998e-05,-0.06431134,137.5500675,0.03539024477,-0.0025697790000000003,-0.002992847,1.06801586e-05,9.8322791e-05
73,1608157800,2.2134994,2.2135173999999997,0.011540657,-1.033657,2.1552654,0.9735948999999999,1.8690576999999997,1.6479502,0.40482914900000005,1.3492076000000002,1.8184689999999998e-05,1.79875508e-06,1.99374603e-06,3.27554912e-06,6.422729599999999e-06,9.556887719999999e-06,1.8319273500000003e-05,4.642643949999999e-05,1.05412197,0.05229123,0.00024744828999999997,93.69807,74.85664,7.3525081e-05,6.061545,0.017003107999999996,24.195955,0.0037136135700000005,0.000339591529,0.032962309999999995,93.44855299999999,0.0037136135700000005,0.000339591529,0.006681739000000001,65.394645,0.0037136135700000005,0.000339591529,0.0032138538000000003,66.56443399999999,0.0037136135700000005,0.000339591529,0.004371141,1.9055645000000004e-05,3.627400999999999e-05,-0.010348290000000005,214.6594766,0.07949121089999998,-0.0014076469,-0.0023060201,4.40430816e-05,0.000431683969
73,1608158400,0.3323772,0.3323941,0.010671885,-1.394793,0.9566171000000001,0.5196818000000001,0.8558136000000001,0.7617607,0.004296889999999999,0.1421052,1.777298e-05,6.8878643e-07,7.2703776e-07,8.708815e-07,1.1390653000000002e-06,1.3454342e-06,2.144134e-06,4.008291e-06,0.10878162999999999,0.057332680000000004,6.16949e-05,97.96052999999999,84.60540999999999,1.1035930000000001e-05,6.313779,0.008857508000000002,3.536827,0.00068551887,6.23200165e-05,0.015312939999999997,9.652382999999999,0.00068551887,6.23200165e-05,0.005129256,12.760707999999997,0.00068551887,6.23200165e-05,0.0014853598999999998,12.520826399999999,0.00068551887,6.23200165e-05,0.004127517999999999,8.140585e-07,1.784871e-05,0.0459543643,0.9312971000000001,0.0008933968,-0.0026145229999999997,-0.0030161610000000003,7.323795e-07,9.048284e-06
73,1608159000,1.7704696000000002,1.7704849,0.0036681859,-0.563398,2.2070910999999995,0.8941675,1.7039404999999999,1.2248258999999997,0.527534634,1.6670545,1.938794e-05,3.0749658e-06,3.5769786e-06,5.1011585e-06,8.485758300000001e-06,1.2680414800000001e-05,2.3092161100000004e-05,5.1598116e-05,0.8311603100000001,0.05369387,0.00026900287000000006,90.27236,72.58437,5.8751972000000006e-05,6.624473,0.015541902,19.390266000000004,0.0030075466000000005,0.00027504857,0.029215150000000002,72.947604,0.0030075466000000005,0.00027504857,0.0066627050000000005,56.873718,0.0030075466000000005,0.00027504857,0.0031976900000000004,57.802153999999994,0.0030075466000000005,0.00027504857,0.004350443,2.04367464e-05,3.761732e-05,0.16006689000000002,247.38123009999998,0.07945031226999999,-0.0017580349999999998,-0.0024848601,4.71931713e-05,0.000447113292
73,1608159600,1.8865143999999998,1.8865304000000003,0.0045864094,-1.5443419999999999,1.6095879999999998,0.9554981999999999,1.4665590000000002,1.3495542,0.13019410199999998,0.800702,1.843055e-05,1.21259187e-06,1.06527484e-06,1.5744196900000002e-06,2.9403812000000002e-06,3.7733879e-06,6.58794181e-06,1.6836159200000004e-05,0.8856761000000001,0.057405849999999994,0.00013855785,91.71202,69.61326,6.274004999999999e-05,6.094398999999999,0.01636793,19.99081,0.00363285749,0.000332228465,0.03141713,78.11342,0.00363285749,0.000332228465,0.0061187279999999995,58.33277539999998,0.00363285749,0.000332228465,0.0026097996999999993,59.632551,0.00363285749,0.000332228465,0.004326758,6.377971800000001e-06,2.3992669999999996e-05,0.090274116,43.2936392,0.029182183699999996,-0.0017396520000000002,-0.002395908,1.3597813099999998e-05,0.000149063449
73,1608160200,1.3124307999999998,1.3124475,0.006671784,-1.246003,1.7917289999999997,0.8684406000000001,1.6357245000000002,1.3752043,0.324168368,0.8860921000000002,1.836934e-05,1.475555e-06,1.58900312e-06,2.28713856e-06,3.7719547000000013e-06,5.47824088e-06,9.9147907e-06,2.3181935099999996e-05,0.5973428000000001,0.058672499999999995,0.00015111941000000003,85.00437,68.54952999999998,4.358625e-05,6.288391,0.01477057,14.187304000000001,0.00111786344,0.00010178854999999998,0.028303580000000002,53.065639999999995,0.00111786344,0.00010178854999999998,0.005992628000000001,25.734555,0.00111786344,0.00010178854999999998,0.0025407466999999998,25.465348,0.00111786344,0.00010178854999999998,0.004238194,7.287011000000001e-06,2.4580609999999997e-05,-0.0537675463,198.92456829999998,0.049241366800000005,-0.0019110922,-0.0025997530000000002,1.4918017300000001e-05,0.000145736375
73,1608160800,3.055459,3.0554734000000003,0.0008940119999999998,-1.2526777,2.509614,1.2877641,2.3098069999999997,2.0408885,0.6640305,1.7912374,1.963679e-05,3.6512374e-06,3.7451645999999996e-06,5.3598524800000005e-06,9.0449991e-06,1.2514735869999998e-05,2.2396258350000003e-05,5.05444846e-05,1.4723644,0.055012669999999986,0.00024335195,79.54074,61.08855000000001,0.00010156558000000001,5.962198,0.02222903,32.997141,0.0008847448600000001,8.0616927e-05,0.04373982999999999,129.23617,0.0008847448600000001,8.0616927e-05,0.006335651,35.321299999999994,0.0008847448600000001,8.0616927e-05,0.00303801,34.477926000000004,0.0008847448600000001,8.0616927e-05,0.004409236,2.1353364e-05,3.845302e-05,0.05190647,342.7109273,0.11300706989,-0.0007651539999999999,-0.0018440719999999998,4.9432263300000005e-05,0.000491048136
73,1608161400,1.1469533,1.1469708,0.0022326856,-1.4512103,1.6195990000000002,0.8698637,1.454218,1.2651379999999999,0.268792786,0.8530616999999999,1.861152e-05,1.6124224999999999e-06,1.69733899e-06,2.30182298e-06,3.6738129000000005e-06,5.11179477e-06,8.9746697e-06,2.0055731e-05,0.5132530999999999,0.06002461,0.00015453547,86.60686999999999,66.23897,3.809594e-05,6.137958,0.01493998,12.351341000000001,0.00133385426,0.000121718273,0.02793023,44.82708,0.00133385426,0.000121718273,0.005757323999999999,23.877439000000003,0.00133385426,0.000121718273,0.002314868,23.952498000000002,0.00133385426,0.000121718273,0.004213982,4.449314999999999e-06,2.176201e-05,0.077663039,79.9450552,0.026486675200000004,-0.00198476311,-0.002603749,1.1001082300000001e-05,0.00012027846099999999
73,1608162000,3.2200654999999996,3.2200827999999992,-0.00017234839999999998,-0.8281812000000001,3.224462,1.4249389999999997,2.8800130000000004,2.3959470000000005,0.8237584799999998,2.2650407,2.382992e-05,7.8037528e-06,8.18006465e-06,1.00561966e-05,1.4726495300000002e-05,1.9678402e-05,3.2461929500000006e-05,6.9052559e-05,1.5263002,0.0832842,0.00027982069,76.16426,58.25666,0.00010696003000000001,6.262864,0.02442382,34.835063000000005,0.00501324834,0.00045873715299999995,0.04866998,134.57787,0.00501324834,0.00045873715299999995,0.007607762000000001,96.011172,0.00501324834,0.00045873715299999995,0.0044566169999999995,97.356915,0.00501324834,0.00045873715299999995,0.0044309250000000005,1.9129273e-05,3.636729e-05,0.4272174003,524.5167546,0.1344472888,-0.0006053574,-0.0018166192,5.14881039e-05,0.000546452543
73,1608162600,7.674250999999998,7.674275,0.00314936131,-1.4630443999999998,4.398395999999999,2.38151,3.884668,3.4591809999999996,0.671699901,3.6702650000000006,2.71218e-05,1.1736703299999999e-05,1.1764654100000002e-05,1.5001049e-05,2.3374555000000002e-05,3.0348092000000003e-05,5.0365649e-05,0.00010723254,3.6367780000000005,0.1995622,0.0005284112000000001,80.08136,57.39924,0.0002551147,6.274362000000001,0.04074471,82.00162,0.006032818180000001,0.0005517581870000001,0.08212712000000001,322.1865,0.006032818180000001,0.0005517581870000001,0.008844794,125.19230999999999,0.006032818180000001,0.0005517581870000001,0.005952673,126.71092999999999,0.006032818180000001,0.0005517581870000001,0.004925041,2.426366e-05,4.190735000000001e-05,0.07936277,65.77860000000001,0.07922196000000001,0.0017768641000000002,-3.779370000000004e-05,2.1008806999999997e-05,0.00019576146
73,1608163200,11.215951,11.215961,0.00550382369,-1.0061052,6.322995000000001,2.769096,4.964852,4.2520679999999995,1.05330897,5.988123,2.7597009999999998e-05,1.3351801e-05,1.4920103899999999e-05,2.1020733e-05,3.4847206000000004e-05,5.0555969e-05,8.919608099999999e-05,0.0002055253,4.7707896,0.8354299999999999,0.0013121235999999999,87.60886000000002,66.30933,0.00037221414000000003,6.4969719999999995,0.04788265,121.19506999999999,0.022178139529999998,0.002031730633,0.0939341,425.34729,0.022178139529999998,0.002031730633,0.011560457,404.745308,0.022178139529999998,0.002031730633,0.008726132000000001,413.63041000000004,0.022178139529999998,0.002031730633,0.005447492,4.0879751e-05,5.847383999999999e-05,-0.042523469999999994,82.63480999999999,0.1167497,0.0036063013500000005,0.0011651666999999998,3.9873742e-05,0.00035406179999999997
73,1608163800,8.162406999999998,8.162425,0.0028598779999999997,-0.8087692000000001,5.615721,2.329514,4.876086000000001,3.8961419999999998,0.12000487,3.384297,2.5792330000000002e-05,8.6809985e-06,9.849927e-06,1.2738473999999999e-05,1.8028051000000004e-05,2.5354552e-05,4.007309e-05,7.51516e-05,1.7163519999999999,2.363688,0.0009608982999999998,106.71365,108.69277,0.0002710203,6.109406,0.042713690000000006,88.11970000000001,0.0141602273,0.00129702693,0.06019485,154.1587,0.0141602273,0.00129702693,0.010100462,269.82381000000004,0.0141602273,0.00129702693,0.007822026,276.19486,0.0141602273,0.00129702693,0.005724485,4.018398999999999e-05,5.8072910000000005e-05,0.04511974,60.98335999999999,0.08726800999999998,0.005141684,0.0018203344,2.1151834e-05,0.00020245317000000003
73,1608164400,12.442463,12.442469,0.0026516525,-0.8986632,6.7543679999999995,2.957203,5.8739930000000005,4.938751999999999,0.29443921,5.452612,3.369434e-05,1.7622701e-05,1.8599754000000002e-05,2.2889339999999997e-05,3.2105954e-05,4.2963723999999996e-05,6.95597e-05,0.00013914329,3.844204,2.3754669999999996,0.0011918788999999998,101.84241,90.75915,0.000413134,6.114841,0.05086667,132.53455,0.036520961479999996,0.003346439295,0.08858223,338.94710000000003,0.036520961479999996,0.003346439295,0.013377279999999997,648.0087900000001,0.036520961479999996,0.003346439295,0.010934573999999999,664.59105,0.036520961479999996,0.003346439295,0.005713542,3.721973000000001e-05,5.5048909999999995e-05,-0.007351539999999998,10.367144,0.057884920000000006,0.005325003,0.0019799780000000003,1.0676965e-05,7.934512e-05
73,1608165000,10.744501000000001,10.744523000000001,-0.002346102,-0.8864928000000001,6.209065,2.641585,5.314549,4.459186,0.77208966,4.988775,3.224166e-05,1.6644064e-05,1.7339138000000002e-05,2.1496705e-05,3.1861925e-05,4.322765299999999e-05,7.397993999999999e-05,0.00015604356,3.638655,1.7317909999999999,0.0014230380000000002,98.53531000000001,87.86348,0.00035655569999999996,6.5235460000000005,0.048865969999999995,115.72285,0.019773823700000002,0.0018113396970000002,0.08303121999999999,323.62649999999996,0.019773823700000002,0.0018113396970000002,0.012008028,407.48661,0.019773823700000002,0.0018113396970000002,0.009432965999999997,414.27200999999997,0.019773823700000002,0.0018113396970000002,0.005462425,4.035672e-05,5.804698000000001e-05,-0.005649420000000005,111.57160200000001,0.12115091,0.004107962,0.001268425,4.0286322e-05,0.00040601518000000006
73,1608165600,17.0337,17.03371,0.0030321770000000005,-0.8985135999999999,7.878352,3.4948510000000006,6.865259999999999,5.918956,0.51077551,8.150379000000001,4.726661e-05,3.4443883e-05,3.55957123e-05,4.3838820999999995e-05,6.1899037e-05,8.3588128e-05,0.000136560214,0.00028007916000000004,6.638348000000001,1.8762180000000002,0.0015693165000000002,88.65356,74.49998000000001,0.0005653447,6.251447,0.05926684,179.6133,0.020879765,0.0019119227999999998,0.11628237999999999,582.9673,0.020879765,0.0019119227999999998,0.013030174,418.65449,0.020879765,0.0019119227999999998,0.010294514000000001,426.15951000000007,0.020879765,0.0019119227999999998,0.005788929,4.291174e-05,6.077125e-05,0.06937268999999999,67.74503299999999,0.09264854,0.005282067,0.002113731,3.0737878e-05,0.00030952751
73,1608166200,18.57233,18.57235,0.0017197933,-0.9739772000000002,8.020330999999999,3.739862,7.198982000000001,6.216078,0.24884114,7.69026,5.004117e-05,3.6691559e-05,3.819285e-05,4.6774912e-05,6.478732000000001e-05,8.4870843e-05,0.0001376626,0.00028766543,7.294605,1.9891090000000002,0.0016934390000000001,92.86803,71.54983999999999,0.0006164060999999999,6.317817,0.061814919999999995,197.54970000000003,0.034130968100000006,0.003126765319,0.1251711,646.1836999999999,0.034130968100000006,0.003126765319,0.014435873000000002,646.34907,0.034130968100000006,0.003126765319,0.011689893,660.11439,0.034130968100000006,0.003126765319,0.005884252,4.257231e-05,6.059885e-05,0.005575755999999997,33.065677,0.07094262999999999,0.0057086689999999995,0.0023334669999999997,2.0505418e-05,0.00019559171000000001
73,1608166800,13.83664,13.83664,0.004054270600000001,-1.0330552000000002,6.789769,3.1730810000000007,6.0965620000000005,5.093367,0.46114414000000004,5.977434000000001,4.0211249999999996e-05,2.5086975e-05,2.5945755000000002e-05,3.1560802e-05,4.4247817999999996e-05,5.7330399999999996e-05,8.905230999999998e-05,0.00018041318999999998,4.960935,1.955433,0.0014654034999999998,99.83637999999999,81.74763999999999,0.00045930900000000003,6.339174000000001,0.054182640000000004,148.47289999999998,0.025813243000000003,0.00236451365,0.09967724,438.67449999999997,0.025813243000000003,0.00236451365,0.013402846999999999,497.59210999999993,0.025813243000000003,0.00236451365,0.010805197999999998,507.72916999999995,0.025813243000000003,0.00236451365,0.006010929999999999,4.678104e-05,6.468538e-05,-0.050998837,49.18429999999999,0.07967698999999999,0.00597897,0.002745738,2.8985896e-05,0.00028657812
73,1608167400,13.720014,13.720025999999999,-2.954169999999972e-05,-1.0204834,6.9261610000000005,3.169186,5.992197,4.846685000000001,0.83201585,6.433471999999999,4.0730490000000005e-05,2.6826489e-05,2.8891467000000003e-05,3.6142987999999997e-05,5.3262677e-05,7.400264e-05,0.00012094249000000003,0.00025360994999999996,5.059693,1.7980152,0.001665831,91.44747,79.22994,0.00045515580000000006,6.291022,0.054982039999999996,146.43727,0.029364823,0.0026900638,0.10019610999999999,445.2889,0.029364823,0.0026900638,0.013626374000000002,553.8060800000001,0.029364823,0.0026900638,0.011001538,565.7223299999999,0.029364823,0.0026900638,0.006264311999999999,5.551821e-05,7.347474e-05,0.0671401358,50.100271000000006,0.10069515,0.006718143,0.0032946840000000004,3.0089687999999998e-05,0.00027735191
73,1608168000,11.075829,11.075871000000001,0.0014962557000000002,-1.227153,5.860116,2.9148349999999996,5.241686,4.383999,0.08697023000000001,4.516674,4.215405000000001e-05,2.6507535e-05,2.8803952e-05,3.448993200000001e-05,4.605903e-05,6.061808000000001e-05,9.156403e-05,0.00017139154999999998,3.4075050000000005,2.1285439999999998,0.001377536,99.07784000000001,88.59538,0.0003676046,6.413106999999999,0.05091604000000001,118.458,0.0161489606,0.0014789778499999999,0.08528813,299.45019999999994,0.0161489606,0.0014789778499999999,0.010450306,316.67032400000005,0.0161489606,0.0014789778499999999,0.00804634,322.796422,0.0161489606,0.0014789778499999999,0.006258944,4.9718419999999996e-05,6.739999999999998e-05,-0.009215099,5.383115000000001,0.05247896,0.0068205639999999994,0.0034681119999999998,1.3918024e-05,0.00010268179
73,1608168600,12.993914,12.993929,0.00042813139999999986,-1.325266,5.991670999999999,3.15516,5.333751,4.692519,0.3969726800000001,5.374891,2.4959549999999997e-05,9.804501e-06,1.004617e-05,1.3611137e-05,2.3345166e-05,3.203380600000001e-05,5.3885390000000003e-05,0.00012239051000000002,4.567957000000001,1.927178,0.0015298002999999999,101.03898,84.47273,0.0004314523000000001,6.201834,0.054981,138.9104,0.0453174844,0.00415250203,0.09490431000000002,404.2197,0.0453174844,0.00415250203,0.014695553,757.202215,0.0453174844,0.00415250203,0.012171507,779.6827579999999,0.0453174844,0.00415250203,0.006050204,4.4790769999999996e-05,6.252858000000001e-05,0.11564402999999998,10.169716999999999,0.06673184,0.005999602,0.0030806289999999997,1.4488047e-05,0.00012258069
73,1608169200,15.405561000000002,15.405583000000002,0.0018627106,-1.0823253000000002,7.082279,3.411707,6.365857,5.329925,0.41825916,6.565687000000001,3.887329999999999e-05,2.4509064e-05,2.535767e-05,3.1832279e-05,4.558997e-05,6.067814000000001e-05,9.621295e-05,0.00019691048,5.616002,2.084694,0.001576601,93.56212000000001,79.09078,0.0005114999,6.332041,0.05758634,162.51250000000002,0.017004095000000004,0.0015568492,0.10666139,491.65649999999994,0.017004095000000004,0.0015568492,0.012501545,348.94843,0.017004095000000004,0.0015568492,0.009852132,355.06999,0.017004095000000004,0.0015568492,0.006494284,5.8957400000000006e-05,7.676083000000001e-05,-0.036861387999999995,33.93577,0.08243729,0.007357660999999999,0.003821344,2.7232430999999995e-05,0.00023312485000000005
73,1608169800,22.3421,22.34213,-4.2292499999999975e-05,-1.421119,7.744663000000001,4.272017,6.906884000000001,6.117711,0.78254809,10.570551,4.311911999999999e-05,3.1351482000000004e-05,3.2059931e-05,4.0164924000000005e-05,6.185492e-05,8.144592e-05,0.00013713723,0.00028946672999999995,9.452217000000001,1.7163057,0.001830065,87.80307,67.76662,0.0007423782,6.234653999999999,0.07215689,234.68440000000004,0.0305444149,0.0027974645700000007,0.1387668,830.1868999999999,0.0305444149,0.0027974645700000007,0.01515402,615.29228,0.0305444149,0.0027974645700000007,0.012056581,626.5748199999999,0.0305444149,0.0027974645700000007,0.006932555,6.49389e-05,8.286503999999999e-05,0.023451246999999998,7.583608,0.07694045000000001,0.008462899000000001,0.0049802200000000005,1.971323e-05,0.00018362981
73,1608170400,15.946699999999998,15.946729999999999,-0.001857222984,-1.3617482,6.998278000000001,3.6173039999999994,5.813315,5.235123,0.41320332000000004,7.183952,4.798136e-05,3.456326699999999e-05,4.0066629999999996e-05,4.6753618e-05,9.966635999999999e-05,0.000157962942,0.00014559775999999997,0.00033376983,5.802743000000001,2.167751,0.0019658799999999997,91.40018,77.32198,0.0005293021,6.45302,0.06412324999999999,176.9383,0.023419988600000004,0.0021450132999999995,0.11067714,513.188,0.023419988600000004,0.0021450132999999995,0.013483410000000001,488.23850000000004,0.023419988600000004,0.0021450132999999995,0.010866988000000001,495.7361199999999,0.023419988600000004,0.0021450132999999995,0.009413735,0.00021904083,0.00023704990000000004,-0.051622042,44.0004572,0.10670712999999998,0.015141027000000001,0.009260924,0.00010317962300000001,0.00055568407
73,1608171000,24.370020000000004,24.370020000000004,-0.001275865,-1.638802,7.525015999999999,4.634873000000001,6.943748000000001,6.139874000000001,0.12209767999999999,9.840509999999998,3.146437e-05,1.8398061000000003e-05,1.6803582e-05,2.2201459999999998e-05,3.856101e-05,4.7259582e-05,8.337879000000001e-05,0.00020281120999999998,10.406209,1.7762,0.0021418210000000003,89.13042,64.67629000000001,0.0008100422999999999,5.670800000000001,0.07811654999999998,258.8387,0.0379119866,0.00347262532,0.1495719,920.1929,0.0379119866,0.00347262532,0.015474025999999998,668.0289,0.0379119866,0.00347262532,0.012275955,683.7518600000001,0.0379119866,0.00347262532,0.006530459999999999,5.02183e-05,6.826776999999999e-05,0.0216524488,1.617154,0.03967762,0.007349786,0.004532003,7.656373e-06,6.270613e-05
73,1608171600,32.28032,32.28033,-0.00243351,-1.584593,9.02375,5.246485,7.907788999999998,7.127542999999998,1.44900004,14.803339999999997,5.265071999999999e-05,4.285416e-05,4.2383732000000006e-05,5.356893e-05,8.472072e-05,0.00010881613999999999,0.0001830507,0.0004130221,14.75563,1.3808617,0.0027162436000000003,82.66343,59.308229999999995,0.0010725057,6.181462999999999,0.08824991000000001,338.67760000000004,0.0307646656,0.00281708833,0.17508379999999998,1295.5469,0.0307646656,0.00281708833,0.01643802,615.40616,0.0307646656,0.00281708833,0.012935252,626.7265600000001,0.0307646656,0.00281708833,0.007147954,6.899669000000001e-05,8.719208000000001e-05,-0.0013394180000000026,19.251094900000002,0.08911854000000001,0.008897946,0.005655536,2.6600883999999998e-05,0.00027217348000000004
73,1608172200,26.18125,26.181279999999997,-0.0018276979999999998,-1.5236329999999998,8.330615,4.703005,7.407487999999999,6.6097269999999995,0.67557861,11.659549,3.8772240000000004e-05,2.7083392999999996e-05,2.48042441e-05,3.1787969e-05,5.193391e-05,6.4348696e-05,0.00011027612000000001,0.00025769726000000003,11.693363000000002,1.394632,0.0020502080000000004,85.15943,61.027829999999994,0.0008701691000000001,6.024269,0.07957754,277.216,0.036050161600000005,0.00330218481,0.1576154,1032.4819,0.036050161600000005,0.00330218481,0.016199698000000002,725.0409,0.036050161600000005,0.00330218481,0.012979332,736.8505799999999,0.036050161600000005,0.00330218481,0.006824236,6.292052e-05,8.104907000000001e-05,-0.07106365999999999,36.544244,0.09543897999999999,0.007964410000000002,0.004937855,2.8909811e-05,0.00029018783999999997
73,1608172800,28.559729999999995,28.559749999999998,-0.0018578339999999998,-1.576842,9.117684999999998,4.959836999999999,7.542305000000001,6.810808,1.11672002,14.149270000000001,7.186795000000001e-05,6.434332499999999e-05,6.467124e-05,7.655712800000001e-05,0.00011219544999999998,0.000135890183,0.00021355684999999996,0.0004531515600000001,12.768736,1.507754,0.0021824595999999996,82.77380000000001,60.85981999999999,0.0009486882999999999,6.306002,0.08339978,301.99019999999996,0.0348366532,0.00319057419,0.1646877,1126.2469999999998,0.0348366532,0.00319057419,0.01645733,697.7207099999999,0.0348366532,0.00319057419,0.013105694000000001,709.01014,0.0348366532,0.00319057419,0.007741979999999998,8.233028999999999e-05,0.00010051448,0.014513804000000002,8.8369296,0.09044839000000002,0.010183434,0.0066598540000000015,2.7166579999999997e-05,0.00027283793000000003
73,1608173400,22.594749999999998,22.59477,-0.000994629,-1.5161161,7.3568240000000005,4.35167,6.727445,5.9732199999999995,0.61254387,10.068034,3.933329e-05,2.6826679999999997e-05,2.6683724e-05,3.5672627e-05,5.802429e-05,7.760537000000001e-05,0.00014052078999999998,0.0003186875,9.907819,1.386112,0.002733421,84.66256,63.27485,0.0007506304999999999,6.295136000000001,0.07331285000000001,237.46419999999998,0.0313895426,0.00287514717,0.14366563000000002,869.8746000000001,0.0313895426,0.00287514717,0.015205058000000002,583.06764,0.0313895426,0.00287514717,0.012233855,596.5326299999999,0.0313895426,0.00287514717,0.006974645999999999,6.13561e-05,7.957447e-05,0.015698542999999995,17.578311,0.06255654000000001,0.008354126,0.005232314,1.4959464999999999e-05,0.00013660553
73,1608174000,26.237420000000004,26.23744,-0.0026863003000000005,-1.4609580000000002,8.569459,4.626178,7.543502999999999,6.593827,1.39782726,12.191118999999999,6.407901000000001e-05,5.4499406999999994e-05,5.5362089e-05,6.7319034e-05,9.473059999999998e-05,0.00012432271,0.00020573126999999996,0.00042160087,11.752838000000002,1.3623079999999999,0.00250181,83.33462,61.99521,0.0008715460000000002,6.358967000000001,0.07837808,278.20359999999994,0.043483135199999995,0.003983103449999999,0.1548506,1037.2577999999999,0.043483135199999995,0.003983103449999999,0.016666864,793.3230689999999,0.043483135199999995,0.003983103449999999,0.013429925,811.615965,0.043483135199999995,0.003983103449999999,0.0070799769999999995,6.719982000000001e-05,8.562864999999999e-05,0.00020572999999999563,17.209739300000003,0.09535481999999999,0.008544626000000001,0.005359998999999999,2.378168e-05,0.00024396639000000002
73,1608174600,26.461750000000002,26.461780000000005,-0.0018646474000000002,-1.4586183,8.251864000000001,4.694361,7.667295,6.829481999999999,0.5540075200000001,11.252589,5.8744109999999986e-05,4.9858720000000006e-05,5.3781836999999995e-05,6.5093361e-05,8.783866000000001e-05,0.00011415048,0.00017627890000000002,0.00034786638,11.844026,1.3836080000000002,0.0022993090000000002,82.86463,60.648340000000005,0.0008795255999999999,6.139533,0.07922404000000001,282.1572,0.027894663999999996,0.0025539044,0.15902559999999996,1048.2062,0.027894663999999996,0.0025539044,0.016199432,578.87793,0.027894663999999996,0.0025539044,0.012991316,588.62978,0.027894663999999996,0.0025539044,0.007909900000000001,0.00011853005000000002,0.00013676241,0.016024144,10.2188082,0.06774795000000002,0.01206521,0.0064166959999999995,4.6891396999999995e-05,0.00025736699
73,1608175200,28.951980000000002,28.951990000000002,-0.0019333056999999998,-1.5205149999999998,8.730799,4.926073000000001,7.771776,6.907261,1.47778534,13.296710999999998,7.350631999999999e-05,6.3596917e-05,6.4445352e-05,7.7066475e-05,0.0001086959,0.00014340359,0.00021558018,0.00044217976999999997,13.188057,1.2847100999999999,0.0020311591,81.10952999999999,59.73078999999999,0.0009619893999999998,6.245254000000001,0.08321739,304.1319,0.0434008504,0.00397647809,0.16536160000000003,1156.9161,0.0434008504,0.00397647809,0.016837272999999996,794.9932900000001,0.0434008504,0.00397647809,0.013520146,813.57065,0.0434008504,0.00397647809,0.007371765,7.449036000000001e-05,9.274672e-05,-0.016325263000000003,19.298679,0.10458101,0.009232398,0.005919341999999999,2.8416722999999995e-05,0.00029242035
73,1608175800,20.666719999999998,20.66675,0.0014240076000000001,-1.1389799999999997,8.047483,4.035316999999999,7.419862999999999,6.517773,0.08760886999999999,8.39704,5.639734e-05,4.2374418e-05,4.3484022e-05,5.0878162000000006e-05,7.027704999999998e-05,9.481477e-05,0.0001395158,0.00028062825,8.653564,1.676682,0.002359902,88.60907999999999,66.30164,0.0006865947,6.264266999999999,0.06572793,215.7355,0.0326561338,0.00299120731,0.1357331,755.8205999999999,0.0326561338,0.00299120731,0.015333600000000003,643.3997999999999,0.0326561338,0.00299120731,0.012450874,655.3256,0.0326561338,0.00299120731,0.006848730999999999,5.7251570000000004e-05,7.523105e-05,0.041408126,1.0471543,0.03621791,0.008099825,0.005001673,7.452988e-06,6.263868000000001e-05
73,1608176400,20.554940000000002,20.554940000000002,0.002446085,-1.0817997,8.148098,3.9769160000000006,7.439063999999999,6.547473999999999,0.36521667999999996,8.597613999999998,4.927526e-05,3.5264161999999996e-05,3.5617734e-05,4.3321731999999996e-05,6.272764999999999e-05,8.586116e-05,0.00013644121,0.00027886111,8.677381,1.5969410000000002,0.002441024,86.53269,65.64348,0.0006830644000000001,6.024035,0.06608822,216.1393,0.033561678,0.0030739489,0.1358562,761.0213999999999,0.033561678,0.0030739489,0.016034700000000002,636.0206000000001,0.033561678,0.0030739489,0.013206617,649.4954,0.033561678,0.0030739489,0.006984783,6.351679e-05,8.135627e-05,0.11472805,15.685108200000002,0.07026242,0.008490273000000001,0.005255655,1.9973827e-05,0.00019758537999999999
73,1608177000,23.140819999999998,23.140819999999998,0.0009491850000000003,-1.16649,8.686461,4.229706999999999,7.7010499999999995,6.704192000000001,0.9351319800000001,10.559019,4.656154e-05,3.430846299999999e-05,3.3830504e-05,4.1393686e-05,6.29903e-05,7.797810999999999e-05,0.00012993425,0.0002810347300000001,10.156327000000001,1.4108411,0.0025550607000000003,85.18987999999999,63.47277000000001,0.0007690789,6.2354140000000005,0.06979378,239.59049999999996,0.038515261,0.0035277058999999998,0.1442153,882.2659,0.038515261,0.0035277058999999998,0.017105799999999997,728.4973,0.038515261,0.0035277058999999998,0.014144941999999999,744.8186000000001,0.038515261,0.0035277058999999998,0.006970418000000001,6.571317e-05,8.397756e-05,0.039762891999999994,13.085472,0.08297033000000001,0.008550592000000001,0.005001702,2.3850347e-05,0.00023219753
73,1608177600,16.533500000000004,16.533526000000002,-0.0009593079999999999,-1.343254,6.838145999999999,3.55552,5.919290999999999,5.379276,1.3865812800000001,8.383564,6.591711e-05,5.3260067999999994e-05,5.4992524e-05,6.517777900000001e-05,9.0021017e-05,0.00011507511299999999,0.00018189004999999997,0.00035398148,7.994358,0.2691627200000001,0.0022697290000000003,72.33215,53.8934,0.0005495553000000001,6.328033,0.06127358000000001,171.10781,0.029091909399999994,0.00266444885,0.1258162,694.7707000000001,0.029091909399999994,0.00266444885,0.014278065000000001,513.9393299999999,0.029091909399999994,0.00266444885,0.011200464,526.3875,0.029091909399999994,0.00266444885,0.006399352999999999,5.910028999999999e-05,7.680222e-05,-0.09592515000000001,57.77537900000002,0.12670753999999998,0.007019003,0.003919257,3.5920033999999995e-05,0.00035880948
73,1608178200,12.746205,12.746216999999998,0.0038000809999999994,-1.5203760000000002,5.573459,3.2399770000000006,4.998303,4.75042,0.14126536,5.3316110000000005,3.574791e-05,2.2317876e-05,2.3653968999999996e-05,3.0356651e-05,4.921512e-05,6.643192e-05,0.00011976568,0.00025771356999999996,6.2883379999999995,0.08165623999999999,0.002521156,67.76809,51.3186,0.0004235819,6.422973000000001,0.056358229999999995,136.24039999999997,0.016445230999999998,0.0015055046000000002,0.1160649,553.9923000000001,0.016445230999999998,0.0015055046000000002,0.012579426,309.30760999999995,0.016445230999999998,0.0015055046000000002,0.009685987,315.34815999999995,0.016445230999999998,0.0015055046000000002,0.0063793619999999995,5.393567999999999e-05,7.157963e-05,-0.006729220000000003,37.91763999999999,0.07690441,0.006846946999999999,0.003925975999999999,3.2499196999999994e-05,0.00032055056
73,1608178800,15.450569999999999,15.450580000000002,0.0029595126,-1.5540160000000003,6.036673,3.577429,5.42964,5.103717,0.30330059,6.546786,4.108087e-05,2.6970241e-05,2.7178522999999997e-05,3.4004483e-05,5.118564e-05,6.602861000000001e-05,0.00010973411000000002,0.00023541949000000002,7.587201,0.13517616,0.002332748,69.2486,51.661590000000004,0.0005137847,6.229269,0.06195596,165.65380000000002,0.015394500000000002,0.00140894033,0.1271284,671.7545,0.015394500000000002,0.00140894033,0.012785182,306.76858,0.015394500000000002,0.00140894033,0.009801520000000001,311.73579000000007,0.015394500000000002,0.00140894033,0.006418583,5.096002999999999e-05,6.845740000000001e-05,0.027803006,3.227471,0.04759585,0.007022591,0.0041294570000000004,1.0313995e-05,8.485023e-05
73,1608179400,26.22346,26.223470000000002,0.00124745665,-1.4113710000000002,8.279205,4.576181,7.492278000000001,6.824382,1.5090228599999997,12.435356,7.313498000000001e-05,6.5315957e-05,6.5205735e-05,7.7759259e-05,0.00010795164000000001,0.00013674294,0.00021745142999999998,0.00043855036,12.831911999999999,0.27677779999999996,0.0018828411,69.62231,52.3586,0.0008719693000000001,5.972787,0.07915181,278.2178,0.02337070426,0.0021392650789999997,0.16387290000000002,1133.6528,0.02337070426,0.0021392650789999997,0.015362656000000002,461.47754000000003,0.02337070426,0.0021392650789999997,0.011877232,469.6092,0.02337070426,0.0021392650789999997,0.007350937,7.849339e-05,9.758521000000001e-05,0.188960035,27.426259999999996,0.11269401000000001,0.009095085999999999,0.0055976739999999995,3.8121520000000006e-05,0.00037402438999999994
73,1608180000,16.601116,16.601128,0.0023262210000000007,-1.3306035999999999,7.037426999999999,3.622611,6.055908,5.5265450000000005,0.45240267999999995,7.541143,5.285988e-05,3.997461400000001e-05,4.1506727e-05,4.9165111000000005e-05,6.910191300000001e-05,9.00417e-05,0.00015057538999999997,0.0002835845,7.7875119999999995,0.510146,0.002125245,75.98850999999999,56.70516,0.0005517986,6.033094,0.06296934000000001,177.50393,0.00290948734,0.000265292922,0.12824158000000002,688.2635,0.00290948734,0.000265292922,0.010259994,121.76369,0.00290948734,0.000265292922,0.007155333,118.840072,0.00290948734,0.000265292922,0.006711997,6.281637e-05,8.078301e-05,-0.0013407100000000006,48.999915,0.11176733000000001,0.0075788290000000005,0.004563948,3.4142537e-05,0.00033808514000000005
73,1608180600,19.06538,19.06538,-0.0008786243,-1.6052860000000002,6.820183,4.0626169999999995,6.031796999999999,5.469579000000001,0.22064488999999993,8.016951,4.944322e-05,3.6446453e-05,3.7148166000000005e-05,4.5122655999999994e-05,6.550126e-05,9.208305000000001e-05,0.00014276017,0.00028102624999999995,8.679343,0.8497756000000001,0.002823259,82.24881,59.079989999999995,0.0006333973000000001,6.144467,0.06851297999999999,202.2235,0.033519803499999994,0.0030704413199999997,0.13594,765.0871,0.033519803499999994,0.0030704413199999997,0.015035082,630.60396,0.033519803499999994,0.0030704413199999997,0.012085725999999998,644.7928899999999,0.033519803499999994,0.0030704413199999997,0.0073112820000000005,6.882519e-05,8.67303e-05,-0.023112655300000003,1.7246599999999996,0.04453138,0.009046651,0.005908377,1.080049e-05,8.845995e-05
73,1608181200,25.69511,25.695119999999996,-0.0031259010000000004,-1.653273,7.523025000000001,4.667610999999999,6.81932,6.235877,1.2080040699999999,11.303774999999998,6.301504e-05,5.3283135999999997e-05,5.4281985999999995e-05,6.6309847e-05,9.531608e-05,0.0001237923,0.00019247057999999996,0.00040533189999999997,12.208029999999999,0.635918,0.0025566699999999996,76.06915999999998,55.34946,0.0008542572,6.3541810000000005,0.08088938999999999,277.8232,0.014396544690000002,0.001317315131,0.1602211,1088.8344000000002,0.014396544690000002,0.001317315131,0.014129309000000001,371.04082999999997,0.014396544690000002,0.001317315131,0.010629633000000003,372.05016,0.014396544690000002,0.001317315131,0.0075576110000000005,8.139903e-05,9.918678000000001e-05,-0.028044049999999997,22.9942488,0.10828161,0.00973302,0.006359608,3.0451942e-05,0.00030688431000000006
73,1608181800,23.555010000000003,23.555020000000003,-0.0010817169999999998,-1.6463439999999998,7.130693000000001,4.489634,6.451173,6.000708,0.52766562,9.94862,5.6843180000000004e-05,4.461977500000001e-05,4.3973514999999996e-05,5.2470576e-05,7.482755e-05,9.168248199999999e-05,0.00014332131,0.00029965279,11.130491999999998,0.6437413999999999,0.0024711129999999996,77.37433000000001,55.60293,0.0007832223999999999,5.839263,0.07667650000000001,248.81419999999997,0.03384208171,0.003099584845,0.1535619,979.1108,0.03384208171,0.003099584845,0.015591398999999997,625.60112,0.03384208171,0.003099584845,0.012322873,639.92397,0.03384208171,0.003099584845,0.006984992000000001,6.424141e-05,8.23575e-05,0.09195351,28.330239900000002,0.08615764,0.008418150999999999,0.005267578,2.7588731e-05,0.00028443166999999995
73,1608182400,22.413069999999998,22.41309,-0.0025791569999999995,-1.6600110000000001,6.837922000000001,4.411527,6.276678,5.824379,0.27545664999999997,9.468647999999998,7.310651000000001e-05,6.0980137000000004e-05,6.2784501e-05,7.5516886e-05,0.00010542273999999999,0.00013593248600000002,0.00021474694000000002,0.00043043152000000004,10.644766,0.5576234,0.00300659,74.26899,54.97881000000001,0.0007448635000000001,6.333886,0.07545972,232.06789999999995,0.02373347377,0.002173137728,0.1504703,927.8317,0.02373347377,0.002173137728,0.014364936,460.69001,0.02373347377,0.002173137728,0.010948111,468.5831099999999,0.02373347377,0.002173137728,0.00654165,5.4250259999999995e-05,7.256368000000001e-05,0.025320847,38.6682325,0.089617,0.0072993599999999995,0.0043896049999999995,2.409004e-05,0.00025280103
73,1608183000,26.69398,26.693989999999996,-0.00082820663,-1.7131120000000002,6.891623,4.777358000000001,6.417756999999999,6.167739,0.8503561100000001,11.630157,3.124206e-05,1.9988631e-05,1.61695579e-05,2.1649145999999998e-05,4.1364670000000005e-05,4.9367832e-05,9.041094e-05,0.00022754471000000002,12.940662999999997,0.4034764,0.0023636259999999997,75.86914,53.328599999999994,0.000888184,5.754558,0.08290052,284.6578,0.0208263206,0.0019070697899999998,0.1645158,1148.5313999999998,0.0208263206,0.0019070697899999998,0.013774133999999999,430.19197799999995,0.0208263206,0.0019070697899999998,0.010241946999999998,436.584925,0.0208263206,0.0019070697899999998,0.00664139,5.3086480000000006e-05,7.132127e-05,0.056715514,2.3397519,0.0475653,0.007595693000000001,0.00474136,1.047507e-05,0.00010259649
73,1608183600,21.18304,21.18305,-0.0027865374999999997,-1.57375,6.7176540000000005,4.192763,6.114711,5.753049999999999,1.27553662,9.988309000000001,3.586017e-05,2.2993644e-05,2.2296341000000004e-05,2.9262696000000006e-05,4.929852999999999e-05,6.550447000000001e-05,0.00011869844,0.00026837147,10.346779,0.24129649999999997,0.002849015,71.27185999999999,52.511,0.0007042929000000001,6.114555,0.07300649000000001,222.2406,0.012982926300000003,0.0011874450799999998,0.1467333,906.1494,0.012982926300000003,0.0011874450799999998,0.013626123,287.33153000000004,0.012982926300000003,0.0011874450799999998,0.010336445,290.10658,0.012982926300000003,0.0011874450799999998,0.0065126690000000004,5.462555e-05,7.283866e-05,-0.023414449999999996,26.042410999999998,0.09165568,0.0071389190000000005,0.004264517,2.439161e-05,0.00025416146
73,1608184200,23.695199999999996,23.69522,-0.003039211880000001,-1.6571660000000001,7.157731,4.525551,6.503673000000001,5.950493999999999,0.71393006,10.530601,4.8089170000000005e-05,3.8161271000000004e-05,3.7448308e-05,4.7499733000000006e-05,7.295843e-05,0.00010179298000000002,0.00016091083999999998,0.00035258523,11.152913,0.6908072000000001,0.0030470230000000003,77.4115,55.817679999999996,0.0007875315000000001,6.280436999999999,0.07739992,249.2792,0.02539864583,0.002325769159,0.15374729999999998,980.3275000000001,0.02539864583,0.002325769159,0.014765628999999999,509.95771,0.02539864583,0.002325769159,0.011490793000000001,518.6024199999999,0.02539864583,0.002325769159,0.0070711520000000016,6.432939e-05,8.225924e-05,0.008615023999999999,7.620222799999999,0.056585130000000004,0.008610936,0.005491743,1.2032454999999999e-05,0.00010214338
73,1608184800,33.03187,33.03189999999999,-0.0013478508,-1.5819,8.751567,5.3195630000000005,8.187399000000001,7.466139000000001,0.28501298999999997,13.421006,6.788957e-05,6.343639000000001e-05,6.057610599999999e-05,7.21292e-05,0.00012107476000000001,0.00017402710000000003,0.00020481244000000002,0.0004349837,15.494629999999997,1.0173021,0.002813297,77.60544999999999,56.23818,0.0010982061,6.008178,0.08985359,350.62859999999995,0.0208936378,0.0019120008300000002,0.1818713,1363.4311,0.0208936378,0.0019120008300000002,0.01667289,541.54343,0.0208936378,0.0019120008300000002,0.013205452000000001,543.0993599999999,0.0208936378,0.0019120008300000002,0.009433055,0.00017197264,0.00019018205000000002,0.036118710000000005,1.5769872,0.05775364000000001,0.015155679000000002,0.009942630999999999,4.617250399999999e-05,0.00020310490999999995
73,1608185400,36.46438,36.4644,-0.0010143723,-1.569834,9.278647000000001,5.587600999999999,8.682714,7.874677,0.34318002,14.86181,0.00012094168000000001,0.00012010626,0.000122324212,0.000146747138,0.00020241809,0.00027033226,0.00041419064,0.0008471269,17.146409999999996,1.0796230000000002,0.0039521569999999995,75.15259999999998,55.97318,0.0012110169999999998,6.589056000000001,0.09376976999999999,380.1906,0.05651210289999999,0.00517670725,0.1912067,1501.686,0.05651210289999999,0.00517670725,0.019416620000000002,994.5112300000001,0.05651210289999999,0.00517670725,0.0159023,1019.7744299999998,0.05651210289999999,0.00517670725,0.008133928,8.915986e-05,0.00010714728999999999,-0.002678081,2.7990062,0.05398916,0.01123424,0.007506891999999999,1.4646943e-05,0.00013261468999999998
73,1608186000,38.08424,38.08429,-0.0021581549999999997,-1.533966,9.657076,5.630346,8.540439,7.782124999999999,2.04832767,19.18945,0.0001439339,8.1380452e-05,7.9821262e-05,9.6678332e-05,0.0001445677,0.000182454693,0.00029498709,0.0006359303299999999,17.936805999999997,1.1004982,0.003206456,77.72778000000001,56.73022999999999,0.0012655697,6.249428,0.09513618999999998,400.1357,0.027091154500000002,0.00251872684,0.1914169,1576.9847000000002,0.027091154500000002,0.00251872684,0.018115626000000003,639.84637,0.027091154500000002,0.00251872684,0.012907730000000001,641.7126599999999,0.027091154500000002,0.00251872684,0.009177475,0.00012480577,0.00017721145,-0.170521276,23.437601500000003,0.08474872,0.009475658000000001,0.005910724000000001,6.4920371e-05,0.0002701157
73,1608186600,24.47159,24.47163,-0.0045327526,-1.5254699999999999,7.849588,4.550214,7.1313699999999995,6.382619999999999,0.40776721,10.188374999999999,3.0075749999999997e-05,1.7917711e-05,1.563775e-05,2.0656949000000003e-05,3.815707e-05,4.5409111e-05,8.231707000000001e-05,0.00020154998,11.174508999999999,1.0588203,0.002030885,82.39995000000002,58.731489999999994,0.0008139989999999999,5.782235999999999,0.07865176999999998,256.0536,0.01411269,0.00129081939,0.1539474,979.3014000000001,0.01411269,0.00129081939,0.014336130999999998,372.21954,0.01411269,0.00129081939,0.010937035000000001,373.26514000000003,0.01411269,0.00129081939,0.006642589,5.510782e-05,7.338218e-05,0.019240970000000003,19.156000099999996,0.08149189999999999,0.007713528,0.004672581,1.994248e-05,0.0002200007
73,1608187200,46.11185,46.11199,-0.0016532044999999999,-1.6080739999999998,9.84709,6.201292,9.082391000000001,8.39695,1.92471493,19.96953,0.00022968096000000002,8.171837299999999e-05,8.04713e-05,9.644946900000002e-05,0.00014371970000000002,0.00018052697999999999,0.00029474032,0.0006238643999999999,21.823066,1.2283570000000001,0.0029156699999999995,77.55359000000001,55.98106,0.0015332072000000003,6.139058,0.10513813000000001,482.66459999999995,0.08269465340000001,0.00756987467,0.21180859999999999,1916.7177,0.08269465340000001,0.00756987467,0.02498144,1439.94282,0.08269465340000001,0.00756987467,0.018055839,1472.2938499999998,0.08269465340000001,0.00756987467,0.01157069,0.00013007177000000004,0.00027623486,0.057787290000000005,16.557402200000002,0.09797429,0.009876788800000001,0.0056090670000000006,6.715248699999999e-05,0.00040643199
73,1608187800,40.979949999999995,40.979969999999994,-0.0014740145999999998,-1.652917,9.632399000000001,5.967288999999999,8.743954,8.068561,0.59679458,17.570410000000003,9.613636e-05,9.234917e-05,9.309156999999999e-05,0.00011179196999999997,0.00015780494000000003,0.00020320720000000002,0.0003255074,0.0006753868000000001,19.150489999999998,1.3348410000000002,0.0028860090000000006,78.17087999999998,56.70984000000001,0.0013616449999999999,6.441346,0.10069629999999999,430.44809999999995,0.042339909800000006,0.00387695533,0.2019632,1684.389,0.042339909800000006,0.00387695533,0.01910588,822.9060300000001,0.042339909800000006,0.00387695533,0.015200879,839.28742,0.042339909800000006,0.00387695533,0.008123687,8.873719e-05,0.00010725025000000001,0.014983997000000002,1.4361749,0.05469233999999999,0.011297950000000001,0.0075589939999999994,1.2662823e-05,0.00011619030999999999
73,1608188400,37.83066,37.83068,-0.001638378,-1.591559,9.485837999999998,5.638333,8.424183000000001,7.639509999999999,1.8322370199999998,17.47985,7.489623e-05,6.778627e-05,6.767492e-05,8.330365e-05,0.00012440997,0.00015866795,0.00026008193999999994,0.0005714976,17.690932,1.2203167,0.0026955360000000005,78.48441,57.020439999999994,0.0012569799,6.397349999999999,0.09527379999999999,396.3461,0.033181211200000005,0.0030380908,0.19070890000000001,1555.6444,0.033181211200000005,0.0030380908,0.017369708999999997,718.0401599999999,0.033181211200000005,0.0030380908,0.013440002999999997,726.6619600000001,0.033181211200000005,0.0030380908,0.007600727999999999,8.049361999999999e-05,9.887703e-05,0.075483513,21.1213693,0.09210214,0.010081416000000001,0.006615494999999999,2.5866564e-05,0.00025054844
73,1608189000,40.52257999999999,40.52266,-0.0019708455000000003,-1.628967,9.487680999999998,5.878549999999999,8.688371999999998,7.946828000000001,1.0080775400000002,17.851309999999998,0.00018471715000000004,0.00011767863900000002,0.00012108841,0.00014277976800000002,0.00018838910999999998,0.00023778313799999997,0.00037270804399999996,0.0007394340000000001,18.86799,1.388907,0.002354312,78.18663999999998,57.55164,0.0013467603,6.039553,0.09888433,426.22470000000004,0.045557813700000005,0.00417268454,0.1979213,1662.966,0.045557813700000005,0.00417268454,0.02076982,942.85882,0.045557813700000005,0.00417268454,0.015342571000000003,955.1625200000001,0.045557813700000005,0.00417268454,0.009243967,9.74525e-05,0.00016279547999999998,-0.022947748000000007,1.005051,0.04770978,0.009282943,0.005713798000000001,3.6374328999999994e-05,0.00015789789999999998
73,1608189600,32.44477,32.44479,-0.0022758974,-1.6770699999999998,8.948747999999998,5.312880999999999,7.488604,6.938912,1.2312337599999998,15.251249999999999,9.586126e-05,8.873820999999999e-05,9.164926000000001e-05,0.00010948978,0.00015174314,0.00019359264999999998,0.00031136733,0.0006368215,15.10772,1.1098994999999996,0.003099738,77.22900000000001,57.03528,0.001077343,6.427337,0.09051677,341.4400999999999,0.0271385755,0.00248431621,0.1789519,1330.395,0.0271385755,0.00248431621,0.01671137,622.82147,0.0271385755,0.00248431621,0.013014932000000002,629.89817,0.0271385755,0.00248431621,0.007171415,6.805985e-05,8.64728e-05,0.058529527000000005,21.5550197,0.10509567,0.008894164,0.005777334,2.704715e-05,0.00029482519
73,1608190200,33.74819,33.74822,-0.0011284958999999998,-1.551834,9.040777,5.318983000000001,8.103135,7.389412999999999,1.0761867,15.037507,5.461925e-05,4.983473199999999e-05,4.7372078e-05,6.014875499999999e-05,9.515219999999999e-05,0.00012864849999999999,0.00021784019999999997,0.0004893992,15.838372000000001,1.0312718,0.0033279530000000002,78.48327,56.68208,0.0011215164,6.236537,0.08995212999999999,354.2144,0.040610859799999996,0.00371880229,0.18099780000000001,1392.4962,0.040610859799999996,0.00371880229,0.017986409999999998,754.6362999999999,0.040610859799999996,0.00371880229,0.014446140000000001,770.58063,0.040610859799999996,0.00371880229,0.0077698030000000005,8.307576999999999e-05,0.00010142547999999999,0.04468445,20.865462100000002,0.08756112,0.010240775999999998,0.006659013,2.4465896999999994e-05,0.00024755775
73,1608190800,39.65536,39.65542000000001,-0.0026088684,-1.593305,9.511004,5.7946159999999995,8.790080999999999,7.992321999999999,1.3651191500000002,17.25119,0.00014300022000000002,8.481528e-05,8.214004e-05,9.899344100000002e-05,0.00014509811999999998,0.00019232057,0.00029311874,0.0006112083700000001,18.81272,1.0103320999999998,0.0030138922000000003,76.31339,55.57578000000001,0.0013179746,6.1633249999999995,0.09816536000000001,418.7085,0.034721014,0.0031781547,0.1989415,1660.9,0.034721014,0.0031781547,0.02052235,742.3157,0.034721014,0.0031781547,0.01530135,749.3043,0.034721014,0.0031781547,0.010019231,0.00012653358,0.00018431465000000004,-0.03640195,1.9288182000000003,0.06223622999999999,0.010859414000000001,0.006952651,4.6728356e-05,0.00021099052999999998
73,1608191400,31.708799999999997,31.70883,-0.001173524,-1.3913179999999998,9.558478,5.094175000000001,8.448596,7.67997,0.39623761999999996,13.71445,4.407295e-05,3.564893e-05,3.4392665000000005e-05,4.6674035e-05,7.968928e-05,0.000109020189,0.00019683097,0.00045770226000000003,14.497710000000001,1.352299,0.0033728840000000005,82.64590000000001,58.801190000000005,0.0010531871000000002,6.305433,0.08559369,336.7304,0.029170084400000008,0.0026707849300000005,0.1759322,1281.0897,0.029170084400000008,0.0026707849300000005,0.016381530000000002,565.2205,0.029170084400000008,0.0026707849300000005,0.012912608,575.6598,0.029170084400000008,0.0026707849300000005,0.007562701,7.79955e-05,9.627038e-05,0.042682769999999995,13.143518700000001,0.07399363,0.00999596,0.006303017999999999,2.1574117999999997e-05,0.00020773706
73,1608192000,33.25431,33.25431999999999,-0.0003141335000000002,-1.2920864,9.768411,5.122186000000001,8.788244,7.916081,0.82727678,14.665679999999998,9.537796e-05,9.174473999999999e-05,9.1607159e-05,0.000110881514,0.00015700639999999998,0.00020487995000000001,0.00033249506,0.0006697608300000001,15.332550000000001,1.28944,0.003432536,77.13737,58.005790000000005,0.0011044839,6.330198,0.0875657,351.2993,0.036322495999999996,0.0033258749399999996,0.1805835,1352.4555,0.036322495999999996,0.0033258749399999996,0.017043720000000002,671.4228500000002,0.036322495999999996,0.0033258749399999996,0.013625733000000001,684.6338800000001,0.036322495999999996,0.0033258749399999996,0.007411666999999999,7.644417e-05,9.481904999999999e-05,0.06276925800000002,27.63181,0.09952478,0.00936022,0.005865832,3.4092315e-05,0.00035310554
73,1608192600,40.783229999999996,40.78328,-0.0037359234000000005,-1.4433079999999998,10.324335999999999,5.804029,9.376743999999999,8.541295999999999,1.540615,18.897389999999994,0.00012039432,6.750872e-05,6.079197400000001e-05,7.344288599999999e-05,0.00010822511000000001,0.00013201466,0.00020951088999999999,0.0004594953000000001,19.345589999999998,1.0424835000000001,0.00235992,76.52668999999999,55.29208,0.001356305,6.122488,0.09885272999999999,434.03319999999997,0.0214607987,0.00196614696,0.2030939,1716.334,0.0214607987,0.00196614696,0.019639666000000004,594.6531710000002,0.0214607987,0.00196614696,0.014437727999999997,592.6029540000001,0.0214607987,0.00196614696,0.009288040000000001,0.00012301541000000002,0.00017342480000000001,-0.187644955,4.0292659,0.07147458,0.010030461000000001,0.006322487,6.2705855e-05,0.00028113754
73,1608193200,30.10461,30.10464,-0.0011816612999999993,-1.3327281000000002,9.123020999999998,4.891774,7.963401999999999,7.165305999999999,1.41478791,14.137583000000001,8.515658000000001e-05,7.7074452e-05,7.8524716e-05,9.2627862e-05,0.00012996480999999998,0.00016459763,0.00026260340999999997,0.00053451072,13.792047,1.2561480999999999,0.002694358,80.88883999999999,60.16180000000001,0.00099969,6.251796000000001,0.0834198,318.6032,0.030530906899999998,0.00279552133,0.1681665,1215.5105,0.030530906899999998,0.00279552133,0.01660272,636.72025,0.030530906899999998,0.00279552133,0.013036089,647.06695,0.030530906899999998,0.00279552133,0.007086051,7.045368999999999e-05,8.909520999999999e-05,0.00022444000000000354,41.685396000000004,0.10441313,0.008671775000000001,0.005336584,3.780191099999999e-05,0.00037527506000000003
73,1608193800,21.999270000000003,21.999270000000003,-0.0007554944,-1.2817040000000002,8.051421,4.241346,7.432989000000001,6.543874,0.16422722,8.932383999999999,5.025853e-05,3.7216469e-05,4.0203541e-05,4.7149383999999996e-05,6.581879e-05,8.346008899999999e-05,0.00013349646000000002,0.00028437830000000006,9.336298000000001,1.659944,0.0026522169999999997,87.91395,65.12084000000002,0.000731036,6.1135,0.07024237000000001,235.4045,0.037422918230000005,0.00342842364,0.1419582,829.3143,0.037422918230000005,0.00342842364,0.015335103,681.99152,0.037422918230000005,0.00342842364,0.012387103,697.55568,0.037422918230000005,0.00342842364,0.006750750999999999,6.834262e-05,8.659220999999999e-05,-0.0037512500000000002,3.7744009999999997,0.05250518,0.00754976,0.004340731,3.034937700000001e-05,0.00016553398
73,1608194400,22.431469999999997,22.4315,-0.0014051242,-1.312835,8.072645999999999,4.300106000000001,7.4760040000000005,6.569787,0.0734405,9.073269,5.307185e-05,3.7741844000000006e-05,3.8738726e-05,4.6509509e-05,6.762236000000001e-05,8.519625799999999e-05,0.00013642344,0.00029280339999999993,9.541474,1.670856,0.0026684160000000003,87.64166,64.91339,0.0007454995999999999,6.101789000000001,0.07123586,239.70499999999998,0.033918670170000005,0.00310708377,0.14368720000000001,848.5953999999999,0.033918670170000005,0.00310708377,0.014520592999999998,579.751251,0.033918670170000005,0.00310708377,0.011657811,595.5163319999999,0.033918670170000005,0.00310708377,0.006543511,5.067446e-05,6.882855e-05,0.023508862999999998,1.7271980000000002,0.03768264,0.007398936,0.004352152,7.348712000000001e-06,6.397922e-05
73,1608195000,10.119608,10.11962,0.0039284698,-1.042535,5.999283,2.6998850000000005,5.094531,4.301119000000001,0.36215292,4.53075,3.4747080000000003e-05,1.9213417999999997e-05,2.061621e-05,2.5110681000000005e-05,3.4377341e-05,4.5767796e-05,7.041649000000002e-05,0.00013711408,3.238806999999999,1.819376,0.0012449027000000002,100.91819000000001,87.19608000000001,0.0003358013,6.461178000000001,0.04792271,109.22739999999999,0.020732159190000002,0.001899353669,0.08222187,287.7874,0.020732159190000002,0.001899353669,0.010660846000000002,369.38519499999995,0.020732159190000002,0.001899353669,0.008202137000000002,378.83828560000006,0.020732159190000002,0.001899353669,0.005852779,4.556798000000001e-05,6.35941e-05,-0.0050358999999999985,94.33547100000001,0.11429560999999999,0.005283561000000001,0.002338672,3.878202e-05,0.00038914293
73,1608195600,15.988531,15.988543000000002,-0.0019280901,-1.2877171,6.792844,3.537359,6.160952000000001,5.346388,0.47846532999999997,6.726648,5.907677999999999e-05,4.5439752999999996e-05,4.786399500000001e-05,5.4935692e-05,7.317096500000001e-05,9.432938899999999e-05,0.0001429219,0.0002759233,6.410875999999999,1.581204,0.0014107056000000001,89.85828000000001,71.72535,0.0005308853,6.349351,0.05985062,168.21679999999998,0.029599437200000002,0.00271136959,0.11493318999999999,563.2683,0.029599437200000002,0.00271136959,0.014439451,534.9743000000001,0.029599437200000002,0.00271136959,0.011681715999999998,548.3107299999999,0.029599437200000002,0.00271136959,0.005935714,4.7526080000000004e-05,6.551694e-05,1.38910676,62.28432,0.0961507,0.005550348,0.0026775714,4.2010266999999996e-05,0.00042873213999999996
73,1608196200,18.453650000000003,18.453660000000003,4.87225e-05,-1.1424247,7.766561999999999,3.7662120000000003,6.801507000000001,5.9060559999999995,0.8586554399999999,8.933648000000002,5.207984e-05,3.8714264e-05,4.000483000000001e-05,4.7453374000000004e-05,6.679754e-05,8.445021000000001e-05,0.00013039229,0.00026190111000000003,7.608771,1.6158774,0.0014602353999999998,89.81553,69.25980000000001,0.0006128408,6.281099,0.06410592000000001,197.0134,0.032000070000000005,0.0029311348,0.1249501,674.7194,0.032000070000000005,0.0029311348,0.014112071999999998,542.59833,0.032000070000000005,0.0029311348,0.011258986,556.63588,0.032000070000000005,0.0029311348,0.006098377,5.181676999999999e-05,6.976183e-05,-0.008101452,62.850263,0.11012174,0.006167079000000001,0.0030747450000000003,3.054677e-05,0.00028227982000000006
73,1608196800,28.39501111111111,28.39503333333333,-0.0030786831999999997,-1.3380077777777777,8.708852222222223,4.727952222222222,7.997244444444443,7.176511111111111,0.42995538888888896,11.778117777777776,3.67127e-05,2.7272149999999996e-05,2.8231344444444448e-05,4.0725588888888886e-05,7.332754444444444e-05,0.00010450557777777779,0.0001891163222222222,0.0004567597777777777,13.092641111111112,1.1011028888888887,0.0028115704444444446,79.77354444444444,59.95662222222222,0.0009428733333333335,6.39838,0.0797825111111111,299.15911111111114,0.03077624672222222,0.0028180001111111114,0.16341522222222224,1155.1693333333333,0.03077624672222222,0.0028180001111111114,0.016062733333333332,590.7289,0.03077624672222222,0.0028180001111111114,0.012556938888888888,602.7774666666667,0.03077624672222222,0.0028180001111111114,0.006757422222222222,6.193579999999998e-05,8.048121111111111e-05,0.06206293000000001,44.76848333333333,0.09339053333333333,0.007995877777777778,0.004545324444444445,3.079127777777778e-05,0.00031665038888888895
73,1608197400,11.266786,11.266799,0.0020248296,-1.2549730000000001,6.045747,2.98735,5.214235,4.7045189999999995,0.23130362,4.935298,3.564384e-05,2.0591351e-05,2.10716006e-05,2.6082558999999998e-05,3.8959703e-05,5.0101879e-05,8.127260200000001e-05,0.00017152085,5.078226,0.5537997,0.0009401371000000002,80.56685999999999,59.43008999999999,0.000374274,6.055328,0.05084700000000001,119.78662,0.008448097299999999,0.000772937022,0.10416719999999999,448.3074,0.008448097299999999,0.000772937022,0.010804738999999999,203.59796,0.008448097299999999,0.000772937022,0.007997851000000002,204.61548999999997,0.008448097299999999,0.000772937022,0.005290256000000001,3.314748e-05,5.128604e-05,0.08764491999999999,117.41490300000001,0.10196237999999999,0.00318842,0.0008818092,3.4073132e-05,0.00033905847
73,1608198000,8.972181,8.972202,0.0027845873000000004,-1.3356274999999997,4.8157119999999995,2.4731119999999995,4.123137,3.6662619999999997,0.63058839,4.7189538,3.1540889999999994e-05,1.68922949e-05,1.73584174e-05,2.1897649e-05,3.3633896e-05,4.5313275000000004e-05,7.4481739e-05,0.00016242807,4.3414280000000005,0.14355701,0.0007256631999999999,72.18043,53.94635999999999,0.0002981456800000001,6.163423,0.042343360000000003,94.6377,0.00642444256,0.0005875729510000001,0.08727995000000001,382.53425000000004,0.00642444256,0.0005875729510000001,0.009575176,166.36953300000002,0.00642444256,0.0005875729510000001,0.0065747,166.76787,0.00642444256,0.0005875729510000001,0.005089079000000001,2.7181280000000002e-05,4.513902e-05,0.07459632,76.36375199999999,0.07232199,0.0020122704,0.00012232032999999988,2.0444742000000003e-05,0.00017656085
73,1608198600,4.476262000000001,4.476287000000001,-0.00028652203,-1.4825491,3.366552,1.7631240000000001,2.7037590000000002,2.390734,0.6609605199999999,2.7680805,2.7214329999999997e-05,1.12297894e-05,1.1539275800000001e-05,1.4313696999999998e-05,2.0146675e-05,2.5697852000000002e-05,3.9379454e-05,7.779191e-05,2.195875,0.04175858,0.0002872191,71.20228,53.00822000000001,0.00014882429000000002,6.095022999999999,0.03072746,47.877629999999996,0.00541941408,0.000495832546,0.061826349999999995,193.50787,0.00541941408,0.000495832546,0.007559673,99.56175799999998,0.00541941408,0.000495832546,0.0046143980000000005,101.194904,0.00541941408,0.000495832546,0.004728523,2.190009e-05,3.9417339999999996e-05,-0.02489084000000001,118.86259,0.08113777,0.00031134734,-0.0009502364499999997,2.8944268e-05,0.00027173226
73,1608199200,2.297815,2.2978309999999995,0.003132012,-1.7144810000000004,2.3311830000000002,1.416305,1.934458,1.812281,0.07757043,1.0164147000000001,2.2406580000000002e-05,5.6273047e-06,6.0352518e-06,7.5382776e-06,1.1350896999999998e-05,1.5323842e-05,2.3815799e-05,4.5136389999999996e-05,1.1086101000000002,0.0399479,0.00022829549999999998,72.33191,53.58798,7.637152e-05,6.14896,0.02462917,25.01451,0.0020759304,0.00018951533700000003,0.048655170000000005,98.23030000000001,0.0020759304,0.00018951533700000003,0.006193519,43.68823799999999,0.0020759304,0.00018951533700000003,0.0032345479999999994,43.75850270000001,0.0020759304,0.00018951533700000003,0.004585255000000001,1.726345e-05,3.472934e-05,0.09316697,108.45309999999999,0.06938091999999998,-0.0005425742165000001,-0.001434505,1.7604671999999998e-05,0.00015067253000000002
73,1608199800,5.944501000000001,5.944516,0.0046771090000000005,-1.3227598999999999,3.910282,2.008938,2.788546,2.5772660000000003,0.42231918,3.4978052000000006,3.004943e-05,1.4670873100000002e-05,1.5144676699999998e-05,1.9892950100000002e-05,2.8219167999999998e-05,3.6893166e-05,6.4308696e-05,0.00012839614,2.924723,0.04664986,0.0005571430000000001,72.11865,53.04738,0.00019756971999999997,6.293173,0.03498659,63.36035999999999,0.00465242534,0.000425424372,0.07006841,258.42630999999994,0.00465242534,0.000425424372,0.007909906,113.79002400000002,0.00465242534,0.000425424372,0.00487304,114.163173,0.00465242534,0.000425424372,0.004854866,2.255179e-05,4.0036340000000004e-05,0.24729305,59.074253,0.06289504,0.00075748727,-0.0004945174999999999,1.7347863000000003e-05,0.00014255356
73,1608200400,3.281562,3.281579,-0.0012098219000000001,-1.5824235,2.8759259999999998,1.63898,2.391186,2.125415,0.23035458000000003,1.5770905999999996,2.2854319999999997e-05,6.38027e-06,6.7537668e-06,8.91548e-06,1.402637e-05,1.9101090000000002e-05,3.145978e-05,6.522002e-05,1.583419,0.05684722,0.0003573994,71.12227,53.91472,0.00010904757,6.432683,0.028859769999999996,36.49204000000001,0.00355808393,0.00032521601999999995,0.05701069000000001,140.68865999999997,0.00355808393,0.00032521601999999995,0.006989582000000001,64.755226,0.00355808393,0.00032521601999999995,0.004111020000000001,65.823305,0.00355808393,0.00032521601999999995,0.004698866,2.5418659999999998e-05,4.2946929999999996e-05,-0.089106318,220.83281000000002,0.11141385000000001,-6.056147000000001e-05,-0.0011474611999999999,4.2138381000000004e-05,0.0004126518599999999
73,1608201000,2.681237,2.6812519999999997,-0.00019839919999999986,-1.7509919999999997,2.3622739999999998,1.5441730000000002,2.046026,1.9339720000000002,0.02943958,1.1821709999999999,2.1144970000000003e-05,4.743063999999999e-06,4.956516199999999e-06,6.606136e-06,1.0210397e-05,1.3248923e-05,2.0469936000000004e-05,4.0592820000000003e-05,1.2763069999999999,0.06391741999999999,0.00028535619999999997,77.46635,54.78988,8.914745e-05,6.256717,0.027054270000000002,29.13899,0.00152594528,0.00013908611,0.052547279999999995,113.3471,0.00152594528,0.00013908611,0.00625096,36.659006999999995,0.00152594528,0.00013908611,0.0033754399999999995,36.273250000000004,0.00152594528,0.00013908611,0.004610757,1.696715e-05,3.42369e-05,0.02253523099999999,38.901210000000006,0.04607235,-0.00010602139999999997,-0.0011562482,1.0468534e-05,5.474398999999999e-05
73,1608201600,3.745581,3.745598,-0.004002079,-1.5860053,3.0021539999999995,1.7409430000000001,2.4395250000000006,2.292445,0.15716953,1.781222,2.1770879999999997e-05,5.8475093e-06,6.0915252e-06,8.402726999999999e-06,1.3482826999999998e-05,1.8755413000000002e-05,3.1528626e-05,6.649259999999999e-05,1.804624,0.06762988,0.0003785145,73.01821,54.17128,0.0001244595,6.2415910000000006,0.03058746,40.61244,0.00308144393,0.000281760311,0.06036053,158.97250000000003,0.00308144393,0.000281760311,0.007039413999999999,70.409709,0.00308144393,0.000281760311,0.0041961,70.55572140000001,0.00308144393,0.000281760311,0.004658531,2.259728e-05,3.977942e-05,0.04604982999999999,159.95343,0.09181375,0.00025447783,-0.0009125545,3.0971670999999994e-05,0.00029541178999999997
73,1608202200,5.897423000000001,5.897438,-0.002461359,-1.53143984,3.501257,2.047289,2.967428,2.654929,0.40723807,2.9713380000000003,2.3730840000000003e-05,8.266581e-06,8.151409e-06,1.0594262e-05,1.7467098e-05,2.2058061e-05,3.6832293e-05,7.810465000000001e-05,2.879093,0.06894171,0.00048782750000000004,77.07901000000001,54.15059,0.00019610846000000002,6.212375,0.03564642,62.89741,0.005202506,0.00047575324,0.07065925,254.67770000000002,0.005202506,0.00047575324,0.0077708410000000006,97.718363,0.005202506,0.00047575324,0.004848455,99.214079,0.005202506,0.00047575324,0.004870168999999999,2.558559e-05,4.293318e-05,0.16293939000000002,90.711319,0.07813128,0.0009467416000000001,-0.00036033180000000003,2.547373e-05,0.00022737256
73,1608202800,2.727817,2.727832,-0.00026924620000000007,-1.7379259999999999,2.455537,1.5486229999999999,2.0311,1.9592079999999998,0.03182805,1.13232,2.0942689999999998e-05,4.983476e-06,5.3581e-06,7.2808700000000005e-06,1.1573404000000001e-05,1.6392011999999998e-05,2.728172e-05,5.705930999999999e-05,1.3190149999999998,0.04431391,0.0004414375,73.5302,53.315,9.063239e-05,6.584218,0.026808150000000003,29.342089999999995,0.0026997892099999998,0.000246701458,0.05315057000000001,115.9751,0.0026997892099999998,0.000246701458,0.006682985,56.55062300000001,0.0026997892099999998,0.000246701458,0.0038604340000000007,56.9326277,0.0026997892099999998,0.000246701458,0.004573990000000001,1.919089e-05,3.624373e-05,-0.09961407999999998,80.18468999999999,0.060761140000000005,-0.00010565415,-0.00110808,2.0401461000000004e-05,0.00017216965
73,1608203400,3.246996,3.247013999999999,-0.0040222204,-1.5679827000000002,2.82376,1.61479,2.387435,2.1870659999999993,0.29271488,1.6005690000000001,2.098552e-05,4.8170085e-06,5.1085371e-06,6.674605000000001e-06,1.1305435999999999e-05,1.5555333e-05,2.5842824999999998e-05,5.347365999999999e-05,1.5770790000000001,0.045882080000000006,0.0004071783,74.41943,53.356989999999996,0.00010793004,6.265542000000001,0.02812611,34.57296000000001,0.0019614772199999997,0.000179265302,0.05609082,138.7321,0.0019614772199999997,0.000179265302,0.006500892999999999,49.699533,0.0019614772199999997,0.000179265302,0.003611823,49.449912999999995,0.0019614772199999997,0.000179265302,0.004608819,1.904174e-05,3.626151e-05,-0.122334054,118.28785000000002,0.07332224000000001,5.6590399999999986e-05,-0.0010996810999999997,2.3253185e-05,0.00021427390999999998
73,1608204000,2.346227,2.346246,0.0008952504,-1.7517040000000001,2.239757,1.4422419999999998,1.8862330000000003,1.814717,0.054705668000000006,1.0241696,1.901038e-05,2.6978383999999998e-06,2.7238601000000004e-06,4.112305e-06,7.104274e-06,1.0012943e-05,1.6553077e-05,3.495159e-05,1.117884,0.05484677000000001,0.00030175929999999996,77.32886,54.80664,7.796624e-05,6.224392,0.02502164,25.261490000000002,0.00206689324,0.000188675491,0.04889148,98.57327000000001,0.00206689324,0.000188675491,0.0061917840000000005,43.364328,0.00206689324,0.000188675491,0.0033128790000000003,43.515517,0.00206689324,0.000188675491,0.004572517999999999,1.8414270000000002e-05,3.55127e-05,-0.13558387,98.50733,0.06590064,-0.0003818487,-0.0013293754,1.6492285e-05,0.00013620798
73,1608204600,5.643753,5.643777,0.0031745340000000006,-1.2415189,3.924756,1.9791440000000002,3.1760099999999998,2.7325190000000004,0.75367926,3.3494933,4.21624e-05,2.7540329599999997e-05,2.9500329099999997e-05,3.4625974e-05,4.653334100000001e-05,6.0042848e-05,9.0423933e-05,0.00017469624,2.775225,0.04565747,0.0005074029,69.18564,52.78469,0.00018747683,6.383595000000001,0.03451858,59.919630000000005,0.004982233769999999,0.00045621230300000004,0.06944557999999998,243.83199,0.004982233769999999,0.00045621230300000004,0.007642798000000001,97.41851299999999,0.004982233769999999,0.00045621230300000004,0.004710335,98.89002399999998,0.004982233769999999,0.00045621230300000004,0.004823476,2.9896299999999997e-05,4.682088e-05,-0.061769420000000005,208.06982,0.11888514999999997,0.0010527618899999998,-0.00051667502,5.490720599999999e-05,0.0005598584999999999
73,1608205200,2.84425,2.844267,0.004560836,-1.75261,2.404536,1.587451,2.0483490000000004,2.002487,0.019918079999999998,1.176614,2.5476410000000003e-05,9.547115800000001e-06,9.924090400000001e-06,1.2159132e-05,1.6872169000000003e-05,2.1969737e-05,3.411594699999999e-05,6.517949000000001e-05,1.363674,0.05795808000000001,0.0003134143,72.79453,54.14199,9.453832999999999e-05,5.985288,0.027508380000000006,30.42135,0.0013363502800000002,0.000121750735,0.05407546,120.01979999999999,0.0013363502800000002,0.000121750735,0.006169562,38.535702,0.0013363502800000002,0.000121750735,0.003332761000000001,38.071928,0.0013363502800000002,0.000121750735,0.004552951,1.8655910000000003e-05,3.567465e-05,0.13931747,87.90662,0.0620507,-0.00014831451,-0.0011505439999999999,1.5674180000000005e-05,0.00010044061999999998
73,1608205800,2.634777,2.6347899999999997,0.011159540999999999,-1.760801,2.3380850000000004,1.529431,1.965474,1.922793,0.024954708,1.096541,1.9217090000000002e-05,3.0239866e-06,3.0977892999999995e-06,4.41259e-06,7.705823999999999e-06,1.0589335999999999e-05,1.7452265999999996e-05,3.683949e-05,1.2563289999999998,0.06061605,0.0003563997,77.03795,54.63826,8.761652e-05,5.959815,0.026500649999999997,28.173359999999995,0.0036852021,0.000336966599,0.051887050000000004,110.64089000000001,0.0036852021,0.000336966599,0.006768605,63.84918500000001,0.0036852021,0.000336966599,0.003946727999999999,64.970792,0.0036852021,0.000336966599,0.004517338,1.4896080000000002e-05,3.189984e-05,-0.01873761999999999,36.32163,0.03848798,-0.00025209529999999997,-0.001216618,9.118495999999998e-06,4.71338e-05
73,1608206400,5.6863019999999995,5.686314,0.0037602979999999996,-1.486189,3.5396949999999996,1.999144,3.1769469999999997,2.8388739999999997,0.6961233000000001,2.8801105999999996,2.911423e-05,1.3775789999999997e-05,1.42910328e-05,1.7619011e-05,2.5408451000000005e-05,3.3011587e-05,5.307949e-05,0.00010636726999999998,2.800855,0.041584170000000004,0.00043326630000000007,70.10229,52.58923,0.00018906154,6.353542,0.035079120000000005,62.21334,0.0027688569,0.00025308468699999996,0.07035169,249.22510000000003,0.0027688569,0.00025308468699999996,0.0073802550000000005,69.453818,0.0027688569,0.00025308468699999996,0.004440310000000001,69.047158,0.0027688569,0.00025308468699999996,0.004808678,3.0697340000000004e-05,4.792926e-05,0.139765579,255.47726000000003,0.13546556999999998,0.0009851264,-0.0005308646,6.4878164e-05,0.0006659298000000001
73,1608207000,2.802638,2.8026549999999997,0.007400511,-1.7058799999999998,2.618143,1.566352,2.165955,2.059825,0.022443793,1.161381,2.178778e-05,5.553574e-06,5.9242272e-06,7.637355e-06,1.1752670000000001e-05,1.5746707e-05,2.5455401e-05,5.1483509999999997e-05,1.3527179999999999,0.04813478,0.0003354054,75.09293,53.454100000000004,9.316089e-05,6.447795999999999,0.027131319999999997,30.455579999999998,0.0037546769700000002,0.00034331463,0.0541071,120.3058,0.0037546769700000002,0.00034331463,0.007073567,72.10711,0.0037546769700000002,0.00034331463,0.00425566,73.13413899999999,0.0037546769700000002,0.00034331463,0.004525988999999999,1.511445e-05,3.212485e-05,-0.01168369199999999,35.70742,0.03912183,-0.00020121083,-0.0011474679999999998,9.345984e-06,5.440849e-05
73,1608207600,3.569933,3.56995,0.0017693209,-1.5235297,3.6335589999999995,1.7113099999999999,2.5120529999999994,2.327547,0.24086622000000002,1.8111899999999999,2.436618e-05,9.0068703e-06,1.00086004e-05,2.2981513000000002e-05,3.4550642e-05,2.7490133e-05,4.8292725e-05,0.00015802977,1.740862,0.04332794,0.0004586328,70.02742,52.69997000000001,0.00011859433999999999,6.537666999999999,0.02988877,41.76973,0.00286712348,0.000262043008,0.060032039999999995,154.2452,0.00286712348,0.000262043008,0.007004011,59.54854999999999,0.00286712348,0.000262043008,0.0041863410000000005,59.711510999999994,0.00286712348,0.000262043008,0.004599969,2.34244e-05,4.047278e-05,-0.05649939,259.26592,0.11149655,0.00018154553,-0.0009343702000000001,3.9085183e-05,0.00038257007
73,1608208200,4.419662,4.419678,0.004516051,-1.5991042,3.05638,1.750545,2.618744,2.472938,0.533193532,2.2211438,2.3226740000000002e-05,7.884205e-06,8.087941999999999e-06,1.0909759e-05,1.6747411e-05,2.3414136000000002e-05,3.916279e-05,8.303292e-05,2.1677524000000004,0.041407639999999996,0.0004753699,71.19819,53.23487,0.00014690289,6.478778,0.030333310000000002,47.265609999999995,0.00200658482,0.00018325756200000001,0.06077826999999999,191.8613,0.00200658482,0.00018325756200000001,0.006906238,58.933253,0.00200658482,0.00018325756200000001,0.003954978,58.43507099999999,0.00200658482,0.00018325756200000001,0.0046626309999999995,2.0220939999999998e-05,3.7159140000000004e-05,-0.04918180999999997,81.15566000000001,0.06909164,0.00046139779999999984,-0.0008430867999999999,2.1744469000000004e-05,0.00019807889000000002
73,1608208800,2.263959,2.2639779999999994,0.0002070229,-1.741639,2.20758,1.409732,1.8326809999999998,1.779955,0.05588942400000001,1.0080141,1.890575e-05,2.9155963000000002e-06,3.1793074e-06,4.9462787e-06,8.174547e-06,1.1981362999999999e-05,2.0350103999999998e-05,4.353847e-05,1.0881952,0.04337919,0.0003073938,74.63239000000002,53.99621,7.522018000000001e-05,6.304788,0.02442895,24.464040000000004,0.00265167885,0.000242375883,0.048041759999999996,95.59904,0.00265167885,0.000242375883,0.006339938000000001,47.573159999999994,0.00265167885,0.000242375883,0.0034755389999999997,48.220929999999996,0.00265167885,0.000242375883,0.004489814999999999,1.886848e-05,3.569121e-05,0.0010784900000000042,180.87708,0.08143576,-0.00048762240000000003,-0.001400105,2.8930963999999996e-05,0.0002748109600000001
73,1608209400,2.8405499999999995,2.840567,-0.0009192663000000001,-1.5490743999999999,2.6682420000000002,1.502388,2.280594,2.049475,0.29255139999999996,1.4436049,2.431311e-05,8.390884099999999e-06,8.924594300000001e-06,1.1175223999999998e-05,1.6090024e-05,2.1697089000000003e-05,3.5247115000000004e-05,7.008869999999999e-05,1.3798356000000003,0.03988916,0.000369151,72.22556,53.385000000000005,9.436254e-05,6.421035000000001,0.026059649999999997,30.312489999999997,0.0035015024299999997,0.00032012586199999996,0.052069580000000004,121.54897000000001,0.0035015024299999997,0.00032012586199999996,0.006844215000000001,62.865131,0.0035015024299999997,0.00032012586199999996,0.003962938000000001,63.889537000000004,0.0035015024299999997,0.00032012586199999996,0.004523618,1.762003e-05,3.455582e-05,0.054055593,150.61313,0.07424403999999998,-0.00025996130000000006,-0.001317274,2.3430134e-05,0.00021553266999999997
73,1608210000,4.635934000000001,4.635947,0.0048706211999999995,-1.3390412999999999,3.4403169999999994,1.7984830000000003,2.690257,2.416424,0.5256925170000001,3.0222635999999996,2.4191459999999998e-05,8.818708899999999e-06,8.9323294e-06,1.1294420800000002e-05,1.7694747e-05,2.3152395999999998e-05,3.7669984000000007e-05,7.973405000000001e-05,2.267726,0.0496566,0.00038604259999999995,73.03976,53.54371999999999,0.00015415291,6.125738,0.031260750000000004,49.25517,0.007784980189999999,0.000712617387,0.06200407000000001,198.45513999999997,0.007784980189999999,0.000712617387,0.007640480000000001,132.109026,0.007784980189999999,0.000712617387,0.0047276950000000005,135.4339,0.007784980189999999,0.000712617387,0.0047066320000000005,2.527856e-05,4.2335609999999996e-05,0.03336661999999999,243.837653,0.11364196,0.0003873122,-0.0008298206000000001,4.2451103e-05,0.00043117414
73,1608210600,3.2242470000000005,3.224266,0.008200633,-1.5418554999999998,2.78011,1.579851,2.494165,2.2328180000000004,0.32848759400000005,1.5935394,2.025467e-05,4.0160066999999995e-06,4.2072975e-06,5.7706790000000006e-06,9.828983e-06,1.3654722e-05,2.3104243000000002e-05,5.046068000000001e-05,1.556593,0.05502169000000001,0.0003952057,75.09123000000001,54.30939000000001,0.00010716927,6.156090999999999,0.02769888,34.423919999999995,0.0010221185,9.289591389999999e-05,0.05471031,136.63263999999998,0.0010221185,9.289591389999999e-05,0.0062595789999999995,33.186447,0.0010221185,9.289591389999999e-05,0.0033219350000000003,32.403126,0.0010221185,9.289591389999999e-05,0.004548191,1.773604e-05,3.489435e-05,0.09290339,149.68123999999997,0.07743274000000001,-0.00013595589999999998,-0.0012719451,2.0284917e-05,0.00018272390999999997
73,1608211200,2.303355,2.3033729999999997,0.007863731,-1.753641,2.1685790000000003,1.426401,1.887734,1.7988929999999996,0.042437755,0.9666688999999999,2.5242600000000005e-05,9.153599999999998e-06,9.816862e-06,1.2008421000000001e-05,1.6737002999999997e-05,2.2563918999999998e-05,3.508297e-05,6.787078e-05,1.0925612,0.05855771,0.0003770321,73.30613000000001,55.33194999999999,7.646309e-05,6.538917,0.024643429999999997,24.83616,0.0025489561,0.000232960668,0.048070230000000005,95.65625000000001,0.0025489561,0.000232960668,0.006390742,51.6736,0.0025489561,0.000232960668,0.0035100599999999997,52.11659810000001,0.0025489561,0.000232960668,0.0045162100000000005,1.8448e-05,3.547545e-05,-0.02258177,88.49922999999998,0.05845783,-0.0005607286999999999,-0.0014399239,1.9363462999999997e-05,0.0001524321
73,1608211800,4.093854,4.0938799999999995,0.004913548,-1.6113931000000001,2.9613910000000003,1.6824919999999999,2.532153,2.402473,0.6322672290000001,2.1674938999999998,2.203563e-05,6.160946599999999e-06,6.304105100000001e-06,8.446954100000001e-06,1.3607573e-05,1.8475358e-05,3.0937554e-05,6.53602e-05,1.9860849000000003,0.06029463,0.00039491170000000004,75.96908,54.99294,0.00013607718,6.301227,0.02892849,43.05765000000001,0.00134351466,0.000122819611,0.057414110000000004,174.24042,0.00134351466,0.000122819611,0.006239858,38.813818000000005,0.00134351466,0.000122819611,0.003240075,38.08707,0.00134351466,0.000122819611,0.0046752880000000005,2.105553e-05,3.829601e-05,0.07879366,116.41122,0.07876388000000001,0.00030583570000000004,-0.0010567638,2.0683671e-05,0.00017546121
73,1608212400,3.171308,3.171328,0.0009574618000000002,-1.5262718,2.8781380000000003,1.579688,2.398311,2.095563,0.30560772799999997,1.6554853999999999,2.582694e-05,9.6358346e-06,1.0248394099999999e-05,1.2818098e-05,1.8175253e-05,2.4945075e-05,4.0019805e-05,8.116469e-05,1.5142738999999998,0.07081409,0.0003595757,73.98031999999999,55.603480000000005,0.00010532486999999999,6.469106999999999,0.02726746,33.53291,0.00292211651,0.00026703622899999996,0.05425475,133.04662,0.00292211651,0.00026703622899999996,0.006654743,55.10825,0.00292211651,0.00026703622899999996,0.003725587,55.666659,0.00292211651,0.00026703622899999996,0.004585275,2.067087e-05,3.807796e-05,-0.06926998999999998,268.7490900000001,0.10709932999999998,-0.0002245384,-0.0012819338,3.7184656e-05,0.00037400543
73,1608213000,1.6769189999999998,1.6769360000000002,-1.4454899999999903e-05,-1.76634,1.885632,1.226241,1.623723,1.529597,0.011384970999999999,0.69013,1.958921e-05,2.9941689e-06,3.2195397000000007e-06,4.3671327000000005e-06,6.999794e-06,9.897034e-06,1.61994e-05,3.1850489999999995e-05,0.7730907,0.06502801,0.0002616948,79.35819000000001,57.80961,5.5691940000000004e-05,6.423246000000001,0.021228530000000002,18.005480000000002,0.0006125223900000001,5.548205100000001e-05,0.04075911,68.2409,0.0006125223900000001,5.548205100000001e-05,0.005562432,19.433076999999997,0.0006125223900000001,5.548205100000001e-05,0.002487203,18.831756000000002,0.0006125223900000001,5.548205100000001e-05,0.0044814009999999994,1.1484660000000001e-05,2.8779950000000006e-05,0.06343644200000001,42.0112,0.03694776,-0.0010535375000000002,-0.0018374830000000002,7.446164999999999e-06,4.487118e-05
73,1608213600,3.193644,3.193659,0.004120090999999999,-1.6236082000000003,2.5301649999999993,1.4747709999999998,2.23173,1.9515959999999999,0.30059360700000004,1.5589091000000002,2.0918909999999998e-05,4.604126999999999e-06,4.8942906e-06,6.761271100000001e-06,1.1223281000000003e-05,1.5729506999999998e-05,2.6239153999999995e-05,5.6947757e-05,1.5365273000000002,0.05982090999999999,0.00034266120000000003,77.01459000000001,56.778679999999994,0.00010614749,6.302370999999999,0.025726939999999997,34.36519,0.0016663603599999996,0.000151946715,0.05026181999999999,135.0161,0.0016663603599999996,0.000151946715,0.006237039,33.598424,0.0016663603599999996,0.000151946715,0.0031674399999999997,33.661438999999994,0.0016663603599999996,0.000151946715,0.004647620999999999,2.4553299999999997e-05,4.1779109999999995e-05,0.11904401999999999,115.70101,0.07962648,-0.0003394393999999999,-0.0013915073999999999,4.3213036000000006e-05,0.00033467515000000004
73,1608214200,2.283582,2.2836,0.0005592235000000001,-1.5239813999999998,2.404084,1.318164,2.051389,1.76139,0.27058089599999996,1.2026526,1.9802180000000004e-05,3.5351374000000004e-06,3.7694752e-06,5.115901299999999e-06,8.436039999999998e-06,1.1975117e-05,2.0424933e-05,4.3033143000000004e-05,1.0785502,0.0628341,0.00030753489999999997,77.97675999999998,57.33954,7.583719e-05,6.323093000000001,0.0227071,23.988940000000003,0.00278499215,0.000254529917,0.04455422,94.20138999999999,0.00278499215,0.000254529917,0.006577858000000001,55.183445000000006,0.00278499215,0.000254529917,0.0035271160000000003,55.5966802,0.00278499215,0.000254529917,0.0044960849999999995,1.3723860000000001e-05,3.0817730000000004e-05,0.04029549000000001,106.57607,0.06051269,-0.00080557041,-0.0017290066,1.5497879e-05,0.00013656592999999997
73,1608214800,1.7669380000000001,1.7669529999999998,0.0019962029399999996,-1.637332,2.067513,1.2182929999999998,1.7807769999999998,1.6087979999999997,0.171922175,0.9331611000000001,1.937358e-05,2.9088698e-06,3.2071031000000004e-06,4.5370343e-06,7.3536720000000005e-06,1.0661012000000001e-05,1.7937815000000004e-05,3.7968899999999995e-05,0.8203092,0.06278655,0.0002852559,77.78857,58.03185,5.869538999999999e-05,6.342983,0.02094326,19.27878,0.0012140216,0.00011059602100000001,0.04044077,72.12585,0.0012140216,0.00011059602100000001,0.00587242,28.483173999999998,0.0012140216,0.00011059602100000001,0.00281072,28.253665,0.0012140216,0.00011059602100000001,0.0044603049999999995,1.5688955000000002e-05,3.2740009999999996e-05,-0.05645146340000001,194.1644,0.07486844000000001,-0.00104787818,-0.0018815039999999998,2.9162087e-05,0.00028372334000000004
73,1608215400,2.97493,2.9749470000000002,0.006956858000000001,-1.52276193,2.4394479999999996,1.3448792,2.168054,1.934795,0.5131565389999999,1.6927966,2.6647900000000003e-05,1.0946089199999998e-05,1.12752699e-05,1.3412611999999999e-05,1.7627563000000003e-05,2.2583676e-05,3.3708082e-05,6.609133500000002e-05,1.4229374000000001,0.06400741,0.00033320969999999997,77.80042999999998,59.36787000000002,9.887225000000002e-05,6.389882999999999,0.023103210000000002,30.92186,0.0021152969399999997,0.000193236654,0.044963949999999996,123.8269,0.0021152969399999997,0.000193236654,0.006072031,40.264613,0.0021152969399999997,0.000193236654,0.002882598,40.571495299999995,0.0021152969399999997,0.000193236654,0.004401632999999999,1.2630003000000003e-05,2.9568e-05,-0.05000055000000001,149.17183,0.07012151,-0.0007802301000000001,-0.001724494,2.2419062000000003e-05,0.00023068283999999996
73,1608216000,1.6481480000000002,1.648164,0.00390695,-1.4853336000000001,2.052588,1.1118322,1.8268690000000003,1.5406219999999997,0.23627934300000003,0.9965157,1.879406e-05,2.2507518e-06,2.3455044999999996e-06,3.1754955e-06,5.1674019999999995e-06,7.274614999999999e-06,1.2985054999999999e-05,3.0102233e-05,0.763059,0.060613879999999995,0.00033456450000000004,79.67747999999999,60.025929999999995,5.473989e-05,6.378974,0.019357430000000002,17.86724,0.0014133917200000001,0.000128800125,0.037023,66.51741,0.0014133917200000001,0.000128800125,0.005916584000000001,30.279317000000002,0.0014133917200000001,0.000128800125,0.002739291,30.1819688,0.0014133917200000001,0.000128800125,0.004248470999999999,1.07475e-05,2.7745439999999996e-05,0.23919910000000005,139.822462,0.057640588199999995,-0.0014835773,-0.002201125,1.72974489e-05,0.000154235034
73,1608216600,1.0051386,1.0051545,0.0034158717,-1.664901,1.486245,0.9399168999999998,1.3746800000000001,1.2104224000000001,0.013314118,0.420388,1.8996820000000002e-05,2.3746046e-06,2.4493046600000004e-06,2.9113186e-06,3.9927896000000005e-06,5.0440722e-06,7.701786599999998e-06,1.5513773e-05,0.43831410000000004,0.06396087,0.0002514538,86.75331000000001,63.276390000000006,3.3388470000000005e-05,6.2677119999999995,0.016259150000000003,10.498824,0.0015499669000000002,0.000141402296,0.030421400000000005,38.36665,0.0015499669000000002,0.000141402296,0.005671456,27.136731100000002,0.0015499669000000002,0.000141402296,0.002405545,27.322317399999996,0.0015499669000000002,0.000141402296,0.004137842,2.495052e-06,1.939442e-05,0.288885619,47.1324596,0.021870638,-0.0018462300000000001,-0.002396698,2.0813167000000003e-06,2.2356184e-05
73,1608217200,1.7786505,1.7786663,-0.0053490259,0.21937800000000002,2.2204056000000003,0.8437713,1.2591384,1.1710854999999998,0.282877143,1.600074,2.138394e-05,5.274081699999999e-06,5.5814657999999994e-06,6.9380431999999995e-06,9.7225974e-06,1.3366080599999999e-05,2.0700373000000002e-05,4.4111733000000004e-05,0.82744335,0.061483140000000006,0.0002832103999999999,89.08342,77.75387,5.9090619999999994e-05,6.6669290000000005,0.014653006000000001,19.517145000000003,0.00144994149,0.000132359646,0.026991400000000006,73.424979,0.00144994149,0.000132359646,0.006234323,39.629883,0.00144994149,0.000132359646,0.0026936603999999998,39.150887999999995,0.00144994149,0.000132359646,0.004270039,9.666253e-06,2.6469090000000003e-05,0.09845190000000001,240.73518389999998,0.056477653399999994,-0.0014982950000000002,-0.0021385379999999997,2.6424268400000003e-05,0.00028224939600000003
73,1608217800,1.8974452999999998,1.8974625000000003,-0.014896608,-0.6878506,2.2056683999999995,0.8700905000000001,1.9668229,1.5726474,0.6428962157,1.5218576599999998,2.133367e-05,5.06471946e-06,5.33428915e-06,6.713718590000001e-06,9.4316967e-06,1.29134e-05,2.13249416e-05,4.5055589999999995e-05,0.8894639999999999,0.05889022000000001,0.0002580088,92.8404,82.32498000000001,6.302098600000001e-05,6.622304,0.015290459000000003,20.493719,0.0016993869999999997,0.00015515912,0.027931817999999997,77.49381199999999,0.0016993869999999997,0.00015515912,0.006146021999999999,36.621119,0.0016993869999999997,0.00015515912,0.002664423,36.681849,0.0016993869999999997,0.00015515912,0.00427111,1.1924471999999999e-05,2.8824610000000003e-05,0.520183047,333.575860165,0.08762527719999999,-0.0012076315700000001,-0.0021233336,3.2886303e-05,0.00034366390099999994
73,1608218400,0.3121999,0.3122166,-0.0035708721999999997,-1.3748369999999999,0.9256411000000002,0.500666,0.8258127,0.7379099,0.005769864,0.13445809999999997,1.738177e-05,6.097487e-07,6.592850000000001e-07,8.253985000000001e-07,1.1809666e-06,1.6114805000000001e-06,2.5721906e-06,4.6733449999999996e-06,0.1012295,0.054725619999999996,0.0001317416,96.80745,85.17830999999998,1.0354928e-05,6.535680000000001,0.008641404,3.330528,0.000861012905,7.838993080000001e-05,0.01468372,8.905564000000002,0.000861012905,7.838993080000001e-05,0.005339518,15.424881,0.000861012905,7.838993080000001e-05,0.0017267474000000002,15.323415700000002,0.000861012905,7.838993080000001e-05,0.004099324,1.320426e-06,1.8108289999999997e-05,0.007541889999999998,1.10033251,0.0028726076,-0.002254398,-0.0026641279999999995,7.244883e-07,9.721694e-06
73,1608219000,1.5710931,1.5711081999999998,0.008392149,0.1820759999999997,2.3098078,0.8560356,1.2913149000000002,1.1780606,0.279513738,1.7480825,2.5793260000000003e-05,1.0130067160000002e-05,1.1112646780000002e-05,1.3595482919999999e-05,1.83188448e-05,2.491184151e-05,4.0120538200000004e-05,7.82204293e-05,0.7423111,0.04274085,0.00028954899,85.47474,67.81631000000002,5.209040000000001e-05,6.364469000000001,0.014635941999999999,17.101935000000005,0.00107951785,9.842453e-05,0.028291540000000004,64.74446600000002,0.00107951785,9.842453e-05,0.0059386149999999995,32.214329,0.00107951785,9.842453e-05,0.0024823664,31.627635700000003,0.00107951785,9.842453e-05,0.004253102999999999,1.4226252900000001e-05,3.0953789999999994e-05,-0.04026089,341.62580979999996,0.08778507278,-0.0018188719999999998,-0.002450174,4.3281288300000004e-05,0.00044530970100000003
73,1608219600,1.3442070000000002,1.3442235,0.005431643,-1.1807560000000001,1.6962144000000001,0.8289946,1.5106205000000001,1.1659095000000002,0.284620564,0.8727064999999999,1.7300920000000004e-05,8.744832000000001e-07,8.417647099999999e-07,1.3135804e-06,2.6649119e-06,3.8257962999999996e-06,7.3000387000000015e-06,1.9484328000000002e-05,0.6264837999999999,0.04538783,0.00019297090999999999,84.91812,67.77176,4.467521e-05,6.406435,0.014144803000000001,14.931457999999997,0.0018067514,0.0001649623313,0.02734653,55.671170000000004,0.0018067514,0.0001649623313,0.0059479580000000015,34.983177,0.0018067514,0.0001649623313,0.0025086314999999996,35.1188438,0.0018067514,0.0001649623313,0.004176602,5.5383925e-06,2.228211e-05,0.403199705,158.5371237,0.041607854645,-0.0018732459999999999,-0.0025600233000000003,1.5175935899999998e-05,0.000165435288
73,1608220200,0.9884820000000001,0.9884993999999999,-0.002684618,-1.1464191,1.5492095000000001,0.7402948,1.3523286,1.0754201,0.27389158399999997,0.7738739,1.7303539999999997e-05,6.8972587e-07,7.166754200000002e-07,1.1798928e-06,2.4114464e-06,3.7246522000000003e-06,7.4392132e-06,1.92934896e-05,0.444491,0.049507449999999995,0.00020634710000000004,88.92961,70.75428000000001,3.281597e-05,6.390703,0.012617383999999999,10.442395,0.00098677447,8.983979140000001e-05,0.023550170000000002,38.83058,0.00098677447,8.983979140000001e-05,0.005457714000000001,20.4705274,0.00098677447,8.983979140000001e-05,0.0019465302,20.2338661,0.00098677447,8.983979140000001e-05,0.004173267999999999,5.007309e-06,2.191375e-05,0.18032325000000005,180.7294491,0.03976404501,-0.0020888712999999996,-0.002707095,1.8056181800000003e-05,0.000196566058
73,1608220800,1.7984482999999998,1.7984649999999998,0.0004713934000000001,-1.2822662999999999,1.8724320999999997,0.8690353000000002,1.6919393,1.5075081999999997,0.523329218,1.2155364,2.159978e-05,5.309224000000001e-06,5.6010916e-06,6.7598566999999995e-06,9.409343900000002e-06,1.22901011e-05,1.9616425500000004e-05,3.8862331e-05,0.8447678999999999,0.054123109999999995,0.00022931878000000003,91.66239,73.36990999999999,5.976344e-05,6.512887000000001,0.014771568999999998,18.580282999999998,0.00302913701,0.000277534165,0.02802575,72.81654,0.00302913701,0.000277534165,0.0060036180000000005,50.882752,0.00302913701,0.000277534165,0.002502001,51.85570999999999,0.00302913701,0.000277534165,0.004274204,8.6946405e-06,2.5635479999999997e-05,-0.07113648499999999,138.67957959999995,0.05177233059999999,-0.0015900630000000003,-0.0024825847999999998,1.7800598600000005e-05,0.000189921009
73,1608221400,0.6905224,0.6905394,-0.005346110900000001,-1.233012,1.2937139,0.6221741,1.1701481999999999,1.0054804000000002,0.183981677,0.5353315999999999,1.880926e-05,2.1639668200000003e-06,2.29622457e-06,2.81065116e-06,3.9066808e-06,5.0999799e-06,7.968870099999999e-06,1.64945833e-05,0.2880559,0.05700820000000001,0.0001534156,95.04713000000001,79.33145,2.292948e-05,6.385691,0.010775822000000001,7.721352,0.0004632533300000001,4.1846305999999996e-05,0.01904327,25.484844000000002,0.0004632533300000001,4.1846305999999996e-05,0.005311737999999999,10.924411000000001,0.0004632533300000001,4.1846305999999996e-05,0.0017579717000000001,10.574025,0.0004632533300000001,4.1846305999999996e-05,0.004133741000000001,4.897807999999999e-06,2.164338e-05,0.15085579300000002,118.39986470000001,0.02911024311,-0.0023332667,-0.002829312,1.93970822e-05,0.00021021530000000003
73,1608222000,3.048557,3.0485815,-0.004148888,-0.45656869999999994,2.760159,1.1713206,2.3137084999999997,1.7915427999999998,0.780856203,2.1851192999999998,2.3420490000000003e-05,7.84896526e-06,8.35834901e-06,1.044014905e-05,1.4879473599999998e-05,2.006917287e-05,3.24432499e-05,6.98573151e-05,1.4673645,0.05643735,0.0003078702,85.81854000000001,68.363,0.00010131546,6.341481,0.020394653999999998,33.110094,0.003333567508,0.0003047925964,0.03938278,129.096128,0.003333567508,0.0003047925964,0.0066897300000000005,59.3924612,0.003333567508,0.0003047925964,0.0032738246,60.30227699999999,0.003333567508,0.0003047925964,0.004394105,2.02134566e-05,3.7054130000000004e-05,-0.06110713999999998,462.79981399999997,0.12852257008,-0.0008854630000000002,-0.0019732774,5.0309359400000004e-05,0.0005200615880000001
73,1608222600,0.39126920000000004,0.39128620000000003,0.0036774339999999994,-1.3967850000000002,1.0365318,0.5655773000000001,0.9356544,0.8226625999999999,0.004423623,0.16479990000000003,1.751912e-05,5.258725000000001e-07,5.6268248e-07,7.934132500000001e-07,9.874238999999997e-07,1.2675015700000001e-06,2.0349066200000005e-06,4.5685646e-06,0.13631435,0.05917479999999999,0.00013365,94.92407,80.83873000000001,1.299631e-05,6.062827,0.009517147,4.106495000000001,0.00101494368,9.25132792e-05,0.01696917,11.926398,0.00101494368,9.25132792e-05,0.005318865,17.0672937,0.00101494368,9.25132792e-05,0.0017287669000000002,17.0841875,0.00101494368,9.25132792e-05,0.004134141,1.1346717e-06,1.822211e-05,0.015205528400000001,0.57436671,0.001489335257,-0.002387188,-0.002796843,7.284056e-07,9.24375e-06
73,1608223200,0.9403865000000001,0.9404036000000001,-0.003324337,-0.5184730000000001,1.5419723,0.6839948999999999,1.1515102,1.0504824,0.19222474800000003,0.7609708,1.77723e-05,1.18932059e-06,1.4029602e-06,2.0301484600000003e-06,3.2915854000000004e-06,4.88524559e-06,9.0210983e-06,2.0993158599999996e-05,0.41172047,0.05823832999999999,0.00019034220000000002,95.31221000000001,80.22036999999999,3.123338e-05,6.367497999999999,0.011736535000000001,10.140080000000001,0.0014186919940000003,0.0001294003513,0.02122163,35.738388,0.0014186919940000003,0.0001294003513,0.005868033,31.3014482,0.0014186919940000003,0.0001294003513,0.0023473474,31.28656294,0.0014186919940000003,0.0001294003513,0.004182634999999999,8.5245955e-06,2.5398169999999998e-05,-0.003925437999999998,252.18136810000001,0.05743155344999999,-0.0020066959999999997,-0.0025658559,1.3853102599999998e-05,0.00014527184500000002
73,1608223800,2.8188623,2.8188764999999996,-1.4460100000000114e-05,-0.7271201,2.5574277,1.0741075,2.2456812,1.7528403999999997,0.742762782,1.9629997,2.4028609999999996e-05,8.29417915e-06,8.77524462e-06,1.056838851e-05,1.49438615e-05,1.9707219000000002e-05,3.11158297e-05,6.36329756e-05,1.35160349,0.057378469999999994,0.00028094510000000004,88.60825,72.88573,9.367817e-05,6.253174,0.018600311,29.857385,0.0011342257899999999,0.00010326033099999999,0.03591953,118.62844,0.0011342257899999999,0.00010326033099999999,0.0062317629999999995,32.661654000000006,0.0011342257899999999,0.00010326033099999999,0.0027685979,32.0202,0.0011342257899999999,0.00010326033099999999,0.004372278,1.6619426400000003e-05,3.34961e-05,-0.019164599999999987,338.40487210000003,0.10123917930000001,-0.0010630676999999998,-0.002122134,4.40846317e-05,0.00047107380099999996
73,1608224400,0.9564058000000001,0.9564232,0.0005678759,-1.309235,1.2735011,0.6688785,1.1658352,1.0386689,0.151928905,0.47898569999999996,1.767197e-05,1.26071335e-06,1.27016457e-06,1.7040851e-06,2.6237987e-06,3.49100153e-06,5.940986e-06,1.31162894e-05,0.41902147999999995,0.05898017,0.00017030429999999997,103.39565999999999,84.05175,3.1790623e-05,6.319533999999999,0.011472021,9.860013,0.0014054496000000002,0.0001281399,0.020741730000000003,36.468648,0.0014054496000000002,0.0001281399,0.006036721,31.720712000000002,0.0014054496000000002,0.0001281399,0.002492551,31.571644000000003,0.0014054496000000002,0.0001281399,0.004159927999999999,5.3880375e-06,2.218941e-05,0.080654523,118.64888690000001,0.0330739126,-0.0021717060000000002,-0.0027433358,1.4943400299999998e-05,0.00016256269
73,1608225000,0.31551629999999997,0.3155335,0.0021376161,-1.1985785000000002,1.2404256,0.4966035,0.8525884999999999,0.7460478,0.0032562760000000002,0.1310376,1.844964e-05,1.21049653e-06,1.4739381499999999e-06,2.93960155e-06,1.5608744999999998e-06,5.588866e-06,8.626895900000001e-06,7.974048900000001e-06,0.09789936,0.05966119999999999,0.00016634389999999998,97.70859,88.0375,1.0450187e-05,6.701813999999999,0.008528609,3.312107,0.00038265178999999995,3.44816704e-05,0.014399410000000001,8.535436,0.00038265178999999995,3.44816704e-05,0.005266915,10.395564000000002,0.00038265178999999995,3.44816704e-05,0.0016345441,9.976021,0.00038265178999999995,3.44816704e-05,0.004117053,7.945179000000001e-07,1.7736429999999997e-05,0.024600109,5.3376004,0.0024531709999999997,-0.002657442,-0.003030143,7.246792e-07,9.446987999999998e-06
73,1608225600,2.7595239,2.7595503,-0.006428179000000001,-0.5537219999999999,2.5261527,1.0408722999999998,2.1620529,1.5341345,0.7019039589999999,1.9673289999999999,2.273846e-05,6.78791465e-06,7.08521643e-06,8.76549052e-06,1.28156218e-05,1.694001399e-05,2.7429105470000004e-05,5.72549485e-05,1.32241286,0.05694359000000001,0.00026518770000000003,90.91638,75.70354,9.1712681e-05,6.39739,0.018201866,29.264010000000003,0.0041179661,0.00037668079,0.03469581,116.31096399999998,0.0041179661,0.00037668079,0.006619396000000001,68.764968,0.0041179661,0.00037668079,0.00316562,70.38805500000001,0.0041179661,0.00037668079,0.004371875999999999,1.7148609399999998e-05,3.4035959999999995e-05,-0.12756119999999999,359.6964734,0.10432091023999998,-0.0012161199999999998,-0.0021990795000000002,5.0578701200000003e-05,0.000527816718
73,1608226200,0.9437662999999998,0.9437835,-0.004220215,-1.348142,1.2292504,0.6631066999999999,1.1317848000000001,1.0261442,0.14308122799999998,0.4656041,1.732939e-05,5.536771799999999e-07,5.1176954e-07,7.977029200000001e-07,1.6075521e-06,2.20607318e-06,4.2454081e-06,1.1371685999999998e-05,0.41450651999999993,0.05719103000000001,0.0001630444,96.21268999999998,84.33816,3.1372088e-05,6.1795089999999995,0.011436345999999998,10.008185999999998,0.00095453154,8.68491362e-05,0.02050294,36.189008,0.00095453154,8.68491362e-05,0.0055839029999999994,17.3803426,0.00095453154,8.68491362e-05,0.0020110450000000004,17.29471901,0.00095453154,8.68491362e-05,0.004196719,6.3188323e-06,2.33103e-05,0.10256247300000002,65.42447010000001,0.027539273149999998,-0.002198465,-0.0027538073999999997,1.59420215e-05,0.00012744942600000002
73,1608226800,0.2780631,0.27808019999999994,0.0064403616,-1.2180399999999998,0.9140903,0.4577019,0.8344755000000001,0.6927960000000001,0.003016571,0.11626240000000002,1.737351e-05,2.8536571999999995e-07,2.9406165e-07,3.8503382999999997e-07,5.438629000000001e-07,6.7209452e-07,1.0737928299999998e-06,2.3973009e-06,0.0817604,0.057148010000000006,0.00011620817000000002,103.67315,91.35787,9.228862e-06,6.2031909999999995,0.007921536000000002,2.942798,0.0007237827999999999,6.571163e-05,0.01321675,7.207396,0.0007237827999999999,6.571163e-05,0.005391534,13.477866,0.0007237827999999999,6.571163e-05,0.0017146809999999998,13.346658999999999,0.0007237827999999999,6.571163e-05,0.004134980999999999,7.202706e-07,1.7817229999999998e-05,0.043426059999999995,0.7245468,0.0002039533,-0.002719459,-0.003079206,7.169153000000001e-07,8.963861e-06
73,1608227400,3.0340299,3.0340432999999996,0.004286824999999999,-0.8613182,2.4789008000000003,1.1153834999999999,2.1343404,1.7601915,0.54187091,1.87621416,2.19976e-05,5.9003313099999995e-06,6.118315259999999e-06,7.845933950000001e-06,1.2508251499999999e-05,1.718573267e-05,2.9548254500000002e-05,6.850943549999999e-05,1.4619170000000001,0.05458665,0.0003550276999999999,87.44827999999998,77.52096000000002,0.00010075013000000002,6.411214000000001,0.019476735000000002,32.739993999999996,0.00083139363,7.5579054e-05,0.03751191,129.01587999999998,0.00083139363,7.5579054e-05,0.006395979,38.67706,0.00083139363,7.5579054e-05,0.0028904971,37.6139425,0.00083139363,7.5579054e-05,0.004432295,1.68160346e-05,3.4092329999999994e-05,0.051966657000000006,290.2324022,0.09112436110000001,-0.0011108024999999999,-0.0020968451,3.8599939e-05,0.00037629115399999993
73,1608228000,0.2753464,0.27536360000000004,0.0052112282,-1.265605,0.8951523,0.4553234,0.8002742999999999,0.7048340000000001,0.002428653,0.11413549999999999,1.7284840000000004e-05,2.2524145e-07,2.2411565e-07,2.9548385e-07,4.2621315e-07,5.087874400000001e-07,7.7876552e-07,1.8285934e-06,0.07771104999999999,0.05982976999999999,0.00012730889999999998,109.31080000000001,93.70282999999999,9.132038e-06,6.269302999999999,0.007984618,2.925083,0.0007790608820000001,7.083306840000001e-05,0.0128751,6.839074999999999,0.0007790608820000001,7.083306840000001e-05,0.0053874529999999995,14.423805000000002,0.0007790608820000001,7.083306840000001e-05,0.0017111447000000002,14.254580999999998,0.0007790608820000001,7.083306840000001e-05,0.0041276659999999995,7.126280000000001e-07,1.7746029999999998e-05,0.017555229999999998,3.7708687,0.00148729871,-0.002731066,-0.0030862230000000004,7.160330999999999e-07,9.225007999999999e-06
73,1608228600,0.3125804,0.31259780000000004,0.0063035732,-1.3476409999999999,0.9297660000000001,0.4964430999999999,0.8333129999999999,0.7477352,0.003423735,0.1316493,1.7420480000000002e-05,2.2794991999999995e-07,2.4182400999999997e-07,3.4425318999999995e-07,5.577957e-07,7.03619e-07,1.248253e-06,2.9627242000000006e-06,0.09685698000000001,0.059318159999999995,0.00010843376000000001,101.2471,88.30974,1.0373003999999998e-05,6.390231999999999,0.008577613,3.3168990000000003,0.00035277909,3.17509161e-05,0.01435974,8.516914000000002,0.00035277909,3.17509161e-05,0.0050985449999999995,8.086839800000002,0.00035277909,3.17509161e-05,0.001432989,7.7070901,0.00035277909,3.17509161e-05,0.004153507,9.138493999999999e-07,1.811123e-05,0.0067976899999999995,9.5172978,0.0032136225000000004,-0.002670371,-0.003041209,9.226776e-07,1.1331277e-05
73,1608229200,3.3851880000000003,3.3852021000000008,-0.00014570449999999987,1.2003956,3.5632096999999994,1.2257837999999999,2.1435280000000003,1.8056041,0.6913228670000001,2.6308303,2.4317969999999998e-05,8.476552780000001e-06,9.29851702e-06,1.2044068100000001e-05,1.7545996899999998e-05,2.5164383600000002e-05,4.4375577e-05,9.458513399999998e-05,1.63569457,0.056278209999999995,0.0004028105,77.26408,67.52973,0.00011240652500000001,6.672332,0.021233143000000003,36.398423,0.005481911690000001,0.0005018163929999999,0.0413473,142.96819299999999,0.005481911690000001,0.0005018163929999999,0.007638555,100.648394,0.005481911690000001,0.0005018163929999999,0.004195554,102.413184,0.005481911690000001,0.0005018163929999999,0.0044724000000000005,1.94736596e-05,3.685133e-05,0.439174045,511.72372729999995,0.12822107240999997,-0.000923576,-0.00199473966,5.92688738e-05,0.000633432773
73,1608229800,0.30314230000000003,0.30315919999999996,0.012592323999999998,-1.3627980000000002,0.9105652000000001,0.48861750000000004,0.8067247,0.7486728,0.0028633779999999998,0.1268114,1.766985e-05,4.882992099999999e-07,5.2558618e-07,6.5793277e-07,8.962145999999999e-07,1.1893841000000001e-06,1.8362677000000003e-06,3.9734749e-06,0.0915373,0.05995946,6.374789999999999e-05,96.79511999999998,89.82622,1.0061978999999999e-05,6.276762,0.008464281,3.198329,0.00072059735,6.5521719e-05,0.01395529,8.032635,0.00072059735,6.5521719e-05,0.00529628,12.7798485,0.00072059735,6.5521719e-05,0.0016197819,12.607368699999999,0.00072059735,6.5521719e-05,0.004152313,8.069683000000001e-07,1.803858e-05,0.0158673265,3.6429465,0.0024663880200000003,-0.0026869249999999997,-0.0030536879999999997,7.944070000000001e-07,9.56498e-06
73,1608230400,0.9039839000000001,0.9040013,0.019096379000000004,-1.2004362,1.2284621,0.6232754999999999,1.1312966,1.0039808999999997,0.148911372,0.45886868000000003,1.764937e-05,8.319416e-07,8.522697099999999e-07,1.21127346e-06,2.1235643e-06,2.90740416e-06,5.2678766699999994e-06,1.23420641e-05,0.39355516,0.058312850000000006,9.696221999999999e-05,100.28638000000001,89.40718,3.0035386e-05,6.383345,0.010809479,9.637792999999999,0.00063370853,5.7441936200000005e-05,0.019109110000000002,34.289461,0.00063370853,5.7441936200000005e-05,0.005323851,11.461661,0.00063370853,5.7441936200000005e-05,0.0017272841,11.218059,0.00063370853,5.7441936200000005e-05,0.0041954489999999995,7.3772180999999994e-06,2.4354060000000002e-05,-0.03771911602,59.94744579999999,0.028413237889999998,-0.002234918,-0.0027743659999999995,1.4141177800000004e-05,0.00012334398
73,1608231000,1.9359653000000001,1.9359833000000002,0.021650031479999998,-0.6389878,2.1477284,0.7996899,1.9405715000000001,1.6069621,0.6729794590000001,1.4677285699999998,1.830682e-05,2.1055317599999996e-06,2.24937249e-06,3.2907993900000004e-06,6.130805400000001e-06,8.8426557e-06,1.66066587e-05,3.8240863200000004e-05,0.9100768800000001,0.05760213000000001,0.00022487864000000002,90.6727,85.78676999999999,6.4323275e-05,6.2830889999999995,0.013942557999999999,20.206981000000003,0.0014223516999999999,0.000129928287,0.025955619999999995,79.15521,0.0014223516999999999,0.000129928287,0.005987645,35.05965500000001,0.0014223516999999999,0.000129928287,0.0023882917000000005,34.6762121,0.0014223516999999999,0.000129928287,0.00431692,1.18582667e-05,2.8893799999999998e-05,-0.35611227900000003,232.92959219999997,0.0739149607,-0.0015078332299999998,-0.0024556221,3.0536150400000004e-05,0.00032630654099999996
73,1608231600,1.4649704,1.4649869,0.0168237355,-1.0860809,1.5364964,0.7344866999999999,1.4163439999999998,1.2773638999999999,0.320355591,0.81403848,1.833824e-05,1.5886892899999998e-06,1.6447362000000001e-06,2.22077605e-06,3.8167403e-06,5.184069600000001e-06,8.877565100000002e-06,2.14554786e-05,0.6753919199999999,0.05692677,0.00012033991,98.30435,91.90590999999999,4.8687824000000004e-05,6.208671,0.012938444000000002,16.228492000000003,0.0009275304,8.432176e-05,0.023164789999999998,59.741662000000005,0.0009275304,8.432176e-05,0.005528824,16.37338,0.0009275304,8.432176e-05,0.00195967,16.273604,0.0009275304,8.432176e-05,0.0042303340000000005,8.490378099999999e-06,2.548872e-05,-0.0173447478,190.18956740000002,0.0540140618,-0.0018571870000000002,-0.0025856216,1.8660815699999998e-05,0.000192847023
73,1608232200,0.31855870000000003,0.3185753,0.012467499,-1.37464,0.9252282,0.5047351,0.8346254,0.7534354000000001,0.0026570960000000003,0.13195459999999998,1.734123e-05,5.098768e-07,5.397215999999999e-07,6.758798999999999e-07,9.230500000000001e-07,1.2126404e-06,1.8635124e-06,3.939853e-06,0.10172385000000002,0.057476929999999996,6.774963000000001e-05,95.15864,86.21361000000002,1.057758e-05,6.405194999999999,0.008665659000000001,3.3659710000000005,0.00073367897,6.6677094e-05,0.014736519999999998,8.930375000000002,0.00073367897,6.6677094e-05,0.005280661000000001,13.8213301,0.00073367897,6.6677094e-05,0.0016653816000000003,13.603730500000001,0.00073367897,6.6677094e-05,0.004108957,8.464475999999999e-07,1.772425e-05,0.009995216000000001,1.4826498000000001,0.0015022939309999998,-0.002590171,-0.002965479,7.314002e-07,9.322354e-06
73,1608232800,1.6926493999999999,1.6926641,0.0042586789,-0.7548139999999999,1.7654040000000002,0.7843182000000001,1.3647794999999998,1.1509104000000001,0.313043673,1.1721442999999998,1.959505e-05,3.1126211899999996e-06,3.1910422599999996e-06,4.09597024e-06,6.146765299999999e-06,8.41764125e-06,1.415453658e-05,3.16291848e-05,0.79138596,0.05468711,0.00017758875,95.40051,82.02064,5.6223646e-05,6.163289999999999,0.013689863,17.969538,0.00042835792,3.86412755e-05,0.0250678,69.897588,0.00042835792,3.86412755e-05,0.0054913209999999995,19.174238999999996,0.00042835792,3.86412755e-05,0.0018901159,18.393644700000003,0.00042835792,3.86412755e-05,0.004278224,7.2454806e-06,2.4246350000000002e-05,0.2813596904,138.41388189999998,0.042744406900000004,-0.001921834,-0.002511231,1.5667665599999996e-05,0.000170981504
73,1608233400,1.9517658,1.9517819999999997,-0.0014235008000000001,-0.4180852,2.2490564,0.9008301,1.8302800000000001,1.5199219999999998,0.616287977,1.5837033999999999,1.879407e-05,2.49911858e-06,2.8255529e-06,4.165775140000001e-06,7.1823496e-06,1.076833266e-05,1.97210986e-05,4.71505137e-05,0.92154811,0.05398104,0.00025763922,89.92465,73.71971,6.479684999999999e-05,6.377704,0.015708974,20.86334,0.00257552187,0.00023550323300000004,0.02948374,80.71981199999999,0.00257552187,0.00023550323300000004,0.006300710000000001,50.320994999999996,0.00257552187,0.00023550323300000004,0.002796064,50.940861,0.00257552187,0.00023550323300000004,0.0042919379999999995,1.4192066900000004e-05,3.117689e-05,0.0006965630000000149,493.5264538,0.106109331,-0.0015785545000000002,-0.0024659968,3.6629452e-05,0.000389340461
73,1608234000,0.37028050000000007,0.3702971,0.009414901,-1.386582,1.007654,0.5490774999999999,0.9103402999999999,0.8070997,0.005003163,0.1562075,1.727287e-05,4.963895799999999e-07,4.9670673e-07,6.192017e-07,8.787308999999999e-07,1.0856316e-06,1.7038286999999996e-06,3.7119480999999996e-06,0.1271407,0.05792659,6.273761000000001e-05,96.9159,81.59675999999999,1.230061e-05,6.177071,0.009300653,3.9199169999999994,0.00040618681,3.6661903199999993e-05,0.016465279999999995,11.213227,0.00040618681,3.6661903199999993e-05,0.005059546,8.761044,0.00040618681,3.6661903199999993e-05,0.0014689548,8.3961296,0.00040618681,3.6661903199999993e-05,0.004105311,8.747842000000001e-07,1.772141e-05,0.029468152000000004,1.9730416000000002,0.00211260087,-0.0025556529999999997,-0.0029387499999999995,7.235072e-07,9.069163e-06
73,1608234600,1.9279065,1.9279224,0.0030018650000000003,-0.5110919999999999,2.20143,0.8903186000000002,1.6358363,1.3215401999999998,0.41786779799999996,1.6235496999999999,1.895489e-05,2.80562568e-06,3.1917840899999993e-06,4.639907740000001e-06,8.276602699999998e-06,1.2533483199999998e-05,2.308684537e-05,5.6337158400000005e-05,0.9037003,0.059827160000000004,0.00031080253,91.06855,76.07923,6.399657e-05,6.225796,0.015434164999999996,20.959887,0.0037983644499999998,0.000347441521,0.029012649999999994,79.58564,0.0037983644499999998,0.000347441521,0.006445413,69.142329,0.0037983644499999998,0.000347441521,0.002952982,70.438142,0.0037983644499999998,0.000347441521,0.004294395999999999,1.2088132600000001e-05,2.8945749999999996e-05,0.031131445000000025,224.43179339999998,0.0650477981,-0.0016927441000000002,-0.0024390770000000004,3.5432396599999995e-05,0.0003504725790000001
73,1608235200,1.3131034,1.3131197000000001,-0.0003271488000000001,-1.0964680999999998,1.6130375000000001,0.7290418,1.4848205,1.297689,0.37146866599999995,0.8998845000000003,2.06309e-05,4.18439953e-06,4.384250399999999e-06,5.279854579999999e-06,7.089562600000001e-06,9.199565559999997e-06,1.404913447e-05,2.9309116900000002e-05,0.5966948700000001,0.05966417,0.000115098,96.52681,83.12303,4.3630375e-05,5.916165,0.012704077,13.678605000000001,0.0014290264,0.00013034898,0.022979930000000003,51.560615999999996,0.0014290264,0.00013034898,0.00609873,28.53695,0.0014290264,0.00013034898,0.002549411,28.499990000000004,0.0014290264,0.00013034898,0.004198288,6.7350196e-06,2.358511e-05,-0.07707199799999999,185.2837053,0.0477263072,-0.00198217581,-0.0026727742000000002,2.0724145400000003e-05,0.00022510105999999996
73,1608235800,0.9095108,0.9095261000000001,-0.0007267824000000001,-0.7643207000000001,1.4874454,0.6325558,1.2423750999999998,1.008518,0.280847201,0.7858433999999999,1.974604e-05,3.3159350400000004e-06,3.54461552e-06,4.2986925999999994e-06,6.062157200000001e-06,8.15988435e-06,1.3337493800000001e-05,2.6781672599999994e-05,0.39993963,0.05462483,0.00012144038,96.09284,83.20358,3.0189167999999998e-05,6.398102,0.011190343,9.827026,0.001971463243,0.00018008767910000003,0.01955373,35.732875,0.001971463243,0.00018008767910000003,0.005702381,34.091529,0.001971463243,0.00018008767910000003,0.0021321758,34.550887,0.001971463243,0.00018008767910000003,0.004160332,7.0522458e-06,2.376858e-05,0.14187594800000003,225.48481299999997,0.0521070155,-0.002221445,-0.002799703,2.51546896e-05,0.000272727098
73,1608236400,1.7173053,1.7173200000000002,0.0018703789999999997,1.1398570000000003,2.1711284,0.7709642000000001,1.1813232,1.124697,0.239285082,1.6627664000000002,2.0585230000000003e-05,4.165565020000001e-06,4.68156646e-06,6.53256439e-06,9.836946300000001e-06,1.5031086900000002e-05,2.6875062140000003e-05,6.01149981e-05,0.8035597699999999,0.054630979999999996,0.00032861607999999995,93.40557000000001,81.98214,5.696095000000001e-05,6.436691999999999,0.013499284,17.993906000000003,0.005232933300000001,0.000478971999,0.02447704,69.606067,0.005232933300000001,0.000478971999,0.006838667,90.79697700000001,0.005232933300000001,0.000478971999,0.003239721,92.771447,0.005232933300000001,0.000478971999,0.004299733,7.7527359e-06,2.4964220000000002e-05,0.023099579999999988,261.1101056,0.0476451477,-0.0020116500000000002,-0.002550442,1.94917689e-05,0.00020744234400000002
73,1608237000,1.3373912999999997,1.3374077999999998,0.0007938468000000002,-1.1300386999999998,1.599461,0.7351694999999998,1.4683945,1.2860641000000002,0.362728556,0.8938303,1.949745e-05,2.84988762e-06,2.87467032e-06,3.511897619999999e-06,5.0097544e-06,6.3728006199999995e-06,1.0444699799999999e-05,2.2944249000000004e-05,0.61305425,0.05545614,0.00012827441000000001,92.97133,81.45957000000001,4.444628699999999e-05,6.322593,0.012790165000000001,13.919145999999998,0.0017781367539999998,0.0001623179134,0.023303360000000002,53.15645000000001,0.0017781367539999998,0.0001623179134,0.005691521,29.9534512,0.0017781367539999998,0.0001623179134,0.0021163423,30.315690339999996,0.0017781367539999998,0.0001623179134,0.0042203629999999995,4.993405199999999e-06,2.204306e-05,0.41178785200000007,134.3170085,0.0390108792,-0.0019958305000000003,-0.0026816601,9.837892500000002e-06,9.9530195e-05
73,1608237600,0.9180749,0.9180915000000001,-0.004608984,-0.9451775,1.4913455,0.6327678,1.3306162000000001,1.080183,0.31085841500000005,0.7801145999999999,1.7301910000000002e-05,7.6638797e-07,8.8377015e-07,1.5081326900000002e-06,2.7043313000000006e-06,4.35607426e-06,8.568325599999999e-06,2.0910371600000003e-05,0.40449271,0.05434978,0.00015266501,97.8481,83.18801,3.0476396999999997e-05,6.401101,0.011161462,9.658221,0.0008151864330000001,7.43754302e-05,0.01950963,35.595352,0.0008151864330000001,7.43754302e-05,0.005602900000000001,21.63631,0.0008151864330000001,7.43754302e-05,0.002020953,21.213926,0.0008151864330000001,7.43754302e-05,0.004168516999999999,6.9478186e-06,2.37276e-05,-0.16251763909999997,227.99625159999997,0.04908194585,-0.0022550361000000002,-0.002846182,2.5544985499999997e-05,0.00027679959099999996
73,1608238200,1.6740129000000004,1.6740303,-0.0017094099999999997,-1.1702967999999998,1.7518654999999999,0.7762809000000002,1.5703596000000002,1.3852177,0.492391531,1.1462016,2.1548189999999997e-05,5.163691459999999e-06,5.38899222e-06,6.541360520000001e-06,8.975479000000002e-06,1.14676881e-05,1.78179576e-05,3.6290350099999995e-05,0.7816491200000001,0.05510811,0.00015315191,94.86524,82.91392,5.561071900000001e-05,6.377799000000001,0.013543498000000001,17.267785999999997,0.00079866902,7.2545516e-05,0.02466475,68.03681,0.00079866902,7.2545516e-05,0.0056886689999999995,22.880989999999997,0.00079866902,7.2545516e-05,0.0020815104,22.322039999999998,0.00079866902,7.2545516e-05,0.004274485,8.2051429e-06,2.5152630000000002e-05,-0.07536200800000001,116.08993459999996,0.04620616400000001,-0.0017527014,-0.0025617198,2.00828233e-05,0.00021837121500000004
73,1608238800,0.8868914999999999,0.8869079,-0.0023379883,-0.9971423000000001,1.5119341999999998,0.6350342,1.3518415999999998,1.1412721000000001,0.318383968,0.7848973,1.752954e-05,9.0201331e-07,1.00818977e-06,1.53025988e-06,2.8389924e-06,4.2010913e-06,7.814736300000002e-06,1.99362671e-05,0.38885180999999996,0.05441172,0.00014348288000000001,95.06924000000001,81.94721,2.9434801999999997e-05,6.482659,0.011230696,9.984213999999998,0.0013232597459999999,0.00012075932940000002,0.01956619,34.478162000000005,0.0013232597459999999,0.00012075932940000002,0.005752136,25.078893,0.0013232597459999999,0.00012075932940000002,0.0021669208,25.149409000000002,0.0013232597459999999,0.00012075932940000002,0.004173690000000001,6.548986e-06,2.341126e-05,-0.0013355770000000003,218.8122295,0.04800579084,-0.0022757836,-0.002855837,2.5396673500000005e-05,0.000274799033
73,1608239400,1.3923266,1.3923441000000003,-0.000166818,-1.1321332,1.6626509000000003,0.7568108,1.4904829999999998,1.3082642000000002,0.37767842900000004,0.9429075000000001,1.92188e-05,2.7852414799999997e-06,2.89214198e-06,3.5965793000000003e-06,5.3489877e-06,6.982555099999998e-06,1.17579048e-05,2.54536852e-05,0.64180059,0.05415895,0.00014272630999999998,93.21338999999999,79.32578000000001,4.6255181000000005e-05,6.460289,0.013270234,14.730567999999996,0.0013950604,0.00012714369,0.0243088,56.65112700000001,0.0013950604,0.00012714369,0.006110289999999999,31.679130000000004,0.0013950604,0.00012714369,0.002544902,31.542977999999998,0.0013950604,0.00012714369,0.004213455,5.945054000000001e-06,2.287586e-05,0.20054599,151.6601311,0.042490500890000005,-0.0019148893,-0.0026312405000000006,1.3943518200000002e-05,0.000141972288
73,1608240000,1.6582462000000002,1.6582634000000003,-0.0017115966,-1.113663,1.7498789,0.761443,1.5826613999999999,1.4168678,0.51499463,1.1511171,2.172725e-05,5.57315321e-06,5.885739629999999e-06,7.034075899999999e-06,9.853752599999999e-06,1.2618334500000002e-05,1.9800804e-05,3.7883001e-05,0.7740048899999998,0.05488516,0.00012893715,93.26777,83.81787,5.5094120000000006e-05,6.365353,0.013552851999999999,18.313263,0.0014368001300000001,0.00013156836799999998,0.024365329999999998,68.91490999999999,0.0014368001300000001,0.00013156836799999998,0.005721312,26.897817000000003,0.0014368001300000001,0.00013156836799999998,0.0021430908,26.971066999999998,0.0014368001300000001,0.00013156836799999998,0.004262057,1.12022638e-05,2.799298e-05,-0.028834790000000006,165.60736741999997,0.061356466500000005,-0.001561603,-0.0024428137,2.4499925900000002e-05,0.000261050311
73,1608240600,0.8920394999999999,0.8920565999999999,-0.0036372301999999996,-0.3419009999999999,1.494195,0.6206040999999999,1.0804081,0.9999675000000001,0.22200829399999997,0.7711284,1.7232190000000003e-05,5.834827e-07,6.461064999999999e-07,1.148149e-06,2.2489184e-06,3.6408729e-06,7.2728254e-06,1.93823106e-05,0.39053596999999995,0.05529451999999999,0.00015279619000000002,95.08856,85.3856,2.9612053000000002e-05,6.650424000000001,0.011040047,9.44516,0.00103453935,9.423984950000001e-05,0.01907167,33.977262,0.00103453935,9.423984950000001e-05,0.005658657,21.574619300000002,0.00103453935,9.423984950000001e-05,0.0020711293,21.4660012,0.00103453935,9.423984950000001e-05,0.00416914,4.9179034999999995e-06,2.178466e-05,-0.5034150900000001,194.91230599999997,0.039253557700000004,-0.002206531,-0.0027794882999999998,9.6362423e-06,0.000101645399
73,1608241200,1.2556379999999998,1.2556555,-0.0024218638399999995,-1.07001881,1.6131488,0.6991189999999999,1.4644954000000001,1.2798021,0.37663442199999997,0.8782025999999998,1.8147760000000003e-05,1.4509485399999998e-06,1.58057863e-06,2.21789872e-06,3.8027682000000005e-06,5.22883493e-06,9.4091641e-06,2.1174722899999997e-05,0.5715351,0.056099300000000005,0.00013715322,98.82273,84.16066,4.172279e-05,6.157679,0.012349549000000001,13.203133000000003,0.00058135042,5.2611111e-05,0.022093810000000002,49.773308,0.00058135042,5.2611111e-05,0.005572152,17.998748,0.00058135042,5.2611111e-05,0.0019696499000000003,17.451940999999998,0.00058135042,5.2611111e-05,0.0042358100000000004,8.151083499999999e-06,2.527461e-05,-0.03295457000000001,201.4764439,0.054261290899999995,-0.0019701085,-0.002681283,2.9240683400000003e-05,0.00031668857600000006
73,1608241800,1.5694236000000001,1.569439,-0.0039114549999999994,-1.046063,1.6835756,0.7531752999999999,1.423656,1.2482254,0.29236995699999996,0.986394,1.7795200000000002e-05,1.3152788899999998e-06,1.44132444e-06,2.3007943699999998e-06,4.5385712e-06,6.6913880900000015e-06,1.283597543e-05,3.09146267e-05,0.73135813,0.053102300000000005,0.00019124522000000003,94.65486999999999,85.08403999999999,5.212977e-05,6.204489000000001,0.013588816,17.041030999999997,0.0006447185009999999,5.8471636700000004e-05,0.024410179999999997,65.280078,0.0006447185009999999,5.8471636700000004e-05,0.0055998670000000006,20.378113199999998,0.0006447185009999999,5.8471636700000004e-05,0.0020007197,19.7581529,0.0006447185009999999,5.8471636700000004e-05,0.004289742,1.3568057900000002e-05,3.049145e-05,0.04507466000000001,121.09176209999998,0.05742242650000001,-0.001839506,-0.0025054000000000005,3.13698823e-05,0.00027963323200000005
73,1608242400,0.27874570000000004,0.2787624,0.0032625376000000005,-1.370876,0.8470008,0.468408,0.7646108999999999,0.7234719999999999,0.0035514279999999997,0.11749420000000002,1.7049269999999997e-05,2.5423968000000004e-07,2.6952158e-07,3.6586535e-07,5.487166e-07,6.802596100000001e-07,1.0950674e-06,2.4979019e-06,0.08373936000000001,0.05556017,6.64778e-05,102.33791,90.05456,9.254329e-06,6.3844639999999995,0.008295911,2.9814549999999995,0.00089144065,8.1088896e-05,0.01345344,7.471416,0.00089144065,8.1088896e-05,0.005442401,15.604662,0.00089144065,8.1088896e-05,0.001789256,15.551013999999999,0.00089144065,8.1088896e-05,0.0041040140000000004,8.131508e-07,1.7652470000000002e-05,0.0129080899,1.3120066000000001,0.00123993385,-0.002615251,-0.002986153,7.009302999999999e-07,9.015984000000001e-06
73,1608243000,1.2876006,1.2876182999999999,-0.000384511,-0.59601,1.6661382,0.729573,1.2214121999999998,1.0979957,0.250531299,0.9149013000000001,1.753768e-05,9.354247000000001e-07,1.0182910699999999e-06,1.70691161e-06,3.2549992000000002e-06,4.76197932e-06,9.241063000000002e-06,2.1962372799999998e-05,0.5877454,0.05586233,0.00014764486,94.3586,80.52545,4.2790962e-05,6.154434,0.012985989,14.065954,0.0010308864099999998,9.40231231e-05,0.023396010000000002,52.439909,0.0010308864099999998,9.40231231e-05,0.005829712,24.8730773,0.0010308864099999998,9.40231231e-05,0.0022483660000000003,24.56725851,0.0010308864099999998,9.40231231e-05,0.004225143,8.0159614e-06,2.5051070000000003e-05,0.16153857,232.25952730000003,0.05492174581000001,-0.002032902,-0.0026383437000000003,2.99114958e-05,0.00032440321300000003
73,1608243600,2.2201117999999997,2.2201367000000003,0.0012277326999999998,-0.530772,2.1085405,0.9373210000000001,1.5145212999999997,1.4024306,0.283658958,1.4329611,2.230797e-05,6.4881873e-06,6.37638123e-06,6.399850499999999e-06,9.611824599999999e-06,1.5260992799999996e-05,2.8202257199999998e-05,5.0182518800000005e-05,1.0541231899999999,0.05563784000000001,0.00016791828999999998,89.54201,79.20079,7.3808373e-05,6.464009,0.016668403,24.923719,0.00122682512,0.00011174430970000001,0.030922039000000002,94.32359800000002,0.00122682512,0.00011174430970000001,0.005803879,25.046906,0.00122682512,0.00011174430970000001,0.0022657536,24.858900999999996,0.00122682512,0.00011174430970000001,0.00432001,1.16113946e-05,2.862619e-05,0.171649222,233.114997,0.06328811634,-0.001429165,-0.0022166006,2.03478175e-05,0.00020328502600000005
73,1608244200,0.2303715,0.2303884,-0.010253747,-1.0909209,0.8719391,0.40165759999999995,0.751898,0.6486947000000001,0.0036099860000000004,0.09841176,1.702895e-05,1.6275697e-07,1.7766368999999998e-07,2.5524048e-07,3.906129e-07,4.5640631999999993e-07,7.496059e-07,1.6536760000000001e-06,0.05573269000000001,0.05937486000000001,7.365309999999999e-05,106.59311,102.02869999999999,7.649189000000001e-06,6.172232,0.0075736169999999995,2.473042,0.0007803243499999999,7.0908845e-05,0.010931093,4.979096,0.0007803243499999999,7.0908845e-05,0.005372864999999999,14.13115,0.0007803243499999999,7.0908845e-05,0.0016689639999999998,13.986521999999999,0.0007803243499999999,7.0908845e-05,0.004112286,8.161350000000001e-07,1.771443e-05,-0.048765083,4.5198536,0.00220184636,-0.0026475639999999994,-0.0030192770000000003,7.434575999999999e-07,9.414899e-06
73,1608244800,1.9762067,1.9762242,0.0014306610000000002,-0.6351006,2.2739191999999995,0.9083451,1.9857234000000001,1.5995737999999997,0.636526434,1.52836672,2.063206e-05,4.0629118799999996e-06,4.27504198e-06,5.5218655800000005e-06,8.466994299999999e-06,1.1600790320000003e-05,1.9864114299999998e-05,4.4896844e-05,0.92893787,0.05881095000000001,0.00025232200000000003,89.58966000000001,75.44997,6.5625356e-05,6.38504,0.015990025999999997,21.360735,0.0011251954,0.00010241928999999998,0.029667170000000003,81.84343299999999,0.0011251954,0.00010241928999999998,0.006071591,26.910043,0.0011251954,0.00010241928999999998,0.002535265,26.616371000000004,0.0011251954,0.00010241928999999998,0.004320442999999999,1.23104174e-05,2.9606639999999998e-05,-0.612638362,374.95662619999996,0.089706227,-0.0014362884,-0.0024004250000000003,4.42033058e-05,0.0004785165250000001
73,1608245400,1.7312516000000002,1.7312673,-0.009702264,-0.763523,1.8669939,0.8560219,1.4494204,1.2092616999999999,0.26886004599999996,1.1602416000000002,1.799427e-05,1.33520888e-06,1.4243470800000002e-06,2.1602063000000005e-06,4.3626628e-06,6.67664045e-06,1.16010898e-05,2.7174976e-05,0.8049907000000001,0.0603502,0.00022540583000000002,96.04795,76.48283,5.7528130000000004e-05,6.2307179999999995,0.015050794000000001,18.338654000000002,0.0022210464370000004,0.00020294877219999996,0.027589270000000006,70.196602,0.0022210464370000004,0.00020294877219999996,0.005890076,39.979155000000006,0.0022210464370000004,0.00020294877219999996,0.0023382486,40.474634200000004,0.0022210464370000004,0.00020294877219999996,0.004310603,1.01877453e-05,2.74084e-05,-0.03569083,177.9790763,0.05820636143,-0.001801559,-0.002431601,2.69295033e-05,0.000291296686
73,1608246000,1.1162208,1.1162379,-0.009064877,-1.3332082,1.712304,0.8987279000000001,1.508035,1.2460879999999999,0.21061053400000004,0.7409445,1.995364e-05,3.0677496000000002e-06,3.2775527800000004e-06,4.0915637e-06,5.780938999999999e-06,7.8692969e-06,1.2861889300000001e-05,2.6799551999999995e-05,0.49756709999999993,0.06028689,0.00018960862,83.01728,64.92846,3.704973e-05,6.407347999999999,0.01557836,11.836171000000002,0.0009143484300000001,8.3162522e-05,0.02911188,43.7267,0.0009143484300000001,8.3162522e-05,0.005770473,23.561405999999998,0.0009143484300000001,8.3162522e-05,0.0023610799999999998,23.203181700000005,0.0009143484300000001,8.3162522e-05,0.0042145130000000005,8.084656000000002e-06,2.5368150000000002e-05,0.126182096,247.0281136,0.05634189599999999,-0.0019149706000000002,-0.002548747,2.91072918e-05,0.000315076064
73,1608246600,1.820035,1.8200517999999999,0.002586397,-1.4059863,2.066613,1.098814,1.817567,1.5113349999999999,0.265709651,1.0250859,1.828276e-05,1.6410482e-06,1.5822775000000002e-06,2.1711969999999998e-06,3.8474694e-06,5.1042954e-06,9.4123259e-06,2.2966675e-05,0.8496414,0.060132359999999996,0.00019364335,83.33,61.44058,6.048071e-05,6.221985,0.018747200000000002,19.339864,0.00230552672,0.00021075335099999997,0.03674525,74.81577000000001,0.00230552672,0.00021075335099999997,0.006103303,45.103184,0.00230552672,0.00021075335099999997,0.002844418,45.445179,0.00230552672,0.00021075335099999997,0.0042413450000000005,6.779406e-06,2.392878e-05,1.535482037,272.5582267,0.058045217,-0.001440615,-0.0022143986000000004,1.6016631799999996e-05,0.000175618665
73,1608247200,5.0745951,5.074609000000001,0.0016097652,-1.2940465,3.484832,1.7738698,3.110645,2.838163,0.7236333869999999,2.7928376000000004,3.344604e-05,1.86786907e-05,1.9533530739999998e-05,2.32794971e-05,3.10648535e-05,4.03991116e-05,6.274647250000001e-05,0.000125243682,2.4834299,0.05318803,0.00034146686000000005,74.69952,56.46952,0.00016866047999999998,6.280842,0.030871159999999998,54.471810000000005,0.005539332079999999,0.000506801348,0.06260978,219.63579,0.005539332079999999,0.000506801348,0.00781506,103.64865,0.005539332079999999,0.000506801348,0.004730081,105.59416000000002,0.005539332079999999,0.000506801348,0.0045157750000000005,2.3394263e-05,4.041766e-05,-0.09056293,254.48323398000002,0.104425277,0.0004437610599999999,-0.001123838618,5.4865084999999996e-05,0.000575461841
73,1608247800,9.153951,9.153969,-0.004338854,-1.402631,4.5930279999999994,2.6907639999999997,4.394497,4.162328,0.05663655000000001,3.779037,3.30706e-05,1.919201e-05,1.9071475e-05,2.304773e-05,3.3612592e-05,4.2607993e-05,6.8248018e-05,0.00014767500999999999,4.535102,0.04093151,0.0005686203,65.47717,50.90571,0.0003043876,6.093718999999999,0.04729224,97.06478,0.0069680778,0.00063722851,0.0989265,401.86299999999994,0.0069680778,0.00063722851,0.009853051,146.87828,0.0069680778,0.00063722851,0.007012581999999999,148.18162,0.0069680778,0.00063722851,0.004669393000000001,1.2689239999999998e-05,3.003341e-05,0.014239770000000002,0.4725574999999999,0.007957064,0.0023480669999999997,0.00018277502,8.950366e-07,1.4820880000000001e-05
73,1608248400,7.736656399999999,7.736674099999999,-0.00432218,-1.3271807,4.20628,2.3789396,4.021324999999999,3.733952,0.271799081,3.3745674,2.697204e-05,1.1764216e-05,1.15013217e-05,1.42932729e-05,2.2260993e-05,2.8160166e-05,4.6745205e-05,0.00010547679000000002,3.8148153999999996,0.05281124,0.00045014089999999995,68.37304,52.71124999999999,0.00025733040000000003,5.947782999999999,0.041715669999999996,81.98620000000001,0.00791936917,0.000724564876,0.08657384,337.44136,0.00791936917,0.000724564876,0.009697239,157.66405600000002,0.00791936917,0.000724564876,0.006779061,160.027026,0.00791936917,0.000724564876,0.004632918000000001,1.7677451e-05,3.5079209999999995e-05,-0.137377552,133.923836,0.05267887899999999,0.0016055810899999999,-0.00033128300000000003,2.3844533400000002e-05,0.00025374272699999997
73,1608249000,6.276506,6.276521000000001,0.0032223720000000003,-1.09920499,4.480037,2.182555,3.894119,3.314651,0.6995063799999999,3.3280989999999995,2.4527560000000003e-05,9.408209e-06,9.794519e-06,1.2887046000000001e-05,2.0772592e-05,2.8533713e-05,4.764616000000001e-05,0.00010507297999999999,2.986133,0.15133775,0.0005374431000000001,75.46538,55.370439999999995,0.00020855319999999998,6.341931,0.037475259999999996,67.37888000000001,0.00222431429,0.000203209158,0.07613335000000002,265.12159999999994,0.00222431429,0.000203209158,0.0077319979999999995,70.529492,0.00222431429,0.000203209158,0.004873072000000001,69.907125,0.00222431429,0.000203209158,0.004805754000000001,2.6234529999999996e-05,4.348461e-05,-0.0001647410000000113,174.18135,0.09356153,0.0013379452,-0.00023438873,3.4882023e-05,0.000324263
73,1608249600,14.297444999999996,14.297452999999999,0.0007372731089999999,-1.1368499,6.433808999999999,3.1914249999999997,5.745025,4.83566,0.61139772,6.589275000000001,4.9654479999999996e-05,3.5841580999999994e-05,3.7695365e-05,4.514580299999999e-05,6.245263799999999e-05,7.963713300000001e-05,0.000126541867,0.00024548401000000004,5.813711,1.333278,0.0010534477,88.44742000000001,79.01763000000001,0.0004750577,6.113628,0.056230459999999996,153.40821999999997,0.014370131,0.001315452,0.10285583999999999,516.8181,0.014370131,0.001315452,0.012694229999999997,334.08773,0.014370131,0.001315452,0.009919053,337.27707999999996,0.014370131,0.001315452,0.005596312000000001,4.0053949999999996e-05,5.748241e-05,0.17199364999999997,117.41768300000001,0.10597566,0.004652473,0.0018264365999999996,3.116232e-05,0.00031328143
73,1608250200,14.069646999999998,14.069674999999998,-0.0004824012000000001,-1.0120474,6.7749179999999996,3.1070249999999997,5.724887000000001,4.908749,0.74392583,6.565321999999999,2.907268e-05,1.4394869000000004e-05,1.4777900999999999e-05,1.9668976999999998e-05,3.1154429999999996e-05,4.178211000000001e-05,7.102577e-05,0.00015521684,5.027516,2.0056439999999998,0.0012983785000000002,95.43258,87.26973000000001,0.00046726140000000004,6.393325,0.055183159999999995,151.50849,0.028381393999999997,0.00260000355,0.09529853999999999,447.65710000000007,0.028381393999999997,0.00260000355,0.012923854000000002,511.83678,0.028381393999999997,0.00260000355,0.010349382,524.79895,0.028381393999999997,0.00260000355,0.005800036,4.957297e-05,6.704699e-05,0.013124969999999994,126.43790699999997,0.12396621000000001,0.005207734,0.002103516077,4.9590435e-05,0.00044668727999999994
73,1608250800,9.346133,9.34615,0.003191972,-1.0589612000000002,5.528531,2.5289919999999997,4.97509,4.136978,0.0478112,3.8074399999999997,3.185443e-05,1.5356225e-05,1.6890394e-05,2.053639e-05,2.7420686999999998e-05,3.6975578e-05,5.732835e-05,0.00010688415,2.142398,2.5293200000000007,0.0010376458999999999,103.31293000000001,104.14759999999998,0.00031020120000000003,6.344557,0.046416849999999996,100.60184000000001,0.029978236800000002,0.0027468784199999995,0.06811221,191.2494,0.029978236800000002,0.0027468784199999995,0.012524096000000002,522.98947,0.029978236800000002,0.0027468784199999995,0.010311001,537.23976,0.029978236800000002,0.0027468784199999995,0.005389718,2.9716600000000003e-05,4.7300449999999995e-05,-0.044489999999999995,11.792473999999999,0.04504499000000001,0.004150803999999999,0.0013257426999999998,1.0388839999999999e-05,7.909498e-05
73,1608251400,13.052785999999998,13.052809,-0.007390672499999999,-0.6966707999999999,7.0858810000000005,2.808065,5.945468,5.068128,0.8995497200000001,6.880240000000001,5.3891189999999996e-05,4.0459106000000003e-05,4.2787550999999996e-05,5.1031506e-05,6.632015e-05,8.648736e-05,0.00013231769,0.00025947333,4.713437000000001,1.8106608000000002,0.0015738309,97.06339,86.97291,0.0004328169000000001,6.640478,0.05380382,138.07034,0.0116992579,0.001070828987,0.09251751,415.21809999999994,0.0116992579,0.001070828987,0.011154037,263.07038,0.0116992579,0.001070828987,0.008488850000000001,265.6471,0.0116992579,0.001070828987,0.005389481,3.387644e-05,5.118689e-05,0.024805870000000004,70.216037,0.09017597,0.0043321539999999995,0.00123032882,2.7914411e-05,0.00029351010999999997
73,1608252000,11.22492,11.224932999999998,-0.0030047716699999998,-1.0655338,5.654047,2.813756,4.855199000000001,4.476437,0.46861038,4.922248,2.7470749999999998e-05,1.212123e-05,1.2664421999999999e-05,1.6381463e-05,2.5000057e-05,3.2771567999999995e-05,5.3703653000000004e-05,0.00011444373,3.709147,1.901897,0.0011347302,100.42937,91.1284,0.000372693,6.306925,0.0515961,120.62962999999999,0.035153057,0.0032209355,0.08293477,330.45788999999996,0.035153057,0.0032209355,0.012964395,585.2801300000001,0.035153057,0.0032209355,0.010443434,603.48577,0.035153057,0.0032209355,0.005456532,3.568052e-05,5.3281460000000005e-05,-8.951400000000443e-05,98.882513,0.09169770999999999,0.004243978000000001,0.0016971535200000002,3.0730746e-05,0.00030875672
73,1608252600,10.105391999999998,10.105405000000001,-0.0008666029999999999,-1.1493722,5.743976000000001,2.6901539999999997,4.978315,4.371658000000001,0.19735532,4.424932,3.2793720000000006e-05,1.6508792e-05,1.7586205e-05,2.1801065e-05,2.9892423e-05,3.7161751000000007e-05,6.544981e-05,0.00011786005999999999,2.898799,2.1521370000000006,0.0014392504000000001,103.44904000000001,93.72321000000001,0.0003354713,6.486745999999999,0.04914240000000001,109.0558,0.031234728,0.0028619047,0.07803457,256.739,0.031234728,0.0028619047,0.012341276,522.57981,0.031234728,0.0028619047,0.010049976999999998,538.2253200000001,0.031234728,0.0028619047,0.005778126,4.1029179999999995e-05,5.84866e-05,0.005720280000000003,23.472883,0.06499866,0.00531966,0.002481494,1.7300025000000002e-05,0.00014318957
73,1608253200,18.570479999999996,18.5705,-0.00027499249999999995,-1.393012,6.944013000000001,3.8730509999999994,6.317142,5.7071119999999995,0.8406150099999999,8.405199999999999,2.763295e-05,1.4375980999999999e-05,1.4107612e-05,1.9965468e-05,3.5110930000000005e-05,4.655136e-05,9.049209e-05,0.00020720008,7.565405,1.7169040000000002,0.0024909969999999996,89.84741999999999,70.24784,0.0006168300999999999,6.220618999999999,0.06619391999999999,197.51839999999999,0.015262673400000001,0.00139714528,0.12389061999999999,667.7621999999999,0.015262673400000001,0.00139714528,0.013692999,414.98278600000003,0.015262673400000001,0.00139714528,0.010795272,416.241793,0.015262673400000001,0.00139714528,0.00616132,5.157405000000001e-05,6.906990999999998e-05,-0.051252716,75.185075,0.11137814999999998,0.006605645,0.003597558,3.5376587999999997e-05,0.00034286256
73,1608253800,22.01117,22.011179999999996,-0.0021556479,-1.5460982,7.181844,4.297763000000001,6.416409,6.011622999999999,0.68150321,9.790791000000002,5.8645970000000005e-05,4.623201500000001e-05,4.8273049e-05,5.9809108000000005e-05,8.674638999999999e-05,0.00011497091000000001,0.00019362713,0.00040496544,9.336636,1.664908,0.0030373579999999996,84.49211,66.55962000000001,0.0007305060000000001,6.467505,0.0744715,233.7412,0.014520240199999998,0.0013284967600000002,0.1392569,823.7826000000001,0.014520240199999998,0.0013284967600000002,0.013613892999999998,326.81337,0.014520240199999998,0.0013284967600000002,0.010468379,329.72252,0.014520240199999998,0.0013284967600000002,0.006393502,5.2515440000000005e-05,7.054598e-05,0.009058069999999998,29.319574000000006,0.0846972,0.006972147000000001,0.004129587,2.8683637e-05,0.00029424787
73,1608254400,20.938670000000002,20.93869,-0.0017231395,-1.6463370000000002,6.833872000000001,4.287857999999999,6.147449,5.729763,0.15810299,8.640066000000001,6.118091e-05,4.822275e-05,4.9548793e-05,5.8512498e-05,7.975873899999999e-05,0.000100330997,0.00015189441,0.00029211682,8.597888999999999,1.8682310000000002,0.002387714,88.27720000000001,68.20969,0.0006957004,6.003954,0.07414913999999999,222.0305,0.0230325014,0.0021097397480000003,0.13555390000000003,758.2516,0.0230325014,0.0021097397480000003,0.012814956999999998,451.406611,0.0230325014,0.0021097397480000003,0.009746234,459.31844,0.0230325014,0.0021097397480000003,0.006365648,5.0215860000000005e-05,6.827904999999999e-05,-1.04957219,39.30417440000001,0.05217708,0.006903095000000001,0.004109475,1.4960901e-05,0.000142469
73,1608255000,28.548040000000004,28.548070000000003,-0.0012527694,-1.6520230000000002,7.886229999999999,5.006175,7.303198,6.521336000000001,0.22054801,11.55848,8.526161000000001e-05,7.3973455e-05,7.63643e-05,9.143594e-05,0.00012656516,0.00016844038,0.00026212548,0.0005267218,12.519020000000001,1.750579,0.0030180219999999995,82.1384,62.29601,0.0009481581,6.484989999999999,0.08551697000000001,299.3012,0.0165506598,0.00151399475,0.163592,1099.2797,0.0165506598,0.00151399475,0.014474609999999999,373.04470000000003,0.0165506598,0.00151399475,0.011074987,376.67528,0.0165506598,0.00151399475,0.006947271,6.0690669999999996e-05,7.912865e-05,0.010122728000000001,11.8331704,0.06226964,0.008247695,0.005208151,1.6666551e-05,0.00016924602
73,1608255600,28.027049999999996,28.0271,-0.0011366661,-1.649824,7.789364000000001,4.950514,7.1371410000000015,6.569526000000001,0.72928536,12.074079999999999,6.953927999999999e-05,5.757549700000001e-05,5.9983086999999996e-05,7.338894499999999e-05,0.00010602954000000001,0.00013734262,0.00022567042,0.0004722605,12.174498,1.8349389999999999,0.0029193179999999997,81.72993999999998,63.3552,0.0009309562,6.349323,0.08400843,295.8672,0.0323029808,0.00295797391,0.1607494,1074.0674999999999,0.0323029808,0.00295797391,0.015911368000000002,591.45524,0.0323029808,0.00295797391,0.012739592999999999,604.38161,0.0323029808,0.00295797391,0.0067008499999999995,5.742796000000001e-05,7.576906e-05,-0.0015910649999999944,32.7862995,0.08647664000000001,0.007867074999999998,0.004826485,2.1632206e-05,0.00021591674000000002
73,1608256200,29.717750000000002,29.717750000000002,-0.0016828327999999996,-1.6106729999999998,8.444133,5.032382,7.377863,6.741804,1.54628054,14.469807000000003,9.917875e-05,9.0445151e-05,9.2933987e-05,0.000109415064,0.00014489978,0.00018231273700000002,0.00028070956000000006,0.0005591153,13.212192000000002,1.6428729999999998,0.002266251,82.0956,62.36132,0.0009872627999999999,6.175846,0.0857421,308.427,0.0750476309,0.00687583663,0.1644778,1152.0946,0.0750476309,0.00687583663,0.019962538999999998,1265.0103100000001,0.0750476309,0.00687583663,0.016495463000000002,1301.81025,0.0750476309,0.00687583663,0.00687391,6.39819e-05,8.273488e-05,-0.010893282249999992,31.897437000000004,0.11023537000000001,0.008139996,0.005082237000000001,3.0812217e-05,0.00030500685
73,1608256800,31.1073,31.107320000000005,-0.0013480599299999997,-1.709002,8.028471,5.249637999999999,7.358775,6.814521000000001,0.46505928,12.865039999999999,4.237541e-05,3.125819999999999e-05,3.0316001e-05,3.8538827e-05,6.417853e-05,8.1994197e-05,0.00014361073,0.00032545662,13.78565,1.7648430000000002,0.002428866,82.93998,61.665519999999994,0.0010342654,5.890621,0.08962344,329.0435,0.0337370854,0.0030897309600000002,0.1716148,1216.5040000000001,0.0337370854,0.0030897309600000002,0.016666069999999998,650.8441,0.0337370854,0.0030897309600000002,0.013091179,663.0145,0.0337370854,0.0030897309600000002,0.007335567999999999,6.904829e-05,8.767567000000001e-05,-0.013886850000000001,4.5174582,0.06378529000000001,0.009168692999999999,0.006028989,1.4205386999999999e-05,0.00013161206
73,1608257400,29.06826,29.068279999999998,-0.0017518470000000002,-1.7295770000000001,7.656571,5.102721,7.071403000000001,6.486085,0.13328856,11.699360000000002,7.101367e-05,6.101245e-05,6.357209100000001e-05,7.715732e-05,0.00011230859000000001,0.00014709758000000002,0.00024476044,0.00049695294,12.684149999999999,1.845599,0.003121257,83.91936000000001,62.727959999999996,0.0009653217999999999,6.402009,0.08658697,307.68089999999995,0.050404223000000005,0.0046170518,0.16523200000000002,1121.2310000000002,0.050404223000000005,0.0046170518,0.018152949999999998,932.2198400000001,0.050404223000000005,0.0046170518,0.014785387,954.4859999999999,0.050404223000000005,0.0046170518,0.007417404,6.902883000000001e-05,8.759299e-05,0.015903896999999997,0.8034932000000001,0.03825451,0.009358787,0.006127601,8.579143000000002e-06,6.730446e-05
73,1608258000,28.101049999999997,28.101059999999997,-0.002378171,-1.645766,7.804475999999999,4.963297000000001,7.148167000000001,6.611301,0.42672673000000005,11.65654,7.571495999999999e-05,6.5097479e-05,6.7071944e-05,7.780167100000001e-05,0.00010910607000000003,0.00014084016999999998,0.00021846144,0.00042206712000000005,12.31391,1.7330080000000003,0.0024500729999999997,84.81707999999999,62.33999,0.0009337034,6.170845,0.08540352999999999,298.32039999999995,0.064876708,0.0059437015,0.16247490000000003,1087.2220000000002,0.064876708,0.0059437015,0.018551210000000002,1063.8592,0.064876708,0.0059437015,0.015200864,1096.3827,0.064876708,0.0059437015,0.007295017999999999,6.980467999999999e-05,8.814151e-05,0.03652998,16.197539499999998,0.08262810000000001,0.009074973,0.005882165,2.045686e-05,0.00021523649999999998
73,1608258600,30.414990000000007,30.415010000000006,-0.001328384,-1.6340530000000002,8.14432,5.095769,7.294946999999999,6.817482,1.1537035000000002,13.49224,5.8658860000000006e-05,4.960486e-05,5.097525199999999e-05,6.3955748e-05,9.453624e-05,0.00013373088999999998,0.00021078259000000002,0.00045321826,13.434147,1.7697109999999998,0.002522015,84.43834000000001,63.2164,0.0010101332000000001,6.253801000000001,0.08662675,320.93600000000004,0.05682235919999999,0.00520544721,0.1664408,1182.6062,0.05682235919999999,0.00520544721,0.018695778000000003,1073.5432500000002,0.05682235919999999,0.00520544721,0.015273105,1096.28614,0.05682235919999999,0.00520544721,0.0076435719999999995,7.990906e-05,9.824460999999999e-05,0.04182869000000001,19.4428152,0.08208409,0.009987012,0.006440854,1.9842342e-05,0.00019117539
73,1608259200,27.996180000000003,27.996199999999998,-0.0022482580000000004,-1.695953,7.637220999999999,4.993553999999999,6.978063000000001,6.492159000000001,0.17080697,11.40556,5.7705590000000005e-05,4.7753667e-05,4.945631600000001e-05,6.294493699999998e-05,9.287886e-05,0.000127906,0.00021076512999999996,0.0004442879899999999,12.230430000000002,1.7635540000000003,0.0030380850000000003,82.35897,62.612759999999994,0.0009298668,6.201401000000001,0.08524771,296.72670000000005,0.019148612500000002,0.00175333568,0.16212330000000003,1079.4050000000002,0.019148612500000002,0.00175333568,0.015410069999999998,489.70230000000004,0.019148612500000002,0.00175333568,0.012022359,492.15469999999993,0.019148612500000002,0.00175333568,0.007809313,8.051558e-05,9.890561999999999e-05,0.012495210000000001,7.179268300000001,0.06366782,0.010196785,0.006845738,1.8257741e-05,0.00017611604000000004
73,1608259800,26.80306,26.8031,-0.0018630628,-1.586992,7.774920999999999,4.758662999999999,7.012225000000001,6.444273,1.0973030400000001,12.002113,4.958031e-05,3.8877060000000005e-05,3.790142e-05,5.0215048e-05,7.714664999999999e-05,0.00010320188000000001,0.00016412257,0.00037368519999999997,11.883862,1.5139999999999998,0.0028017520000000002,84.35713999999999,62.49777,0.0008902522,6.370649,0.08190766000000001,285.1468,0.0296721587,0.00271719809,0.1567058,1048.5723,0.0296721587,0.00271719809,0.015351481,623.4478390000002,0.0296721587,0.00271719809,0.012058796,632.971047,0.0296721587,0.00271719809,0.007845074,8.613166e-05,0.0001042058,0.01695483,24.0432167,0.10750683000000001,0.010329459,0.006867732999999999,3.2106871e-05,0.00033015977
73,1608260400,24.53114,24.531159999999996,-0.00329268,-1.6405920000000003,7.172881000000001,4.602997,6.641864,6.1935020000000005,0.2463069,10.049887000000002,5.667253999999999e-05,4.5313866999999996e-05,4.5380067999999995e-05,5.5175878e-05,8.009107e-05,0.00010720595000000001,0.00016895451999999998,0.00036333818,10.949854,1.3124138,0.0023901409999999997,85.96518,61.61513,0.0008147983999999999,6.291905000000001,0.08024693999999999,261.8408,0.0155002317,0.001418408682,0.15239660000000002,971.1636999999998,0.0155002317,0.001418408682,0.01325068,383.19965999999994,0.0155002317,0.001418408682,0.009855688999999997,384.78871,0.0155002317,0.001418408682,0.006843324,5.792272e-05,7.627838999999999e-05,0.032292905000000004,11.6813322,0.07173325,0.008009523,0.005076914,1.4988349000000001e-05,0.00015880323999999997
73,1608261000,22.50633,22.506339999999998,-0.0016850839999999999,-1.5679796,7.189832000000001,4.390937000000001,6.510611,5.8632670000000005,0.43320749000000003,9.485837,5.4492760000000005e-05,4.2371179e-05,4.2046782e-05,4.9458383e-05,7.169879999999999e-05,9.385571999999998e-05,0.00013891943,0.00029474332999999996,9.930298,1.319963,0.002101875,84.54481000000001,62.18257000000001,0.0007478957,6.270213999999999,0.07570663999999999,241.9254,0.012437869399999999,0.0011380869300000001,0.14551770000000003,883.9337999999998,0.012437869399999999,0.0011380869300000001,0.012676524,299.41417999999993,0.012437869399999999,0.0011380869300000001,0.009412109,301.30602,0.012437869399999999,0.0011380869300000001,0.006831012,5.9688440000000005e-05,7.775525e-05,0.44770627100000004,21.331765500000003,0.08968869,0.008003119,0.005012815,1.6241241000000002e-05,0.00015631122000000003
73,1608261600,21.63607,21.636100000000003,-0.0032294719999999997,-1.6528889999999996,6.967337000000001,4.349967,6.414683999999999,5.708724,0.22558759999999997,8.780536000000001,7.737401e-05,6.574425999999999e-05,6.7509377e-05,7.9447134e-05,0.00010530319999999999,0.00013703545,0.00019996728999999998,0.00038949485,9.615206,1.1993955,0.002320688,80.97205,61.3125,0.0007188339,6.2542860000000005,0.07426655,227.9828,0.030704214199999996,0.0028118910400000002,0.14316020000000002,845.9297999999999,0.030704214199999996,0.0028118910400000002,0.014303568999999999,531.56096,0.030704214199999996,0.0028118910400000002,0.011151874,545.0494000000001,0.030704214199999996,0.0028118910400000002,0.006821459,5.8278470000000006e-05,7.629014e-05,0.102568657,11.7132332,0.06415473999999999,0.007922323,0.005020665999999999,1.3304406e-05,0.00011792948000000001
73,1608262200,21.5612,21.56122,-0.0021310207,-1.540194,7.320598000000001,4.213557,6.680455,5.879954,0.8067351299999999,9.274966000000001,4.97657e-05,3.8191391e-05,3.9323918e-05,5.0351673999999997e-05,7.5585666e-05,0.00010870749999999998,0.00018060811999999997,0.00038866058000000005,9.636524999999997,1.1399589,0.003197628,82.24717000000001,62.827070000000006,0.0007159896,6.3666920000000005,0.07089271,226.76380000000003,0.025085800800000002,0.0022973201120000003,0.1394239,847.0193999999999,0.025085800800000002,0.0022973201120000003,0.014054050999999998,493.05774899999994,0.025085800800000002,0.0022973201120000003,0.011005239,501.92594899999995,0.025085800800000002,0.0022973201120000003,0.006911520999999999,6.021299000000001e-05,7.806879e-05,-0.000287647000000002,3.7854295999999996,0.055170029999999995,0.008169492,0.00516794,1.2362998000000001e-05,0.0001199433
73,1608262800,17.10219,17.102200000000003,-0.0015483259,-1.431949,6.905573999999999,3.8036540000000003,6.312044000000001,5.5576680000000005,0.11806515999999997,7.005516,3.9713980000000005e-05,2.5685205000000003e-05,2.5876486e-05,3.160957899999999e-05,4.674812e-05,6.601333999999999e-05,0.00010570840999999999,0.00021715767,7.274876999999999,1.2730793000000002,0.0025989280000000003,88.55536,64.93164000000002,0.0005680716,6.315231,0.06324874999999999,180.0735,0.0190054071,0.0017401062000000002,0.12450829999999999,636.7695000000001,0.0190054071,0.0017401062000000002,0.01308668,389.46117999999996,0.0190054071,0.0017401062000000002,0.010197797,395.63500000000005,0.0190054071,0.0017401062000000002,0.006524154,5.2245680000000006e-05,7.016000999999999e-05,-0.010391386999999997,11.745439,0.06028799,0.007172765,0.004341472000000001,1.5290075e-05,0.0001486705
73,1608263400,15.35137,15.351371,-0.00086065799,-1.3122484,6.757407000000001,3.5334440000000003,6.023284,5.154682,0.6488721999999999,6.817721000000001,3.6329859999999996e-05,2.2114849e-05,2.2589382e-05,2.8542836000000002e-05,4.489972999999999e-05,5.8653250999999996e-05,0.00010220594,0.00022696891999999998,6.5020809999999996,1.170413,0.0026582850000000002,87.38544,65.90295,0.0005098257,6.352207999999999,0.059090790000000004,160.91310000000001,0.022070520890000004,0.002021789211,0.11429730999999999,566.4898000000001,0.022070520890000004,0.002021789211,0.011752548000000002,395.434768,0.022070520890000004,0.002021789211,0.008896079000000001,404.488444,0.022070520890000004,0.002021789211,0.0060434040000000005,4.6521400000000005e-05,6.426433999999999e-05,0.12307691999999999,46.385310000000004,0.08723119,0.005983054,0.0032743269999999996,2.8474190999999998e-05,0.00028484001
73,1608264000,22.76556,22.765570000000004,-0.0003912484999999999,-1.448159,7.257783999999999,4.2047,6.682103000000001,6.2236519999999995,0.9615472900000002,10.2384,6.695349000000001e-05,5.7021189999999995e-05,5.855560999999999e-05,7.131231999999999e-05,0.00010135274000000001,0.00013305653999999998,0.00022041619999999999,0.00047122909999999996,11.158159000000001,0.2207461,0.0027146270000000003,67.82287,52.92508,0.0007565159,6.393586999999999,0.07229548,234.7806,0.02065618598,0.0018910728790000001,0.14866210000000002,971.0825000000001,0.02065618598,0.0018910728790000001,0.014320544000000001,418.92155,0.02065618598,0.0018910728790000001,0.010971891000000001,424.87244999999996,0.02065618598,0.0018910728790000001,0.006574244,5.6111639999999996e-05,7.397023e-05,0.08602392,20.906778000000003,0.08031652,0.007529688999999999,0.004371666000000001,1.8667946999999996e-05,0.00018226291
73,1608264600,9.050971,9.05099,0.0015044500400000001,-1.592415,4.590629,2.760777,4.084173999999999,3.879981,0.14567958,3.7992579999999996,4.030565999999999e-05,2.5329225e-05,2.6946960000000002e-05,3.288477e-05,4.5817649999999997e-05,6.315415000000001e-05,0.00010277006000000001,0.0002280389,4.432386,0.09032301,0.002230302,68.24521,52.055330000000005,0.0003006288,6.470167000000001,0.04759891000000001,95.95086999999998,0.011123721,0.0010180901,0.09724289,389.73400000000004,0.011123721,0.0010180901,0.010769775999999998,212.14166,0.011123721,0.0010180901,0.007971902999999999,216.10759,0.011123721,0.0010180901,0.005514911999999999,3.5207179999999996e-05,5.295255e-05,-0.102311543,66.753709,0.07967232999999999,0.004193072,0.002011213,2.5403955000000003e-05,0.00025646633
73,1608265200,14.018536000000001,14.018542000000002,-0.0012341387,-1.618991,5.546570000000001,3.4073990000000003,4.964663,4.673992999999999,0.2812763,6.091337,4.377939e-05,3.0885292000000005e-05,3.1134644500000003e-05,3.7082526e-05,5.322352499999999e-05,6.7219082e-05,0.000107901939,0.00024266453000000004,6.869408999999999,0.13708059,0.002173601,69.74824,51.96801000000001,0.00046616699999999997,5.834859,0.05901297000000001,150.41989,0.0101769792,0.0009308817899999998,0.1200132,609.9029,0.0101769792,0.0009308817899999998,0.011262941000000002,224.67986000000002,0.0101769792,0.0009308817899999998,0.00823707,226.82326000000003,0.0101769792,0.0009308817899999998,0.005790180000000001,3.9375099999999995e-05,5.7014489999999994e-05,-0.031462529999999996,20.236472,0.06603402,0.005089455,0.0027254850000000006,1.4684974e-05,0.00014281251
73,1608265800,26.724170000000004,26.724170000000004,-0.0025737457,-1.555342,7.7971260000000004,4.644238,6.978400000000001,6.618202999999999,1.04775259,12.597024999999999,5.774786000000001e-05,4.8736023e-05,4.6536108000000005e-05,5.596005000000001e-05,8.176854e-05,9.966349e-05,0.00015592317,0.00036223288000000005,13.123319999999998,0.2359219,0.001954858,69.54848,52.15038,0.0008889461,5.82854,0.08057319,283.4007,0.032013662,0.0029312267,0.1639985,1158.1011,0.032013662,0.0029312267,0.016145169999999997,587.7287,0.032013662,0.0029312267,0.012660883000000001,600.8724199999999,0.032013662,0.0029312267,0.00685007,6.519664999999998e-05,8.307829e-05,0.061548725299999996,55.20814,0.11676621000000001,0.008173693,0.004969973,3.5500224e-05,0.00037612862
73,1608266400,22.29258,22.29263,0.0030025416000000003,-1.3699479999999997,7.693652,4.155371000000001,6.834508,6.1791,1.2902610799999998,10.570795999999998,5.130349000000001e-05,4.111276000000001e-05,4.1875625000000004e-05,5.2821087999999995e-05,7.935566e-05,0.00010654902000000001,0.00018417531,0.0004205573,10.297136,0.8456752000000002,0.002531994,78.78191,60.90201,0.0007406722,6.420102,0.07069193,237.34720000000002,0.04208588370000001,0.0038551169100000003,0.1425803,909.6928,0.04208588370000001,0.0038551169100000003,0.016655349,738.35519,0.04208588370000001,0.0038551169100000003,0.013558246,757.8167199999999,0.04208588370000001,0.0038551169100000003,0.0068457710000000005,6.493947999999999e-05,8.298713e-05,-0.074795041,14.369551699999999,0.078502,0.008083326999999998,0.004819461,2.6725213999999998e-05,0.00024805846
73,1608267000,16.69299,16.69299,0.002629348,-1.2949202999999998,7.324723000000001,3.678574000000001,6.356107,5.498117000000001,0.54311203,7.570528,5.6055470000000004e-05,4.2784649e-05,4.4841411e-05,5.3761572999999996e-05,7.589465e-05,0.00010738519999999999,0.00017229762000000004,0.0003701767,7.126026,1.2169299000000002,0.002630032,84.5091,65.27453000000001,0.0005541084999999999,6.587779,0.06168418,179.68519999999998,0.024602989199999998,0.0022531633000000004,0.12160051000000001,629.7908,0.024602989199999998,0.0022531633000000004,0.013312484,458.30097000000006,0.024602989199999998,0.0022531633000000004,0.010489614999999999,468.5688099999999,0.024602989199999998,0.0022531633000000004,0.00657013,6.780172e-05,8.57216e-05,-0.067847886,22.308243,0.08804594,0.0071339509999999995,0.00397128,4.2537842e-05,0.00037076804
73,1608267600,17.7253669,17.7253717,-0.0019525837999999998,-1.1461305,6.845682999999999,3.3858363,5.576458000000001,4.9273880000000005,0.7054362500000001,8.5654185,4.2580579999999995e-05,3.0101012e-05,3.32245435e-05,3.9890784e-05,7.603851599999999e-05,0.000117090623,0.00012737439899999998,0.00030013315500000004,7.870547599999999,0.9890186571999999,0.0023641482899999997,78.53312000000001,62.21718,0.0005890888400000001,6.1815,0.05919745,196.72703300000003,0.013717217949999999,0.0012554412479999998,0.11537533,702.12285,0.013717217949999999,0.0012554412479999998,0.012340199,347.994095,0.013717217949999999,0.0012554412479999998,0.008990910000000001,349.5961914999999,0.013717217949999999,0.0012554412479999998,0.0064838579999999995,0.00016851760799999998,0.00018630829,-0.38179901,157.96125138000002,0.1904293231,0.005442466000000001,0.0018396792,0.00019049247790000001,0.001215855363
73,1608268200,28.850839999999998,28.85088,-0.0030320020000000002,-1.526468,8.454034,4.963695,7.888063999999998,7.107816,0.15700649000000003,11.79279,3.484265e-05,2.3490275e-05,2.1435310999999998e-05,2.9021879e-05,5.159809000000001e-05,6.6736984e-05,0.00011926203,0.00030332603,13.109559999999998,1.3117860000000001,0.0034368989999999993,84.91377,59.12928999999999,0.0009589275999999999,6.0549479999999996,0.08369025999999999,306.2069,0.0331742015,0.00303826842,0.16799650000000002,1160.3089000000002,0.0331742015,0.00303826842,0.01700951,689.3139199999999,0.0331742015,0.00303826842,0.013425641999999998,700.23925,0.0331742015,0.00303826842,0.006582739999999999,5.390334e-05,7.222384e-05,-0.05751181299999999,32.0238579,0.06815616999999999,0.007488635,0.004495616,2.3338614e-05,0.00025365441
73,1608268800,31.370689999999996,31.370799999999992,-0.005517394,-1.4171869999999998,9.012458000000002,4.964313,8.011409,7.261349,1.57177269,14.13949,0.00014967417,4.5165955e-05,4.28294549e-05,5.228154099999999e-05,7.827617999999998e-05,9.5695264e-05,0.00015790846900000003,0.00035032817,14.774481999999997,0.9067559,0.003244859,77.41584,56.348890000000004,0.0010428157999999997,5.913423,0.08597108,330.43,0.034540712099999996,0.0031595244200000004,0.1727554,1303.0842,0.034540712099999996,0.0031595244200000004,0.019085572000000002,702.5985900000001,0.034540712099999996,0.0031595244200000004,0.013424813999999998,710.99462,0.034540712099999996,0.0031595244200000004,0.009263376,7.248049e-05,0.00017975286,-0.0025330799999999953,35.8416791,0.08100362,0.004799044000000001,0.0016833628,3.1448421000000006e-05,0.00026543178
73,1608269400,16.13979,16.13979,-0.0023575529,-1.498289,6.310428999999999,3.6388850000000006,5.653071,5.177033000000001,0.5042954,6.871049999999999,6.738507000000001e-05,5.4784586e-05,5.682927e-05,6.661576400000002e-05,8.872052e-05,0.00011357031599999998,0.00017961380000000002,0.00035550199,7.566947999999999,0.49887820000000005,0.00310006,75.04697,56.14215,0.0005360515,6.348249,0.06404083,171.18520000000004,0.023989733899999997,0.0021971611,0.1270656,668.8279,0.023989733899999997,0.0021971611,0.013611176,443.97502,0.023989733899999997,0.0021971611,0.010478885,453.09259000000003,0.023989733899999997,0.0021971611,0.005574033,3.5680670000000003e-05,5.3941079999999996e-05,-0.035700933,114.67104400000001,0.09786907,0.004723527999999999,0.0023704470000000004,3.0892109999999996e-05,0.00033491031
73,1608270000,23.960900000000002,23.960900000000002,-0.0030603901,-1.5455130000000001,7.256133,4.442186999999999,6.805108,6.224553000000001,1.0556444800000002,10.646676,5.751955e-05,4.557071700000001e-05,4.5722357000000004e-05,5.5053969e-05,7.96447e-05,0.00010141443199999998,0.000162152018,0.00034267415999999996,11.468174000000001,0.5082059,0.0031837160000000005,74.02838999999999,54.79087,0.0007965159000000001,6.064615000000002,0.07705082999999999,257.17920000000004,0.0185175992,0.0016945869199999999,0.15462130000000002,1020.7275000000002,0.0185175992,0.0016945869199999999,0.013398665999999998,346.50069999999994,0.0185175992,0.0016945869199999999,0.009887733000000001,353.69015,0.0185175992,0.0016945869199999999,0.006252183999999999,4.6100610000000004e-05,6.452123999999999e-05,0.015071279999999996,14.8167889,0.06537149,0.006708383000000001,0.003932738,1.2245023e-05,0.00012234135000000002
73,1608270600,35.0146,35.01463,-0.005429153000000001,-1.425413,9.347991,5.248257000000001,8.258728000000001,7.706935,1.5760471600000001,17.15943,4.938313e-05,4.0817928000000004e-05,4.2385269000000004e-05,5.9211380000000006e-05,0.00010312984000000001,0.00014653793999999998,0.00026887053999999995,0.0006114923,16.781356,0.7198840000000001,0.004762964999999999,75.07508,55.53261,0.0011631738999999999,6.477014,0.08966379000000001,368.96190000000007,0.055714425,0.0051029518,0.18399770000000001,1478.9669999999999,0.055714425,0.0051029518,0.021048439999999998,1031.9174,0.055714425,0.0051029518,0.017208629999999996,1054.4775000000002,0.055714425,0.0051029518,0.007302281000000001,7.377517e-05,9.205864e-05,-0.082590362,37.744116600000005,0.11526961,0.009425525,0.005963072,3.8765357e-05,0.0004337921
73,1608271200,14.727799999999998,14.72782,-0.0016490192100000005,-1.0121271,6.967787999999999,3.2912,6.211953,5.37609,0.4315179400000001,6.374211,4.273865e-05,2.8280609e-05,2.9037738e-05,3.5849393e-05,5.7353660000000003e-05,7.159286e-05,0.00011363941999999999,0.00024116905999999999,6.012336,1.346699,0.004258713999999999,86.62619000000001,69.62735,0.0004887717,6.431797,0.059296749999999995,155.5586,0.0161458852,0.0014781315599999999,0.11200577999999999,528.1265,0.0161458852,0.0014781315599999999,0.011378402000000001,307.37432,0.0161458852,0.0014781315599999999,0.008460386,313.400214,0.0161458852,0.0014781315599999999,0.0062937919999999994,4.727486e-05,6.555196e-05,0.032739501000000004,27.35614431,0.08018758,0.006153212,0.0038554139999999993,2.2954155e-05,0.00025457539
73,1608271800,10.423445,10.423466000000001,0.00093844851,-1.2434888,5.452443000000001,2.876784,4.9843150000000005,4.399183,0.05172566000000001,4.260427,3.017049e-05,1.4343566e-05,1.4900863e-05,1.8996337e-05,3.3545090000000004e-05,4.347566e-05,6.5448616e-05,0.00013980748,3.9286550000000005,1.2784096,0.004306168,92.68710999999999,74.46973999999999,0.000345816,6.5059629999999995,0.05204769,111.0278,0.021829284230000003,0.00199978413,0.09189116,346.5001,0.021829284230000003,0.00199978413,0.011192634999999998,389.69929999999994,0.021829284230000003,0.00199978413,0.008480647999999999,399.89111099999997,0.021829284230000003,0.00199978413,0.006088498,3.945386e-05,5.71213e-05,-0.012392785,0.0046261350000000034,0.02311836,0.005913285,0.003797381,3.773563e-06,3.6884859999999994e-05
73,1608272400,19.777105,19.777107,-0.0011293036000000001,-1.4038423,7.134143,3.9116670000000004,6.107849,5.452554000000001,1.10929298,10.115378999999999,4.232768e-05,2.8896461e-05,2.8802863300000002e-05,3.5724663000000006e-05,5.8249335999999997e-05,7.3690628e-05,0.000121532842,0.00026324509,9.007590999999998,0.8764336,0.0038509420000000004,81.98885,61.75723000000001,0.0006571808,6.312696000000001,0.06801735,212.1208,0.024106688999999997,0.00220742581,0.13196941,799.4608000000001,0.024106688999999997,0.00220742581,0.013500917000000001,472.00516000000005,0.024106688999999997,0.00220742581,0.010333723999999999,481.44233,0.024106688999999997,0.00220742581,0.006416083,5.449761e-05,7.233449e-05,0.018568509999999993,48.047075590000006,0.09056609,0.006839845,0.0042701710000000006,3.1451375e-05,0.00031545304
73,1608273000,20.532373,20.532387,-0.00237441471,-1.2858208000000002,7.173215000000001,3.8600369999999997,6.078933999999999,5.3357,1.3096892100000002,9.782152,3.7308790000000004e-05,2.3770054899999997e-05,2.35447229e-05,3.1634713999999995e-05,5.5043463e-05,7.0785678e-05,0.000127226553,0.00028563108999999997,9.133906399999999,1.1276117,0.004028602,87.73652,72.92439999999999,0.0006822066,6.296129,0.06627544,220.15573999999998,0.0113802111,0.0010409692100000001,0.12337543,812.17768,0.0113802111,0.0010409692100000001,0.013117613,339.9033,0.0113802111,0.0010409692100000001,0.009888873999999999,339.62101999999993,0.0113802111,0.0010409692100000001,0.0064868090000000005,5.568849e-05,7.392912999999999e-05,0.07558934800000001,54.029651879999996,0.08760544,0.006786449999999999,0.004228885,2.7448326999999997e-05,0.00024626458999999997
73,1608273600,33.64168,33.64169,-0.004829244000000001,-1.3165369999999998,9.48479,5.204957,8.952273000000002,7.920765,0.6235186399999999,14.022,8.85537e-05,7.8040673e-05,8.875418200000002e-05,0.00011400007,0.00014793503999999997,0.00018206551,0.00028294703,0.0005811627000000001,15.020610000000001,1.7943579,0.004333794,83.76489000000001,61.98339,0.0011174283,6.522097,0.08649323,356.53319999999997,0.050194747000000005,0.0045971989,0.1766346,1323.405,0.050194747000000005,0.0045971989,0.019008039999999997,939.0839,0.050194747000000005,0.0045971989,0.015492714,959.3538000000001,0.050194747000000005,0.0045971989,0.009092784000000001,0.00022279247999999998,0.00024629898000000003,0.036172627,1.6389035,0.05736068,0.015931699,0.006626271,9.7520003e-05,0.00041888513
73,1608274200,27.12735,27.127370000000003,-0.005103718,-1.2965870000000002,8.890433,4.708696000000001,8.177986999999998,7.192907000000001,0.35538596,11.23823,8.776697e-05,7.4498649e-05,7.587887279999999e-05,8.802810099999998e-05,0.00011825925999999998,0.000145162059,0.000221061542,0.00042883536,11.71741,1.841473,0.003565455,84.73513999999999,63.69071,0.0009010871999999999,6.12015,0.07793370999999999,284.36499999999995,0.03377240069,0.0030947274100000003,0.15803759999999997,1028.5088,0.03377240069,0.0030947274100000003,0.015110697000000001,647.8020090000001,0.03377240069,0.0030947274100000003,0.011711627,658.625305,0.03377240069,0.0030947274100000003,0.006326066000000001,4.8141129999999994e-05,6.659675000000001e-05,-0.056696466,38.9140423,0.06304960999999999,0.006761683,0.003808859,1.7811251000000003e-05,0.00019118378000000002
73,1608274800,19.944169999999996,19.944200000000002,-0.0013755150000000001,-1.5075672999999998,6.851347,4.117941999999999,6.146025,5.697812,0.40624214,8.702418,4.1074930000000004e-05,2.6582558000000004e-05,2.6611544e-05,3.3680900999999994e-05,5.109092e-05,6.6051201e-05,0.00011307199199999998,0.00025442054000000006,7.9396439999999995,2.027974,0.003872515,91.43942000000001,71.58907,0.0006621379999999999,6.286365,0.07010865000000001,210.32199999999997,0.0376003222,0.0034444833099999995,0.12922262999999998,699.3506,0.0376003222,0.0034444833099999995,0.015082074000000004,702.4079300000001,0.0376003222,0.0034444833099999995,0.012166825000000001,718.3621599999999,0.0376003222,0.0034444833099999995,0.005773888999999999,3.409135e-05,5.254196e-05,-0.0030324550000000007,21.7164045,0.046446100000000004,0.005247595999999999,0.0028646846,1.113638e-05,0.00012361666
73,1608275400,24.76811,24.76811,-0.0029398189,-1.4697547,7.676146,4.489763999999999,7.003864000000002,6.360717999999999,1.10049469,11.121119,6.309881999999999e-05,5.0526e-05,5.08198041e-05,6.0297549000000004e-05,8.364401e-05,0.000103323901,0.00016349462399999998,0.0003348562,10.882935999999997,1.4966582,0.003552992,86.61433000000001,63.93721999999999,0.0008232088,5.947169000000001,0.07810913,264.2248,0.035261913299999996,0.00322989364,0.14918399999999998,965.3273999999999,0.035261913299999996,0.00322989364,0.016215129999999998,712.8304,0.035261913299999996,0.00322989364,0.012910078,725.1422,0.035261913299999996,0.00322989364,0.006149005,4.5107299999999994e-05,6.348381e-05,0.05238166600000001,34.789155900000004,0.07062963000000001,0.006425371000000001,0.003572448,2.2887735999999996e-05,0.00023342321
73,1608276000,22.771610000000003,22.771620000000002,-0.0024476660000000003,-1.627137,7.425677,4.415592,6.379697,5.8688910000000005,0.56603079,10.503784000000001,4.397669e-05,3.0305969e-05,3.0290678700000002e-05,3.81654311e-05,5.910197099999999e-05,7.6492763e-05,0.000133072618,0.00029728448,10.283275,1.0980417000000002,0.0037994920000000002,84.32359,60.609440000000006,0.0007565737,6.023034000000001,0.07525201000000001,240.0473,0.005886930100000001,0.00053715574,0.14628409999999997,905.7543,0.005886930100000001,0.00053715574,0.013383979999999998,275.99490000000003,0.005886930100000001,0.00053715574,0.009990721999999999,271.5031,0.005886930100000001,0.00053715574,0.006125012000000001,4.3175370000000005e-05,6.157469e-05,0.0021261900000000126,27.1369936,0.05982867000000001,0.006198903,0.003653875,1.5104329e-05,0.00015832788
73,1608276600,16.824035000000002,16.824059,0.00026006020000000007,-1.1373073999999999,6.9361369999999996,3.491648,6.253241000000001,5.368852,0.8186884600000001,7.542248000000001,4.307387e-05,2.8487495999999997e-05,2.8120536e-05,3.3688402999999996e-05,4.894691e-05,6.12709e-05,0.00010419213,0.00021619995,7.002089000000001,1.4055667,0.0038154060000000004,90.40621999999999,72.92016999999998,0.0005587915999999999,6.40386,0.05999631000000001,177.65962,0.023008943900000002,0.00210709207,0.11403485,616.1719999999999,0.023008943900000002,0.00210709207,0.012771004999999998,430.15378,0.023008943900000002,0.00210709207,0.009820984000000001,439.36162000000013,0.023008943900000002,0.00210709207,0.005592141,3.6154919999999996e-05,5.455089e-05,-0.07242994999999999,117.2707009,0.09832348999999999,0.004561733,0.0019677619,2.3203332999999995e-05,0.00024094157
73,1608277200,13.447759999999999,13.447759999999999,0.0008725683000000001,-1.1162385999999997,6.560339000000001,3.2313849999999995,6.016346,5.159482,0.050466409999999996,5.423893,3.126006e-05,1.4747775999999999e-05,1.4663324700000001e-05,1.8000053999999998e-05,2.6925342e-05,3.318895e-05,5.6997257e-05,0.00012558529,4.984241,1.735465,0.003870129,98.34616000000001,75.82117,0.0004466896,6.064362000000001,0.05413864,143.62779999999998,0.04114196600000001,0.0037695915000000003,0.10374639999999999,442.20149999999995,0.04114196600000001,0.0037695915000000003,0.015193290000000002,711.6658,0.04114196600000001,0.0037695915000000003,0.012553716000000001,731.0708000000001,0.04114196600000001,0.0037695915000000003,0.00522537,2.460784e-05,4.265469e-05,-0.03861998000000001,35.82047430000001,0.04578535,0.003698461,0.0014050532,8.383145e-06,9.156557000000001e-05
73,1608277800,13.50152,13.50154,0.001534858,-1.168049,6.531312,3.2683480000000005,5.9915199999999995,5.109344,0.035223019999999994,5.432709,3.8769999999999996e-05,2.3054994999999998e-05,2.3701173e-05,2.8319066e-05,3.9532743e-05,5.0563564e-05,8.256724e-05,0.00017488807,4.940283000000001,1.8059619999999998,0.004060971000000001,94.11848,76.82583,0.0004482601,6.3880110000000005,0.053726319999999994,143.21390000000002,0.040427315000000005,0.0037040844999999996,0.102989,436.0893,0.040427315000000005,0.0037040844999999996,0.014556353,698.8822,0.040427315000000005,0.0037040844999999996,0.011960639,718.5690000000001,0.040427315000000005,0.0037040844999999996,0.005212059,2.227665e-05,4.0491430000000005e-05,0.003757605999999998,1.0073303,0.019119689999999998,0.003646802,0.0014027349999999998,2.154258e-06,2.460282e-05
73,1608278400,17.4633,17.463320000000003,-6.754500000000006e-05,-1.0529153,7.504805999999999,3.5715019999999997,6.6219909999999995,5.654161000000001,1.0515506199999998,8.304979,4.545425e-05,3.0039617e-05,3.0550405000000005e-05,3.67316837e-05,5.2363282999999994e-05,6.5453279e-05,0.000107857032,0.00023236539000000002,7.148459000000001,1.5786060999999998,0.003996599000000001,89.48321,72.01966,0.0005800172999999999,6.164694,0.06065212,186.49239999999998,0.041760941,0.0038258756999999997,0.11812928999999998,635.0128000000001,0.041760941,0.0038258756999999997,0.0166899,799.4613,0.041760941,0.0038258756999999997,0.013821684,816.7965,0.041760941,0.0038258756999999997,0.005503957999999999,3.507362e-05,5.332602e-05,0.0154676959,125.8890381,0.08653355,0.004326466,0.0017482223000000001,3.3065784e-05,0.0003518082
73,1608279000,15.695100000000002,15.695120000000003,0.0008496496,-1.1480949999999999,7.0727530000000005,3.487603,6.4016329999999995,5.465342,0.36695373,6.652958,3.87224e-05,2.3466549e-05,2.30008935e-05,2.64403968e-05,3.5707138000000006e-05,4.2136905800000006e-05,6.5447464e-05,0.00013363531,6.049474999999999,1.794197,0.0035007580000000005,94.95769,74.35262,0.0005216014,5.880879999999999,0.05863953000000001,168.23129999999998,0.0366996317,0.0033622103600000003,0.11276355999999998,538.144,0.0366996317,0.0033622103600000003,0.014159089,644.5077200000001,0.0366996317,0.0033622103600000003,0.011449602,662.02743,0.0366996317,0.0033622103600000003,0.00539886,3.1247170000000006e-05,4.9252369999999994e-05,-0.18796087300000003,74.8670274,0.07948677,0.004103224,0.0016925866,2.5260204e-05,0.00028071226999999997
73,1608279600,23.80912,23.80912,-0.0006523807000000002,-1.446882,8.0653,4.398580000000001,7.0631509999999995,6.25868,0.8867902300000001,11.486422999999998,4.3251099999999997e-05,3.0073178000000002e-05,3.233091699999999e-05,4.3663305000000006e-05,7.050528e-05,0.00010104669999999999,0.00017453395999999998,0.00039666965999999996,10.140666,1.7583369999999998,0.004664826,86.27984000000001,67.50614,0.0007902584000000001,6.46523,0.07547559000000001,254.20099999999994,0.051764764399999996,0.00474283824,0.143641,899.74,0.051764764399999996,0.00474283824,0.017009385,934.7024899999999,0.051764764399999996,0.00474283824,0.013809726999999999,957.63927,0.051764764399999996,0.00474283824,0.006412199,5.2491150000000006e-05,7.092903e-05,-0.06694373999999999,31.553116199999998,0.08856316,0.006888015,0.004045645,2.5467981999999998e-05,0.00026030108
73,1608280200,14.6393,14.639309999999998,-0.0004290077299999999,-1.507131,6.117487,3.509017,5.4100649999999995,4.944488000000001,0.38232626999999997,6.2404589999999995,4.079971e-05,2.5092757999999996e-05,2.5363138000000005e-05,3.0768453999999996e-05,4.4320021e-05,5.7636676000000004e-05,8.9534852e-05,0.00017696303,5.50249,1.812732,0.003942429000000001,95.57331,74.92962,0.0004859867,6.387607,0.06017648,157.5663,0.026448861999999997,0.0024226142,0.1083005,489.4946,0.026448861999999997,0.0024226142,0.01410497,519.31439,0.026448861999999997,0.0024226142,0.011318008,528.59947,0.026448861999999997,0.0024226142,0.005969475,4.097405e-05,5.9348699999999996e-05,0.06653831959999999,48.4494459,0.07234452999999999,0.005495605,0.0031247460000000003,1.8977861999999996e-05,0.00020144826
73,1608280800,12.757354999999999,12.757387,0.0014467672,-1.3242382,6.120185000000001,3.177497,5.166044,4.728031,0.28754347,5.53068,5.0545739999999996e-05,3.5559543e-05,3.7138067999999995e-05,4.3552035e-05,5.8054156e-05,7.955261999999999e-05,0.00011293900000000001,0.00021603077,5.032931,1.3420712,0.003047467,90.21567,71.47139,0.00042344750000000003,6.4703479999999995,0.05637808,137.4649,0.014796388399999999,0.0013548470439999998,0.10388316,448.87890000000004,0.014796388399999999,0.0013548470439999998,0.012061423000000002,325.605,0.014796388399999999,0.0013548470439999998,0.009289387,329.57919999999996,0.014796388399999999,0.0013548470439999998,0.005752391999999999,3.740875e-05,5.5494520000000003e-05,-0.09120310000000001,46.54235330000001,0.0694221,0.004914925999999999,0.0027720600000000002,2.0003204000000003e-05,0.00021767185
73,1608281400,7.285881000000001,7.285899000000001,0.0018325260000000003,-0.8866333,5.216708,2.2956920000000003,4.301944000000001,3.6494620000000006,0.6776535300000001,4.025792,3.151867e-05,1.55448e-05,1.63359427e-05,2.04352136e-05,3.0080601e-05,4.102662999999999e-05,6.8633875e-05,0.00014882096000000001,3.2125839999999997,0.42897280000000004,0.0010281160000000001,81.4048,61.817359999999994,0.00024186278999999998,6.490679,0.0398439,78.03139999999999,0.01064052717,0.0009744555160000002,0.08069834000000001,284.6753,0.01064052717,0.0009744555160000002,0.009794902000000001,207.14002200000004,0.01064052717,0.0009744555160000002,0.006991302999999999,210.78014199999998,0.01064052717,0.0009744555160000002,0.004716073,2.1326435e-05,3.933471e-05,-0.033335613,278.46022500000004,0.11117837400000001,0.0012828078999999998,-0.0006113085,2.67114496e-05,0.000256431
73,1608282000,4.122902000000001,4.1229190000000004,-0.018696663000000002,-0.9560977000000002,3.2471110000000003,1.5772309999999998,2.699255,2.4684,0.266363773,2.2942518,2.272935e-05,6.5452990999999995e-06,6.64923249e-06,8.604334e-06,1.36581493e-05,1.8042019499999998e-05,3.1042165600000006e-05,7.118241199999999e-05,2.012772,0.047868360000000006,0.0006447107000000001,75.24931,53.983900000000006,0.00013706093,6.033397,0.02753987,44.43841,0.00465331072,0.000425558244,0.057824799999999996,178.67302,0.00465331072,0.000425558244,0.007737811,91.89406600000001,0.00465331072,0.000425558244,0.004679187999999999,93.24961499999999,0.00465331072,0.000425558244,0.004437803,9.148061e-06,2.7054440000000002e-05,0.05577003000000001,101.5584709,0.033492906,-0.00022734489999999994,-0.001468324,1.2501203600000003e-05,0.00013558342
73,1608282600,5.706238999999999,5.706256,0.011628231,-0.9259608,4.331568,1.9850100000000002,3.845142,3.214861,0.7641078299999999,3.2403659999999994,2.1581129999999998e-05,5.843112e-06,5.8501424e-06,8.111217999999999e-06,1.4133002e-05,1.9363198e-05,3.4347167999999994e-05,7.914211500000001e-05,2.6976989999999996,0.15452401,0.0007261336,79.97176999999999,56.92492,0.0001895962,6.183542,0.03604516,60.47999,0.0034815355300000005,0.000318066182,0.0719911,236.96240000000003,0.0034815355300000005,0.000318066182,0.007956147,83.01203000000001,0.0034815355300000005,0.000318066182,0.005091077,83.107851,0.0034815355300000005,0.000318066182,0.00455961,2.6294559e-05,4.3746729999999994e-05,0.12372080999999999,242.57867730000004,0.10468093399999998,0.0006491189500000001,-0.00089458478,5.17008648e-05,0.00045057726999999997
73,1608283200,4.058559999999999,4.058578,0.013268563,-0.9435205999999999,3.5816210000000006,1.7125490000000003,3.362916,2.9994560000000003,0.023603680000000002,1.6599510000000002,2.9067809999999997e-05,1.2698649800000001e-05,1.32543827e-05,1.5666866900000002e-05,2.0755492000000003e-05,2.68532955e-05,4.1602380999999995e-05,8.3689304e-05,1.8014459999999999,0.22697949999999997,0.0006075696000000001,80.02968999999999,61.24022,0.0001347602,6.357083000000001,0.03211556,42.75594,0.00548919982,0.00050219248,0.06230153000000001,158.9234,0.00548919982,0.00050219248,0.0073562459999999994,93.62954700000002,0.00548919982,0.00050219248,0.004545380999999999,95.76252,0.00548919982,0.00050219248,0.004333586,5.7820520000000005e-06,2.32386e-05,-0.0118690085,1.6206150000000001,0.005325358,-0.000153020626,-0.001552591,8.246235000000001e-07,1.149824e-05
73,1608283800,4.614576999999999,4.614593999999999,0.01438238,-0.8380993,3.98686,1.7793850000000002,3.6545249999999996,3.240061,0.03827246,1.9101110000000001,2.1879829999999995e-05,6.031805e-06,5.7868004e-06,7.209399900000001e-06,1.1379801e-05,1.4225512100000002e-05,2.3396549e-05,5.1355336999999994e-05,2.070717,0.2358397,0.0006034763,84.20068,60.31362,0.00015337749999999999,6.0614609999999995,0.03363099,48.46175999999999,0.006741461110000001,0.000616982415,0.06652128,181.5172,0.006741461110000001,0.000616982415,0.008423065999999998,129.80104,0.006741461110000001,0.000616982415,0.005682866999999999,131.987966,0.006741461110000001,0.000616982415,0.004387812999999999,9.561455e-06,2.692441e-05,0.5723627847999999,92.800274,0.034628144000000007,9.9126801e-05,-0.001438798,1.53604374e-05,0.00016780694
73,1608284400,4.459372,4.459389,0.01429517,-0.7831243999999999,3.834829,1.721225,3.6209219999999993,3.2130610000000006,0.029575410000000003,1.826241,2.6291180000000002e-05,1.01524242e-05,1.0222187e-05,1.19295547e-05,1.6655746000000003e-05,2.0415822700000003e-05,3.1433879100000005e-05,6.4215759e-05,1.9986610000000002,0.2302212,0.0006252333,85.11616,60.42922,0.0001481454,6.070399,0.03288306,46.67993,0.0028712309300000004,0.000262274951,0.06541003000000001,175.6155,0.0028712309300000004,0.000262274951,0.006714677,59.75485000000001,0.0028712309300000004,0.000262274951,0.003960104,60.325146999999994,0.0028712309300000004,0.000262274951,0.004352573,6.305502e-06,2.3606399999999998e-05,-0.0009664144999999999,2.05985,0.00719143,-2.3033109999999995e-05,-0.001513417,8.836234e-07,1.2341669999999999e-05
73,1608285000,4.864295,4.864312,0.010269489,-0.8068379999999999,3.9774459999999996,1.7950740000000003,3.7345130000000006,3.3457030000000003,0.036252559999999996,2.001701,2.3019510000000003e-05,7.290060000000001e-06,6.939391729999999e-06,8.2471193e-06,1.1946441e-05,1.4071446600000001e-05,2.2239314199999997e-05,4.7716215000000003e-05,2.1978910000000003,0.23356539999999998,0.0005583629,85.88718,59.695460000000004,0.0001617524,5.717066999999999,0.034247700000000006,50.758230000000005,0.008290974000000001,0.0007589064,0.06857991,192.8328,0.008290974000000001,0.0007589064,0.009030123000000001,151.33121999999997,0.008290974000000001,0.0007589064,0.006299992,154.40949,0.008290974000000001,0.0007589064,0.004384908999999999,7.043313999999999e-06,2.434735e-05,0.019843573999999996,4.292451000000001,0.010405961,0.00020774693999999998,-0.0013916179999999998,1.0206626999999998e-06,1.3653759999999999e-05
73,1608285600,4.553711,4.553727,0.004154708,-0.9402095000000001,3.7371779999999992,1.7782449999999996,3.534858,3.103068,0.08495335600000001,1.9096888,3.092697e-05,1.5018763000000001e-05,1.5571862e-05,1.8205665e-05,2.4443724000000003e-05,3.0924147999999995e-05,4.7249779999999995e-05,9.3775423e-05,2.0722657,0.20371539999999996,0.0006136132,78.16606,58.73243,0.00015121627,6.4539349999999995,0.03351271,48.370940000000004,0.009194962099999999,0.0008418209500000001,0.06638419999999999,183.99751,0.009194962099999999,0.0008418209500000001,0.008755043,163.14829,0.009194962099999999,0.0008418209500000001,0.005973367,167.11522300000001,0.009194962099999999,0.0008418209500000001,0.004350042000000001,6.740732e-06,2.396445e-05,0.114834299,9.182105969999999,0.015235821,7.740310000000004e-05,-0.0013831709999999999,1.8700823999999998e-06,2.3697812e-05
73,1608286200,2.0918339999999995,2.09185,-0.0022388376,-1.771811,1.8483939999999996,1.368505,1.7633780000000001,1.710577,0.016334595,0.8626029000000001,2.274192e-05,6.057282900000001e-06,6.16358391e-06,7.231925830000001e-06,9.9092491e-06,1.22647399e-05,1.8847829800000005e-05,3.7970031e-05,0.9893309,0.05610423,0.0003768301,76.71125,55.38951999999999,6.95121e-05,6.279037,0.023592079999999998,22.18123,0.00050837863,4.5838278999999994e-05,0.04619551,87.61251,0.00050837863,4.5838278999999994e-05,0.005641000000000001,19.795403999999998,0.00050837863,4.5838278999999994e-05,0.002640956,19.0208465,0.00050837863,4.5838278999999994e-05,0.004167449,3.194083e-06,2.049677e-05,0.021576236,0.009811759999999987,0.002678764,-0.0010525139,-0.001802007,7.391127e-07,1.0083575000000001e-05
73,1608286800,2.05591,2.055928,-0.0016816518699999997,-1.7671319999999997,1.9182949999999999,1.358192,1.8093939999999997,1.703791,0.021947138999999997,0.8521519,2.198983e-05,5.691912999999999e-06,5.8271464e-06,6.807341799999999e-06,9.313024999999999e-06,1.1579244000000001e-05,1.7736790000000002e-05,3.5304709e-05,0.9439493000000001,0.08346378,0.0004441158000000001,79.91292000000001,58.140840000000004,6.832006999999999e-05,6.417926,0.02362877,22.134149999999998,0.00302659158,0.00027668097499999997,0.04529308,84.3268,0.00302659158,0.00027668097499999997,0.006473306,55.341407000000004,0.00302659158,0.00027668097499999997,0.003498182,56.17099900000001,0.00302659158,0.00027668097499999997,0.0041395730000000006,3.2967369999999997e-06,2.033581e-05,-0.631372065,20.313037669999993,0.0059753620000000006,-0.0010621617,-0.0018019750000000001,1.0341259999999998e-06,1.3431711e-05
73,1608287400,1.948548,1.9485649999999999,0.0021099779999999998,-1.7284470000000003,1.9948729999999997,1.3167499999999999,1.8525559999999999,1.6870619999999998,0.02464114,0.8200652999999999,2.040698e-05,3.8911756000000005e-06,4.0562253e-06,5.0583932000000005e-06,7.5521187e-06,9.9894267e-06,1.67477115e-05,3.596308e-05,0.8885798000000001,0.08509687,0.0005102670999999999,81.56721000000002,58.80183000000001,6.470251999999999e-05,6.4364099999999995,0.02304457,20.87795,0.00074860755,6.7942264e-05,0.04388272,79.24213,0.00074860755,6.7942264e-05,0.005879317,27.612540000000003,0.00074860755,6.7942264e-05,0.0028546150000000005,26.843171,0.00074860755,6.7942264e-05,0.0041305149999999995,3.0120270000000002e-06,1.998505e-05,0.029641489,1.147662424,0.0060065100000000005,-0.0011515765,-0.0018741279999999999,8.090149e-07,1.1133669e-05
73,1608288000,1.7063970000000002,1.7064119999999998,-0.0003083941100000001,-1.758032,1.7620280000000001,1.231752,1.652451,1.560985,0.01526327,0.7087902,2.199739e-05,5.5509311e-06,5.6923301200000005e-06,6.569882499999999e-06,8.7230184e-06,1.0743718409999999e-05,1.60881547e-05,3.0799732e-05,0.7879001999999999,0.06485738999999999,0.0003505386,78.90676,57.66944000000001,5.671584999999999e-05,5.950502,0.021230879999999997,17.88745,0.00157478955,0.00014369303599999999,0.04106041,69.32265,0.00157478955,0.00014369303599999999,0.005811972,31.967607999999995,0.00157478955,0.00014369303599999999,0.002746934,31.971736999999997,0.00157478955,0.00014369303599999999,0.0041537829999999994,2.710257e-06,1.9905760000000002e-05,0.007001512,2.2332551549999997,0.006235788,-0.001343496,-0.002016224,7.970078e-07,1.1042049000000001e-05
73,1608288600,1.571536,1.571552,0.00180724754,-1.7626359999999999,1.712453,1.1842289999999998,1.5821720000000001,1.4716559999999999,0.013430421000000001,0.6514228,1.930238e-05,2.7948448999999997e-06,2.8057320000000005e-06,3.4370440000000002e-06,5.1131433e-06,6.5269282e-06,1.06343287e-05,2.3401522e-05,0.7372302,0.0482983,0.00018185877,79.2081,56.21171,5.221602e-05,6.216241,0.020403479999999998,16.42697,0.00266312936,0.00024339804100000003,0.03972243,64.77994,0.00266312936,0.00024339804100000003,0.006313125,48.436773,0.00266312936,0.00024339804100000003,0.0032574789999999998,49.11681,0.00266312936,0.00024339804100000003,0.0041212359999999995,2.6131359999999997e-06,1.9545750000000002e-05,-0.07087295099999999,5.453325313800001,0.0048423261,-0.001386295,-0.002027199,9.312772e-07,1.1816968000000001e-05
73,1608289200,1.7866050000000002,1.7866229999999999,-0.0014297630000000001,-1.7610350000000001,1.7726029999999997,1.260569,1.622636,1.579434,0.01835518,0.7441698,1.872652e-05,2.4712870000000002e-06,2.41920869e-06,3.0961290700000005e-06,4.857751599999999e-06,6.2825529999999995e-06,1.0714135499999998e-05,2.4541989e-05,0.850661,0.04242357,0.00016153674999999998,76.55100999999999,54.79600000000001,5.9384840000000004e-05,6.104247,0.02162407,18.755600000000005,0.0011359088,0.00010351107,0.04272422,74.94098999999999,0.0011359088,0.00010351107,0.005799337999999999,28.601770999999996,0.0011359088,0.00010351107,0.002815334,28.332207,0.0011359088,0.00010351107,0.004097837000000001,2.864294e-06,1.959534e-05,0.040677069999999996,1.33048184,0.004813868,-0.0011914800000000002,-0.0018806279999999999,8.092621e-07,1.0614437999999998e-05
73,1608289800,2.025422,2.0254400000000006,-0.0068232039,-1.7606369999999998,1.8591189999999997,1.3418839999999999,1.74984,1.6707509999999999,0.013508117,0.8295900999999999,1.8646760000000003e-05,2.6083815e-06,2.58317369e-06,3.3516593000000006e-06,5.458036800000001e-06,7.122390470000002e-06,1.23278188e-05,2.7951282000000002e-05,0.9607879,0.05161154,0.00024746797,77.50117000000002,55.14793000000001,6.730433e-05,6.0768569999999995,0.02291844,21.1476,0.00286457994,0.000261824972,0.04533153,84.36072000000001,0.00286457994,0.000261824972,0.006475000999999999,53.172168,0.00286457994,0.000261824972,0.0035666219999999998,53.8232531,0.00286457994,0.000261824972,0.004102641000000001,3.2715889999999996e-06,2.000856e-05,-0.7065703742,23.399346122000004,0.004355518000000001,-0.0010318909999999996,-0.0017679709999999997,1.4707356999999999e-06,1.8409710999999998e-05
73,1608290400,2.1922500000000005,2.192267,-0.007995992,-1.7546279999999999,2.003048,1.398106,1.837107,1.7389660000000002,0.021858238,0.9309375,2.105026e-05,4.7155392e-06,4.8426623e-06,6.0617132e-06,8.577991e-06,1.1114908500000001e-05,1.8021545899999998e-05,3.8281036e-05,1.0425013,0.05327653,0.00025092539999999996,73.73598999999999,54.891110000000005,7.283727e-05,6.308059999999999,0.02398869,23.066430000000004,0.00268616624,0.000245474457,0.047396350000000004,92.09083000000001,0.00268616624,0.000245474457,0.0064728960000000006,54.791024000000014,0.00268616624,0.000245474457,0.003550892000000001,55.23072,0.00268616624,0.000245474457,0.004140917,3.943528e-06,2.0860710000000002e-05,-0.001481555000000001,0.40470695999999995,0.004917810000000001,-0.0007667981000000001,-0.00155105,7.658046000000001e-07,1.119887e-05
73,1608291000,2.368,2.3680169999999996,-0.006968665000000001,-1.7619979999999997,1.9533960000000001,1.451176,1.854359,1.8108539999999997,0.013668784,0.9659012,1.95285e-05,3.3766478e-06,3.2884270000000003e-06,4.1964583e-06,6.276638e-06,7.5962676e-06,1.2243475899999998e-05,2.8283464000000003e-05,1.13047,0.05324519,0.00021438230000000004,77.74017,54.53461,7.871548e-05,5.746722,0.024984650000000004,24.865280000000002,0.0024496517799999997,0.000223875972,0.04925238,99.5689,0.0024496517799999997,0.000223875972,0.006364235000000001,51.428493,0.0024496517799999997,0.000223875972,0.003493133,51.815733,0.0024496517799999997,0.000223875972,0.004125790999999999,4.184475e-06,2.0921559999999997e-05,0.01773833393,-0.0505605556,0.0032005989999999997,-0.0006357705999999999,-0.0014474330000000001,7.535500999999999e-07,1.0327836999999999e-05
73,1608291600,2.1927770000000004,2.192793,-0.008872806,-1.7556539999999998,1.9093700000000002,1.3945249999999998,1.799155,1.7451899999999998,0.01325977,0.8983250999999999,2.146479e-05,5.602989e-06,5.7787496e-06,7.184725999999999e-06,9.909856e-06,1.2596131999999997e-05,1.9901728e-05,4.1820572e-05,1.048624,0.04739304,0.00026220109999999997,74.47725,54.366,7.284806e-05,6.389276000000001,0.023982959999999998,23.06626,0.00044690512999999996,4.0301543e-05,0.04747327,92.50226,0.00044690512999999996,4.0301543e-05,0.005617194000000001,21.306813000000002,0.00044690512999999996,4.0301543e-05,0.00270178,20.470216999999998,0.00044690512999999996,4.0301543e-05,0.004114801999999999,4.1265639999999994e-06,2.078148e-05,0.103706838,11.68997768,0.009016427,-0.0007038139,-0.001502869,1.2433274e-06,1.6234935000000002e-05
73,1608292200,2.0331870000000003,2.033205,-0.004712389,-1.759702,1.8628310000000003,1.343198,1.7424159999999997,1.6804999999999999,0.014167600000000002,0.8340515,2.0811930000000002e-05,4.3502188e-06,4.4344186e-06,5.523052200000001e-06,7.6761408e-06,9.82963024e-06,1.57172967e-05,3.3682472e-05,0.9645332000000002,0.0517756,0.000199649,75.1889,55.130190000000006,6.755262e-05,6.097836,0.023021649999999998,21.305740000000004,0.0009084407500000001,8.25819e-05,0.04549042,84.9553,0.0009084407500000001,8.25819e-05,0.005673409,26.179409000000003,0.0009084407500000001,8.25819e-05,0.002695152,25.596874,0.0009084407500000001,8.25819e-05,0.004147546,3.6385549999999996e-06,2.0662559999999998e-05,0.001752637,0.22377449,0.004649619,-0.0009253997,-0.0016991760000000002,7.726456e-07,1.0512818e-05
73,1608292800,1.958813,1.95883,-0.0034127820000000005,-1.7489789999999998,1.866206,1.3173750000000002,1.755278,1.652339,0.011884323,0.8041962,1.925292e-05,3.1843101000000004e-06,3.3928357999999998e-06,4.5026175e-06,6.567391e-06,8.709922700000001e-06,1.46550563e-05,3.2453435999999995e-05,0.9295731,0.049561680000000004,0.00019383128000000001,75.06498,55.089870000000005,6.507158e-05,6.369304999999999,0.022618310000000003,20.756059999999998,0.0009449325299999998,8.5972828e-05,0.044761680000000005,82.27301,0.0009449325299999998,8.5972828e-05,0.0056816900000000005,24.79065,0.0009449325299999998,8.5972828e-05,0.002711279,24.41767,0.0009449325299999998,8.5972828e-05,0.004146467,5.693127e-06,2.257041e-05,-0.45028874399999996,117.584522189,0.029476617,-0.0009102892,-0.0016687529999999998,6.852449899999999e-06,7.5850134e-05
73,1608293400,2.0177089999999995,2.0177270000000003,0.007243522800000001,-1.351427,2.966005,1.325434,1.868794,1.7423789999999997,0.10009733000000001,1.6966211000000002,3.9921660000000005e-05,8.7005482e-06,7.332608200000001e-06,8.37607e-06,1.1777956e-05,1.57374e-05,2.6146855999999998e-05,5.515782799999999e-05,0.9519622,0.04980696,0.00692957565,76.1178,55.27667,6.693352e-05,6.51375,0.022672969999999997,23.713939999999997,0.0031863276999999995,0.00029952319500000003,0.04518277,84.03464,0.0031863276999999995,0.00029952319500000003,0.006393106,45.727752,0.0031863276999999995,0.00029952319500000003,0.003372667,44.949555000000004,0.0031863276999999995,0.00029952319500000003,0.004276796,7.7399093e-05,9.528897000000001e-05,-3.1113164099999997,115.87008671000001,0.07179434800000002,-0.0009500396,-0.00171445,0.00038817219849999996,0.0041667089200000005
73,1608294000,1.954955,1.9549719999999997,-0.008096200000000001,-1.6956099999999998,1.988497,1.3102159999999998,1.8613699999999997,1.719615,0.014824181,0.8058853000000001,2.0699150000000003e-05,4.2727421000000004e-06,4.303511660000001e-06,5.308054699999999e-06,7.303427399999998e-06,9.174362499999999e-06,1.44723476e-05,3.1049694000000006e-05,0.9264502,0.050617880000000004,0.00032850990000000003,75.68464999999999,55.20935999999999,6.497655000000001e-05,6.19825,0.02246366,20.90414,0.00173009376,0.0001578456,0.044819399999999995,82.45309,0.00173009376,0.0001578456,0.0061967720000000006,38.109029,0.00173009376,0.0001578456,0.003205291,38.080283,0.00173009376,0.0001578456,0.004141429,3.3793769999999998e-06,2.0388790000000003e-05,0.023098692,0.26834876999999996,0.00409741,-0.000997684,-0.0017508119999999998,7.409177e-07,1.0354642999999998e-05
73,1608294600,1.8155160000000001,1.815534,-0.008095214,-1.72153,1.8960189999999997,1.265838,1.7593299999999998,1.629388,0.01172755,0.7463767,2.125087e-05,4.936462100000001e-06,5.071050900000001e-06,6.1391588e-06,8.2605805e-06,1.03736781e-05,1.6143355500000004e-05,3.2511295e-05,0.8542088999999999,0.05315107,0.0003103611,77.85575,55.90631,6.0328020000000004e-05,6.320576,0.02148733,18.975209999999997,0.00341395892,0.000312179637,0.04277091,75.06944000000001,0.00341395892,0.000312179637,0.006654772000000001,59.79838299999999,0.00341395892,0.000312179637,0.0036717850000000003,60.893086999999994,0.00341395892,0.000312179637,0.004145398000000001,3.489037e-06,2.050372e-05,0.03669923099999999,9.546762350000003,0.008896702000000001,-0.001038542,-0.0017705169999999999,9.827850999999997e-07,1.2881689999999998e-05
73,1608295200,1.977487,1.977505,-0.005908097,-1.7047839999999996,1.970986,1.31931,1.859906,1.7256170000000002,0.014649847999999998,0.8145986000000001,2.075895e-05,4.4218014e-06,4.37784845e-06,5.2496277e-06,7.1885219e-06,8.7899958e-06,1.3512782e-05,2.7664154999999995e-05,0.9405070999999999,0.04786841,0.0002930434,77.34082,54.89135,6.574725e-05,5.846668,0.02235695,20.645729999999997,0.0016371754499999998,0.000149325396,0.04487742,82.62487999999999,0.0016371754499999998,0.000149325396,0.005985488999999999,34.753812999999994,0.0016371754499999998,0.000149325396,0.003010709,34.636686,0.0016371754499999998,0.000149325396,0.004147866,3.413458e-06,2.0462980000000002e-05,0.017770622,0.8822319569999999,0.006886582,-0.0010068281,-0.0017690519999999997,7.761571000000001e-07,1.0771867e-05
73,1608295800,2.026884,2.026901,-0.0058935213,-1.7232910000000001,1.98156,1.3374210000000002,1.8483569999999996,1.724566,0.014894887,0.834131,1.940372e-05,2.8256491e-06,2.79157672e-06,3.6807997999999997e-06,5.6025273e-06,7.232668e-06,1.2244599199999998e-05,2.8253013000000004e-05,0.9629044999999999,0.050112069999999995,0.00036022319999999997,76.19282999999999,55.002289999999995,6.737269e-05,6.197495,0.02267814,21.0817,0.0014615283,0.0001332743903,0.04536269,84.42243,0.0014615283,0.0001332743903,0.006035929000000001,34.956264999999995,0.0014615283,0.0001332743903,0.003083515,34.7768981,0.0014615283,0.0001332743903,0.004152614000000001,3.5634060000000002e-06,2.0631619999999995e-05,0.033823494999999995,0.19401536300000002,0.004378443,-0.0009323484,-0.0017055190000000002,7.476987e-07,1.0347857e-05
73,1608296400,2.1937930000000003,2.19381,-0.009535984,-1.764435,1.901233,1.39887,1.807292,1.7438759999999998,0.011019442,0.8918087,2.070874e-05,4.022629e-06,4.030537e-06,4.993335e-06,7.226359000000001e-06,9.138652000000001e-06,1.4707635999999996e-05,3.185319e-05,1.0403081,0.05610539999999999,0.00040182609999999996,76.31795,55.16946,7.289902000000001e-05,6.347715,0.023918219999999997,22.88045,0.0027278582800000003,0.000249376784,0.04717374,91.28625000000002,0.0027278582800000003,0.000249376784,0.006369743999999999,49.979465100000006,0.0027278582800000003,0.000249376784,0.0034210410000000005,50.644702800000005,0.0027278582800000003,0.000249376784,0.00417534,3.577973e-06,2.085492e-05,0.030998027,0.869292473,0.005931912,-0.0009208288,-0.001700492,8.185800000000001e-07,1.1317271e-05
73,1608297000,2.222286,2.222302,-0.009720048,-1.762628,1.8978210000000004,1.407901,1.8030940000000002,1.756402,0.010005139,0.9082231999999999,1.891494e-05,2.3187725000000003e-06,2.1707892e-06,2.96479729e-06,5.1302776e-06,6.649595e-06,1.176701425e-05,2.7947183e-05,1.05782,0.05287483,0.0003853262,76.33238,54.80421,7.386439000000001e-05,6.030763,0.02420573,23.24879,0.00196685284,0.000179470353,0.04760607000000001,92.94472,0.00196685284,0.000179470353,0.006145567,37.816959,0.00196685284,0.000179470353,0.0032055150000000004,38.101698999999996,0.00196685284,0.000179470353,0.00417373,3.640732e-06,2.0897510000000002e-05,0.044325043999999994,6.075087268999999,0.006480209000000001,-0.0008999628000000001,-0.0016955980000000002,8.789568000000001e-07,1.1605781999999999e-05
73,1608297600,2.0998600000000005,2.099877,-0.010144109,-1.762726,1.867371,1.368375,1.758277,1.7082519999999999,0.013763880000000001,0.8595798,2.076189e-05,4.1074025e-06,4.149208600000001e-06,5.091617e-06,7.522343e-06,9.557931e-06,1.5367871e-05,3.2511391000000004e-05,0.9985352000000001,0.050953950000000005,0.00035801539999999997,76.71357,54.90706,6.97855e-05,6.3534049999999995,0.02351354,21.94964,0.00234040806,0.000213770467,0.04627903,87.8362,0.00234040806,0.000213770467,0.006490885,48.990517999999994,0.00234040806,0.000213770467,0.0034962279999999997,49.161179,0.00234040806,0.000213770467,0.0041952000000000005,3.5669450000000003e-06,2.10168e-05,0.07028644799999999,13.905673871000001,0.01028169,-0.0010035182,-0.001774311,8.086957e-07,1.1301039e-05
73,1608298200,2.009338,2.0093539999999996,-0.011542155000000002,-1.754944,1.8430689999999998,1.334131,1.74054,1.654813,0.014382657000000002,0.82826,2.13051e-05,4.3663767e-06,4.426570599999999e-06,5.4145099999999994e-06,7.878946e-06,1.0267294e-05,1.6594696e-05,3.5447872e-05,0.9548953000000001,0.049336740000000004,0.0003478973,74.78891000000002,54.981989999999996,6.674916e-05,6.430306,0.02289301,20.693240000000003,0.00130303981,0.00011879242400000001,0.04506188,83.27369,0.00130303981,0.00011879242400000001,0.005934529999999999,34.237339,0.00130303981,0.00011879242400000001,0.002926494,33.941136199999995,0.00130303981,0.00011879242400000001,0.004191665,3.221167e-06,2.069331e-05,0.004075843999999999,1.47923728656,0.004703263,-0.0010838725,-0.001862927,7.468566e-07,1.0542567000000001e-05
73,1608298800,2.048722,2.048739,-0.015085830000000003,-1.7537230000000001,1.8550689999999999,1.348252,1.7553539999999999,1.665763,0.010618271,0.8361889,1.993762e-05,3.2130874e-06,3.2110249000000004e-06,3.9600105e-06,6.038912000000001e-06,7.507635e-06,1.2281711000000001e-05,2.7233042000000003e-05,0.9758448999999999,0.04809118,0.0003579822,80.17663,54.75545999999999,6.808766e-05,6.234772,0.0232652,21.38999,0.00241467113,0.00022054061,0.04569749,85.69333000000002,0.00241467113,0.00022054061,0.006258980999999999,46.73385,0.00241467113,0.00022054061,0.00325803,47.1947504,0.00241467113,0.00022054061,0.004182007000000001,3.151356e-06,2.0557720000000003e-05,0.04104895099999999,1.2296358710000002,0.0045531,-0.0010822646999999997,-0.001856456,8.424222e-07,1.1488832999999998e-05
73,1608299400,1.7705840000000002,1.7706019999999998,-0.013650934,-1.7621369999999998,1.724004,1.255379,1.620911,1.5552480000000002,0.013647350000000003,0.7296258,2.083055e-05,4.2212693e-06,4.3584513e-06,5.265839e-06,7.5275139999999995e-06,9.723405e-06,1.5766979000000003e-05,3.3004220999999996e-05,0.8358512000000001,0.04900323,0.00035330169999999995,76.00793000000002,55.5853,5.879956e-05,6.378552,0.02171887,18.651590000000002,0.0031633126500000006,0.00028933680230000005,0.042382649999999994,73.72783,0.0031633126500000006,0.00028933680230000005,0.006542175999999999,56.983098000000005,0.0031633126500000006,0.00028933680230000005,0.003519029,57.9436999,0.0031633126500000006,0.00028933680230000005,0.0041386470000000005,2.807773e-06,1.9872619999999998e-05,0.02217011,4.602002499999999,0.00734728,-0.001256718,-0.0019690890000000003,9.396501e-07,1.2604017e-05
73,1608300000,1.6638199999999999,1.6638370000000002,-0.013918330000000001,-1.7601950000000002,1.6942650000000001,1.219108,1.5922239999999999,1.506722,0.011883126999999999,0.6863052,1.8914140000000002e-05,2.3113183000000005e-06,2.21499107e-06,2.7197168000000004e-06,4.192792400000001e-06,5.12726163e-06,8.3461167e-06,1.8793703999999997e-05,0.7822981999999999,0.04929212,0.0002734239,79.93094,55.98909999999999,5.5332980000000006e-05,5.790706000000001,0.020932,17.26402,0.0007202125800000001,6.531417599999999e-05,0.04086288,68.42331,0.0007202125800000001,6.531417599999999e-05,0.005703239000000001,23.808051000000003,0.0007202125800000001,6.531417599999999e-05,0.002638189,23.195238,0.0007202125800000001,6.531417599999999e-05,0.004141979999999999,2.7032439999999997e-06,1.978892e-05,0.009256566000000004,15.49547862,0.009077653,-0.0013644709999999997,-0.00204628,1.2977206e-06,1.6798532e-05
73,1608300600,1.777523,1.777543,-0.01600555,-1.756665,1.752691,1.258956,1.651287,1.558322,0.011725086,0.7328395000000001,2.1440740000000002e-05,4.8394324e-06,4.909826169999999e-06,5.764026760000001e-06,7.8760318e-06,9.83659288e-06,1.506296183e-05,3.1053562e-05,0.8387024000000001,0.04966459,0.00031177440000000004,75.00184,55.66128,5.909195999999999e-05,6.059151,0.02158272,18.370330000000003,0.00129671921,0.000118255837,0.04230107,73.32898,0.00129671921,0.000118255837,0.005895048,34.158806999999996,0.00129671921,0.000118255837,0.0028466449999999996,33.75280360000001,0.00129671921,0.000118255837,0.004155889,2.824829e-06,2.0024930000000004e-05,-0.09719654,19.01883434,0.008383856800000002,-0.0012821119999999997,-0.0020117110000000002,1.2926999e-06,1.6624469e-05
73,1608301200,1.708437,1.708457,-0.017614659999999997,-1.7494950000000002,1.7378030000000002,1.231729,1.6255979999999997,1.5413710000000003,0.013535115,0.7081838,2.3221120000000002e-05,6.763499000000001e-06,7.063081e-06,8.196281e-06,1.0883512000000001e-05,1.3837791000000002e-05,2.1136246999999998e-05,4.152743e-05,0.8030561,0.05070118999999999,0.0003458972,74.19043,56.02246,5.6733450000000005e-05,6.5291939999999995,0.021170880000000003,17.692890000000002,0.0025750125000000004,0.00023542935,0.04135117000000001,70.20461,0.0025750125000000004,0.00023542935,0.006144002,47.036742000000004,0.0025750125000000004,0.00023542935,0.003110801,47.633387000000006,0.0025750125000000004,0.00023542935,0.004151686999999999,2.804472e-06,1.9943590000000003e-05,1.0867583699999996,34.093297289999995,0.012763818299999998,-0.0013464240000000001,-0.0020554559999999998,1.4798247000000002e-06,1.9213956000000002e-05
73,1608301800,1.4551859999999999,1.455202,-0.009038482,-1.7562719999999998,1.6212500000000003,1.1407469999999997,1.5300829999999999,1.423054,0.009743339,0.5982952,1.9833980000000002e-05,3.2710435e-06,3.3842573e-06,4.187122499999999e-06,6.1554441e-06,8.129414799999998e-06,1.3293778e-05,2.8870602e-05,0.6789907000000001,0.04817907,0.00035261229999999997,78.42237,56.70661,4.8312129999999996e-05,6.487146,0.01930869,14.990950000000002,0.00214268604,0.000195712928,0.03797927999999999,59.11394,0.00214268604,0.000195712928,0.0061009689999999995,38.886669999999995,0.00214268604,0.000195712928,0.003021186,39.26707400000001,0.00214268604,0.000195712928,0.004139045,2.4820940000000006e-06,1.9550760000000003e-05,-0.1957202,37.39093262,0.010923364999999999,-0.001532533,-0.002180291,1.0327822e-06,1.3213913e-05
73,1608302400,1.3630879999999999,1.3631060000000002,-0.006597960999999999,-1.763645,1.5676600000000003,1.105422,1.4669320000000001,1.392642,0.009055450999999999,0.5604315,1.9239879999999997e-05,2.5533509e-06,2.596769e-06,3.1599644999999998e-06,4.582567e-06,5.839902e-06,9.312096000000001e-06,2.0336515e-05,0.6215214,0.05968665000000001,0.00028599020000000003,83.65797,58.85227999999999,4.5283999999999995e-05,6.493911,0.0186733,14.007230000000002,0.00110878115,0.00010089167099999998,0.036309270000000005,54.03952,0.00110878115,0.00010089167099999998,0.0059957560000000005,26.912212,0.00110878115,0.00010089167099999998,0.0028574309999999997,26.588513999999996,0.00110878115,0.00010089167099999998,0.004140185,2.212835e-06,1.9318839999999998e-05,-0.0010414800000000056,6.577887240000001,0.0064895447,-0.001618629,-0.002253173,9.895542e-07,1.3229585000000002e-05
73,1608303000,1.1542923999999999,1.1543078,-0.0082356892,-1.749542,1.4748819999999996,1.0136930999999998,1.361553,1.2793899999999998,0.011549814,0.4843312,1.8337160000000002e-05,1.6543821e-06,1.6511037e-06,2.0830112e-06,3.222971e-06,4.156235e-06,6.8935205999999995e-06,1.5716274e-05,0.5237581,0.05309908,0.00025210679999999994,81.2798,59.370140000000006,3.8363639999999996e-05,6.198549,0.017225450000000003,11.950552,0.0017115619200000001,0.0001562324739,0.03328872,45.71419,0.0017115619200000001,0.0001562324739,0.005943934,32.723791,0.0017115619200000001,0.0001562324739,0.002744516,32.9827964,0.0017115619200000001,0.0001562324739,0.00413733,2.2613659999999996e-06,1.9304750000000002e-05,0.27740945399999994,76.29404224999999,0.014945302800000004,-0.0017972830000000002,-0.002384625,2.2129565000000004e-06,2.6724178e-05
73,1608303600,0.6531741999999999,0.6531912,-0.010185464,-1.6592289999999998,1.187923,0.7584828,1.0873830000000002,1.009306,0.0075186969999999995,0.273454,1.7553699999999998e-05,8.293695000000002e-07,8.341423000000001e-07,1.0423691e-06,1.5669991000000003e-06,1.9119166e-06,3.0338751999999997e-06,6.788923e-06,0.2733255,0.05300329,0.0002413925,90.93900000000001,66.36837,2.17001e-05,6.399176000000001,0.01300426,6.921814,0.0008238514699999998,7.490245709999999e-05,0.02421883,24.13123,0.0008238514699999998,7.490245709999999e-05,0.005394576,16.408729,0.0008238514699999998,7.490245709999999e-05,0.0019693213,16.189371,0.0008238514699999998,7.490245709999999e-05,0.004126475,1.7164810000000003e-06,1.864017e-05,-0.024654469999999963,105.7262442,0.0167922053,-0.0022300439999999996,-0.002710258,1.6482987999999998e-06,1.9381518e-05
73,1608304200,0.7348559,0.7348729,-0.011403222999999999,-1.6537320000000002,1.2691500000000002,0.8054091,1.156462,1.061544,0.007768748000000001,0.30472170000000004,1.818634e-05,1.3772536000000002e-06,1.3756713399999998e-06,1.6038388000000004e-06,2.2141663e-06,2.6321814e-06,3.9541001e-06,8.248469e-06,0.3035226,0.06362243000000001,0.0002604403,90.57775000000001,67.46027,2.442185e-05,6.328909,0.013656749999999999,7.6307149999999995,0.0008976831400000001,8.164201100000001e-05,0.025373789999999997,26.412690000000005,0.0008976831400000001,8.164201100000001e-05,0.005373729,16.749873,0.0008976831400000001,8.164201100000001e-05,0.001988749,16.653407,0.0008976831400000001,8.164201100000001e-05,0.004118890000000001,1.4161749999999998e-06,1.8353060000000003e-05,-0.098737957,24.075535099999996,0.00627523398,-0.002187805,-0.0026792880000000006,1.0731513999999998e-06,1.3607811999999998e-05
73,1608304800,0.6991832,0.6992005,-0.017677588,-1.664978,1.241401,0.786638,1.120608,1.0261059,0.008218811,0.2946367,1.8105159999999998e-05,1.2218446e-06,1.2331780000000001e-06,1.514642e-06,2.1654679e-06,2.708839399999999e-06,4.31978e-06,9.417117000000002e-06,0.2944421,0.054841299999999996,0.00028403680000000004,91.78125,65.7042,2.3212820000000004e-05,6.5203109999999995,0.013535339999999998,7.379732999999999,0.00156787426,0.000143068719,0.025123249999999996,25.9598,0.00156787426,0.000143068719,0.0059454519999999995,30.188089,0.00156787426,0.000143068719,0.0025368726999999997,30.372104299999997,0.00156787426,0.000143068719,0.0041267,1.3905570000000002e-06,1.838213e-05,-0.029388489999999982,13.2697732,0.0065909009,-0.0022169570000000003,-0.002694227,8.935839e-07,1.1803588999999998e-05
73,1608305400,0.6028401,0.6028572000000001,-0.02481344,-1.669704,1.1564590000000001,0.7311131000000001,1.0262185,0.9467914000000001,0.008803189999999999,0.25723300000000004,1.787431e-05,1.0441108999999998e-06,1.04602973e-06,1.2796368e-06,1.7816581999999998e-06,2.1457246e-06,3.3205448000000005e-06,7.045169e-06,0.2582409,0.04286347,0.00029624679999999996,89.03472,64.31068,2.0039500000000004e-05,5.862323000000001,0.012646460000000002,6.382126,0.0009078235400000001,8.256707e-05,0.02352935,22.727719999999998,0.0009078235400000001,8.256707e-05,0.005397136,17.347064,0.0009078235400000001,8.256707e-05,0.0019535409999999996,17.2500069,0.0009078235400000001,8.256707e-05,0.004161262000000001,2.1625529999999996e-06,1.911505e-05,0.13006209700000002,27.102864400000005,0.010939497400000001,-0.002109732,-0.0026644549999999996,1.3763525999999999e-06,1.6028932e-05
73,1608306000,0.6795528000000001,0.6795694999999999,-0.03316401,-1.584832,1.286589,0.7700760000000001,1.1440479999999997,1.0220929,0.009167095,0.2890467,1.7619129999999997e-05,8.499012e-07,8.648880499999999e-07,1.1288635e-06,1.8061923999999997e-06,2.2844429e-06,3.8556893e-06,8.884364e-06,0.28917659999999995,0.05022782,0.0003513154,89.44327999999999,64.94715000000001,2.2573680000000002e-05,6.461365000000001,0.013347859999999998,7.060852,0.0008168808700000001,7.4214273e-05,0.02475696,25.13974,0.0008168808700000001,7.4214273e-05,0.005481976999999999,17.265227,0.0008168808700000001,7.4214273e-05,0.002084753,17.050147000000003,0.0008168808700000001,7.4214273e-05,0.004146881999999999,1.95495e-06,1.8884420000000003e-05,0.11116562,8.0662656,0.009235324999999999,-0.002069387,-0.002630294,8.953583000000001e-07,1.1244477e-05
73,1608306600,0.6802815000000001,0.6802982,-0.03238035,-1.498021,1.322516,0.7634672000000001,1.2074250000000002,1.060607,0.005885433000000001,0.28322529999999996,1.8747110000000003e-05,2.0109492e-06,2.09830199e-06,2.50754963e-06,3.4608618e-06,4.33652624e-06,6.88065282e-06,1.3891825e-05,0.29011780000000004,0.049725780000000004,0.00025993420000000004,80.11429,64.75498999999999,2.259613e-05,6.365077,0.01325973,6.926608999999999,0.000620538927,5.6310344e-05,0.02470948,24.99101,0.000620538927,5.6310344e-05,0.005307134,13.765728300000001,0.000620538927,5.6310344e-05,0.001909784,13.438862300000002,0.000620538927,5.6310344e-05,0.00413201,1.5604970000000003e-06,1.851744e-05,0.092959032,8.538771399999998,0.0063308324999999995,-0.00221084,-0.002711319,8.014888000000001e-07,1.0161324e-05
73,1608307200,0.6873871,0.6874039,-0.012492767999999998,-1.4671720000000001,1.3714160000000002,0.7642168,1.232062,1.086295,0.011605464,0.2968317,1.792011e-05,1.1515249999999997e-06,1.2254423e-06,1.5767966999999998e-06,2.3491876999999997e-06,3.1279619e-06,5.0502044e-06,1.0960993000000001e-05,0.2942319,0.04933337,0.00010154621,86.21571,64.55026000000001,2.282171e-05,6.431883999999999,0.0134431,7.1525690000000015,0.0007272460899999999,6.600558800000001e-05,0.024966430000000005,25.624149999999997,0.0007272460899999999,6.600558800000001e-05,0.005350278,15.624249,0.0007272460899999999,6.600558800000001e-05,0.001959471,15.359947,0.0007272460899999999,6.600558800000001e-05,0.00414816,2.3425720000000003e-06,1.924994e-05,-0.18696654699999998,75.9323381,0.018599633900000002,-0.002054361,-0.002635233,2.5286395000000004e-06,2.8619801e-05
73,1608307800,0.6583045,0.6583215,-0.013198827000000002,-1.602081,1.264913,0.7583415,1.1284480000000001,1.005294,0.008230366,0.28152049999999995,1.8775999999999998e-05,2.1349262e-06,2.2763241000000003e-06,2.749764e-06,3.6913689999999997e-06,4.703481e-06,7.126175999999999e-06,1.3963386000000001e-05,0.27937049999999997,0.04963318,0.00010971693000000002,82.44116,65.20129999999999,2.186072e-05,6.500107,0.013154550000000001,6.8720110000000005,0.00078750527,7.1536528e-05,0.02435791,24.358810000000002,0.00078750527,7.1536528e-05,0.005424002,17.065831,0.00078750527,7.1536528e-05,0.002028704,16.838631,0.00078750527,7.1536528e-05,0.00416353,2.612285e-06,1.946744e-05,0.12841004400000003,29.486398399999995,0.0111262317,-0.0018050609999999997,-0.002496043,1.6024334000000001e-06,1.6444611e-05
73,1608308400,0.7242344999999999,0.7242513999999999,-0.012418625999999999,-1.660384,1.272226,0.800643,1.1429580000000001,1.04677,0.008686207999999999,0.30778380000000005,1.810486e-05,1.3063197e-06,1.34872616e-06,1.68103477e-06,2.3972264999999997e-06,3.06126792e-06,4.9419564e-06,1.0395573e-05,0.30603670000000005,0.055939079999999995,0.00011490247,88.49994000000001,65.53409,2.405376e-05,6.160717999999999,0.01384697,7.6287210000000005,0.00101079713,9.20392288e-05,0.02560733,26.92687,0.00101079713,9.20392288e-05,0.005444068999999999,19.166090000000004,0.00101079713,9.20392288e-05,0.0020425006,19.051727800000002,0.00101079713,9.20392288e-05,0.004141662999999999,1.8592490000000002e-06,1.890666e-05,0.76010496,138.66205650000003,0.02102845402,-0.0021988800000000003,-0.002691705,2.1485716e-06,2.5895068e-05
73,1608309000,0.7069238999999999,0.7069409,-0.005012379,-1.7023540000000001,1.228764,0.7940412,1.1045960000000001,1.0237831,0.009257345,0.2975752,1.7466340000000002e-05,5.833060999999999e-07,5.398771600000001e-07,7.4117075e-07,1.2313491e-06,1.5278492900000003e-06,2.5520979000000005e-06,6.183665e-06,0.3018939,0.05144599,0.00010801774999999998,90.31915999999998,64.65227,2.349812e-05,6.061617,0.013438689999999998,7.346500999999999,0.00065153988,5.9069987e-05,0.02532768,26.3205,0.00065153988,5.9069987e-05,0.005296425,13.835332,0.00065153988,5.9069987e-05,0.0018994,13.537797799999998,0.00065153988,5.9069987e-05,0.004132886,1.7363510000000001e-06,1.874112e-05,-0.035144439999999985,103.9158459,0.0159287588,-0.002154671,-0.002635999,1.9932202999999998e-06,2.3936297999999998e-05
73,1608309600,0.5817840999999999,0.5818011000000001,-0.0070539283,-1.6521540000000001,1.122521,0.7158394,1.0274565,0.9473537999999999,0.006370396,0.2445805,1.747826e-05,6.677398e-07,6.5688876e-07,8.3873455e-07,1.3523741e-06,1.6581039e-06,2.7233413e-06,6.214781e-06,0.2394179,0.051363110000000003,9.621347e-05,92.16355,67.75133000000001,1.9331290000000005e-05,5.981905,0.01221622,6.0974330000000005,0.0012293439000000002,0.000112047306,0.022602689999999998,20.98033,0.0012293439000000002,0.000112047306,0.005759431999999999,23.350286,0.0012293439000000002,0.000112047306,0.002301017,23.327468,0.0012293439000000002,0.000112047306,0.0041222559999999995,1.395343e-06,1.832546e-05,-0.18648203999999996,65.45468559999998,0.01101188903,-0.002319386,-0.002765789,1.3419045e-06,1.6859185000000002e-05
73,1608310200,0.5620822,0.5620993000000001,-0.01090307,-1.6266459999999998,1.122223,0.7018127,1.0228818,0.9311533000000001,0.004302820000000001,0.23185889999999998,1.79515e-05,9.857087e-07,9.9280675e-07,1.19077727e-06,1.7053552000000001e-06,2.0907325799999998e-06,3.309446299999999e-06,7.0139602000000006e-06,0.22860020000000003,0.052337789999999995,8.482522999999999e-05,90.53588,68.76943,1.8673029999999998e-05,6.205215,0.012072119999999999,5.851846,0.0014357388549999998,0.0001310007781,0.022041979999999996,19.95731,0.0014357388549999998,0.0001310007781,0.005611239999999999,24.7065166,0.0014357388549999998,0.0001310007781,0.0021325853,24.875500329999998,0.0014357388549999998,0.0001310007781,0.004131493,1.1051822e-06,1.816847e-05,0.06564703000000001,1.6785875999999997,0.00173166861,-0.002382038,-0.0028156379999999996,7.286605999999999e-07,9.634638e-06
73,1608310800,0.47357639999999995,0.4735933,-0.011906265,-1.548664,1.0892950000000001,0.6381938,0.9673806999999999,0.8682266000000001,0.007919105,0.2024003,1.772448e-05,8.368825e-07,8.596718800000001e-07,1.0518535600000001e-06,1.5089163e-06,1.8845386199999998e-06,3.0018055e-06,6.462951e-06,0.18535640000000003,0.051333279999999995,8.202532e-05,89.63897,72.09561999999998,1.573061e-05,6.3622320000000006,0.011023672000000002,4.925509,0.0008323901099999999,7.571725989999999e-05,0.019789170000000002,16.155940000000005,0.0008323901099999999,7.571725989999999e-05,0.005263979,15.535902299999998,0.0008323901099999999,7.571725989999999e-05,0.0017335911999999999,15.3951568,0.0008323901099999999,7.571725989999999e-05,0.004126925000000001,1.25224e-06,1.823193e-05,0.33536171499999995,72.0309776,0.010749267099999998,-0.002450496,-0.002866678,1.6782914e-06,2.000366e-05
73,1608311400,0.5606507,0.5606679,-0.0027654999,-1.6361519999999998,1.1350479999999998,0.6957698999999999,1.005256,0.927928,0.010956413000000002,0.24363169999999998,1.8495579999999998e-05,1.4716382599999997e-06,1.54414311e-06,1.8762501899999999e-06,2.5518291e-06,3.2840485100000002e-06,5.150348740000001e-06,1.05125951e-05,0.23281650000000004,0.04735052,0.00013035755,87.49904000000001,67.93229,1.860666e-05,6.384438,0.0118326,5.872004,0.001124170252,0.00010245229070000002,0.02202407,20.36393,0.001124170252,0.00010245229070000002,0.005600826000000001,21.7788179,0.001124170252,0.00010245229070000002,0.0021071457999999998,21.700697670000004,0.001124170252,0.00010245229070000002,0.004148293,1.4777829e-06,1.860947e-05,0.43196091899999994,115.22856039999999,0.0160407713,-0.002381154,-0.002820583,2.0875769999999997e-06,2.5540252e-05
73,1608312000,0.6630075,0.6630247,-0.00502875414,-1.6904540000000001,1.169398,0.7668796,1.0672080000000002,1.0120065000000003,0.008303720000000002,0.2795632,1.8223850000000003e-05,1.3079374000000001e-06,1.35479229e-06,1.6540772000000003e-06,2.3836219e-06,2.9765536999999998e-06,4.7312638e-06,1.0086553e-05,0.27711979999999997,0.05422195,0.00013613879999999998,86.86635,66.57432,2.2024329999999997e-05,6.447287,0.01299428,6.930145,0.00090426293,8.225107249999999e-05,0.024268880000000003,24.23951,0.00090426293,8.225107249999999e-05,0.005376771,16.445612000000004,0.00090426293,8.225107249999999e-05,0.0019544640000000004,16.384744,0.00090426293,8.225107249999999e-05,0.004139961,1.654085e-06,1.872432e-05,0.05142541290000002,110.55863399,0.013599212500000003,-0.002234593,-0.002705836,2.0931625e-06,2.4854065e-05
73,1608312600,0.5918482,0.5918653999999999,-0.007714955,-1.6392779999999998,1.1126580000000001,0.7205630000000001,1.0279829999999999,0.98493,0.004905655,0.24616,1.8254250000000002e-05,1.1230295000000002e-06,1.1747158e-06,1.4665518000000001e-06,2.1386978000000004e-06,2.7231371999999997e-06,4.4189039999999994e-06,9.440466e-06,0.23570010000000002,0.06006675,0.00013330668000000002,88.04888999999999,70.39367000000001,1.9649910000000004e-05,6.52098,0.01226537,6.178797000000001,0.0006390078,5.7983801699999996e-05,0.0223963,20.581139999999998,0.0006390078,5.7983801699999996e-05,0.0053209220000000005,14.214550800000001,0.0006390078,5.7983801699999996e-05,0.0018220692999999996,13.887079699999997,0.0006390078,5.7983801699999996e-05,0.004160336000000001,1.578058e-06,1.881605e-05,0.5375293369999999,125.8862807,0.014371398099999998,-0.002341627,-0.0027951039999999996,2.0469048e-06,2.3520816e-05
73,1608313200,0.47881979999999996,0.47883660000000006,-0.002620021,-1.6383040000000002,1.0311694,0.6477883999999999,0.9271784999999999,0.8752768,0.008503611999999999,0.20597870000000001,1.8182749999999998e-05,1.3573416e-06,1.41552287e-06,1.673345e-06,2.1828305999999997e-06,2.7475513000000005e-06,4.0930224999999995e-06,8.1264278e-06,0.1915691,0.047714450000000005,0.00010335439000000001,88.85697,70.05569,1.5893189999999998e-05,6.275161,0.01100049,5.0008870000000005,0.00104353565,9.50283674e-05,0.020172970000000002,16.74737,0.00104353565,9.50283674e-05,0.0054882329999999995,18.8353236,0.00104353565,9.50283674e-05,0.0019741966,18.767053800000003,0.00104353565,9.50283674e-05,0.004122244,1.1991662e-06,1.814048e-05,0.62278879,80.3380388,0.0120139593,-0.002462705,-0.002867781,1.4396188000000002e-06,1.7837512e-05
73,1608313800,0.4251941,0.4252111,-0.01585185,-1.5564820000000001,1.021458,0.6060451,0.9125153999999999,0.8142999000000002,0.003977203,0.1778124,1.8481759999999997e-05,1.5404626e-06,1.6226859e-06,1.9320588e-06,2.4878267e-06,3.178933e-06,4.769003e-06,9.255376e-06,0.16493180000000002,0.04753154,0.00010731599,84.94487000000001,72.48604,1.4110769999999998e-05,6.470268,0.01049697,4.450556000000001,0.0009597273499999997,8.732971100000001e-05,0.018741559999999997,14.414409999999998,0.0009597273499999997,8.732971100000001e-05,0.005583732,18.515923,0.0009597273499999997,8.732971100000001e-05,0.0020185902,18.419124,0.0009597273499999997,8.732971100000001e-05,0.004137983999999999,1.3025826e-06,1.834374e-05,0.30060288,116.439405,0.0156336964,-0.002535264,-0.0029320789999999998,1.7190335999999999e-06,2.1239744e-05
73,1608314400,0.4711605,0.4711778,-0.010304733,-1.621522,1.0428325,0.6429228,0.9400786999999999,0.8507885,0.005215271,0.1997586,1.7912149999999998e-05,8.648112100000001e-07,8.912065800000001e-07,1.1040414899999999e-06,1.5841201999999998e-06,1.9813520499999997e-06,3.1241075e-06,6.7434877e-06,0.1920946,0.043362200000000004,0.00010596392999999999,88.07938999999999,68.52671,1.56527e-05,6.236603000000001,0.01105513,4.915152000000001,0.00080789587,7.3417669e-05,0.0202302,16.79629,0.00080789587,7.3417669e-05,0.005462521,16.6391695,0.00080789587,7.3417669e-05,0.0019112658999999998,16.435910099999997,0.00080789587,7.3417669e-05,0.0041442449999999995,1.1966495e-06,1.832978e-05,-0.15416493000000003,61.89795770000002,0.00750208462,-0.0024976539999999998,-0.0029031729999999998,1.5920483e-06,1.9486982000000002e-05
73,1608315000,0.4524882,0.4525053999999999,-0.0031443020699999996,-1.646475,1.0070566,0.6313957,0.9040023999999999,0.8432507999999999,0.005435969,0.19081900000000002,1.7709930000000003e-05,6.819120000000001e-07,6.988134900000001e-07,9.053136599999999e-07,1.3257687e-06,1.6512927e-06,2.682931e-06,5.8896360000000005e-06,0.1836811,0.04243674,0.0001116925,87.10024000000001,68.90038,1.503251e-05,6.423162,0.01075711,4.7413,0.00030585739,2.7464894000000006e-05,0.019781169999999997,16.07167,0.00030585739,2.7464894000000006e-05,0.004934862,7.0373604,0.00030585739,2.7464894000000006e-05,0.0013836299000000002,6.5829629,0.00030585739,2.7464894000000006e-05,0.004143942000000001,1.2635974999999999e-06,1.837702e-05,-0.32053742,90.1899166,0.013200890999999998,-0.0024846370000000005,-0.002888997,1.276064e-06,1.5369912e-05
73,1608315600,0.402405,0.4024224,-0.018038031000000003,-1.5066989999999998,1.0052941999999998,0.5865725,0.9032526000000001,0.8074371999999999,0.003947535,0.1687591,1.759261e-05,4.973094e-07,5.049501699999999e-07,6.449334000000001e-07,9.645601999999999e-07,1.1581799e-06,1.8449049999999998e-06,4.09226e-06,0.15599990000000002,0.04508342,0.00010848949000000002,95.07930000000002,72.58184,1.336622e-05,6.332120999999999,0.010241166,4.230917,0.0011509671999999998,0.000104862818,0.01824601,13.68416,0.0011509671999999998,0.000104862818,0.005648446999999999,21.452489000000003,0.0011509671999999998,0.000104862818,0.002054309,21.480446,0.0011509671999999998,0.000104862818,0.004148687999999999,1.228042e-06,1.837778e-05,-0.14359746899999998,112.61673599999999,0.012865182559999999,-0.0025370360000000003,-0.002938479,1.6310367000000003e-06,2.0277051e-05
73,1608316200,0.448097,0.4481141,-0.007096095999999998,-1.5681120000000002,1.0251308,0.6217965999999999,0.9299163,0.8495509,0.004214131,0.1867965,1.815055e-05,1.1829115e-06,1.2325144000000002e-06,1.4862399999999999e-06,1.9817698e-06,2.4494582e-06,3.7260435999999997e-06,7.3789769999999996e-06,0.1782732,0.04564882,0.00010488629,89.53954,70.48545,1.4874650000000002e-05,6.469209000000001,0.010766340000000001,4.739101,0.00112257926,0.00010225231600000001,0.01956423,15.741800000000001,0.00112257926,0.00010225231600000001,0.005496079,19.287879999999998,0.00112257926,0.00010225231600000001,0.001947032,19.346511,0.00112257926,0.00010225231600000001,0.004134134,1.355706e-06,1.8384759999999998e-05,-0.12912925,132.9250019,0.0132714531,-0.0024746589999999997,-0.002881864,1.6333798e-06,1.9694948999999997e-05
73,1608316800,0.44377370000000005,0.4437905,-0.014065911,-1.5632569999999997,1.0417066,0.6203136,0.9420286000000001,0.8230000000000001,0.00437895,0.1867054,1.764554e-05,8.443434000000001e-07,8.432293900000001e-07,9.982390200000001e-07,1.4018049e-06,1.7151059000000001e-06,2.6455109999999996e-06,5.494865e-06,0.1778691,0.043906829999999994,9.529103e-05,90.14374000000001,69.8624,1.4742139999999998e-05,6.164744000000001,0.0108438,4.6927509999999995,0.00079047282,7.1823412e-05,0.01956289,15.712290000000001,0.00079047282,7.1823412e-05,0.005368675,15.758368999999998,0.00079047282,7.1823412e-05,0.001823365,15.622783000000002,0.00079047282,7.1823412e-05,0.004108533,9.25541e-07,1.7795369999999997e-05,-0.024484480000000006,6.0982774,0.00296523658,-0.0025525969999999998,-0.002938752,7.606108e-07,9.5041e-06
73,1608317400,0.43156479999999997,0.43158189999999996,-0.010715036,-1.432226,1.0965335,0.6027208,0.9860171000000001,0.850751,0.004156461,0.1801427,1.8378e-05,1.3593703999999998e-06,1.4253666700000002e-06,1.66219428e-06,2.1796308999999997e-06,2.6782909e-06,3.9913002e-06,7.794289e-06,0.17178319999999997,0.04391552,6.0464069999999994e-05,88.62327,70.57244,1.4321340000000002e-05,6.289996,0.01070276,4.564067,0.0013164803900000003,0.00012006325130000002,0.01917943,15.159209999999998,0.0013164803900000003,0.00012006325130000002,0.0054874749999999995,22.257065499999996,0.0013164803900000003,0.00012006325130000002,0.0019088936999999996,22.4416646,0.0013164803900000003,0.00012006325130000002,0.0041436599999999995,1.0469247e-06,1.8175590000000002e-05,-0.105823654,58.189122899999994,0.00883587345,-0.0025948560000000004,-0.002984174,1.1635605e-06,1.5255629000000001e-05
73,1608318000,0.44698650000000006,0.44700359999999995,-0.008104458,-1.476492,1.0986324,0.6168501999999999,0.9838434999999999,0.8640263000000001,0.0042458140000000005,0.18643229999999997,1.7975140000000003e-05,8.686352e-07,8.933150999999999e-07,1.0853178000000002e-06,1.5078433999999999e-06,1.8504572999999998e-06,2.9035741999999996e-06,6.009237e-06,0.1805679,0.04285411,5.4817660000000006e-05,85.91266999999999,69.30306,1.4852940000000003e-05,6.231903999999999,0.010791610000000002,4.642935,0.0008348450000000001,7.587058e-05,0.019590760000000002,15.744489999999999,0.0008348450000000001,7.587058e-05,0.005630066,18.135666999999998,0.0008348450000000001,7.587058e-05,0.002063653,17.910936,0.0008348450000000001,7.587058e-05,0.004152075999999999,1.1358653999999998e-06,1.8336650000000003e-05,-0.32166604900000006,73.31366510000001,0.00805378343,-0.0025677029999999997,-0.002961315,1.2231194999999998e-06,1.491632e-05
73,1608318600,0.44710540000000004,0.4471227,-0.008434071,-1.4859779999999998,1.0850950000000001,0.6181006000000001,0.9883048999999999,0.8506008999999999,0.003609907,0.1850137,1.78263e-05,6.934027000000001e-07,7.1437616e-07,8.707355399999999e-07,1.2421537999999999e-06,1.5059427e-06,2.3440244e-06,5.109576399999999e-06,0.1797428,0.04374365,5.265176e-05,89.81760999999999,69.65207000000001,1.4855779999999998e-05,6.129079,0.0108698,4.697941999999999,0.00050990277,4.61780383e-05,0.01960386,15.759640000000005,0.00050990277,4.61780383e-05,0.00503788,9.7301309,0.00050990277,4.61780383e-05,0.0014617426,9.40524269,0.00050990277,4.61780383e-05,0.004159680000000001,1.2703221e-06,1.849996e-05,-0.20022636900000004,46.3547351,0.0108835176,-0.0025168530000000003,-0.0029398209999999996,1.2209115999999998e-06,1.5154102999999998e-05
73,1608319200,0.3910196,0.39103669999999996,-0.006561531099999999,-1.5220119999999997,1.0018065,0.5778413,0.8941022999999999,0.7934118,0.004437364,0.1657459,1.757478e-05,4.371856999999999e-07,4.469183599999999e-07,5.83429e-07,8.83458e-07,1.0450472e-06,1.6444784999999998e-06,3.721585e-06,0.15223840000000002,0.04320320999999999,5.8155499999999996e-05,96.23727,72.20060000000001,1.298566e-05,6.351008,0.010144336,4.165531,0.0008837549859999998,8.04351561e-05,0.018081140000000002,13.444939999999999,0.0008837549859999998,8.04351561e-05,0.005306574999999999,15.3792214,0.0008837549859999998,8.04351561e-05,0.001694639,15.3055225,0.0008837549859999998,8.04351561e-05,0.004161674,1.4120019000000001e-06,1.8642920000000002e-05,0.02755268000000004,214.31789680000003,0.0188783971,-0.00259839,-0.0029884350000000002,2.2746198000000005e-06,2.6945232999999998e-05
73,1608319800,0.41819459999999997,0.41821169999999996,-0.008333802,-1.484496,1.0582455,0.5967406,0.9502788999999998,0.8235251,0.0037873530000000002,0.1737292,1.783412e-05,7.445440999999999e-07,7.532516e-07,9.369878e-07,1.3098934000000001e-06,1.6228239000000002e-06,2.5523353999999998e-06,5.398108e-06,0.16473590000000002,0.044287839999999995,5.946793000000001e-05,91.64513,71.28318999999999,1.3894499999999999e-05,6.373192,0.010454493,4.382311,0.00023069904999999997,2.052974e-05,0.01873286,14.39529,0.00023069904999999997,2.052974e-05,0.004783636,5.141265,0.00023069904999999997,2.052974e-05,0.0011985580999999998,4.679044699999999,0.00023069904999999997,2.052974e-05,0.004144536,1.3583050000000001e-06,1.846514e-05,0.00353098500000001,168.2486182,0.015121439779999999,-0.0025696630000000002,-0.0029623059999999996,2.8845274e-06,3.3986471999999994e-05
73,1608320400,0.39360720000000005,0.3936242,-0.0059188779,-1.528979,0.972105,0.5804882,0.8833395000000002,0.8075873,0.006750602,0.16914279999999998,1.71662e-05,3.7929608e-07,3.8252279e-07,5.2498263e-07,8.526023999999998e-07,1.0653058e-06,1.8359284999999997e-06,4.4273338e-06,0.1549104,0.041823070000000004,5.992427999999999e-05,92.59,71.51777,1.307175e-05,6.251227,0.010074535999999999,4.134187000000001,0.00038075452,3.4380322100000005e-05,0.01814378,13.58044,0.00038075452,3.4380322100000005e-05,0.004998681999999999,8.795672,0.00038075452,3.4380322100000005e-05,0.0014274580000000002,8.411545700000001,0.00038075452,3.4380322100000005e-05,0.004114374,1.062613e-06,1.7942809999999998e-05,0.34168905,71.7021298,0.00991280014,-0.0025718639999999997,-0.002946923999999999,1.0888171999999998e-06,1.2793894e-05
73,1608321000,0.3651439,0.3651608,-0.016693667000000002,-1.1997452000000002,1.0688948999999999,0.5400679,0.9594294,0.821275,0.0035077249999999997,0.1525921,1.7399399999999998e-05,5.787681e-07,6.280191099999999e-07,7.593920000000001e-07,1.1448667000000002e-06,1.4341283e-06,2.3607409e-06,5.256185e-06,0.14096930000000002,0.04152631,6.343945e-05,92.27164,72.82727000000001,1.211972e-05,6.424998,0.009805875,3.8599930000000002,0.000602357647,5.46790978e-05,0.017399629999999996,12.421,0.000602357647,5.46790978e-05,0.005223151999999999,13.218843999999999,0.000602357647,5.46790978e-05,0.0016305255999999996,12.941804000000001,0.000602357647,5.46790978e-05,0.004112709,1.0841977999999998e-06,1.796674e-05,0.28012473,61.494973099999996,0.007811190159999999,-0.0025475,-0.002933372,9.820665e-07,1.1874153e-05
73,1608321600,0.3565893,0.35660649999999994,-0.02404885,-0.9967293999999999,1.0929335,0.5211001,0.992994,0.8429132000000001,0.0037215219999999992,0.1489296,1.770166e-05,6.0769787e-07,6.2059554e-07,7.525577300000001e-07,1.0544548e-06,1.28856991e-06,1.9424565e-06,4.2519679e-06,0.1365405,0.041683670000000006,5.9401980000000003e-05,93.79628,73.47434000000001,1.1847429999999998e-05,6.112983,0.009626922999999999,3.746134,0.00107230397,9.7673296e-05,0.017100960000000002,12.00516,0.00107230397,9.7673296e-05,0.005501907,18.996273299999995,0.00107230397,9.7673296e-05,0.0018732084999999999,19.0115946,0.00107230397,9.7673296e-05,0.004136979,8.640793e-07,1.797686e-05,0.047231869999999995,1.1313926999999997,0.0009497584533,-0.0026301939999999998,-0.003014246,7.124179000000001e-07,9.199987000000001e-06
73,1608322200,0.3441049,0.344122,-0.013233308,-1.341312,0.995393,0.5325059999999999,0.8949646999999998,0.7689235000000001,0.0039053480000000003,0.14460009999999998,1.801529e-05,1.1340619999999999e-06,1.2077714999999999e-06,1.409761e-06,1.8739140000000001e-06,2.3623913000000002e-06,3.5646549999999993e-06,6.9670919999999995e-06,0.1301624,0.041804629999999995,6.582998e-05,87.93887,74.44651999999999,1.142036e-05,6.6631789999999995,0.009426074000000001,3.5827819999999995,0.00034718936,3.13056788e-05,0.01661524,11.325800000000001,0.00034718936,3.13056788e-05,0.004793543999999999,6.737878400000001,0.00034718936,3.13056788e-05,0.0011735336,6.3805323,0.00034718936,3.13056788e-05,0.004132437,1.0992692e-06,1.8132659999999997e-05,-0.46423691000000017,82.40915709999999,0.0098955967,-0.002607017,-0.002978358,1.6186316e-06,2.0025082000000003e-05
73,1608322800,0.32741509999999996,0.32743219999999995,-0.012746972,-1.2798870000000002,0.9967817,0.5153763,0.8906523,0.7597733000000001,0.003336659,0.1386175,1.7525519999999998e-05,5.9089511e-07,6.0354502e-07,7.514802600000001e-07,1.0137777e-06,1.3080536e-06,1.953072e-06,4.112639e-06,0.12202699999999997,0.04162087,4.849248e-05,93.43512000000001,75.50436,1.087592e-05,6.324706000000001,0.009290517,3.4669119999999998,0.0003243329900000001,2.9198587499999994e-05,0.01619452,10.76451,0.0003243329900000001,2.9198587499999994e-05,0.004921737,7.969613000000001,0.0003243329900000001,2.9198587499999994e-05,0.0012830277999999998,7.523296400000001,0.0003243329900000001,2.9198587499999994e-05,0.00412732,9.330027e-07,1.794759e-05,-0.3075828161,48.0428755,0.004755023240000001,-0.0026328330000000002,-0.0030005,1.0922331000000001e-06,1.3829494e-05
73,1608323400,0.3029589,0.30297579999999996,-0.006308566,-1.3760569999999999,0.9281167,0.4985053,0.8246875999999999,0.7138717,0.0041616150000000005,0.13005371000000002,1.740376e-05,6.086657e-07,6.482681699999999e-07,7.99461e-07,1.047324e-06,1.4003354e-06,2.0317345999999997e-06,4.1632934e-06,0.11019911999999998,0.041222129999999996,4.669317e-05,95.73025,77.9072,1.0054847000000001e-05,6.365023,0.008855049,3.208082,0.0006982667460000001,6.34568993e-05,0.01526719,9.668660999999998,0.0006982667460000001,6.34568993e-05,0.005120440999999999,12.272757799999999,0.0006982667460000001,6.34568993e-05,0.0014976867,12.11373987,0.0006982667460000001,6.34568993e-05,0.004110184000000001,1.2193934999999998e-06,1.8042139999999997e-05,-0.07503701062999991,163.0812599,0.013611395899999998,-0.002652396,-0.0030022,2.6499516e-06,3.0693183e-05
73,1608324000,0.2825081,0.28252489999999997,-0.00746560443,-1.3319070000000002,0.9102651999999999,0.47843539999999996,0.8058244999999999,0.6980837,0.002574716,0.11719170000000001,1.711913e-05,2.2880694e-07,2.3368563e-07,3.3773368000000006e-07,5.010287999999999e-07,7.256286000000001e-07,1.1205826e-06,2.7237240999999996e-06,0.09815506,0.04303992999999999,5.2787720000000004e-05,100.52543,80.57165,9.374972e-06,6.514306,0.008513625,2.9733569999999996,0.00047440074000000006,4.28917518e-05,0.0144645,8.588749,0.00047440074000000006,4.28917518e-05,0.004961194999999999,8.4857284,0.00047440074000000006,4.28917518e-05,0.0013094351,8.1993086,0.00047440074000000006,4.28917518e-05,0.004113302,9.550731e-07,1.782986e-05,0.36692505236999995,90.2658711,0.01049032601,-0.002683845,-0.003031514,1.4059115e-06,1.7582977e-05
73,1608324600,0.3704725,0.3704894,-0.007782657,-1.430332,1.0194327,0.5573146,0.9097027000000001,0.7826867,0.004692009,0.15736979999999998,1.79418e-05,1.1617137e-06,1.2355077e-06,1.4505867000000002e-06,1.8614194e-06,2.4295114e-06,3.5928450000000003e-06,6.981574999999999e-06,0.1418277,0.043339699999999995,4.884191e-05,88.74881,73.66050999999999,1.2296774e-05,6.539754,0.009849468,3.900277,0.00032742544,2.9389547e-05,0.01737394,12.429848,0.00032742544,2.9389547e-05,0.004930556000000001,7.144385,0.00032742544,2.9389547e-05,0.001341716,6.7605276000000005,0.00032742544,2.9389547e-05,0.0041143560000000004,1.0854769e-06,1.7975960000000003e-05,-0.268436909,75.38972,0.0080655981,-0.002566571,-0.002936697,1.0582002e-06,1.3013939e-05
73,1608325200,0.35322929999999997,0.3532466,-0.009429619,-1.3634669999999998,0.9961443999999998,0.5392333999999999,0.8927903,0.7806987,0.004170531999999999,0.14928459999999996,1.7814359999999997e-05,9.689769e-07,1.0364878999999999e-06,1.2272746999999998e-06,1.6063097e-06,2.146074e-06,3.256893e-06,6.635088000000001e-06,0.1329816,0.043562739999999996,5.131066e-05,87.34171,74.82098,1.172506e-05,6.534046000000001,0.009621233000000002,3.7442370000000005,0.00073238209,6.6507374e-05,0.016903400000000002,11.750815,0.00073238209,6.6507374e-05,0.005303581,13.568276000000001,0.00073238209,6.6507374e-05,0.0016900379,13.4221537,0.00073238209,6.6507374e-05,0.004117553000000001,1.0390255999999998e-06,1.7954269999999996e-05,-0.264964622,65.15545469999999,0.007714384699999998,-0.0025802080000000005,-0.002959058,1.003614e-06,1.2120872e-05
73,1608325800,0.37859800000000005,0.3786149,-0.010045112,-1.33893,1.0574565,0.5585340999999999,0.9421790999999999,0.8126496,0.004527855999999999,0.15954580000000002,1.722713e-05,3.8470589000000003e-07,3.8882137000000006e-07,5.3036927e-07,8.247239e-07,1.0952990000000003e-06,1.7390455599999999e-06,4.0785235e-06,0.14563529999999997,0.04360251,5.162024e-05,93.34749,73.17027000000002,1.257656e-05,6.083784,0.00997064,3.9883849999999996,0.00035635775,3.2038694e-05,0.017645169999999998,12.790389999999999,0.00035635775,3.2038694e-05,0.0049707119999999995,7.110893,0.00035635775,3.2038694e-05,0.0013785034999999998,6.755154999999999,0.00035635775,3.2038694e-05,0.0041241080000000005,1.3789901999999999e-06,1.8301150000000003e-05,-0.11250205999999996,205.90910719999997,0.01796851446,-0.002570961,-0.002956789,1.8557628e-06,2.1548383e-05
73,1608326400,0.37506769999999995,0.3750846,-0.012746945,-1.228195,1.08397,0.5497731,0.9679793,0.8273878,0.004484549,0.1570611,1.753889e-05,5.814175e-07,5.8944273e-07,7.339315e-07,1.013038e-06,1.3210806999999998e-06,1.9447125999999997e-06,4.166933e-06,0.14398429999999998,0.043491459999999996,4.6664490000000006e-05,92.88537,73.35083,1.245878e-05,6.054302000000001,0.009948114,3.9699709999999997,0.0005701104,5.1658555000000004e-05,0.017565829999999998,12.68241,0.0005701104,5.1658555000000004e-05,0.005177142000000001,10.405370999999999,0.0005701104,5.1658555000000004e-05,0.0015810464,10.152560000000001,0.0005701104,5.1658555000000004e-05,0.004129496,1.2314321000000002e-06,1.8210810000000003e-05,-0.25001197,159.9595026,0.01564712293,-0.002621741,-0.0029968610000000004,1.9711887e-06,2.3477696000000003e-05
73,1608327000,0.4089843,0.40900119999999995,-0.011335564000000001,-1.289933,1.114947,0.5789378,0.9997434999999999,0.8600512,0.005068762,0.17408220000000002,1.7594889999999996e-05,7.3980714e-07,7.678929200000001e-07,9.4796396e-07,1.3331044e-06,1.8047643000000002e-06,2.7866825e-06,5.9672944999999996e-06,0.16035080000000002,0.04406983,5.5032590000000005e-05,89.05148,71.64317000000001,1.3579739999999997e-05,6.218774999999999,0.01039406,4.309772000000001,0.0010028867299999998,9.1284296e-05,0.01855598,14.132920000000002,0.0010028867299999998,9.1284296e-05,0.00550379,17.969293999999998,0.0010028867299999998,9.1284296e-05,0.001935871,17.942193,0.0010028867299999998,9.1284296e-05,0.0041269,1.0926815000000002e-06,1.8074779999999997e-05,-0.32949413200000005,82.6879656,0.010602745690000002,-0.0025826,-0.002970349,1.275179e-06,1.6502498e-05
73,1608327600,0.3708074,0.37082439999999994,-0.012947522999999999,-1.265777,1.065408,0.549359,0.9636296999999999,0.8139623,0.004310386,0.1558987,1.752908e-05,6.9141392e-07,7.2245204e-07,9.108778100000001e-07,1.2669268999999998e-06,1.7100148e-06,2.67208165e-06,5.6391078e-06,0.1412246,0.04410991,5.3940339999999985e-05,88.68320000000001,73.86918,1.231467e-05,6.293922,0.009916902,3.926348999999999,0.0006515630000000001,5.91320243e-05,0.01742205,12.4578,0.0006515630000000001,5.91320243e-05,0.005342700000000001,13.612374000000003,0.0006515630000000001,5.91320243e-05,0.0017493156999999998,13.311338799999998,0.0006515630000000001,5.91320243e-05,0.004114568000000001,1.1098859999999998e-06,1.7991679999999998e-05,-0.42500029799999994,87.7578735,0.00968729961,-0.002596841,-0.002969098,1.2051127e-06,1.4517866999999998e-05
73,1608328200,0.3785577,0.3785745,-0.009689266499999998,-1.4274239999999998,1.0204818,0.5635707,0.9083900999999999,0.7948743,0.004613932,0.1595219,1.7146350000000002e-05,3.3248400000000003e-07,3.5587042e-07,5.098699000000001e-07,8.093478000000001e-07,1.1634447999999998e-06,1.8939069000000002e-06,4.482683e-06,0.14578649999999999,0.04342401,5.852951e-05,91.41485,73.13555000000001,1.257219e-05,6.425033000000001,0.009957197,4.025759,0.00057343376,5.193257999999999e-05,0.01766383,12.84512,0.00057343376,5.193257999999999e-05,0.005285988,12.203251999999999,0.00057343376,5.193257999999999e-05,0.0017050335999999999,11.898772000000001,0.00057343376,5.193257999999999e-05,0.004122625,1.3628763999999998e-06,1.827163e-05,-0.10830052400000004,123.90824889999999,0.014253332099999998,-0.0025803729999999995,-0.002958441,2.1482199e-06,2.4890893000000003e-05
73,1608328800,0.3800068,0.3800237,-0.016719877,-1.184876,1.0874959,0.5493553999999998,0.9839923,0.8383005000000001,0.004031956,0.15896329999999997,1.711538e-05,3.7133421e-07,4.0795903999999997e-07,5.4059278e-07,8.243731e-07,1.1777641e-06,1.8486488700000002e-06,4.174753300000001e-06,0.1446512,0.04528441,5.813238e-05,94.55133,73.91994,1.2628459999999998e-05,6.110580000000001,0.010054425999999998,4.068151,0.00027118879599999997,2.43456895e-05,0.017671979999999997,12.828979999999998,0.00027118879599999997,2.43456895e-05,0.004991769,7.538196500000001,0.00027118879599999997,2.43456895e-05,0.0014046393000000002,7.079817179999999,0.00027118879599999997,2.43456895e-05,0.004128036,1.6560739999999998e-06,1.8441269999999997e-05,-0.26578893558,75.66592990000001,0.00942600438,-0.002453401,-0.0028998290000000005,2.0984512e-06,2.2687644000000003e-05
73,1608329400,0.38788239999999996,0.3878992,-0.02009403,-1.1008887,1.118621,0.548482,1.0090061000000001,0.8689764999999999,0.004480706,0.1634483,1.719188e-05,2.6565301e-07,2.4575854e-07,3.4033531e-07,5.384425e-07,7.071215e-07,1.0811974e-06,2.6884377e-06,0.1491269,0.044760089999999995,4.773961e-05,96.58457000000001,73.16203,1.289236e-05,5.844592999999999,0.010092316,4.109664,0.0005500651900000001,4.9819760000000004e-05,0.01789199,13.13913,0.0005500651900000001,4.9819760000000004e-05,0.005399220999999999,12.639086999999998,0.0005500651900000001,4.9819760000000004e-05,0.0018076059999999998,12.313319,0.0005500651900000001,4.9819760000000004e-05,0.004120112,1.0300842e-06,1.7976650000000003e-05,-0.2433580775,60.1112311,0.0062731515,-0.002581232,-0.0029736520000000002,1.0540951999999997e-06,1.2843476999999999e-05
73,1608330000,0.4058939,0.4059107,-0.016317972,-1.2473478,1.1114955,0.5728828,0.9993676,0.8573512000000001,0.0048367209999999996,0.17194310000000002,1.74067e-05,6.185883e-07,6.315656e-07,8.028887000000002e-07,1.1205607e-06,1.5246946e-06,2.3658203e-06,5.300880999999999e-06,0.15571110000000002,0.047165429999999994,5.729533000000001e-05,90.09837,73.2818,1.347587e-05,6.284073,0.010384886999999999,4.317595,0.0009343478150000001,8.50744371e-05,0.018333029999999993,13.803059999999999,0.0009343478150000001,8.50744371e-05,0.005353382,17.1048657,0.0009343478150000001,8.50744371e-05,0.0017785855,17.0744111,0.0009343478150000001,8.50744371e-05,0.004109461,9.224525000000001e-07,1.779928e-05,0.07769688,3.965097,0.0033977060649999996,-0.002554756,-0.00295277,6.983296000000001e-07,8.972266e-06
73,1608330600,0.4177358,0.41775270000000003,-0.02125171,-1.0119051000000001,1.2033369999999999,0.5656115,1.0703200000000002,0.9113153,0.00845261,0.18654300000000001,1.828266e-05,1.39189945e-06,1.47241989e-06,1.79220371e-06,2.3025829e-06,2.9774180999999997e-06,4.5135202e-06,8.892149e-06,0.159712,0.04906032,7.008051999999999e-05,89.18558,73.61677,1.3857680000000001e-05,6.547981,0.01046982,4.419213000000001,0.0009315294000000002,8.475833199999999e-05,0.018508629999999998,14.100950000000001,0.0009315294000000002,8.475833199999999e-05,0.005459467,16.3096234,0.0009315294000000002,8.475833199999999e-05,0.0018826489,16.2396793,0.0009315294000000002,8.475833199999999e-05,0.004129427999999999,1.2016684e-06,1.821252e-05,0.29375842799999996,63.595589399999994,0.0095576776,-0.002473048,-0.002895037,1.481493e-06,1.8368025e-05
73,1608331200,0.5729805000000001,0.5729972999999999,-0.009376820000000001,-1.52514,1.213162,0.7002824999999999,1.0784223000000002,0.9715795,0.009033560999999999,0.24542710000000004,1.773057e-05,9.041928000000001e-07,9.356073899999999e-07,1.167252e-06,1.6878788000000001e-06,2.2108199e-06,3.5035123e-06,7.700267e-06,0.23766909999999997,0.048721150000000005,8.084658e-05,90.03753,67.33608,1.9031959999999997e-05,6.415509,0.01226226,6.0179290000000005,0.00161948848,0.00014779113599999998,0.02250936,20.91018,0.00161948848,0.00014779113599999998,0.005691735000000001,26.924359000000003,0.00161948848,0.00014779113599999998,0.0022237707,27.256863999999997,0.00161948848,0.00014779113599999998,0.004120904000000001,1.381695e-06,1.8320970000000004e-05,-0.389642339,73.97007330000001,0.008670849290000001,-0.002357706,-0.00278839,1.8253737000000002e-06,2.1566854e-05
73,1608331800,0.4953125,0.4953292,-0.00485329886,-1.574772,1.0900070999999998,0.6551308,0.9884564000000001,0.8880644999999999,0.005766734,0.20853090000000002,1.747295e-05,7.321721000000001e-07,7.6167826e-07,9.700941e-07,1.3983487e-06,1.8738804999999997e-06,2.9363083e-06,6.533119000000001e-06,0.1977309,0.04983575,7.354092e-05,92.28751,70.30072,1.6448889999999997e-05,6.399419,0.011305520000000001,5.181249,0.0012451706890000002,0.00011355034959999999,0.020513740000000003,17.295810000000003,0.0012451706890000002,0.00011355034959999999,0.005603451000000001,22.99026,0.0012451706890000002,0.00011355034959999999,0.0021032548,23.0133795,0.0012451706890000002,0.00011355034959999999,0.0041207729999999995,1.3922035000000002e-06,1.830149e-05,0.005011088999999993,134.2747923,0.0151185485,-0.002451369,-0.002863613,1.869306e-06,2.2894719e-05
73,1608332400,0.8127095000000001,0.8127264000000001,-0.0066166421,-1.6653300000000002,1.329228,0.8451431999999999,1.2209625,1.1094338000000001,0.008637638999999999,0.3409403000000001,1.815824e-05,1.3228807e-06,1.3261707000000001e-06,1.6380171e-06,2.3530139e-06,3.0903243000000004e-06,4.9661693e-06,1.0810158e-05,0.35180240000000007,0.05443709,8.817795e-05,84.92150000000001,63.81737,2.6995480000000005e-05,6.220699999999999,0.014630349999999997,8.519673000000001,0.0007829112700000002,7.1082757e-05,0.027336109999999997,30.95422,0.0007829112700000002,7.1082757e-05,0.005491596,16.982212999999998,0.0007829112700000002,7.1082757e-05,0.002127972,16.711692,0.0007829112700000002,7.1082757e-05,0.004125650999999999,1.4751159999999999e-06,1.8477090000000002e-05,-0.052103458000000005,6.2397803000000005,0.004795872999999999,-0.002130216,-0.0026178900000000003,7.815052e-07,1.0143398999999999e-05
73,1608333000,0.8484526000000001,0.8484695,-0.0073276109999999995,-1.6604269999999999,1.3648899999999997,0.8647883000000001,1.241889,1.1342969999999999,0.008644541,0.3528355,1.9124789999999996e-05,2.4288987e-06,2.5048519800000002e-06,2.95357813e-06,3.8270965e-06,4.8572332e-06,7.1520153e-06,1.4233736e-05,0.374494,0.04961493,7.699991e-05,83.11153,61.88049000000001,2.8193909999999995e-05,6.151631999999999,0.014892369999999999,8.780654000000002,0.0016785627600000002,0.000153201562,0.02815541,32.63696,0.0016785627600000002,0.000153201562,0.005797641,29.579024000000004,0.0016785627600000002,0.000153201562,0.002478737,29.831082000000002,0.0016785627600000002,0.000153201562,0.004126935,1.9382720000000002e-06,1.888345e-05,-0.13796728900000002,123.9006903,0.018549260100000003,-0.002059013,-0.0025675059999999998,2.3635848000000005e-06,2.8627824000000006e-05
73,1608333600,0.7130555999999999,0.7130728,-0.009809326,-1.5750620000000002,1.3221789999999998,0.7864039,1.2043500000000003,1.0691194,0.006844093999999999,0.3005732,1.785761e-05,9.802333e-07,9.4066426e-07,1.18385569e-06,1.7842561e-06,2.261555e-06,3.5241449000000005e-06,8.045478e-06,0.31005839999999996,0.046381649999999996,6.814109e-05,89.23879,63.05868,2.3696949999999997e-05,6.14558,0.013882269999999999,7.569955,0.0012985913,0.00011837834699999999,0.02585212,27.494979999999998,0.0012985913,0.00011837834699999999,0.005729668,26.760526,0.0012985913,0.00011837834699999999,0.0023047303,26.7874174,0.0012985913,0.00011837834699999999,0.004129362,1.611637e-06,1.85973e-05,-0.5106541090000001,75.267651,0.013231820700000002,-0.002206283,-0.0026770889999999997,1.2468212e-06,1.6150599999999997e-05
73,1608334200,0.6971628000000001,0.6971796,-0.008313326999999999,-1.56364,1.3064280000000001,0.7776515999999999,1.1956479999999998,1.0660091,0.006867168,0.2908436,1.940994e-05,2.8222684999999997e-06,2.9513482e-06,3.4486252e-06,4.5079219e-06,5.804302e-06,8.783883e-06,1.7103396000000002e-05,0.3015425,0.04691402,7.657251e-05,82.83274,63.50179000000001,2.31325e-05,6.595180999999999,0.013668830000000002,7.344489,0.00059060666,5.3487809e-05,0.025462429999999998,26.60014,0.00059060666,5.3487809e-05,0.005308545,13.367362499999999,0.00059060666,5.3487809e-05,0.0019069574999999999,12.953768100000001,0.00059060666,5.3487809e-05,0.004103631999999999,1.350735e-06,1.817213e-05,-0.021865640999999998,7.493164100000001,0.0047072645,-0.002215962,-0.002683864,8.140008e-07,1.0475828e-05
73,1608334800,0.6134408,0.6134576999999999,-0.007076118000000001,-1.594344,1.2133509999999998,0.7312368,1.1023470000000002,0.9778801999999999,0.008770889,0.2598984,1.7468130000000002e-05,8.309298999999999e-07,8.324663400000001e-07,1.0530588299999999e-06,1.6055778999999998e-06,2.7364245999999996e-06,3.5319195199999997e-06,7.93011e-06,0.260836,0.045800429999999996,6.4791e-05,88.48501999999999,65.00228,2.0371250000000003e-05,6.256374,0.01280115,6.488203,0.00124133078,0.000113138574,0.023663629999999998,23.02037,0.00124133078,0.000113138574,0.005680953000000001,24.173987000000004,0.00124133078,0.000113138574,0.0022363654000000003,24.164421499999996,0.00124133078,0.000113138574,0.004117615,1.973848e-06,1.882726e-05,0.419774155,68.81318142,0.013799793300000002,-0.0020347242999999996,-0.002500872,1.1089410999999999e-06,1.3776056e-05
73,1608335400,0.5753717,0.5753888,-0.011051881,-1.5719189999999998,1.2053980000000002,0.7072282999999999,1.082507,0.9544043000000002,0.008896035,0.24608470000000002,1.8055500000000004e-05,1.252711e-06,1.2493019400000003e-06,1.4841174099999997e-06,2.0509795e-06,2.9029885e-06,3.9051688e-06,7.991731000000002e-06,0.25178059999999997,0.035819250000000004,6.378363e-05,83.79408999999998,62.45802,1.9118469999999998e-05,6.163009000000001,0.012494219999999999,6.13931,0.0008156288999999999,7.416647710000002e-05,0.0233218,22.337029999999995,0.0008156288999999999,7.416647710000002e-05,0.005257054000000001,15.4640065,0.0008156288999999999,7.416647710000002e-05,0.0017845186,15.304780700000004,0.0008156288999999999,7.416647710000002e-05,0.004112047,1.55155e-06,1.842044e-05,0.09726040500000001,5.283875500000001,0.005243218699999999,-0.0021568995,-0.002613188,7.970184999999999e-07,9.777756999999999e-06
73,1608336000,0.8135840999999999,0.8136015000000001,-0.009416641,-1.6552,1.3185390000000001,0.8427241000000001,1.2229499999999998,1.114609,0.012892273,0.34476450000000003,1.8330040000000002e-05,1.4174792000000001e-06,1.4415132000000001e-06,1.7850999e-06,2.627484e-06,3.4825564999999997e-06,5.620026e-06,1.218238e-05,0.3765192,0.030162,8.117994999999999e-05,81.15332999999998,57.68479,2.7031639999999997e-05,6.454214,0.01480619,8.623481,0.00054384577,4.923750370000001e-05,0.028404219999999997,33.35227,0.00054384577,4.923750370000001e-05,0.005310612,14.073479999999998,0.00054384577,4.923750370000001e-05,0.0019209119999999999,13.643792,0.00054384577,4.923750370000001e-05,0.004137183,1.515e-06,1.8620479999999998e-05,0.0046085860000000005,0.7684036,0.00245724307,-0.0020979189999999997,-0.0025830329999999998,7.167231e-07,9.518488999999999e-06
73,1608336600,0.6613562999999999,0.6613734,-0.004984929,-1.569545,1.290678,0.7565546000000001,1.1610729999999998,1.0190572999999998,0.012887915,0.28409330000000005,1.7598349999999997e-05,7.917566000000001e-07,7.934236499999999e-07,9.758343500000001e-07,1.4965189999999999e-06,1.980112e-06,3.1278331e-06,7.198799600000001e-06,0.28256230000000004,0.04804799,5.086642000000001e-05,88.31560999999999,64.87016,2.198123e-05,6.146789,0.013244499999999998,6.941235999999999,0.00118223624,0.00010770435499999999,0.02450894,24.80453,0.00118223624,0.00010770435499999999,0.005633058,22.267125,0.00118223624,0.00010770435499999999,0.0022115909,22.2524187,0.00118223624,0.00010770435499999999,0.004134121,1.7005040000000004e-06,1.8686e-05,0.789848862,37.1416311,0.011498603699999999,-0.002126522,-0.0026240110000000003,1.0787202000000002e-06,1.3091357000000002e-05
73,1608337200,0.49933833333333333,0.49935544444444446,-0.0006831599988888888,-1.5609722222222222,1.1447422222222223,0.6573288888888889,1.0072821111111112,0.8925693333333334,0.008189406666666668,0.21709244444444442,1.778341111111111e-05,6.695414444444445e-07,7.181388888888889e-07,9.140471111111112e-07,1.4239842222222223e-06,1.9589026666666667e-06,3.2380321111111107e-06,7.2348388888888884e-06,0.20433677777777776,0.04526242222222222,5.308664444444444e-05,88.2994,68.21431111111113,1.657547777777778e-05,6.4522722222222235,0.011555900000000001,5.304824444444444,0.0008401251111111111,7.635454444444445e-05,0.020990533333333332,18.142522222222222,0.0008401251111111111,7.635454444444445e-05,0.005442448888888889,16.312372222222223,0.0008401251111111111,7.635454444444445e-05,0.0018925499999999998,16.145844444444442,0.0008401251111111111,7.635454444444445e-05,0.00415222,1.2654101111111112e-06,1.8465044444444446e-05,0.03262866888888889,11.34633611111111,0.0062244433,-0.002366874444444444,-0.002796425555555556,9.195188888888888e-07,1.1225433333333334e-05
73,1608337800,0.6470342,0.6470515000000001,-0.0016243936,-1.5999019999999997,1.257115,0.7483529000000001,1.13576,1.0163936,0.010737382,0.2778623,1.7541520000000003e-05,6.720362999999999e-07,6.104324e-07,7.283322900000001e-07,1.1548673000000001e-06,1.4089611999999998e-06,2.0110389e-06,4.751418e-06,0.286051,0.037418509999999995,3.568158e-05,87.91726,62.11014,2.1517500000000002e-05,5.773345,0.013159180000000001,6.8406210000000005,0.0015299009999999997,0.000139570232,0.02468608,25.27254,0.0015299009999999997,0.000139570232,0.005705712,26.376479999999997,0.0015299009999999997,0.000139570232,0.0022675739999999996,26.65529,0.0015299009999999997,0.000139570232,0.004120775999999999,1.329837e-06,1.829571e-05,-0.017460890000000003,3.1460578000000003,0.003347779199999999,-0.002221495,-0.0026891560000000003,7.521603e-07,9.756407999999999e-06
73,1608338400,0.8369850000000001,0.8370017000000001,-8.104150000000012e-05,-1.691373,1.367592,0.8604188,1.239112,1.119671,0.0107479,0.35265090000000004,1.743904e-05,9.417986e-07,8.756447800000002e-07,1.11755526e-06,1.8112558999999998e-06,2.3202076e-06,3.7815699e-06,8.733869e-06,0.38037730000000003,0.03803818999999999,5.650369999999999e-05,82.29553000000001,59.13418,2.7827009999999997e-05,5.937012,0.01498629,8.789378999999998,0.0014398208100000003,0.00013136447700000002,0.02856976,33.50602,0.0014398208100000003,0.00013136447700000002,0.005763572999999999,27.787509399999994,0.0014398208100000003,0.00013136447700000002,0.0024465400999999997,27.912532200000005,0.0014398208100000003,0.00013136447700000002,0.004104075,1.663791e-06,1.846297e-05,0.5510848719999999,18.347637639999995,0.006728614899999999,-0.002017847,-0.002519303,8.950067999999998e-07,1.1198619e-05
73,1608339000,0.8206405,0.8206572999999999,0.003684991,-1.684423,1.3508310000000001,0.8518039,1.241589,1.1161090000000002,0.007248621999999999,0.34227559999999996,1.782045e-05,1.1816666e-06,1.17606321e-06,1.47027623e-06,2.2514989e-06,2.8568232e-06,4.5673022e-06,1.0201719000000001e-05,0.37215159999999997,0.038090290000000006,5.339686000000001e-05,82.9787,59.31624999999999,2.7269609999999998e-05,5.8405629999999995,0.01486757,8.636709999999999,0.0006542992699999999,5.9352239099999996e-05,0.028288570000000002,32.835660000000004,0.0006542992699999999,5.9352239099999996e-05,0.005478686000000001,17.52542,0.0006542992699999999,5.9352239099999996e-05,0.0021276150000000002,17.045308,0.0006542992699999999,5.9352239099999996e-05,0.004106635,1.5184820000000003e-06,1.836444e-05,0.041519709999999994,3.6623914000000006,0.0050161385,-0.0020664200000000002,-0.002560273,8.151672000000001e-07,1.0944737999999998e-05
73,1608339600,0.8397532999999999,0.8397705,0.0008551129800000001,-1.7536619999999998,1.595374,0.867061,1.155447,1.095708,0.009846174000000003,0.35848450000000004,2.347333e-05,9.1420658e-06,8.128141400000001e-06,8.055228849999999e-06,8.596935099999998e-06,9.5358681e-06,1.2583825080000002e-05,1.9734132e-05,0.3831578,0.03655997,7.663668000000001e-05,78.03383,58.73666000000001,2.7895659999999995e-05,6.34466,0.014976659999999998,9.706178,0.0016160892500000003,0.000153005459,0.028725709999999998,34.333690000000004,0.0016160892500000003,0.000153005459,0.005884639,28.962611999999996,0.0016160892500000003,0.000153005459,0.0026136069999999996,29.322131000000002,0.0016160892500000003,0.000153005459,0.004330008,5.5106890000000005e-05,7.213991e-05,4.045618248,210.65466629999997,0.1423309444,-0.0013972422999999998,-0.0021839880000000004,0.00023107146419999998,0.002480303926
73,1608340200,0.8695164,0.8695337999999999,0.0013973708,-1.766573,1.2733510000000001,0.8820642,1.149784,1.10647,0.013473565999999998,0.3840186,1.781496e-05,9.182217e-07,8.677718300000001e-07,1.12016029e-06,1.7702924999999997e-06,2.3352286e-06,3.7872144999999996e-06,8.577082e-06,0.4023122,0.03237150999999999,5.433247e-05,80.86197999999999,57.54961999999999,2.891699e-05,5.973283,0.015209239999999999,9.240802999999998,0.0012168304999999999,0.0001109010181,0.029408649999999998,35.62581,0.0012168304999999999,0.0001109010181,0.005652905,23.168315,0.0012168304999999999,0.0001109010181,0.0023075209999999994,23.129451,0.0012168304999999999,0.0001109010181,0.0041613430000000005,2.2169160000000003e-06,1.9330929999999997e-05,0.09881057200000001,6.38305327,0.0076206580300000005,-0.0018348824999999999,-0.002425963,1.1455698000000002e-06,1.2646922e-05
73,1608340800,0.9322301,0.9322477000000001,0.0018268394,-1.715417,1.399543,0.9081170000000001,1.2485249999999999,1.1725090000000002,0.02234485,0.4133686,1.829491e-05,1.5435616000000002e-06,1.5340147e-06,1.8287862999999996e-06,2.6579456999999998e-06,3.3174265e-06,5.081735e-06,1.0960636e-05,0.4330157,0.033015069999999994,5.587585000000001e-05,80.13359,57.202160000000006,3.098406e-05,6.23883,0.015446059999999998,9.798193000000001,0.00091679109,8.3365783e-05,0.030431040000000003,38.13477999999999,0.00091679109,8.3365783e-05,0.005511982,18.650385,0.00091679109,8.3365783e-05,0.00221034,18.486803000000002,0.00091679109,8.3365783e-05,0.004129622,1.7803970000000003e-06,1.8793e-05,0.030006541000000005,6.965366859999999,0.008656939999999998,-0.0019233180000000002,-0.0024528460000000003,9.37448e-07,1.2803787e-05
73,1608341400,1.0979018181818185,1.09792,-0.00037930190909090907,-1.6150745454545457,1.5964563636363636,0.9797751818181819,1.4880463636363637,1.3349727272727274,0.012258150909090909,0.4621062727272727,1.965290909090909e-05,3.0033455454545455e-06,3.106085718181819e-06,3.686764636363636e-06,5.093243818181818e-06,6.614636454545453e-06,1.0258013818181819e-05,2.1206565454545454e-05,0.4986672727272728,0.05014329090909091,8.457123636363636e-05,80.09196363636364,59.17602727272727,3.645917272727273e-05,6.348583636363637,0.01635669090909091,11.447809090909091,0.0006312897363636362,5.722793909090909e-05,0.03265623636363636,43.752390909090906,0.0006312897363636362,5.722793909090909e-05,0.005471629090909091,18.182751818181814,0.0006312897363636362,5.722793909090909e-05,0.002252985454545455,17.616974272727273,0.0006312897363636362,5.722793909090909e-05,0.00411418,1.8383981818181814e-06,1.8755227272727272e-05,0.012872013636363634,0.2954504545454545,0.0018228722727272732,-0.0018105172727272724,-0.0023907745454545453,7.183836363636362e-07,9.330252727272726e-06
73,1608342000,1.1676663999999999,1.1676857,0.0040331358,-1.7511650000000003,1.4975710000000002,1.0192556,1.354992,1.282728,0.017695909000000003,0.4982278000000001,1.839786e-05,2.1357038000000004e-06,2.9851422700000007e-06,5.561553e-06,7.486875999999999e-06,9.040483799999999e-06,1.18531775e-05,2.072324e-05,0.5410366,0.04254967,0.00018563158000000003,79.83241,57.534180000000006,3.879159e-05,6.346831,0.01764587,12.885366999999999,0.00175638536,0.000160362026,0.03394667,47.57896,0.00175638536,0.000160362026,0.005935544000000001,31.638875000000002,0.00175638536,0.000160362026,0.002859351,31.96045,0.00175638536,0.000160362026,0.005191048,2.6267456e-05,4.3167489999999996e-05,-0.0897083706,6.37352055,0.020051573,0.003342664,0.0006516441,9.1557493e-06,5.864866e-05
73,1608342600,1.310789,1.310805,0.003256269,-1.729923,1.611311,1.0738409999999998,1.4586450000000002,1.37768,0.016335497,0.5497615,1.925245e-05,3.0786250000000005e-06,5.4467159999999995e-06,1.1906194000000002e-05,1.2666707000000001e-05,1.579616e-05,2.0085347999999997e-05,2.8413609999999996e-05,0.6223509,0.032700070000000005,0.0002431823,77.73092,55.09117,4.353246e-05,6.711659,0.019188970000000003,15.426820000000001,0.00175477539,0.000160196535,0.036524890000000004,55.13617000000001,0.00175477539,0.000160196535,0.005897022,32.258774,0.00175477539,0.000160196535,0.0029226150000000004,32.5213174,0.00175477539,0.000160196535,0.006596792,5.779835000000001e-05,7.49277e-05,-0.052258384000000005,2.1412730000000004,0.026832119999999998,0.009377368,0.004544599,1.9569409999999997e-05,9.442959e-05
73,1608343200,1.6525050000000001,1.652523,0.0032163647000000004,-1.753683,1.692052,1.209164,1.5603839999999998,1.51756,0.016955779999999997,0.6896359,2.1612060000000003e-05,5.804377e-06,9.271935999999999e-06,2.023794e-05,1.9487350000000002e-05,2.436308e-05,2.934654e-05,4.3160509999999995e-05,0.7925221,0.033293680000000006,0.00028095439999999995,74.43347,54.06897,5.486655999999999e-05,6.784424,0.02140478,19.39294,0.00115795321,0.0001055256836,0.041214299999999995,69.98463,0.00115795321,0.0001055256836,0.005639731,25.344235,0.00115795321,0.0001055256836,0.002772983,25.102721000000003,0.00115795321,0.0001055256836,0.007580109999999999,8.047338e-05,9.758407000000001e-05,-0.026078691999999997,0.9983118000000001,0.027090259999999998,0.012163417000000001,0.007190528000000002,2.339294e-05,0.00010251199
73,1608343800,1.3914209999999998,1.391439,0.0073439399999999985,-1.753846,1.5837100000000002,1.1114730000000002,1.459431,1.3948930000000002,0.012260088999999998,0.5779732,1.9343220000000003e-05,3.482835e-06,7.592943e-06,2.221958e-05,1.681575e-05,2.073512e-05,2.3384139999999998e-05,2.92844e-05,0.6632206,0.03207631,0.0002876125,78.13487,54.66423999999999,4.621065e-05,6.790668999999999,0.019917,17.038870000000003,0.00158888965,0.000144939925,0.03771898,58.685140000000004,0.00158888965,0.000144939925,0.005923281,30.840117,0.00158888965,0.000144939925,0.003055785,30.954524000000003,0.00158888965,0.000144939925,0.008295336,9.683803e-05,0.00011377731,-0.014615983999999999,0.35965199999999997,0.02840858,0.01350314,0.008979315,2.3266480000000004e-05,0.00010309528
73,1608344400,1.4470299999999998,1.4470444444444444,0.006740488888888888,-1.7495622222222222,1.6172555555555554,1.1308377777777776,1.4895033333333334,1.4209177777777777,0.014986235555555553,0.6083553333333334,2.050558888888889e-05,4.87618111111111e-06,8.62557777777778e-06,2.06786e-05,1.7573366666666663e-05,2.1159e-05,2.495116666666667e-05,3.204683333333334e-05,0.6909783333333333,0.03213663333333334,0.00026586322222222226,77.50014444444444,54.5136,4.805551111111111e-05,6.64646,0.02011212222222222,17.249344444444446,0.0017953252000000005,0.00016392960444444444,0.03850404444444444,61.196866666666665,0.0017953252000000005,0.00016392960444444444,0.00588773111111111,34.592506666666665,0.0017953252000000005,0.00016392960444444444,0.003041052222222222,34.780396111111116,0.0017953252000000005,0.00016392960444444444,0.007834854444444445,8.633659999999998e-05,0.0001030885,-0.01596375333333333,0.7705993333333334,0.026715955555555556,0.012585166666666668,0.007920222222222223,2.274916666666667e-05,0.00010138303333333333
73,1608345000,1.9331580000000002,1.933177,0.006655683,-1.723028,1.866619,1.300774,1.7367899999999998,1.670901,0.020052228,0.8013309000000002,2.038942e-05,4.972911e-06,8.744830000000002e-06,2.184173e-05,1.982021e-05,2.436198e-05,3.107953e-05,4.765972e-05,0.9376580999999999,0.028395109999999994,0.00036401900000000004,74.65094,52.99911999999999,6.417273e-05,6.783863000000001,0.02311371,22.588230000000003,0.00240277965,0.000219457147,0.04490113,83.16605999999999,0.00240277965,0.000219457147,0.006251978,42.139945999999995,0.00240277965,0.000219457147,0.003478957,42.7451675,0.00240277965,0.000219457147,0.007932913,8.919766e-05,0.00010615328,-0.014971814,0.6862462,0.02797806,0.01312924,0.008172415,2.419283e-05,0.00010196947
73,1608345600,2.4317040000000003,2.4317230000000003,0.00274694,-1.7250609999999997,2.048988,1.458502,1.92452,1.871795,0.04467760999999999,1.0427522,1.9721079999999995e-05,4.070631e-06,7.693477e-06,2.637702e-05,1.945563e-05,2.251475e-05,2.625492e-05,3.690942e-05,1.181151,0.03425279,0.0003028915,76.28441,52.83394,8.083113999999998e-05,6.534731000000001,0.025895559999999995,28.29209,0.00230798319,0.00021085412899999998,0.05038992999999999,104.7653,0.00230798319,0.00021085412899999998,0.006304664,44.927964200000005,0.00230798319,0.00021085412899999998,0.003626544,45.3726678,0.00230798319,0.00021085412899999998,0.008667328,0.00010600924,0.0001229302,-0.011392082000000001,0.14408814,0.028752560000000003,0.014259660000000002,0.009951502,2.504653e-05,0.00010436028
73,1608346200,1.8125609999999999,1.8125780000000002,0.0019953454,-1.737773,1.808905,1.254462,1.662313,1.5927099999999998,0.028385138999999997,0.7699374999999999,1.965842e-05,4.264119999999999e-06,8.818488000000001e-06,3.545456e-05,2.065846e-05,2.370437e-05,2.672196e-05,3.8259840000000005e-05,0.8722692999999999,0.033514560000000006,0.0003348817,77.05246,53.888909999999996,6.020160000000002e-05,6.7875,0.022718910000000002,22.338240000000003,0.0029996198799999998,0.0002742553,0.04306154999999999,77.67995,0.0029996198799999998,0.0002742553,0.006391988999999999,54.291003,0.0029996198799999998,0.0002742553,0.0036065069999999997,55.195066,0.0029996198799999998,0.0002742553,0.009595255,0.00012652129999999998,0.00014331180000000003,-0.008974955599999999,-0.38523742,0.027465100000000003,0.015089829999999999,0.01162983,2.3283310000000002e-05,0.0001082725
73,1608346800,1.554804,1.5548190000000002,-0.001508252945,-1.754298,1.635351,1.174633,1.5208970000000002,1.468358,0.012673736,0.6443373,2.0971899999999998e-05,5.219508e-06,9.108993000000001e-06,4.241319e-05,1.833011e-05,2.15867e-05,2.642572e-05,3.6930251e-05,0.7428530999999999,0.03404665,0.0003374077,75.19573000000001,54.41332,5.163165999999999e-05,6.729245999999999,0.021077969999999998,19.37093,0.00056710786,5.1342957200000005e-05,0.040135859999999995,66.65122,0.00056710786,5.1342957200000005e-05,0.005485239000000001,18.923245,0.00056710786,5.1342957200000005e-05,0.002583639,18.2063877,0.00056710786,5.1342957200000005e-05,0.009543258,0.00012563876000000002,0.0001424673,-0.010901596699999998,-0.33824580000000004,0.026437759999999998,0.015073229999999998,0.011737109999999999,2.626644e-05,0.00010985459999999997
73,1608347400,1.574541,1.5745559999999998,-0.00038359500000000014,-1.742089,1.6689129999999999,1.1807370000000001,1.5607229999999999,1.4972729999999999,0.018091586,0.6528092999999999,1.98775e-05,4.065439e-06,8.108717e-06,4.479790000000001e-05,1.698731e-05,1.997092e-05,2.29296e-05,3.1450159999999996e-05,0.7514177,0.035342059999999995,0.00035891709999999997,77.93066,54.55091,5.230380999999999e-05,6.7747,0.020995069999999998,19.47475,0.0009287291299999998,8.45198025e-05,0.040216550000000004,67.00897,0.0009287291299999998,8.45198025e-05,0.005666947,23.678573,0.0009287291299999998,8.45198025e-05,0.0027673570000000002,23.29852,0.0009287291299999998,8.45198025e-05,0.009912358999999999,0.0001342791,0.0001513881,-0.003460929489999999,-0.4952656999999999,0.02748651,0.015543840000000003,0.012351749999999998,2.6522419999999997e-05,0.0001079961
73,1608348000,1.6180379999999999,1.618058,-0.003331350999999999,-1.7344579999999996,1.732514,1.197027,1.6150239999999996,1.519548,0.019487117000000005,0.6754234,1.8667290000000003e-05,2.3504571e-06,5.696872999999999e-06,2.7434076000000003e-05,1.1447383999999998e-05,1.2542915000000001e-05,1.3857226000000001e-05,2.1099979000000004e-05,0.7645133,0.04410092,0.0003092322,82.11922000000001,55.57517,5.3800589999999994e-05,6.578663000000001,0.02060106,18.393,0.0016912053199999995,0.000154262986,0.040215719999999996,66.67663999999999,0.0016912053199999995,0.000154262986,0.006174631,35.41009000000001,0.0016912053199999995,0.000154262986,0.0032888730000000003,35.328547,0.0016912053199999995,0.000154262986,0.007954966,8.875532799999999e-05,0.00010593326000000001,-0.027193985999999996,1.8708154700000001,0.024415020000000003,0.010678657079999999,0.0073518304,2.2102052000000002e-05,9.394465e-05
73,1608348600,1.542363,1.542379,-0.007198904000000001,-1.720266,1.704391,1.1661890000000001,1.614462,1.4944979999999999,0.011512599000000002,0.6531572000000001,1.883973e-05,2.2523749999999998e-06,2.2642158e-06,2.8492379e-06,4.457046e-06,5.658130399999999e-06,9.386291999999998e-06,2.1131623000000002e-05,0.7260327,0.04491487,0.00018344194,78.71608,55.878510000000006,5.126827e-05,6.208400999999999,0.01978369,16.0987,0.00152389686,0.000139029893,0.03939554,63.65173,0.00152389686,0.000139029893,0.00594566,32.435577,0.00152389686,0.000139029893,0.0028684210000000003,32.418857,0.00152389686,0.000139029893,0.004180233,3.594466e-06,2.0683910000000004e-05,0.05366739,9.70844905,0.010777061999999999,-0.001260396,-0.001975035,2.4744646e-06,2.5932548e-05
73,1608349200,1.4152079999999998,1.415225,-0.0032822370000000003,-1.6935680000000002,1.681624,1.115125,1.5792860000000002,1.462657,0.015167710000000001,0.6081172,2.211702e-05,5.5648241e-06,5.7799067000000005e-06,6.7568213e-06,8.520317e-06,1.12234794e-05,1.6837511e-05,3.272835499999999e-05,0.6701838999999999,0.037209299999999994,0.00011776366,72.4798,55.25944,4.701414e-05,6.323954,0.018817689999999998,14.755700000000001,0.0010786533200000002,9.825693350000001e-05,0.037823539999999996,58.76251,0.0010786533200000002,9.825693350000001e-05,0.005535142000000001,23.140925,0.0010786533200000002,9.825693350000001e-05,0.0024263620000000005,23.036582,0.0010786533200000002,9.825693350000001e-05,0.004159409000000001,3.266037e-06,2.025732e-05,0.05658529999999999,6.147441500000001,0.008452682999999999,-0.001302163,-0.0020050429999999993,1.8721784e-06,1.9978344e-05
73,1608349800,1.542992,1.543009,-7.831479999999992e-05,-1.6881700000000002,1.720552,1.159119,1.634299,1.536384,0.01619531,0.6408020999999999,1.976437e-05,3.4424858000000002e-06,3.47775e-06,4.1931017e-06,5.9740011e-06,7.720096300000001e-06,1.2221289000000001e-05,2.5672917e-05,0.7436691000000001,0.02764221,0.00011925899999999999,72.46256,53.68032999999999,5.130279e-05,6.298074999999999,0.01941872,15.614889999999999,0.0009709777399999998,8.833589700000001e-05,0.039577390000000004,64.25522,0.0009709777399999998,8.833589700000001e-05,0.005769496999999999,24.659545,0.0009709777399999998,8.833589700000001e-05,0.0027505209999999997,24.304626000000006,0.0009709777399999998,8.833589700000001e-05,0.004121046000000001,2.832823e-06,1.9724939999999998e-05,0.028929016499999998,0.7928778999999999,0.004922594000000001,-0.00127262,-0.0019546589999999997,8.107100000000001e-07,1.0472653e-05
73,1608350400,1.2518141000000003,1.2518328,0.0040545553,-1.726453,1.507359,1.0469214999999998,1.426656,1.3410029999999997,0.014632820999999999,0.5235104,1.802105e-05,1.4214828000000001e-06,1.2681795e-06,1.5515298000000002e-06,2.5684109e-06,3.3380791000000007e-06,5.6053627e-06,1.3306670999999996e-05,0.5986516000000001,0.027110679999999998,0.00011477726999999998,77.34699,54.50729,4.162106e-05,6.108462,0.01766555,12.820792999999998,0.0010386559900000003,9.4604066e-05,0.03550103,52.01791999999999,0.0010386559900000003,9.4604066e-05,0.005660006,23.651566,0.0010386559900000003,9.4604066e-05,0.002526676,23.426603,0.0010386559900000003,9.4604066e-05,0.00413742,4.15847e-06,2.1095369999999996e-05,3.3751220499999994,160.18999241999998,0.026412944899999995,-0.001549635,-0.00216219,7.3515136e-06,8.1000952e-05
73,1608351000,0.8201433000000001,0.820161,0.0025051717000000003,-1.72515,1.2881269999999998,0.8484451999999999,1.169098,1.0767326,0.019570551,0.3620167,1.845193e-05,1.6959920000000001e-06,1.75491243e-06,2.1318494e-06,3.0259924e-06,4.0448324999999995e-06,6.2574085999999994e-06,1.3282835e-05,0.3793113,0.03064007,8.624498e-05,80.92475,57.78051000000001,2.7240120000000005e-05,6.33741,0.01446923,8.653432,0.0018528963700000002,0.000169167811,0.02836283,33.452890000000004,0.0018528963700000002,0.000169167811,0.005932856000000001,32.249573,0.0018528963700000002,0.000169167811,0.002599534,32.634477000000004,0.0018528963700000002,0.000169167811,0.004122633999999999,1.848437e-06,1.879968e-05,0.061948086,4.6211929000000005,0.006661771100000001,-0.001899365,-0.002426696,8.546988e-07,1.1297216e-05
73,1608351600,1.2710460000000001,1.271064,0.0047659799999999995,-1.7569299999999999,1.5074319999999999,1.063472,1.4099689999999998,1.3422049999999999,0.01504317,0.5337833,1.934662e-05,2.8717841e-06,2.9748847e-06,3.5884552999999997e-06,5.202671e-06,6.8754932e-06,1.09629694e-05,2.3406057000000002e-05,0.5983598000000001,0.03700066,0.00010461902999999998,73.2615,55.88899,4.223198e-05,6.157111,0.01840447,13.436250000000001,0.0015331817,0.000139827238,0.0358839,52.932010000000005,0.0015331817,0.000139827238,0.005855572,30.91387900000001,0.0015331817,0.000139827238,0.002684568,30.976402999999998,0.0015331817,0.000139827238,0.004120376,2.359379e-06,1.9294030000000004e-05,0.0052404090000000006,3.545973456,0.006124811399999999,-0.001554241,-0.002158951,7.284128e-07,1.0159155999999999e-05
73,1608352200,1.2403009999999999,1.24032,0.004556153,-1.769907,1.448293,1.0522390000000001,1.36538,1.325855,0.014230897000000001,0.5227007,1.879509e-05,2.0243898e-06,2.0550145e-06,2.5506955999999997e-06,3.9461213e-06,5.2133695e-06,8.5719026e-06,1.9103859e-05,0.5797112,0.04028966,0.00010464183000000001,77.73683,56.545269999999995,4.1216339999999996e-05,6.27816,0.01808642,13.003710000000002,0.0008378068999999998,7.62195383e-05,0.035261999999999995,51.07199999999999,0.0008378068999999998,7.62195383e-05,0.005575869999999999,22.687991,0.0008378068999999998,7.62195383e-05,0.002374456,22.264349999999997,0.0008378068999999998,7.62195383e-05,0.004138762000000001,2.455441e-06,1.9533859999999997e-05,-0.37724917430000005,11.701877970000002,0.005816906,-0.001549941,-0.0021528860000000006,9.815769000000001e-07,1.3040719e-05
73,1608352800,1.171602,1.1716199999999999,0.0022083579999999997,-1.759338,1.4718449999999998,1.0205795,1.354242,1.2803270000000002,0.016288597,0.49860230000000005,2.0670350000000004e-05,3.9840648e-06,4.12176334e-06,4.8008111e-06,6.542227900000001e-06,8.293145400000001e-06,1.2683527399999998e-05,2.5099447e-05,0.5460816,0.039545819999999995,0.00010455079000000001,73.94796,56.82436,3.8917979999999994e-05,6.223547999999999,0.017687650000000003,12.39804,0.0016401585519999998,0.0001497718542,0.034261570000000005,48.34166,0.0016401585519999998,0.0001497718542,0.005719182000000001,29.903623999999997,0.0016401585519999998,0.0001497718542,0.0025033639999999997,30.143154000000003,0.0016401585519999998,0.0001497718542,0.004131334,2.2406090000000002e-06,1.9271560000000004e-05,-0.356953915,10.12679254,0.0045462682,-0.0016427310000000001,-0.0022325989999999996,1.0191283e-06,1.3516704e-05
73,1608353400,0.9832403999999999,0.9832576,-0.0012634380000000002,-1.751314,1.342204,0.9287769000000001,1.245601,1.1625729999999999,0.01265833,0.4156699,1.833873e-05,1.7102316e-06,1.7484284300000003e-06,2.19897716e-06,3.4074046e-06,4.4836031999999995e-06,7.45473808e-06,1.6179052e-05,0.45937050000000007,0.03208414,0.00012730435999999998,77.86788,56.83759,3.2663579999999995e-05,6.260036,0.01606404,10.354050999999998,0.00129607984,0.0001181635344,0.03120369,40.49571,0.00129607984,0.0001181635344,0.005680837,24.766064200000002,0.00129607984,0.0001181635344,0.0023935197,24.793301800000002,0.00129607984,0.0001181635344,0.004127218,2.080934e-06,1.9081440000000003e-05,-1.232658658,45.7261294,0.005073908,-0.0018006090000000003,-0.002349179,1.3741784000000001e-06,1.6857514e-05
73,1608354000,0.960866,0.9608839999999998,-0.007974946,-1.762321,1.306653,0.9252026999999998,1.213087,1.157624,0.011829868,0.40942259999999997,1.839544e-05,1.5826676999999998e-06,1.56505943e-06,1.87958017e-06,2.8738096999999995e-06,3.5517378e-06,5.5537959e-06,1.2018583000000002e-05,0.45082970000000006,0.029435060000000002,0.0001382361,77.32135,56.186800000000005,3.195571000000001e-05,6.131151,0.01603291,10.318408999999999,0.00062755453,5.684519599999999e-05,0.031257240000000006,40.216660000000005,0.00062755453,5.684519599999999e-05,0.005302311,13.413629,0.00062755453,5.684519599999999e-05,0.0019892979999999996,13.1205712,0.00062755453,5.684519599999999e-05,0.004130016,2.0122050000000003e-06,1.90493e-05,0.022085639999999997,0.5171591839999999,0.0030973583,-0.001765483,-0.002313715,7.713673e-07,1.0199701999999999e-05
73,1608354600,1.0281226,1.0281407999999999,-0.004941761500000001,-1.718329,1.3848030000000002,0.9501390000000001,1.292288,1.21095,0.030046850000000003,0.45217339999999995,1.990397e-05,3.4226999e-06,3.52850389e-06,4.1358954e-06,5.5406774e-06,6.9973292e-06,1.0521048399999999e-05,2.1111173e-05,0.49116289999999996,0.022734384000000003,0.00010630552000000002,72.95536,54.520270000000004,3.417154e-05,5.986289,0.01634965,10.908738000000001,0.00141481333,0.00012901911899999998,0.032373820000000005,43.454359999999994,0.00141481333,0.00012901911899999998,0.005724511,26.107303,0.00141481333,0.00012901911899999998,0.00246748,26.229172999999996,0.00141481333,0.00012901911899999998,0.004123689000000001,2.2288250000000002e-06,1.913477e-05,-0.12075149999999998,22.894588500000005,0.013411134,-0.0017321329999999998,-0.002291128,1.1224762000000001e-06,1.5190888999999999e-05
73,1608355200,1.7061319000000001,1.7061496999999999,0.006325145,-1.4687363,3.3098109,1.1292405,1.7514923,1.5501116000000001,0.070158956,0.9061605,2.227253e-05,2.7245489799999998e-05,3.743548966e-05,1.843666903e-05,1.50161475e-05,3.34841038e-05,9.22091934e-05,0.000237285091,0.7313607000000001,0.1207067347,0.000531825785,74.46343000000002,59.48713,5.664414999999999e-05,6.159032000000001,0.01986867,28.29086,0.00241634772,0.00022091955460000002,0.03753412,67.68602000000001,0.00241634772,0.00022091955460000002,0.005925812,39.661139000000006,0.00241634772,0.00022091955460000002,0.002854442,40.645561,0.00241634772,0.00022091955460000002,0.004992367,0.00023651471180000002,0.00025347336,0.13458000800000006,149.169608301,0.21906956809999997,0.00010781177000000011,-0.001840875,0.0007739191451,0.008026373489999999
73,1608355800,2.581886,2.581903,0.003762300999999999,-1.632359,2.594444,1.5082229999999999,2.274444,1.982386,0.015633643,1.057629,2.1030660000000002e-05,4.543339700000001e-06,4.6895309000000004e-06,5.895134700000001e-06,8.837783e-06,1.1666018e-05,1.8938975e-05,3.8312649000000004e-05,1.080727,0.2097621,0.00035313369999999996,87.83864,66.30386999999999,8.576212e-05,6.114064000000001,0.02530967,27.41428,0.0035115555300000005,0.00032105725,0.04814542000000001,95.16968,0.0035115555300000005,0.00032105725,0.006658557000000001,64.954352,0.0035115555300000005,0.00032105725,0.0038057380000000003,65.83734799999999,0.0035115555300000005,0.00032105725,0.004379798999999999,9.149315e-06,2.6252440000000002e-05,-0.03317143,24.27103,0.0280414,-0.00040304830000000003,-0.0013588510000000001,4.777826e-06,3.129384e-05
73,1608356400,2.519345,2.519362,-0.00027287009999999996,-1.6769120000000002,2.484637,1.496627,2.1671919999999996,1.9196450000000003,0.013298653999999998,1.0346799,2.187801e-05,5.288128e-06,5.6579139000000005e-06,7.090792500000001e-06,1.0499033e-05,1.4019496999999999e-05,2.2627945e-05,4.6202288e-05,1.050115,0.20904129999999999,0.00039355900000000003,85.7429,66.67547,8.361077000000001e-05,6.319889000000001,0.02515827,26.627750000000002,0.0035787851900000002,0.000327262755,0.04739565,92.23686000000001,0.0035787851900000002,0.000327262755,0.0065627229999999995,63.20908600000001,0.0035787851900000002,0.000327262755,0.0037053659999999994,64.31139300000001,0.0035787851900000002,0.000327262755,0.004393353,9.442649999999998e-06,2.660866e-05,-0.14354277000000001,24.146939999999997,0.028162930000000003,-0.0004001318,-0.0013300879999999999,4.945125e-06,3.131512000000001e-05
73,1608357000,2.8621030000000003,2.8621190000000003,0.0032831737,-1.6622359999999996,2.6956200000000003,1.595026,2.3380460000000003,2.0680369999999995,0.022366405000000002,1.183357,2.1237540000000004e-05,4.986016000000001e-06,5.160106999999999e-06,6.3922330000000015e-06,9.731433e-06,1.2053369e-05,1.9546095e-05,3.923522e-05,1.201576,0.22897130000000004,0.00039397170000000003,87.68436,66.06883,9.505226e-05,6.38946,0.026666679999999998,30.227279999999997,0.00366366708,0.00033502358999999997,0.0506753,105.56741,0.00366366708,0.00033502358999999997,0.006814822,74.623877,0.00366366708,0.00033502358999999997,0.003980045999999999,75.488732,0.00366366708,0.00033502358999999997,0.004391876,9.709312000000002e-06,2.6812649999999998e-05,-0.11427958519999999,24.037789999999998,0.02872822,-0.00022307989999999998,-0.0012002850000000002,5.128704999999999e-06,3.5909149999999995e-05
73,1608357600,2.7121010000000005,2.712117,0.000569961,-1.6689479999999999,2.5412280000000003,1.550005,2.219879,2.050263,0.017917526,1.1131212,2.2926080000000003e-05,6.9366659999999995e-06,7.292506e-06,8.887639e-06,1.2562474e-05,1.6523678e-05,2.589206e-05,5.199973999999999e-05,1.1147927000000002,0.2406819,0.0004276694,85.25836,67.93652,9.002878999999999e-05,6.524162,0.026113340000000002,28.59835,0.00433992555,0.000396991454,0.04872565999999999,97.80107000000001,0.00433992555,0.000396991454,0.0067264329999999995,74.82828099999999,0.00433992555,0.000396991454,0.003920848999999999,76.4349288,0.00433992555,0.000396991454,0.004356317,9.239119e-06,2.6135440000000003e-05,-0.08003295400000002,23.91589,0.026979160000000002,-0.0003613906,-0.0012924850000000001,4.634597000000001e-06,3.1026480000000004e-05
73,1608358200,2.348668,2.348686,0.0005498585,-1.673613,2.313295,1.441348,2.032039,1.9583109999999997,0.015213021999999998,0.9628978,1.946001e-05,3.2531615999999997e-06,3.4925271000000005e-06,4.6455408e-06,7.5085580000000005e-06,1.0286669e-05,1.706773e-05,3.7473783999999996e-05,0.9479519,0.22588290000000005,0.0004092215,87.08324,69.32485,7.799417e-05,6.375196,0.02451933,24.7592,0.005630799319999999,0.000515414929,0.0449866,83.07296,0.005630799319999999,0.000515414929,0.007315401999999999,100.840284,0.005630799319999999,0.000515414929,0.004471042000000001,102.98411000000002,0.005630799319999999,0.000515414929,0.0043115919999999995,8.643602e-06,2.531813e-05,-0.04303897999999999,26.83745,0.028048729999999994,-0.0005647558000000001,-0.001421294,4.520061e-06,2.9756850000000003e-05
73,1608358800,2.371388,2.371403,0.000523447,-1.6881,2.442375,1.4527160000000001,2.0279499999999997,1.9559460000000002,0.02860315,1.0602123,1.926647e-05,3.1699640999999995e-06,3.0941024999999995e-06,3.832508e-06,5.9627460000000005e-06,7.855066999999998e-06,1.2254749e-05,2.567627e-05,0.9664059999999998,0.2187674,0.0004501702000000001,94.04045,68.54976,7.877469e-05,6.240088,0.024775639999999998,25.2007,0.00497872899,0.00045583694199999997,0.04552918,85.24358,0.00497872899,0.00045583694199999997,0.00729446,93.69095800000001,0.00497872899,0.00045583694199999997,0.004434506,95.284494,0.00497872899,0.00045583694199999997,0.004376229000000001,1.5677980999999996e-05,3.238215e-05,3.5646904689999994,198.59951999999998,0.07454778000000001,-0.0004468464,-0.001341727,3.2963261e-05,0.00033672205000000004
73,1608359400,2.2422239999999998,2.242241,0.0018218909,-1.664158,2.3200449999999995,1.40846,2.0157999999999996,1.8889330000000002,0.016081715,0.9260062,1.96975e-05,3.3632214e-06,3.461313e-06,4.3433543999999995e-06,6.6278010000000005e-06,8.752790000000001e-06,1.3804848000000002e-05,2.8254242e-05,0.9019573999999999,0.21869870000000002,0.0003815248,89.73499999999999,69.60129000000002,7.449541e-05,5.927426,0.02380587,23.59073,0.00613958981,0.0005620069939999999,0.04383688,78.86098,0.00613958981,0.0005620069939999999,0.007192400999999999,102.757713,0.00613958981,0.0005620069939999999,0.004335301000000001,105.34055699999999,0.00613958981,0.0005620069939999999,0.0043424810000000005,9.015399e-06,2.582017e-05,0.019293669999999992,27.585019999999997,0.02806922,-0.0005875614,-0.001461264,4.841388e-06,3.163185000000001e-05
73,1608360000,2.439807,2.439825,0.0029397490999999998,-1.665975,2.443461,1.4692219999999998,2.1195639999999996,1.935472,0.02201086,1.0063709,2.150993e-05,5.2026089000000005e-06,5.4290871e-06,6.5704937000000005e-06,9.253827e-06,1.2017589e-05,1.8265729e-05,3.5782442e-05,1.000907,0.2185032,0.00039207319999999996,89.85726,67.97876,8.105082e-05,6.309043000000001,0.024906769999999998,26.00401,0.0026790141799999997,0.000244839448,0.04638023,88.4616,0.0026790141799999997,0.000244839448,0.006521602999999999,52.297376,0.0026790141799999997,0.000244839448,0.003667881,52.897784,0.0026790141799999997,0.000244839448,0.004351859,9.074862e-06,2.5970970000000004e-05,-0.064953746,26.26845,0.028159890000000003,-0.0005023525,-0.001401598,4.940395e-06,3.0989449999999995e-05
73,1608360600,2.772103,2.7721210000000003,0.004522037,-1.677997,2.6326169999999998,1.570988,2.283107,2.014599,0.025821548,1.1582019999999997,2.090675e-05,4.5354845e-06,4.5895476000000006e-06,5.7551037999999996e-06,8.588720000000001e-06,1.1292062000000003e-05,1.7491863e-05,3.6940796999999995e-05,1.160528,0.22502690000000003,0.00040014969999999995,88.78148999999999,66.31560999999999,9.207771e-05,6.112457,0.026401409999999997,29.341519999999996,0.0034945636,0.0003194803400000001,0.04987582,102.22829,0.0034945636,0.0003194803400000001,0.00700789,74.402879,0.0034945636,0.0003194803400000001,0.0041785799999999994,74.953773,0.0034945636,0.0003194803400000001,0.004377114,9.645778e-06,2.6633509999999996e-05,0.05611005000000001,24.284619999999997,0.02884226,-0.0002973582,-0.0012261430000000003,5.020348e-06,3.226266e-05
73,1608361200,2.789714,2.7897309999999997,0.005003912000000001,-1.6623269999999999,2.6401179999999997,1.569213,2.310145,2.0165490000000004,0.015659282,1.139192,2.2755490000000002e-05,6.755990599999999e-06,6.943752900000001e-06,8.3427042e-06,1.1702859e-05,1.5363926999999998e-05,2.2953195e-05,4.457775e-05,1.163608,0.2307223,0.00039168600000000003,89.41651,66.61654999999999,9.264817e-05,6.3688340000000006,0.026408389999999997,29.43499,0.005179443999999999,0.00047392073,0.04990678,102.33468000000002,0.005179443999999999,0.00047392073,0.007368271000000001,91.86301,0.005179443999999999,0.00047392073,0.004577277,93.83465,0.005179443999999999,0.00047392073,0.004366664,9.637822999999999e-06,2.6539590000000002e-05,-0.03296948999999999,23.259210000000003,0.02857228,-0.0002578477,-0.001196076,4.7530539999999994e-06,3.0955e-05
73,1608361800,2.822858,2.822876,0.003229491,-1.7020010000000003,2.55754,1.586151,2.2307189999999997,2.065938,0.013866676,1.156779,2.1458810000000003e-05,5.519973000000001e-06,5.5990277e-06,7.1249637e-06,1.0093157000000001e-05,1.372643e-05,2.0895362e-05,4.3298965e-05,1.1826029999999998,0.2282391,0.00045753570000000004,87.4123,66.26780999999998,9.376707e-05,6.136260999999999,0.02687962,29.916829999999997,0.004128296639999999,0.000377624229,0.05033539,104.09794,0.004128296639999999,0.000377624229,0.007323104999999999,84.783942,0.004128296639999999,0.000377624229,0.004511713,85.64326200000001,0.004128296639999999,0.000377624229,0.004342174000000001,9.389469e-06,2.6199290000000004e-05,-0.0011621099999999996,23.988000000000003,0.02819139,-0.0002542984,-0.001155123,4.8187999999999995e-06,3.5649529999999993e-05
73,1608362400,2.6289450000000003,2.628965,0.003729698,-1.681174,2.519028,1.528555,2.196591,1.991012,0.01992419,1.0838173999999998,2.187257e-05,5.6638117999999995e-06,6.0006283e-06,7.5102353e-06,1.0908794e-05,1.4677824e-05,2.3591579999999998e-05,4.7632168999999996e-05,1.0903109,0.22354500000000002,0.0004904717,85.39115,67.10607999999999,8.727914e-05,6.412232999999999,0.02583221,27.875140000000005,0.0051021357,0.00046685045000000004,0.04835092999999999,96.11316,0.0051021357,0.00046685045000000004,0.0074315449999999995,95.022014,0.0051021357,0.00046685045000000004,0.0046137520000000005,96.74653900000001,0.0051021357,0.00046685045000000004,0.004370481,9.56605e-06,2.651005e-05,-0.093088,25.03558,0.02834642,-0.00035646610000000003,-0.001264463,4.701143000000001e-06,3.012849e-05
73,1608363000,2.4238800000000005,2.423895,0.006168412999999999,-1.628539,2.5287389999999994,1.462634,2.2045800000000004,1.9106079999999999,0.015570878,0.9942321,1.848404e-05,2.0888622999999996e-06,2.0085120000000002e-06,2.5676279999999997e-06,4.558535e-06,5.4343059999999995e-06,8.990554e-06,1.8405891999999997e-05,0.9879757,0.22351649999999998,0.0003962248,94.87019000000001,68.5149,8.054934000000001e-05,5.954295,0.024554720000000002,25.853010000000005,0.004593175620000001,0.000420300877,0.04603967,87.05210000000001,0.004593175620000001,0.000420300877,0.006916955999999999,78.554574,0.004593175620000001,0.000420300877,0.004076961,80.27823900000001,0.004593175620000001,0.000420300877,0.004356713,9.107445e-06,2.6023890000000003e-05,-0.01660004,28.19735,0.030157110000000004,-0.0005137898,-0.0014333890000000002,4.950526999999999e-06,3.1297209999999996e-05
73,1608363600,2.205788,2.2058069999999996,0.009327495,-1.4990390000000002,2.567478,1.376761,2.2426070000000005,1.92287,0.02646236,0.9290017,2.417452e-05,7.858558599999998e-06,8.4012212e-06,1.00049709e-05,1.3325144000000001e-05,1.7487457e-05,2.6602525e-05,5.0047315000000006e-05,0.8900796000000002,0.2121972,0.0004723817000000001,86.5209,69.32097999999999,7.318098999999999e-05,6.353455,0.0229508,23.52786,0.00333920251,0.000305395103,0.04370816,78.46005999999998,0.00333920251,0.000305395103,0.006424115000000001,60.593467999999994,0.00333920251,0.000305395103,0.003546605,61.607730000000004,0.00333920251,0.000305395103,0.004357538,8.886187e-06,2.58001e-05,0.10905719,30.90371,0.03006297,-0.0006867606999999999,-0.0016137430000000002,5.015892e-06,3.375089e-05
73,1608364200,1.973068,1.973084,0.011446839999999998,-1.49215,2.410387,1.297853,2.117652,1.8181669999999996,0.014251047999999999,0.8210072,2.153496e-05,5.3872435000000005e-06,5.7052172e-06,6.868602899999999e-06,9.437814999999999e-06,1.24957e-05,1.8821687e-05,3.5634838e-05,0.7888651999999999,0.1971026,0.0004588442000000001,90.40617999999999,70.11052000000001,6.550071e-05,6.450363,0.02161134,20.96901,0.005669236,0.0005188999999999999,0.04109096,69.40676,0.005669236,0.0005188999999999999,0.0075335509999999994,97.21468,0.005669236,0.0005188999999999999,0.004631741,99.56487,0.005669236,0.0005188999999999999,0.004330929,8.79024e-06,2.5510300000000002e-05,0.026895109999999993,36.21663000000001,0.03332224,-0.0007525424000000001,-0.001685379,5.480716000000001e-06,4.222044e-05
73,1608364800,2.0320159999999996,2.032032,0.010824559000000001,-1.505111,2.4597740000000003,1.3190119999999999,2.1327260000000003,1.8263039999999997,0.017600102,0.8499207999999999,2.046591e-05,4.4173157e-06,4.643575e-06,5.7529311e-06,8.3104e-06,1.1033429e-05,1.7100216e-05,3.3227478999999996e-05,0.8096943,0.2056457,0.0005700080999999999,89.15583999999998,70.37263,6.747475e-05,6.288269,0.02201594,21.63115,0.0016170365900000001,0.00014749047400000002,0.04166967,71.32042,0.0016170365900000001,0.00014749047400000002,0.006399184,37.13814000000001,0.0016170365900000001,0.00014749047400000002,0.003476422,37.08829,0.0016170365900000001,0.00014749047400000002,0.004349599,9.201972e-06,2.5943930000000003e-05,-0.10968808999999999,34.05306,0.032845570000000004,-0.0007186343,-0.001621237,5.699224e-06,3.7210010000000005e-05
73,1608365400,2.2976820000000004,2.2976990000000006,0.022739850000000002,-1.386565,2.723071,1.3902439999999998,2.352896,2.06665,0.02007252,0.9497977000000001,2.073561e-05,4.6545769e-06,4.8672918e-06,6.0498347e-06,8.883716e-06,1.1732947e-05,1.8589646999999998e-05,3.6845300000000004e-05,0.9495711,0.19857560000000002,0.0005852832000000001,87.44286000000001,67.35855000000001,7.62752e-05,6.395732999999999,0.02292905,24.5026,0.00264730439,0.00024192389800000002,0.0451761,83.93217,0.00264730439,0.00024192389800000002,0.006464080000000001,51.71099099999999,0.00264730439,0.00024192389800000002,0.003629699,52.286671,0.00264730439,0.00024192389800000002,0.0043607970000000005,9.323886999999998e-06,2.606245e-05,-0.09918690999999999,28.26663,0.028744880000000007,-0.0005617221000000001,-0.0015836160000000001,5.185546000000001e-06,3.220345e-05
73,1608366000,1.954857,1.95487,0.005145715,-1.592295,2.2966439999999997,1.3053139999999999,1.9752599999999998,1.7655160000000003,0.015873613,0.8094173,2.1485310000000003e-05,5.2904238e-06,5.606406100000001e-06,6.7132123000000005e-06,9.35039e-06,1.2076943e-05,1.8401005e-05,3.5131065000000004e-05,0.7623036000000001,0.2144387,0.0005826741,91.47593,72.10252,6.49125e-05,6.406283,0.02201038,20.78336,0.0035361587,0.0003233854,0.040358099999999994,66.98724,0.0035361587,0.0003233854,0.006481057,59.271606,0.0035361587,0.0003233854,0.003565008,60.51180899999999,0.0035361587,0.0003233854,0.004324621,8.899916e-06,2.550224e-05,0.06898866,32.06277,0.02924284,-0.0007499152,-0.0016369240000000003,5.359948999999999e-06,3.316192e-05
73,1608366600,1.908343,1.9083590000000001,0.005955141999999999,-1.5856469999999998,2.251267,1.2867289999999998,1.9260950000000001,1.7735039999999997,0.011333583999999999,0.7857474,2.0236059999999998e-05,3.949608699999999e-06,4.333870999999999e-06,5.474773e-06,7.843735e-06,1.0444868e-05,1.5965443e-05,3.283738e-05,0.7159116,0.2375708,0.0005989818000000001,92.66990999999999,74.99646,6.333668000000001e-05,6.5914410000000005,0.02191085,20.46729,0.0044465314,0.0004068444000000001,0.03922559,63.23492000000001,0.0044465314,0.0004068444000000001,0.006770872999999999,75.00939000000001,0.0044465314,0.0004068444000000001,0.003829851000000001,76.694915,0.0044465314,0.0004068444000000001,0.004321232,8.826027e-06,2.545268e-05,0.139515,32.21578,0.029451719999999997,-0.0007436746,-0.001641767,5.241609e-06,3.185875e-05
73,1608367200,2.0169280000000005,2.016948,0.007146891,-1.5902610000000001,2.27782,1.32295,1.9765720000000002,1.8222169999999998,0.022457178,0.8507410999999999,2.0049410000000006e-05,4.029069399999998e-06,4.270518400000001e-06,5.4372324e-06,7.953567000000001e-06,1.0778873e-05,1.7409200000000003e-05,3.4313745999999996e-05,0.7646708,0.2431092,0.0005862458,90.24005000000001,74.18848999999999,6.693845e-05,6.452076,0.02261391,21.72628,0.003896631600000001,0.00035642421000000007,0.040581919999999994,67.72205,0.003896631600000001,0.00035642421000000007,0.007022560999999999,75.09103,0.003896631600000001,0.00035642421000000007,0.004091918999999999,76.0536,0.003896631600000001,0.00035642421000000007,0.004325044,8.813884e-06,2.5492799999999998e-05,-0.14932175,30.99054,0.029185619999999995,-0.0006898433,-0.001596823,5.053202e-06,3.2892769999999996e-05
73,1608367800,2.2414319999999996,2.241448,0.008651829000000002,-1.619367,2.4301880000000002,1.402355,2.088177,1.875019,0.015434597,0.9263994,1.8588759999999998e-05,2.6887254e-06,2.8181058e-06,3.90773e-06,6.222269e-06,8.788845000000001e-06,1.4919541999999997e-05,3.189289000000001e-05,0.8777815999999999,0.24225610000000003,0.0006011931999999999,93.32981,71.70921,7.437117e-05,6.481033999999999,0.023735720000000002,23.965650000000004,0.0023790210199999997,0.00021737771299999999,0.04344573,77.54183,0.0023790210199999997,0.00021737771299999999,0.006694683999999999,56.449889999999996,0.0023790210199999997,0.00021737771299999999,0.00381817,56.52619,0.0023790210199999997,0.00021737771299999999,0.004305397999999999,8.940451999999999e-06,2.5405949999999997e-05,-0.035999497000000005,29.50883,0.02913499,-0.0005777031,-0.001493179,4.884007e-06,3.0964459999999995e-05
73,1608368400,2.239223,2.239237,0.012408394,-1.5714460000000001,2.48025,1.3942150000000002,2.175892,1.867594,0.019530768999999996,0.9342393,2.04482e-05,4.4030499e-06,4.5535603e-06,5.6246172e-06,8.134036e-06,1.0727599000000001e-05,1.7251665999999996e-05,3.4185600999999996e-05,0.8756001999999998,0.24330210000000002,0.0006074621000000002,91.50163,71.87445,7.431170000000001e-05,6.3433779999999995,0.02345829,23.969,0.0050093276,0.00045839920000000003,0.04335326,77.32593999999999,0.0050093276,0.00045839920000000003,0.0073491649999999995,88.63897,0.0050093276,0.00045839920000000003,0.004504048,90.58653000000001,0.0050093276,0.00045839920000000003,0.004328749,9.049933000000001e-06,2.5626039999999998e-05,0.08700755999999998,27.936860000000003,0.028937780000000003,-0.0005746243,-0.001507479,5.003402000000001e-06,3.1693500000000004e-05
73,1608369000,2.31402,2.314037,0.013279270000000001,-1.570332,2.546628,1.4179210000000002,2.227117,1.8899450000000002,0.013411499999999998,0.9521934999999999,2.1027320000000002e-05,4.7288675e-06,4.9952838e-06,6.152894300000001e-06,8.950947999999999e-06,1.1798111000000002e-05,1.8757813e-05,3.7463010000000004e-05,0.9154846999999998,0.24081950000000002,0.0006010339,90.63224,70.89892,7.679895999999999e-05,6.416555,0.023817539999999998,24.634439999999998,0.00442088847,0.0004045073089999999,0.04429896999999999,80.52914,0.00442088847,0.0004045073089999999,0.006860931000000001,75.874382,0.00442088847,0.0004045073089999999,0.004024022,77.444891,0.00442088847,0.0004045073089999999,0.00433524,8.900688e-06,2.5642679999999996e-05,-0.00038721999999999645,28.517020000000002,0.0284682,-0.0005564349000000001,-0.001508861,4.867717999999999e-06,3.078962e-05
73,1608369600,2.1314879999999996,2.1315060000000003,0.013600825,-1.521462,2.4807010000000003,1.3510950000000002,2.164341,1.8433320000000002,0.016318405,0.8798898999999999,2.307654e-05,6.9434455000000015e-06,7.3059019999999994e-06,8.6599092e-06,1.1510868e-05,1.4550839e-05,2.1785575999999998e-05,4.0236365e-05,0.8193602999999999,0.24573829999999997,0.0005252227,91.80196000000001,73.18005,7.074741000000001e-05,6.2860320000000005,0.02270146,22.67644,0.0019868083,0.00018134083,0.0418847,72.01428999999999,0.0019868083,0.00018134083,0.006316453,39.27428,0.0019868083,0.00018134083,0.003405893,39.532539,0.0019868083,0.00018134083,0.0043445359999999995,8.818607e-06,2.5627499999999998e-05,0.06791387,30.180719999999997,0.030017709999999996,-0.0006748120999999999,-0.0016320899999999999,5.021894e-06,3.1894289999999996e-05
73,1608370200,1.954167,1.954185,0.010303083000000001,-1.465167,2.4241489999999994,1.2879569999999998,2.112813,1.7984040000000001,0.012700402,0.8063108999999999,1.9249080000000004e-05,3.1840892999999994e-06,3.3598880999999994e-06,4.283681000000001e-06,6.391602e-06,8.362108e-06,1.3275669999999999e-05,2.6362470999999998e-05,0.738867,0.2377024,0.00044061990000000004,93.24981999999999,74.47053000000001,6.487322999999999e-05,6.145301,0.02144732,20.81229,0.004458733350000001,0.00040796209199999995,0.0397492,65.05224999999999,0.004458733350000001,0.00040796209199999995,0.006954363,78.24365599999999,0.004458733350000001,0.00040796209199999995,0.004040274999999999,79.983861,0.004458733350000001,0.00040796209199999995,0.00432347,8.782745e-06,2.536108e-05,0.07741304060000001,36.176770000000005,0.03180311,-0.0008638983,-0.0017761450000000002,5.614377e-06,3.8407e-05
73,1608370800,2.0719629999999998,2.0719749999999997,0.014695177,-1.449552,2.5066889999999997,1.324179,2.199104,1.8638460000000001,0.01701797,0.857583,1.8550710000000003e-05,2.1327903e-06,2.257494e-06,3.0768003e-06,5.075909e-06,7.212086e-06,1.1821569e-05,2.4755482e-05,0.7904359,0.24492039999999998,0.0005618228000000001,95.20490000000001,73.79035,6.877814000000001e-05,6.244632,0.022040239999999996,22.04148,0.00350504789,0.000320553128,0.04111013,69.54557,0.00350504789,0.000320553128,0.006648525000000001,65.55245399999998,0.00350504789,0.000320553128,0.0037331489999999994,66.547043,0.00350504789,0.000320553128,0.004370555000000001,9.414558000000001e-06,2.627813e-05,-0.09490949999999997,34.240140000000004,0.030904209999999998,-0.0006718094999999999,-0.0016214764000000003,5.3225330000000006e-06,3.694077000000001e-05
73,1608371400,2.5574049999999997,2.55742,0.012035883,-1.573811,2.632882,1.49179,2.320121,2.001174,0.026989930000000002,1.0674823,2.129889e-05,5.3705626e-06,5.695553e-06,7.0238040000000005e-06,1.016305e-05,1.3410662000000001e-05,2.0997993e-05,4.197558e-05,1.0318478,0.24613920000000006,0.0006022706999999999,89.71679,69.44073,8.491260999999999e-05,6.405521,0.024847310000000004,26.93845,0.0053024236,0.00048522468,0.04691689,90.53414000000001,0.0053024236,0.00048522468,0.007403796999999999,92.96745,0.0053024236,0.00048522468,0.004629513,94.93335,0.0053024236,0.00048522468,0.0043603819999999995,9.905348e-06,2.659093e-05,-0.014549516000000002,27.20977,0.03019855,-0.00039011446,-0.001337703,4.847869e-06,3.082661e-05
73,1608372000,2.764805,2.7648219999999997,0.010292713,-1.635342,2.7048449999999997,1.563856,2.3685350000000005,2.0472650000000003,0.019261459999999998,1.141716,1.9385669999999998e-05,3.1830244999999994e-06,3.2773197e-06,4.4304865e-06,7.389361000000001e-06,9.713415e-06,1.6965564e-05,3.6149272999999996e-05,1.137437,0.2442471,0.000621301,90.71346000000001,67.74188999999998,9.181374e-05,6.405227000000001,0.02626864,29.429620000000007,0.0017422666,0.00015886252,0.0494673,100.47572,0.0017422666,0.00015886252,0.006355603000000001,36.326361,0.0017422666,0.00015886252,0.003565488,36.467124,0.0017422666,0.00015886252,0.004390162,1.0651951e-05,2.744567e-05,0.03288228,27.984840000000002,0.031247920000000002,-0.0003003827,-0.0012234820000000001,6.0998390000000005e-06,3.926269e-05
73,1608372600,2.861008,2.861026,0.014613881,-1.581655,2.8358730000000003,1.5781009999999998,2.466189,2.1415400000000004,0.028364589999999995,1.2246200000000003,2.152654e-05,5.4140818e-06,5.5959830999999996e-06,6.8769652999999995e-06,1.0082103999999999e-05,1.2859910999999999e-05,1.9504623000000003e-05,3.8023663e-05,1.174884,0.25486240000000004,0.0006464748999999999,91.2643,67.89922,9.503041e-05,6.205731999999999,0.026409750000000003,30.337380000000003,0.0037287170999999995,0.00034093908,0.050199589999999995,103.49284,0.0037287170999999995,0.00034093908,0.006883038999999999,68.364352,0.0037287170999999995,0.00034093908,0.004096789,69.468869,0.0037287170999999995,0.00034093908,0.00440557,1.094364e-05,2.780823e-05,-0.14695649,29.528579999999998,0.03306971,-0.00023188415999999998,-0.001215402,5.869459000000001e-06,3.630505e-05
73,1608373200,2.8662140000000003,2.866233,0.009150535,-1.65495,2.688232,1.5929259999999998,2.36111,2.081575,0.021447570000000003,1.1897090000000001,2.06162e-05,4.171580599999999e-06,4.2800224e-06,5.5182171000000006e-06,8.407232e-06,1.1238976000000001e-05,1.8232935e-05,3.834950099999999e-05,1.173311,0.25899009999999995,0.0007029444000000001,89.39042,68.15806,9.518091999999999e-05,6.319559,0.02687245,30.501290000000004,0.0068547943,0.000627510057,0.05022213,103.59367999999999,0.0068547943,0.000627510057,0.007716865000000001,120.51282699999999,0.0068547943,0.000627510057,0.004926126,123.43990899999999,0.0068547943,0.000627510057,0.0044083429999999995,1.0465732000000001e-05,2.750244e-05,0.005014219999999991,27.828880000000005,0.03151467,-0.00030001100000000004,-0.0012250770000000002,5.61023e-06,3.6206449999999996e-05
73,1608373800,2.992372,2.992387,0.008336887,-1.628755,2.739459,1.621301,2.448713,2.133626,0.020074920000000003,1.2338980000000004,2.3028919999999997e-05,7.0512626e-06,7.391136699999999e-06,9.036976999999999e-06,1.264322e-05,1.6790058999999998e-05,2.5792494e-05,5.1519831e-05,1.2141220000000001,0.2813158,0.0006010681,87.63391,68.9035,9.936679e-05,6.268548,0.02725683,31.620410000000003,0.0044447830999999995,0.000406593448,0.05096697,106.6232,0.0044447830999999995,0.000406593448,0.006988360000000001,87.209862,0.0044447830999999995,0.000406593448,0.004226601,88.522884,0.0044447830999999995,0.000406593448,0.004421366,1.087555e-05,2.787585e-05,-0.08244546999999999,25.79217,0.03038782,-0.00015816193,-0.0011451319999999999,5.878165e-06,3.564548e-05
73,1608374400,2.7271849999999995,2.727201,0.013602902,-1.54336,2.7601590000000003,1.5332000000000001,2.4296990000000003,2.0693129999999997,0.018738730000000002,1.126204,2.032457e-05,4.3054635e-06,4.4817700999999996e-06,5.815694499999999e-06,8.939336999999999e-06,1.2033238000000001e-05,1.9567904999999996e-05,4.0505595e-05,1.0641146999999997,0.29880300000000004,0.0005664021,90.25518000000001,72.04751999999999,9.054731e-05,6.267147,0.025674000000000002,28.97684,0.003962333310000001,0.00036240669099999996,0.04776032,93.75326,0.003962333310000001,0.00036240669099999996,0.006720395999999999,76.13326099999999,0.003962333310000001,0.00036240669099999996,0.003921394,77.22106799999999,0.003962333310000001,0.00036240669099999996,0.004404897,1.0591777000000001e-05,2.745643e-05,-0.051944309999999994,27.490679999999998,0.029811879999999995,-0.0002809453,-0.001312224,5.750263e-06,3.631977e-05
73,1608375000,2.736179,2.736193,0.013204996,-1.532992,2.7953350000000006,1.5332500000000002,2.453925,2.087276,0.023251369999999997,1.142797,1.811064e-05,1.6884779e-06,1.6322292999999998e-06,2.4405887e-06,4.5192170000000005e-06,6.060445e-06,1.0179426e-05,2.2153816999999998e-05,1.0792544,0.28824930000000004,0.0005314142,98.02216999999999,71.19058,9.091861e-05,6.089225000000001,0.025618469999999997,28.91538,0.0092658099,0.0008485229899999998,0.04807996,94.95925,0.0092658099,0.0008485229899999998,0.008431474999999999,157.16665999999998,0.0092658099,0.0008485229899999998,0.0056712329999999995,161.23409999999998,0.0092658099,0.0008485229899999998,0.004389057,1.0416037e-05,2.718001e-05,0.019050719999999993,26.054269999999995,0.029557480000000004,-0.00024184149999999997,-0.0012838189999999998,5.878742e-06,3.5999809999999994e-05
73,1608375600,3.018853,3.018868,0.0035837229999999996,-1.663585,2.700119,1.6322990000000002,2.3578100000000006,2.171467,0.026952020000000004,1.2656219999999998,1.940097e-05,3.414105300000001e-06,3.4621865e-06,4.527131799999999e-06,7.289573999999999e-06,9.497738999999999e-06,1.5538462e-05,3.319874e-05,1.235147,0.2736309,0.0005620718,92.74264,68.21248000000001,0.00010030804999999999,6.227691999999999,0.027719630000000002,31.998789999999996,0.0060242603,0.00055134941,0.051448879999999995,108.696,0.0060242603,0.00055134941,0.007768874999999999,107.89718,0.0060242603,0.00055134941,0.005026321,110.17555,0.0060242603,0.00055134941,0.004380563999999999,1.053586e-05,2.7312709999999994e-05,0.165004089,25.972209999999997,0.03143551,-0.0001328208,-0.001076957,5.094262000000001e-06,3.130184e-05
73,1608376200,3.17607,3.176088,-0.0008156755000000001,-1.6977820000000001,2.62373,1.682426,2.3355330000000003,2.237842,0.0298276,1.3139880000000002,2.220184e-05,6.130757899999999e-06,6.2284220000000006e-06,7.605183599999999e-06,1.0918894999999998e-05,1.4062849000000001e-05,2.1885718999999998e-05,4.4398107e-05,1.309432,0.27782629999999997,0.0006527216999999999,92.25858000000001,67.58385000000001,0.0001054417,6.367065,0.028707720000000003,33.60537,0.00328351727,0.00030012071899999997,0.052979960000000006,115.26950000000002,0.00328351727,0.00030012071899999997,0.006779357999999999,63.896691999999994,0.00328351727,0.00030012071899999997,0.004016816,64.725626,0.00328351727,0.00030012071899999997,0.004377284,1.0325375000000001e-05,2.716398e-05,-0.088631616,23.38446,0.02962704,-6.6165445e-05,-0.0010043922000000003,5.270992000000001e-06,3.366948e-05
73,1608376800,3.5622209999999996,3.562238,0.0011490550169999999,-1.7252799999999997,2.79211,1.7890039999999998,2.474288,2.3291979999999994,0.02536878,1.4727489999999999,2.781175e-05,1.24055299e-05,1.2934963899999997e-05,1.5101452800000003e-05,2.0265410999999998e-05,2.5873368e-05,3.8400122e-05,7.3259848e-05,1.5052210000000001,0.27505650000000004,0.0006218793,85.83135000000001,65.49839,0.0001182895,6.363875,0.03041918,37.82602000000001,0.00713354672,0.000653041201,0.056938239999999994,133.0411,0.00713354672,0.000653041201,0.007591713,124.121084,0.00713354672,0.000653041201,0.004880903,126.98479699999999,0.00713354672,0.000653041201,0.004389023999999999,1.1366690000000002e-05,2.8029620000000005e-05,-0.12142467000000001,22.10436,0.030185129999999994,0.00021666610000000002,-0.0007679034,5.475438000000001e-06,3.448546e-05
73,1608377400,3.3286659999999997,3.328685,-0.0009241020799999999,-1.708361,2.643269,1.7260069999999998,2.3871719999999996,2.295146,0.01874308,1.366113,2.2365850000000002e-05,6.6256671e-06,6.9454941e-06,8.689963600000002e-06,1.2564831e-05,1.695973e-05,2.7149622999999998e-05,5.4748842e-05,1.377992,0.2855782,0.0006132573000000001,87.52521999999999,67.23745,0.00011048460000000001,6.251903,0.029447840000000003,35.364599999999996,0.00774077966,0.0007087436819999999,0.05438149999999999,121.332,0.00774077966,0.0007087436819999999,0.007895488999999999,140.25202699999997,0.00774077966,0.0007087436819999999,0.005178064,143.346127,0.00774077966,0.0007087436819999999,0.004386063000000001,1.116038e-05,2.786538e-05,-0.020957620000000003,24.31463,0.031103150000000003,4.486080000000001e-05,-0.0009073536,5.868884e-06,3.827933e-05
73,1608378000,3.3444010000000004,3.344415,0.00025900044,-1.714102,2.691532,1.733749,2.384472,2.2904570000000004,0.019742169999999996,1.3764399999999999,2.49673e-05,8.7270966e-06,9.1270157e-06,1.0970252900000002e-05,1.5239219e-05,1.9559529e-05,3.0090055000000002e-05,5.7556042e-05,1.380095,0.2914053,0.0005223361999999999,92.3269,67.49914000000001,0.0001110246,6.361851,0.029428959999999997,35.48245,0.00685399872,0.000627437015,0.05445065,121.6353,0.00685399872,0.000627437015,0.007577349999999999,116.37233199999999,0.00685399872,0.000627437015,0.004833611999999999,119.2629091,0.00685399872,0.000627437015,0.004403345,1.1083740000000001e-05,2.7962269999999996e-05,0.07732029900000001,24.2892,0.031824979999999996,3.8784412e-05,-0.0009275071000000001,5.449815e-06,3.4973e-05
73,1608378600,3.419459,3.4194779999999994,7.750560000000001e-05,-1.6902180000000002,2.800059,1.742069,2.4693370000000003,2.3034320000000004,0.017358629999999996,1.397395,2.161098e-05,5.819105e-06,6.135353e-06,8.125321999999998e-06,1.2169188999999999e-05,1.6844998e-05,2.808841e-05,5.981044e-05,1.417369,0.2916902,0.0005213616999999999,86.96836,67.12656,0.00011347379999999999,6.5423659999999995,0.02962515,36.29580000000001,0.00404712506,0.000370242008,0.05514641,124.7567,0.00404712506,0.000370242008,0.0071012900000000006,84.550693,0.00404712506,0.000370242008,0.004330958,85.38589999999999,0.00404712506,0.000370242008,0.0044331760000000005,1.1727569999999999e-05,2.8682299999999995e-05,-0.043177040000000014,24.98655,0.03444037,0.00015589599999999999,-0.000877069,6.4006120000000005e-06,4.3115189999999996e-05
73,1608379200,3.2729699999999995,3.27299,0.0018176459999999998,-1.6857220000000002,2.7334950000000005,1.7074909999999999,2.415672,2.2535559999999997,0.020074877,1.3450529999999998,2.204416e-05,5.796471700000001e-06,5.9062221999999995e-06,7.3438646000000004e-06,1.0287784e-05,1.3206032999999999e-05,2.040192e-05,4.103067e-05,1.3393680000000001,0.29652390000000006,0.0004809499000000001,92.47560000000001,68.20943,0.00010871819999999999,6.2596039999999995,0.02887096,34.68352,0.0044736229,0.00040919237000000005,0.05356078000000001,117.80639999999998,0.0044736229,0.00040919237000000005,0.007803360999999999,99.59499,0.0044736229,0.00040919237000000005,0.005037387,100.57854999999999,0.0044736229,0.00040919237000000005,0.004415028999999999,1.1137169999999999e-05,2.809021e-05,-0.09898879,25.336549999999995,0.032617770000000004,4.0221e-05,-0.0009733235,5.972898e-06,4.0505840000000004e-05
73,1608379800,3.660248,3.6602650000000003,0.002654702,-1.723,2.852037,1.815736,2.514076,2.356309,0.019785160000000003,1.5029119999999998,1.981654e-05,3.7051380999999996e-06,3.6113864e-06,4.8545738e-06,7.914285e-06,1.0105975999999999e-05,1.6800443e-05,3.7160798e-05,1.5362959999999999,0.2932096,0.0005221695,91.39547,66.08716,0.00012161500000000001,6.1100460000000005,0.030676010000000004,38.692040000000006,0.003078413,0.00028125866,0.05741242,135.15709999999999,0.003078413,0.00028125866,0.007188833,73.09135,0.003078413,0.00028125866,0.004418781,73.18313400000001,0.003078413,0.00028125866,0.004427413999999999,1.1273770000000002e-05,2.8295559999999998e-05,-0.06847104300000001,21.387829999999997,0.032393290000000005,0.00022509612999999998,-0.00079154,5.221326e-06,3.464682e-05
73,1608380400,3.7287170000000005,3.728734,0.00280712,-1.738023,2.8328370000000005,1.8338969999999999,2.4993019999999997,2.3616729999999997,0.027015829999999998,1.533505,1.9480180000000002e-05,3.2301721e-06,3.3164086999999995e-06,4.7811722e-06,8.533852e-06,1.1748482e-05,2.0882980000000002e-05,4.7802835e-05,1.5915009999999998,0.27215389999999995,0.0005934387,88.26971999999999,64.66205,0.0001238311,6.306726,0.03101454,39.3969,0.0068027761199999995,0.000622685414,0.05842601000000001,140.1603,0.0068027761199999995,0.000622685414,0.007832901,126.39998,0.0068027761199999995,0.000622685414,0.005105449,128.723725,0.0068027761199999995,0.000622685414,0.0044392189999999995,1.142328e-05,2.8496430000000003e-05,0.05619799999999999,20.87295,0.03088232,0.0002642266,-0.000738585,5.629262e-06,3.602510000000001e-05
73,1608381000,3.5686359999999993,3.5686519999999993,0.003032654,-1.7208359999999998,2.781048,1.7890839999999997,2.4732390000000004,2.343448,0.022204,1.460927,2.1998379999999998e-05,5.8342132e-06,5.9621428e-06,7.1179147e-06,1.0804599e-05,1.3583546e-05,2.2879539e-05,4.718023e-05,1.503993,0.2797066,0.0004959046000000001,87.72256,65.77099,0.00011859819999999999,6.210959999999999,0.030353869999999998,37.789970000000004,0.004766003500000001,0.00043594781,0.056800119999999996,132.4328,0.004766003500000001,0.00043594781,0.007458233999999999,93.973309,0.004766003500000001,0.00043594781,0.004716997999999999,95.47090500000002,0.004766003500000001,0.00043594781,0.004431445000000001,1.119112e-05,2.8272349999999997e-05,-0.029836170000000006,22.38077,0.030308430000000004,0.00010371394,-0.0008625881,5.343295e-06,3.377009e-05
73,1608381600,3.4446269999999997,3.444645,0.002591413,-1.7041829999999998,2.7334959999999997,1.7522939999999998,2.42636,2.3498590000000004,0.013242273000000002,1.4005619999999999,2.0127369999999998e-05,4.063143400000001e-06,4.2642363000000006e-06,5.8919016e-06,9.640568e-06,1.33883e-05,2.329762e-05,5.1078506999999995e-05,1.426942,0.2946703,0.0005854994,87.83521999999999,67.18533,0.0001143913,6.396243,0.02975362,36.24622,0.0020930363,0.00019096714,0.05524288000000001,125.2259,0.0020930363,0.00019096714,0.0072646590000000014,67.305765,0.0020930363,0.00019096714,0.004490128,66.682658,0.0020930363,0.00019096714,0.00441429,1.093424e-05,2.7981870000000002e-05,-0.11349464999999999,24.32236,0.03293059,7.9957596e-05,-0.0009030937999999998,5.922781999999999e-06,4.0417980000000004e-05
73,1608382200,3.195716,3.1957340000000003,0.00218739,-1.6864180000000002,2.6477700000000004,1.6846709999999998,2.36201,2.272456,0.016375288,1.3064589999999998,2.3244720000000003e-05,7.021457e-06,7.4440720000000005e-06,9.626441999999998e-06,1.3944338999999998e-05,1.9104816e-05,3.2219131e-05,6.574331e-05,1.304031,0.29309280000000004,0.0005708665000000001,85.90832,68.43599,0.0001060205,6.634827999999999,0.0285554,33.55084,0.00820549769,0.0007512884859999999,0.05275331,114.2511,0.00820549769,0.0007512884859999999,0.00769209,134.710138,0.00820549769,0.0007512884859999999,0.004894651000000001,138.37356,0.00820549769,0.0007512884859999999,0.004437208,1.0574169999999999e-05,2.7924790000000003e-05,0.042701699999999995,27.04327,0.033519780000000006,-0.00013688583,-0.001085669,5.59437e-06,3.518321e-05
73,1608382800,3.1550819999999997,3.1551,0.0011060326,-1.666206,2.7075820000000004,1.669742,2.4092979999999997,2.204317,0.012389770000000001,1.2838189999999998,2.4038539999999996e-05,7.550475200000001e-06,7.818904199999998e-06,9.2041935e-06,1.2901089999999997e-05,1.6266516999999997e-05,2.3985458e-05,4.5212282000000005e-05,1.291234,0.28580320000000003,0.0003711938,87.21435,68.18229,0.0001048152,5.982692999999999,0.02822211,33.30524,0.004454015,0.00040738092000000006,0.05258302,113.5107,0.004454015,0.00040738092000000006,0.007349990000000001,82.89591,0.004454015,0.00040738092000000006,0.004571065000000001,84.41510000000001,0.004454015,0.00040738092000000006,0.004431844,1.0495930000000001e-05,2.776111e-05,0.010964079999999998,24.5435,0.03139974,-0.00014669041,-0.001112191,5.397364e-06,3.49928e-05
73,1608383400,3.191186,3.191202,-0.00035702394899999994,-1.658785,2.782023,1.681642,2.4561009999999994,2.1810300000000002,0.015693239,1.309914,2.4229570000000004e-05,7.7279626e-06,8.1601842e-06,9.703672099999998e-06,1.3674736e-05,1.747929e-05,2.7265203e-05,5.463623699999999e-05,1.312453,0.28251420000000005,0.0004686028,86.66206,67.77464,0.00010598770000000001,6.208073,0.02828577,33.8074,0.005357191799999999,0.0004901705300000001,0.05307197,115.65950000000001,0.005357191799999999,0.0004901705300000001,0.007693271,101.056309,0.005357191799999999,0.0004901705300000001,0.004898992,102.851476,0.005357191799999999,0.0004901705300000001,0.004423558999999999,1.0447720999999999e-05,2.766423e-05,-0.198774682,25.73723,0.028980069999999997,-0.00012298986,-0.0011084789999999999,5.46852e-06,3.810957e-05
73,1608384000,3.131832,3.131849,0.00345771,-1.681813,2.723857,1.6693989999999999,2.404235,2.167679,0.018629060000000003,1.285936,2.1211180000000003e-05,4.9909849e-06,5.2400688e-06,6.774712999999999e-06,1.0317963999999998e-05,1.4099730999999998e-05,2.3469055000000002e-05,4.919078e-05,1.2962719999999999,0.269025,0.000498116,89.85431,67.25900999999999,0.00010392819999999999,6.480135,0.02804796,32.89307,0.0047257137,0.000432440083,0.052633830000000006,113.64059999999999,0.0047257137,0.000432440083,0.007529171999999999,103.69724700000002,0.0047257137,0.000432440083,0.004748569,104.7569637,0.0047257137,0.000432440083,0.004407330999999999,1.0205822e-05,2.733023e-05,0.047520059,22.905009999999997,0.029657879999999998,-0.00012173913,-0.001081352,5.038249e-06,3.1674810000000004e-05
73,1608384600,2.9474549999999997,2.9474720000000003,0.005422057,-1.647721,2.7043939999999997,1.6104129999999999,2.3769719999999994,2.0975500000000005,0.018804044,1.208844,2.2112389999999998e-05,5.4825283e-06,5.6868647e-06,7.010351e-06,1.0099223e-05,1.3415182e-05,2.1135160999999997e-05,4.3934488999999994e-05,1.2057639999999998,0.2674199,0.0004275531000000001,88.26106999999999,68.23951000000001,9.790830999999999e-05,6.29121,0.02705556,31.04298,0.0030779211599999997,0.000281345922,0.05072977000000001,105.71702,0.0030779211599999997,0.000281345922,0.0066038089999999995,60.431923,0.0030779211599999997,0.000281345922,0.003777984999999999,61.15533799999999,0.0030779211599999997,0.000281345922,0.00440693,9.689108999999998e-06,2.699225e-05,-0.10750287,25.03156,0.03020788,-0.00026782419999999996,-0.001217187,5.073107e-06,3.2788359999999997e-05
73,1608385200,2.731556,2.7315729999999996,0.0047891470000000005,-1.658165,2.5672919999999997,1.555225,2.247632,2.057013,0.011721393,1.111983,2.2052490000000002e-05,5.696964e-06,5.928290599999999e-06,7.257382700000001e-06,1.0343525e-05,1.3446576e-05,2.1133844e-05,4.2507007e-05,1.09321,0.27201339999999996,0.00044143199999999996,91.00327000000001,70.00081,9.068708e-05,6.2409289999999995,0.02612756,28.763659999999998,0.0032277970399999995,0.000295120156,0.04830117,95.77475999999999,0.0032277970399999995,0.000295120156,0.006820605,69.50688799999999,0.0032277970399999995,0.000295120156,0.0039844400000000006,69.921645,0.0032277970399999995,0.000295120156,0.0043813129999999995,9.31552e-06,2.644955e-05,-0.021266029999999984,26.316740000000003,0.03043289,-0.00037930710000000004,-0.0013141849999999998,4.503803999999999e-06,2.931081e-05
73,1608385800,2.825573,2.8255930000000005,0.004476373,-1.6412889999999998,2.6316060000000006,1.578628,2.334672,2.0825880000000003,0.011955618000000001,1.148766,2.0274419999999998e-05,3.6994115e-06,3.8535242e-06,5.0343707999999996e-06,7.802614e-06,1.0615808e-05,1.7598018000000003e-05,3.7410515e-05,1.1320199999999998,0.2802338,0.00044102400000000004,89.62689,69.92600999999999,9.383447e-05,6.179697,0.026463190000000004,29.66653,0.0027321846,0.00024958886,0.04911446,98.90729,0.0027321846,0.00024958886,0.006911989,61.57648999999999,0.0027321846,0.00024958886,0.004071208,61.773640000000015,0.0027321846,0.00024958886,0.004406175,9.796503e-06,2.698882e-05,-0.002832052999999993,25.13768,0.029227589999999998,-0.0003326475,-0.001277696,4.794594e-06,3.249441e-05
73,1608386400,2.851122,2.851139,0.004616953,-1.6430509999999998,2.6711320000000005,1.585717,2.358822,2.065938,0.012075645999999999,1.1615389999999999,2.403093e-05,7.68289e-06,8.118756299999999e-06,9.652727e-06,1.3122939e-05,1.6932451999999996e-05,2.6034388000000003e-05,5.007693999999999e-05,1.1569720000000001,0.26799639999999997,0.000454551,90.74432,68.89167,9.463674e-05,6.519664000000001,0.026513569999999997,29.854130000000005,0.00508183819,0.00046501061099999997,0.04957064,100.76602,0.00508183819,0.00046501061099999997,0.007356320999999999,95.079806,0.00508183819,0.00046501061099999997,0.004562498999999999,96.773389,0.00508183819,0.00046501061099999997,0.004369217999999999,9.25268e-06,2.633666e-05,-0.06897939820000001,25.14818,0.029994970000000003,-0.00032576699999999997,-0.00124896,4.6534679999999995e-06,3.128272e-05
73,1608387000,2.693482,2.6935000000000002,0.005295871999999999,-1.6335730000000002,2.621069,1.540351,2.302796,2.0070250000000005,0.011892904000000001,1.1013469999999999,2.4156920000000004e-05,7.748037399999999e-06,8.2236448e-06,9.945511000000002e-06,1.3710018000000002e-05,1.8009877e-05,2.7687779999999998e-05,5.409487e-05,1.085732,0.2604211,0.00043197280000000003,85.4674,69.43682999999999,8.943299000000001e-05,6.567402999999999,0.025689860000000002,28.172019999999996,0.0049237123500000006,0.000450581381,0.04802857000000001,94.59944,0.0049237123500000006,0.000450581381,0.007005968999999999,93.07646300000002,0.0049237123500000006,0.000450581381,0.0041678190000000006,94.49385099999999,0.0049237123500000006,0.000450581381,0.0043694860000000006,9.032151e-06,2.61461e-05,-0.08684062000000001,25.77781,0.029518340000000004,-0.0004112734,-0.0013304599999999999,4.936846e-06,3.5567460000000005e-05
73,1608387600,2.722476,2.7224910000000007,0.004695323999999999,-1.630866,2.612105,1.54825,2.315697,2.023938,0.012459135999999999,1.111197,2.181019e-05,5.763630700000001e-06,6.021942699999999e-06,7.2992772e-06,1.0700927e-05,1.375337e-05,2.1650039e-05,4.3642979999999994e-05,1.095606,0.2651002,0.0004183859,89.37011,69.58236000000001,9.043821999999999e-05,6.4991129999999995,0.02579381,28.399070000000002,0.00234136644,0.00021382365599999998,0.04816909,95.07109999999999,0.00234136644,0.00021382365599999998,0.006532161,48.832853,0.00234136644,0.00021382365599999998,0.0037220069999999994,49.033821,0.00234136644,0.00021382365599999998,0.004361316000000001,9.332434e-06,2.6246759999999998e-05,-0.021908034,25.17454,0.028767479999999995,-0.0003742839,-0.001304924,5.0881809999999995e-06,3.2910910000000004e-05
73,1608388200,2.5875130000000004,2.5875310000000002,0.006313732,-1.610185,2.61439,1.5048939999999997,2.269381,2.001586,0.016730606000000002,1.0654111,2.2092500000000002e-05,5.4464996000000005e-06,5.8301458000000004e-06,7.414988000000001e-06,1.0902587e-05,1.4681040000000002e-05,2.4184751999999998e-05,5.066692e-05,1.0277992999999999,0.26533070000000003,0.0005027144,88.3813,70.65869,8.585544999999999e-05,6.625162999999999,0.025101079999999998,27.03116,0.0062460213,0.00057169897,0.04666702,89.38937999999999,0.0062460213,0.00057169897,0.007622877,111.410122,0.0062460213,0.00057169897,0.004768636,113.796143,0.0062460213,0.00057169897,0.004387571999999999,8.938459e-06,2.618979e-05,-0.09626963,26.76923,0.027769850000000002,-0.0005064447,-0.001457342,4.750259e-06,3.104203000000001e-05
73,1608388800,2.411653,2.411669,0.012236268,-1.486731,2.663334,1.4354440000000002,2.349972,2.010848,0.015592458999999998,0.9923183,2.0440569999999997e-05,3.9823078e-06,4.2063589000000005e-06,5.4382332e-06,8.014245000000002e-06,1.0796338e-05,1.7481151e-05,3.5601744e-05,0.9572782999999999,0.2480095,0.00044773520000000006,92.31392,70.71431,8.006838e-05,6.410576000000001,0.023761860000000003,25.4409,0.00361255537,0.000330362917,0.045136800000000005,83.68585999999999,0.00361255537,0.000330362917,0.007186155999999999,76.57176999999999,0.00361255537,0.000330362917,0.004317477,77.19413999999999,0.00361255537,0.000330362917,0.004379487999999999,8.829181e-06,2.5933719999999997e-05,-0.11447517,20.423510000000004,0.02555689,-0.00033815124,-0.0013478939,4.181788999999999e-06,2.9902280000000002e-05
73,1608389400,2.259215,2.2592299999999996,0.006104717399999999,-1.584263,2.4717,1.403539,2.171054,1.8601699999999997,0.018163462,0.9358038000000001,2.049717e-05,4.0422284000000006e-06,4.1857023e-06,5.2909339e-06,7.758437000000001e-06,1.0034105000000001e-05,1.6700022e-05,3.4270504e-05,0.9005173000000001,0.2285901,0.00041256999999999996,89.93564,70.32744,7.503628000000001e-05,6.440335,0.02339736,23.777900000000002,0.0024661169,0.000225256707,0.0438061,78.78553,0.0024661169,0.000225256707,0.006487743,49.773877,0.0024661169,0.000225256707,0.003577874000000001,50.065626,0.0024661169,0.000225256707,0.004341002,7.748920999999999e-06,2.4849450000000003e-05,-0.054645134,24.921209999999995,0.02648503,-0.0006954541000000001,-0.0015998560000000002,4.012370000000001e-06,2.758226e-05
73,1608390000,1.6707370000000001,1.670754,0.0024318077,-1.343181,2.327845,1.1731420000000001,2.0150490000000003,1.7105030000000003,0.015283021999999999,0.6939472,1.952605e-05,2.8115669e-06,3.0218010000000003e-06,3.8654307e-06,5.882687e-06,8.223082e-06,1.3398713000000002e-05,2.8040854000000002e-05,0.6161011999999999,0.2188244,0.000372687,93.74136,76.36667,5.5426550000000006e-05,6.434652,0.01943164,17.77409,0.003971807799999999,0.00036332933,0.036293109999999996,54.24391000000001,0.003971807799999999,0.00036332933,0.006939767999999999,72.373627,0.003971807799999999,0.00036332933,0.003899871,73.685654,0.003971807799999999,0.00036332933,0.004341200000000001,7.189472e-06,2.4300519999999997e-05,-0.070793272,30.483860000000004,0.025795419999999996,-0.0010694841,-0.0019665750000000004,4.187115e-06,3.0432180000000002e-05
73,1608390600,1.6618099999999998,1.6618270000000002,0.013541291,-1.4045359999999998,2.30827,1.178395,1.9866610000000002,1.68564,0.007951301,0.6832102,1.8837190000000003e-05,2.062984e-06,2.1907656e-06,2.8613310999999998e-06,4.449899e-06,5.975627e-06,9.725630000000001e-06,2.0176064e-05,0.6140354,0.2164101,0.00040725179999999997,94.9784,76.14156,5.519662000000001e-05,6.334683,0.01952976,17.60727,0.0029622075,0.00027079258,0.03622458,53.90882999999999,0.0029622075,0.00027079258,0.006745165,60.752932,0.0029622075,0.00027079258,0.0037028999999999994,61.348573,0.0029622075,0.00027079258,0.004320948,7.110723e-06,2.4125700000000005e-05,-0.04131257000000001,33.784980000000004,0.027130899999999996,-0.0011123889999999999,-0.0019775100000000005,4.196502e-06,2.951613e-05
73,1608391200,1.525684,1.5257010000000002,0.01451691,-1.383305,2.186356,1.1219139999999999,1.905359,1.6035879999999998,0.014643704999999998,0.6340893000000001,1.9077739999999998e-05,2.2945717e-06,2.4864723999999997e-06,3.2312447e-06,4.919663e-06,6.657551e-06,1.1056027999999999e-05,2.2555270999999998e-05,0.5437269,0.21862050000000002,0.00043601840000000007,94.00636,78.90143,5.063184e-05,6.534453000000001,0.018732400000000003,16.213540000000002,0.00296576749,0.000271145934,0.03406265,47.78649,0.00296576749,0.000271145934,0.006637987,56.068902,0.00296576749,0.000271145934,0.003531406,56.82297500000001,0.00296576749,0.000271145934,0.0042804769999999995,5.824546999999999e-06,2.291851e-05,-0.1599272,33.94955,0.02472162,-0.00125626,-0.002058823,3.467445e-06,2.6096480000000002e-05
73,1608391800,1.353154,1.35317,0.012779209,-1.3799620000000001,2.00305,1.050523,1.7789030000000001,1.498922,0.006949409000000001,0.5527948,1.8827370000000003e-05,2.0301606e-06,2.1504692e-06,2.7412955999999996e-06,3.9082413e-06,5.243498299999999e-06,8.610343e-06,1.7735229e-05,0.45302089999999995,0.22308690000000003,0.0004207237,94.14189999999999,83.13212,4.4933319999999994e-05,6.225111,0.01772587,14.306239999999999,0.0027603546900000003,0.000252336319,0.031021979999999998,39.521249999999995,0.0027603546900000003,0.000252336319,0.006438408,53.75303699999999,0.0027603546900000003,0.000252336319,0.0032797929999999996,54.328525,0.0027603546900000003,0.000252336319,0.004216251999999999,3.9085159999999995e-06,2.1016660000000002e-05,0.08636554,27.64646,0.019747880000000002,-0.001468995,-0.0022253629999999997,2.186163e-06,1.906683e-05
73,1608392400,1.395669,1.395684,0.007817858099999998,-1.402592,2.01085,1.066259,1.7520130000000003,1.546923,0.008563559000000002,0.5739919,1.855916e-05,1.8995872000000001e-06,1.9910994e-06,2.5151604000000004e-06,3.6920559000000003e-06,4.888399400000001e-06,8.011745000000001e-06,1.6834491e-05,0.45522399999999996,0.24211869999999996,0.0004468232,99.55845000000001,84.85594,4.631756e-05,6.422866999999999,0.01812463,14.68714,0.0017632943200000001,0.000160957767,0.03108474,39.690340000000006,0.0017632943200000001,0.000160957767,0.006212100999999999,37.690095,0.0017632943200000001,0.000160957767,0.003066238,37.872162,0.0017632943200000001,0.000160957767,0.0041844989999999995,3.965363e-06,2.081082e-05,0.04801252999999999,26.862810000000003,0.020586619999999996,-0.001377004,-0.0021633900000000003,2.243554e-06,1.942212e-05
73,1608393000,1.426692,1.4267109999999998,0.0035467081999999996,-1.476999,1.935772,1.091502,1.7081779999999998,1.579996,0.011096013999999998,0.5890926,1.7894160000000003e-05,1.4151787e-06,1.5236552e-06,2.0118612e-06,3.1781856999999997e-06,4.3194042000000005e-06,7.494816e-06,1.6391996e-05,0.4857113,0.2271852,0.0004065827,97.59696999999998,82.01033,4.7347760000000005e-05,6.325978999999999,0.018606710000000002,15.06338,0.0014818446800000003,0.000135129843,0.032184010000000006,42.57224,0.0014818446800000003,0.000135129843,0.006212266999999999,34.961087,0.0014818446800000003,0.000135129843,0.0031002350000000002,34.836563999999996,0.0014818446800000003,0.000135129843,0.0041631870000000005,4.04325e-06,2.0711540000000003e-05,0.022513170000000002,26.064709999999998,0.02048564,-0.001328222,-0.0020780399999999997,2.2525369999999996e-06,1.918826e-05
73,1608393600,1.2923830000000003,1.292398,0.005201499,-1.427691,1.8033940000000002,1.026957,1.6453630000000001,1.5393850000000002,0.008728915,0.536778,1.840764e-05,1.6747521e-06,1.7541230999999998e-06,2.1547898e-06,3.0614229999999996e-06,3.8979566e-06,6.221323000000001e-06,1.3129363999999998e-05,0.41688649999999994,0.22880440000000002,0.0004656434000000001,101.29088999999999,85.54449,4.290794e-05,6.390883,0.01772558,13.629600000000002,0.00183032773,0.00016715865899999998,0.029823269999999995,36.532770000000006,0.00183032773,0.00016715865899999998,0.00611305,36.700013999999996,0.00183032773,0.00016715865899999998,0.00292677,37.0012195,0.00183032773,0.00016715865899999998,0.004125454,2.657261e-06,1.9493410000000003e-05,0.02890815,13.0673272,0.012825813,-0.001517245,-0.0022240389999999997,1.2474678e-06,1.4528482e-05
73,1608394200,1.255479,1.255496,0.0018195271999999999,-1.3759819999999998,1.7440660000000001,1.0004186000000002,1.6273229999999999,1.550936,0.0063662070000000005,0.5134597000000001,1.9652349999999998e-05,2.6804492000000004e-06,2.8095989999999995e-06,3.2828167e-06,4.298427e-06,5.3912858e-06,8.1848646e-06,1.5887501e-05,0.3862487,0.2409585,0.0004853711,99.03914,88.56686,4.1672189999999996e-05,6.365225,0.01755898,13.19726,0.003663427999999999,0.0003351,0.028657340000000003,33.737370000000006,0.003663427999999999,0.0003351,0.006986668,62.907560000000004,0.003663427999999999,0.0003351,0.003765856,64.21956,0.003663427999999999,0.0003351,0.004143906,2.197229e-06,1.934048e-05,3.5839000000000705e-05,0.8838177,0.0024911661,-0.0016007439999999999,-0.002317816,7.719739e-07,1.0012032000000001e-05
73,1608394800,1.2392020000000001,1.239217,-0.0035885622999999997,-1.3579780000000001,1.7811160000000001,0.9934660000000001,1.6293130000000002,1.5084469999999999,0.006599943999999999,0.5042387999999999,1.8387409999999997e-05,1.5360244e-06,1.5633659000000001e-06,1.8955326e-06,2.5654773000000005e-06,3.1579703999999994e-06,4.8534301e-06,1.0074663e-05,0.3838921,0.2352351,0.00044118609999999997,104.67572,88.11407999999999,4.116045e-05,6.166376,0.017636569999999997,13.05883,0.0037542181,0.00034342834,0.028672330000000003,33.775619999999996,0.0037542181,0.00034342834,0.007009484000000001,68.336406,0.0037542181,0.00034342834,0.003790687,69.619487,0.0037542181,0.00034342834,0.004140544,2.2108089999999997e-06,1.929279e-05,0.3310310606,11.001080400000001,0.007190731599999998,-0.001641558,-0.0023587340000000004,1.0464446e-06,1.3521299000000001e-05
73,1608395400,1.227217,1.227234,-0.005522801000000001,-1.3519349999999999,1.782694,0.9883873999999999,1.6354630000000001,1.495772,0.006339234000000001,0.5017936000000001,1.7991700000000003e-05,1.0115841999999998e-06,1.0077249799999999e-06,1.2737084999999999e-06,2.0032879e-06,2.5163756e-06,4.1898191e-06,9.756307000000001e-06,0.381615,0.231574,0.0003963516,102.57642000000001,87.90776,4.074476e-05,6.280514,0.017520550000000003,12.88537,0.0010176789,9.2703516e-05,0.028488919999999994,33.31818,0.0010176789,9.2703516e-05,0.005643675999999999,21.677499,0.0010176789,9.2703516e-05,0.002407281,21.5994633,0.0010176789,9.2703516e-05,0.0041332,2.071341e-06,1.9130629999999998e-05,0.04707656,0.6419533000000001,0.0022761291000000005,-0.001639987,-0.0023649030000000007,7.739809000000001e-07,9.723594e-06
73,1608396000,1.27832,1.278337,-0.0037814509999999995,-1.3833430000000002,1.8216180000000002,1.0163303999999997,1.663589,1.5091610000000002,0.008573882,0.524033,1.8668719999999998e-05,1.8895651e-06,2.0197618000000005e-06,2.5034336e-06,3.5302045000000003e-06,4.6617876e-06,7.6469819e-06,1.6289005000000003e-05,0.40999109999999994,0.2287964,0.0003300576,93.98848999999998,85.93509999999999,4.2428989999999996e-05,6.299235,0.01799352,13.486509999999999,0.0027883754,0.00025489174,0.02961562,36.029289999999996,0.0027883754,0.00025489174,0.0064455910000000005,50.869597999999996,0.0027883754,0.00025489174,0.0032294949999999998,51.659569999999995,0.0027883754,0.00025489174,0.004134351999999999,2.1892010000000004e-06,1.9244929999999998e-05,0.017750604,1.7802213000000002,0.0045628609,-0.00160181,-0.002321282,8.561221999999999e-07,1.0421905999999999e-05
73,1608396600,1.2010830000000001,1.2011,-0.00036652060000000005,-1.350547,1.7594400000000001,0.9754261,1.622525,1.4872969999999999,0.0061950239999999995,0.48999190000000004,1.838714e-05,1.4373833000000002e-06,1.4900113e-06,1.8243022000000002e-06,2.5826149e-06,3.2130744e-06,5.1572831e-06,1.0952814e-05,0.36964739999999996,0.23056949999999996,0.00029612199999999995,99.47241,88.56045,3.989794e-05,6.240304,0.01730546,12.648860000000003,0.00262057536,0.00023956775199999997,0.02806224,32.353120000000004,0.00262057536,0.00023956775199999997,0.006606322,53.108881999999994,0.00262057536,0.00023956775199999997,0.003348682,53.711316,0.00262057536,0.00023956775199999997,0.004133098,2.106827e-06,1.916e-05,0.013986170000000003,1.8280439000000002,0.005018486,-0.0016555049999999998,-0.002351488,8.201131999999999e-07,1.0546018000000001e-05
73,1608397200,1.148564,1.1485819999999998,-0.0014252925,-1.375208,1.668427,0.9524353999999999,1.5600109999999998,1.47432,0.00613494,0.4690945,1.8392380000000002e-05,1.2423075e-06,1.24800982e-06,1.5323872e-06,2.1258936e-06,2.5176924e-06,3.9186481e-06,8.467659e-06,0.3407297,0.23321859999999997,0.00029972940000000007,107.61119000000001,90.82765,3.812441e-05,6.256583000000001,0.01676127,12.14838,0.00392585773,0.00035917888699999996,0.02705353,30.138890000000004,0.00392585773,0.00035917888699999996,0.006881344,67.4809618,0.00392585773,0.00035917888699999996,0.0036022820000000005,69.00840859999998,0.00392585773,0.00035917888699999996,0.004148718,2.0070420000000003e-06,1.9191999999999995e-05,0.05586444,1.2888274000000002,0.003410708999999999,-0.001715978,-0.002420455,7.959245e-07,9.825782e-06
73,1608397800,1.1656659999999999,1.165682,-0.0015249096,-1.369442,1.698613,0.9614377,1.5680340000000001,1.4896220000000002,0.007686315000000002,0.4759251,1.780378e-05,8.179205e-07,8.311687999999999e-07,1.0991329000000001e-06,1.6789701000000003e-06,2.0834241000000004e-06,3.5119653999999994e-06,8.219741e-06,0.3522624,0.23026189999999996,0.00028820329999999994,103.1748,89.67074,3.8726610000000004e-05,6.226943,0.016785130000000002,12.239999999999998,0.0047532243,0.00043501311999999994,0.02738913,30.8421,0.0047532243,0.00043501311999999994,0.007124204,82.13856799999999,0.0047532243,0.00043501311999999994,0.0038799250000000006,84.010942,0.0047532243,0.00043501311999999994,0.004131577,1.9484830000000002e-06,1.9001320000000002e-05,0.004653097,0.8152964,0.0025795402999999996,-0.0017322210000000002,-0.002427065,7.962256e-07,9.782652999999998e-06
73,1608398400,1.253492,1.25351,-0.0025327279,-1.352288,1.838458,1.0016884999999998,1.6742759999999997,1.47852,0.007391080999999999,0.5135813,2.021255e-05,3.4077549e-06,3.5499611999999993e-06,4.0892662e-06,5.1296598e-06,6.3552221e-06,9.3024453e-06,1.743157e-05,0.4010785,0.22534130000000002,0.0002700074,100.23543000000001,86.10513999999999,4.15974e-05,6.321745000000001,0.01713067,13.21223,0.00286772075,0.000262183362,0.02928958,35.29163,0.00286772075,0.000262183362,0.006453839,51.272349999999996,0.00286772075,0.000262183362,0.0032727249999999998,52.050716,0.00286772075,0.000262183362,0.004126645,2.1214969999999996e-06,1.911691e-05,0.014193133,0.8186078999999999,0.0023447625000000004,-0.001636874,-0.0023427170000000002,7.677691000000001e-07,9.914305e-06
73,1608399000,1.164345,1.1643599999999998,-0.0014902343,-1.359998,1.7246400000000002,0.9608003,1.570885,1.4842209999999998,0.008062687,0.4763399,1.837175e-05,1.4490698e-06,1.5793782999999997e-06,1.9592866e-06,2.8369134e-06,3.7246656e-06,6.130118200000001e-06,1.3369664e-05,0.3560457,0.22579539999999998,0.0002949268,100.56203,88.95461,3.862233000000001e-05,6.3438360000000005,0.016716859999999997,12.325439999999999,0.00503341524,0.00046072280200000005,0.027587109999999998,31.358819999999998,0.00503341524,0.00046072280200000005,0.0068748229999999995,84.285222,0.00503341524,0.00046072280200000005,0.003612552,86.40782019999999,0.00503341524,0.00046072280200000005,0.004142918,2.121916e-06,1.923002e-05,-0.13032923199999996,17.153361099999998,0.009207920000000001,-0.001717684,-0.002405768,1.0129366000000003e-06,1.3540885000000002e-05
73,1608399600,1.1175439999999999,1.117562,-0.00031589265,-1.3651579999999999,1.645512,0.9394001,1.540811,1.4673450000000003,0.006544786999999999,0.45595690000000005,1.826449e-05,1.0945708e-06,1.11044788e-06,1.4115194e-06,2.0190331e-06,2.53143958e-06,4.0800105e-06,9.160902000000001e-06,0.33609839999999996,0.2223863,0.0002590598,104.84061999999999,89.94611,3.710801999999999e-05,5.880895000000001,0.01652576,11.82403,0.0010064744899999998,9.159373700000001e-05,0.02683174,29.584159999999997,0.0010064744899999998,9.159373700000001e-05,0.006009093,25.957956000000003,0.0010064744899999998,9.159373700000001e-05,0.0026899569999999998,25.641949999999998,0.0010064744899999998,9.159373700000001e-05,0.004159243,1.9342720000000003e-06,1.9213020000000002e-05,0.043344031,1.2639391999999998,0.0035099028999999995,-0.00176272,-0.0024571090000000003,7.823903e-07,1.0225355e-05
73,1608400200,1.0319483,1.0319676,-0.004269613,-1.333806,1.5955590000000002,0.8931093999999999,1.491197,1.41488,0.007088067000000001,0.42670769999999997,1.8054120000000002e-05,9.290259000000001e-07,9.7726465e-07,1.2770116999999999e-06,1.8854032999999999e-06,2.5071537999999996e-06,4.2740231999999995e-06,9.730952e-06,0.2944291,0.22124850000000001,0.0002711906,104.72963,93.0668,3.426358000000001e-05,6.322882,0.015779379999999996,10.89119,0.0013043144900000002,0.000118884794,0.025063380000000003,25.83089,0.0013043144900000002,0.000118884794,0.0063572459999999996,32.471294,0.0013043144900000002,0.000118884794,0.003013651,32.340976,0.0013043144900000002,0.000118884794,0.004153641999999999,1.7951839999999995e-06,1.903814e-05,0.02326292,0.7542107,0.0016301104999999999,-0.0018426319999999999,-0.002524892,7.584685e-07,9.547671e-06
73,1608400800,1.025778,1.0257960000000002,-0.005530237,-1.330054,1.614423,0.8906599,1.4810709999999998,1.4014190000000002,0.004215952,0.41560509999999995,1.8383959999999996e-05,1.5051510000000001e-06,1.5447095500000001e-06,1.8607295e-06,2.5485879e-06,3.0903788999999998e-06,4.8239427e-06,9.976877999999999e-06,0.29173210000000005,0.22087050000000003,0.0002548532,102.13033,93.17445,3.405742e-05,6.280789,0.01589874,10.87399,0.0045988598000000006,0.0004208790800000001,0.025085999999999997,25.895919999999997,0.0045988598000000006,0.0004208790800000001,0.007076753,77.24548200000001,0.0045988598000000006,0.0004208790800000001,0.0037712140000000006,79.18270300000002,0.0045988598000000006,0.0004208790800000001,0.004130544000000001,1.7953470000000002e-06,1.8848749999999998e-05,0.016878473999999997,0.6513460999999999,0.0012820817,-0.0018176359999999999,-0.002499489,7.89299e-07,9.619283999999999e-06
73,1608401400,1.0019091,1.0019268000000001,-0.008369308,-1.310215,1.591174,0.8763311999999999,1.472706,1.3937300000000001,0.005760019,0.4094042,1.761199e-05,7.648972000000001e-07,7.920129899999999e-07,1.0417816e-06,1.5965003999999998e-06,2.0142546e-06,3.5013624e-06,7.962617e-06,0.2823552,0.2183081,0.000268787,102.00805,93.76671,3.3272250000000007e-05,6.123267,0.01560339,10.569629999999998,0.0012848211200000002,0.000117109446,0.024524040000000004,24.71293,0.0012848211200000002,0.000117109446,0.006101403,29.099072999999997,0.0012848211200000002,0.000117109446,0.00278402,28.974117,0.0012848211200000002,0.000117109446,0.004105973,1.742577e-06,1.8592110000000002e-05,0.036845329999999996,0.7047549999999999,0.0013871772000000001,-0.0018074430000000002,-0.00250943,7.566361e-07,9.576626e-06
73,1608402000,0.9028993,0.9029160999999999,-0.008168298000000001,-1.268652,1.532823,0.8159853,1.4147290000000001,1.3371799999999998,0.004340208999999999,0.368106,1.7461310000000002e-05,7.149785e-07,7.457663e-07,9.387445000000001e-07,1.3305728e-06,1.5888658999999997e-06,2.5743234000000002e-06,5.686432999999999e-06,0.23238469999999997,0.2187948,0.000253032,106.53475,98.63278999999999,2.99924e-05,5.7820990000000005,0.01468666,9.582690000000001,0.0035001521900000004,0.00032021227499999993,0.022327569999999998,20.54279,0.0035001521900000004,0.00032021227499999993,0.006775019,60.95078800000001,0.0035001521900000004,0.00032021227499999993,0.0034435890000000004,62.22121,0.0035001521900000004,0.00032021227499999993,0.004104403999999999,1.6241650000000001e-06,1.845423e-05,0.013407007999999998,3.0086353,0.0030819428999999997,-0.0019131079999999997,-0.0025890279999999997,7.635504e-07,9.717993e-06
73,1608402600,0.9310656000000002,0.9310828000000001,-0.010156508,-1.2831029999999999,1.526184,0.833863,1.429206,1.356417,0.006807045,0.383443,1.7580400000000002e-05,8.609288000000002e-07,9.1203331e-07,1.1950154e-06,1.7584684000000001e-06,2.3293887e-06,4.0448149e-06,9.067836000000002e-06,0.247891,0.21733699999999997,0.0002796232,102.05232,96.99478,3.089835e-05,6.297087,0.014990819999999998,9.868891000000001,0.0027216595,0.00024881819000000004,0.023026170000000002,21.906599999999997,0.0027216595,0.00024881819000000004,0.006282907,45.18173,0.0027216595,0.00024881819000000004,0.0029648590000000002,46.164665,0.0027216595,0.00024881819000000004,0.004099872,1.6903920000000001e-06,1.8483419999999998e-05,0.035530312999999994,2.1447299,0.0032156098,-0.001871346,-0.002536402,7.992410000000001e-07,9.830136000000001e-06
73,1608403200,1.0018,1.0018160999999999,-0.011073354999999998,-1.349987,1.589598,0.8811669,1.45242,1.3696169999999999,0.004907725,0.40829170000000004,1.767299e-05,1.0344253e-06,1.05572053e-06,1.3299084999999999e-06,1.8006597999999998e-06,2.1845032999999997e-06,3.5369074e-06,7.632893e-06,0.28292090000000003,0.2176763,0.0002760037,107.02542000000001,93.58861000000002,3.3268119999999995e-05,6.309593,0.01566867,10.59432,0.0027730250999999997,0.000253524079,0.02467474,25.021539999999998,0.0027730250999999997,0.000253524079,0.006412414,49.406192,0.0027730250999999997,0.000253524079,0.0031280119999999995,50.233709000000005,0.0027730250999999997,0.000253524079,0.004086630999999999,1.8835529999999998e-06,1.856636e-05,0.007738281000000001,1.0276596,0.0026996638,-0.0017434310000000001,-0.002407285,7.674745999999998e-07,9.605467999999999e-06
73,1608403800,0.9777739999999999,0.9777910000000001,-0.010489227,-1.3128810000000002,1.5563350000000002,0.863302,1.4535060000000002,1.378206,0.004652532,0.397814,1.80005e-05,1.5029656e-06,1.600646e-06,1.8758418000000003e-06,2.4211633e-06,2.9078569e-06,4.339614899999999e-06,8.715669e-06,0.2679885000000001,0.22059489999999998,0.0002751841,104.9604,95.25215,3.245583e-05,6.252073,0.015427259999999998,10.339724,0.0014256062099999999,0.000130023091,0.02400115,23.672890000000002,0.0014256062099999999,0.000130023091,0.005912938,27.869556,0.0014256062099999999,0.000130023091,0.002624225,27.910221,0.0014256062099999999,0.000130023091,0.004082135000000001,1.7989960000000004e-06,1.8448739999999998e-05,0.016705803999999998,0.6972948999999999,0.0018293111000000002,-0.0017842340000000002,-0.00245628,8.008254e-07,9.566767000000001e-06
73,1608404400,1.0758184,1.0758360999999999,-0.0074398528000000005,-1.340829,1.6360240000000001,0.9146078,1.512986,1.4373799999999999,0.006073945999999999,0.43973500000000004,1.769458e-05,1.0003569999999999e-06,1.01677459e-06,1.2584377e-06,1.7094949999999998e-06,1.9928721e-06,3.052572e-06,6.593e-06,0.3099709,0.2276803,0.00023802670000000006,107.97835,92.48420999999999,3.573029e-05,6.036372000000001,0.01623968,11.386420000000001,0.00259663572,0.00023735544500000003,0.025785959999999997,27.347969999999997,0.00259663572,0.00023735544500000003,0.0064583340000000005,50.284352,0.00259663572,0.00023735544500000003,0.0032086169999999995,50.923092399999994,0.00259663572,0.00023735544500000003,0.004098289,2.090005e-06,1.8833139999999997e-05,0.049717,47.9111724,0.009776994,-0.0017277680000000004,-0.002428064,1.2432371e-06,1.5205001e-05
73,1608405000,1.08564,1.0856540000000001,-0.0010302021699999998,-1.324316,1.643338,0.9155843000000001,1.530311,1.455945,0.005341256000000001,0.44486799999999993,1.7295720000000003e-05,7.047502e-07,7.2186965e-07,9.744518e-07,1.4851675e-06,1.8969735999999997e-06,3.2857135000000004e-06,7.640638e-06,0.31099620000000006,0.23158469999999998,0.0002198309,104.54641,92.79647999999999,3.607423e-05,6.073042,0.01628746,11.494760000000001,0.00216036707,0.000197422282,0.025802659999999998,27.387520000000002,0.00216036707,0.000197422282,0.006392797,43.23647,0.00216036707,0.000197422282,0.003159307,43.6479,0.00216036707,0.000197422282,0.0040898969999999995,2.0699499999999996e-06,1.875742e-05,0.128614124,28.2084609,0.007482720900000001,-0.0016860499999999997,-0.0023722819999999994,1.3871888e-06,1.7060407e-05
73,1608405600,1.1609930000000002,1.161009,0.0024847751000000003,-1.3507770000000001,1.6747260000000002,0.9545009000000002,1.577447,1.50421,0.00667043,0.4740947999999999,1.838234e-05,1.8137336999999997e-06,1.8637537e-06,2.2068137e-06,2.9525229999999997e-06,3.6211292e-06,5.4792226e-06,1.116836e-05,0.34580540000000004,0.2344247,0.0002323001,101.31164,90.52783,3.855192e-05,6.324184000000001,0.016863999999999997,12.292459999999998,0.0039208217870000004,0.0003587942088000001,0.027239329999999996,30.550759999999997,0.0039208217870000004,0.0003587942088000001,0.006471085999999999,65.61211399999999,0.0039208217870000004,0.0003587942088000001,0.0032546109999999997,67.22028,0.0039208217870000004,0.0003587942088000001,0.004085045000000001,1.9523200000000005e-06,1.862346e-05,0.0114492715,0.5766992,0.0018503148,-0.00168329,-0.0023619199999999996,7.850628000000001e-07,9.441290000000002e-06
73,1608406200,1.114039,1.114055,0.0029133353,-1.3418439999999996,1.665802,0.932016,1.551498,1.4628059999999998,0.005972722000000001,0.45417420000000003,1.844444e-05,1.9096288e-06,2.0122856e-06,2.4192845e-06,3.1989223e-06,3.9985533000000006e-06,6.2433911e-06,1.2626549000000003e-05,0.3239539,0.2327486,0.0002785891,103.02848999999999,91.92775999999999,3.6958199999999995e-05,6.5768640000000005,0.01652034,11.78754,0.00176313444,0.000160964932,0.026355410000000003,28.561150000000005,0.00176313444,0.000160964932,0.006110586,35.134131,0.00176313444,0.000160964932,0.002853721,35.357753,0.00176313444,0.000160964932,0.004084456,1.9229879999999997e-06,1.858981e-05,-9.682499999999899e-05,0.9445475999999999,0.0021307748,-0.001700121,-0.002388002,8.190882000000001e-07,9.852315000000002e-06
73,1608406800,1.0479036000000002,1.0479223,-0.00011087749999999989,-1.298226,1.615099,0.8945586999999998,1.511523,1.44293,0.004741891000000001,0.42495069999999996,1.7902719999999995e-05,1.3384856e-06,1.3795007700000003e-06,1.6792105999999999e-06,2.3224371e-06,2.8433467e-06,4.4404002e-06,9.392928000000001e-06,0.29642749999999995,0.2272572,0.0002401084,107.64774,93.54316,3.476493e-05,6.208079,0.0159416,11.07205,0.00415020757,0.00037977402400000005,0.02515943,26.06238,0.00415020757,0.00037977402400000005,0.0069300379999999995,73.231103,0.00415020757,0.00037977402400000005,0.0036771550000000005,74.738093,0.00415020757,0.00037977402400000005,0.004088248,1.7725720000000003e-06,1.8471359999999998e-05,0.029287145400000002,3.0371966,0.0027570842999999996,-0.001769213,-0.002486558,7.222225e-07,9.499746999999998e-06
73,1608407400,0.9809125,0.9809286,-0.00113594058,-1.2974929999999998,1.5910250000000001,0.8603739000000001,1.4684709999999999,1.3878050000000002,0.007625487,0.40678400000000003,1.7707560000000004e-05,1.2499063999999998e-06,1.3349062399999999e-06,1.6663932000000002e-06,2.2814219e-06,2.9060382000000003e-06,4.710891900000001e-06,9.870035999999999e-06,0.2651467,0.2250324,0.000249505,104.30506,96.05993,3.2551740000000005e-05,6.343054,0.015362919999999997,10.367604000000002,0.0038533438999999994,0.00035255984000000007,0.023803730000000002,23.348449999999996,0.0038533438999999994,0.00035255984000000007,0.006545013999999999,63.31469400000001,0.0038533438999999994,0.00035255984000000007,0.00328684,64.91331899999999,0.0038533438999999994,0.00035255984000000007,0.004078547,1.6870569999999998e-06,1.8309209999999998e-05,-0.011652846000000001,3.2067730999999995,0.0024989495000000005,-0.0018388559999999998,-0.002534399,7.79544e-07,1.0094683e-05
73,1608408000,0.9640137000000001,0.9640305,-0.0015299791,-1.295836,1.550186,0.8522269,1.456017,1.382331,0.005196518,0.3927623,1.7108910000000002e-05,4.4752050000000004e-07,4.5328353e-07,6.317217e-07,9.753757e-07,1.20687294e-06,2.081957e-06,5.102376e-06,0.259815,0.2219477,0.0002254903,108.84885,96.17384,3.202146e-05,5.8518740000000005,0.01522946,10.198725000000001,0.0034037033099999997,0.000311350797,0.02361122,22.966859999999997,0.0034037033099999997,0.000311350797,0.006569732,58.631372,0.0034037033099999997,0.000311350797,0.0032783839999999996,59.83450800000001,0.0034037033099999997,0.000311350797,0.0040883099999999995,1.6620550000000002e-06,1.836453e-05,0.025233341,1.3876693000000002,0.0019689246,-0.001837924,-0.0025393149999999995,7.645431000000001e-07,9.789651999999999e-06
73,1608408600,0.9600664,0.9600834,-0.0016137456999999998,-1.300501,1.547859,0.8502186,1.453882,1.372654,0.004350439,0.3902098,1.841089e-05,1.5183567000000002e-06,1.588072e-06,1.8824778999999999e-06,2.446266e-06,2.960184e-06,4.449529e-06,8.921411999999998e-06,0.25742270000000006,0.2223272,0.00025373089999999995,107.27530000000002,96.49407,3.184996e-05,6.5665260000000005,0.015153910000000001,10.149735000000002,0.00211410348,0.000193126871,0.02346152,22.64363,0.00211410348,0.000193126871,0.006106033,37.65726600000001,0.00211410348,0.000193126871,0.0027637219999999997,38.131135,0.00211410348,0.000193126871,0.004118691,1.708278e-06,1.8650679999999996e-05,-0.145741187,18.8013406,0.004503096999999999,-0.001893643,-0.0025958929999999997,1.0086520000000001e-06,1.2588807e-05
73,1608409200,1.0082228,1.0082376,-0.0032503909999999996,-1.3021929999999997,1.599085,0.8766304,1.479196,1.403743,0.004727720999999999,0.4104185,1.809903e-05,1.3668428e-06,1.47327758e-06,1.7773329e-06,2.4510179e-06,3.1419796000000003e-06,4.9482193e-06,1.0559675000000002e-05,0.2808047,0.223027,0.0002448066,103.91770999999999,94.40283000000001,3.345979e-05,6.3695189999999995,0.015685280000000003,10.65154,0.0025888448249999996,0.0002367194002,0.02447291,24.62962,0.0025888448249999996,0.0002367194002,0.006133169,46.38283,0.0025888448249999996,0.0002367194002,0.002825618,47.1356719,0.0025888448249999996,0.0002367194002,0.004114385,1.74526e-06,1.8661180000000002e-05,0.029923078000000002,1.6720583999999998,0.0022947011999999998,-0.001815063,-0.002521765,7.378019e-07,9.497515999999999e-06
73,1608409800,1.0214066,1.0214239000000003,-0.0016615968000000003,-1.2919699999999998,1.625374,0.8816474000000001,1.500869,1.409256,0.005569281000000001,0.41833480000000006,1.732962e-05,5.7719e-07,6.187737e-07,9.054118999999999e-07,1.4424547e-06,1.9726019e-06,3.6051268000000002e-06,8.717103e-06,0.2867832,0.2236441,0.00025321699999999997,103.38444999999999,94.04120000000002,3.391304e-05,6.382552,0.01568729,10.78194,0.0017040700099999998,0.000155591413,0.0247406,25.217989999999997,0.0017040700099999998,0.000155591413,0.00595778,35.064929,0.0017040700099999998,0.000155591413,0.00268521,35.200304,0.0017040700099999998,0.000155591413,0.004088641,1.816614e-06,1.850789e-05,0.038058335,2.5513421000000003,0.0044786465999999995,-0.0017880769999999997,-0.0024638329999999995,7.769130000000001e-07,9.954164e-06
73,1608410400,1.1541890000000001,1.1542070000000002,-0.00018722558499999998,-1.3451160000000002,1.740915,0.9544739,1.6021239999999999,1.4508420000000002,0.007733835000000001,0.4741052,1.804052e-05,1.6635946999999999e-06,1.7293688700000003e-06,2.077497e-06,2.7946982e-06,3.4738791000000003e-06,5.445090299999999e-06,1.1257021e-05,0.3527135,0.2241111,0.00023835450000000004,102.15299999999999,89.10573000000001,3.832236e-05,5.948169,0.01652372,12.16484,0.0034319609299999997,0.000313949361,0.02742059,31.00186,0.0034319609299999997,0.000313949361,0.006612186000000001,62.004552000000004,0.0034319609299999997,0.000313949361,0.003409947,63.22450899999999,0.0034319609299999997,0.000313949361,0.004080762999999999,1.959833e-06,1.858178e-05,0.0073432099999999985,2.9885881000000003,0.003747299,-0.0016881419999999997,-0.0023908949999999997,7.940224e-07,9.985687000000001e-06
73,1608411000,1.0644820000000002,1.064497,-0.0014957463299999998,-1.3371530000000003,1.6497509999999997,0.9104302000000001,1.5107719999999998,1.4268050000000003,0.004657988,0.4334868,1.7856710000000002e-05,1.2463361e-06,1.3319631999999998e-06,1.6779618e-06,2.3981363000000003e-06,3.1013809999999998e-06,5.0870809e-06,1.1091125e-05,0.30824320000000005,0.22370259999999997,0.0002644837,101.42092,92.16185000000002,3.5331079999999996e-05,6.354024000000001,0.016203060000000002,11.256330000000002,0.0035924590700000003,0.000328650001,0.025711860000000003,27.17982,0.0035924590700000003,0.000328650001,0.006762821999999999,63.38910599999999,0.0035924590700000003,0.000328650001,0.0035268169999999994,64.59201800000001,0.0035924590700000003,0.000328650001,0.004076924,1.8815979999999999e-06,1.8488090000000003e-05,0.022438253999999998,0.7452686999999999,0.0018920391000000001,-0.001706909,-0.0023946659999999997,7.635429e-07,9.510643e-06
73,1608411600,1.0763190000000002,1.0763320000000003,-0.0025832628000000005,-1.351061,1.6283730000000003,0.9186540000000001,1.5163609999999998,1.4366300000000003,0.005154472,0.43819299999999994,1.758943e-05,1.2341869000000003e-06,1.2662938300000001e-06,1.5737208000000001e-06,2.2008706999999996e-06,2.6880067e-06,4.2472208e-06,9.329027999999998e-06,0.3167193,0.22116790000000003,0.00024544449999999994,103.35247,91.22946,3.572922e-05,6.233867,0.01625416,11.38061,0.00214692324,0.000196139775,0.02605249,27.91786,0.00214692324,0.000196139775,0.006292445000000001,40.46568800000001,0.00214692324,0.000196139775,0.00306931,40.986843,0.00214692324,0.000196139775,0.004062856,1.8399680000000001e-06,1.833814e-05,0.013394962,0.5776678,0.0007966768000000001,-0.001724683,-0.002404042,7.679511999999999e-07,9.401611999999998e-06
73,1608412200,1.053479,1.053496,-0.0025250826,-1.328703,1.606734,0.9034737999999999,1.5063479999999998,1.435543,0.006098707,0.4311632,1.787017e-05,1.4076169e-06,1.4903571e-06,1.855081e-06,2.5561905000000005e-06,3.3335080000000006e-06,5.449731799999999e-06,1.1625647e-05,0.3040573999999999,0.2224025,0.0002505675,100.97863000000001,92.35945000000001,3.4944010000000004e-05,6.350974000000001,0.01605994,11.14078,0.0023168568,0.00021170602,0.025518219999999998,26.79208,0.0023168568,0.00021170602,0.00609342,39.277021000000005,0.0023168568,0.00021170602,0.002858972,40.016518000000005,0.0023168568,0.00021170602,0.0040803639999999995,1.823352e-06,1.845796e-05,0.017254476,0.7856821,0.0019934155,-0.001741397,-0.0024366099999999996,7.825789e-07,9.610616e-06
73,1608412800,1.0466359,1.0466521999999998,-0.001469955481,-1.311535,1.6287120000000002,0.8980298,1.5088219999999999,1.4239549999999999,0.006681537999999999,0.4279667,1.802598e-05,1.5830601e-06,1.6648520599999999e-06,1.9648124000000003e-06,2.5838268000000004e-06,3.1438126000000003e-06,4.7432424e-06,9.497271e-06,0.3015678,0.22149480000000002,0.00022683300000000002,104.31852999999998,92.48076999999998,3.475288e-05,6.191186,0.01586215,11.06413,0.0032307769,0.00029548773,0.025415760000000003,26.632959999999997,0.0032307769,0.00029548773,0.006520056000000001,54.491066000000004,0.0032307769,0.00029548773,0.003286643,55.645512,0.0032307769,0.00029548773,0.0040667360000000005,1.7632629999999997e-06,1.8288029999999997e-05,-0.004550315999999998,1.4466528999999997,0.0025688616,-0.0017581780000000002,-0.002465829,7.415398999999999e-07,9.346876e-06
73,1608413400,1.065448,1.065464,-0.002327432,-1.34972,1.630773,0.9127281,1.5043209999999998,1.4248190000000003,0.005977662999999999,0.435979,1.849998e-05,1.9405113000000002e-06,2.02380435e-06,2.3784583e-06,3.0884756000000006e-06,3.76576e-06,5.7054372e-06,1.0978742e-05,0.311178,0.2212974,0.00020609209999999998,101.29425,91.67559,3.53809e-05,5.9469009999999995,0.016015039999999998,11.24473,0.0027063086,0.00024741035,0.025844509999999998,27.464850000000002,0.0027063086,0.00024741035,0.00648899,50.786348,0.0027063086,0.00024741035,0.003252559,51.580728,0.0027063086,0.00024741035,0.0040742439999999994,1.776159e-06,1.836263e-05,0.036033538500000004,0.9930376000000001,0.0023594894000000003,-0.0017557510000000003,-0.002456494,7.283521e-07,9.269222e-06
73,1608414000,1.078591,1.0786099999999998,-0.0029103895,-1.35511,1.625188,0.9203201,1.5127220000000001,1.436556,0.006407658000000001,0.43991680000000005,1.86293e-05,2.1248817e-06,2.2487502e-06,2.6868152e-06,3.4876830999999998e-06,4.464246900000001e-06,6.912796999999999e-06,1.3711107e-05,0.3176637,0.22133640000000004,0.0002522676,101.0168,91.20644,3.578127e-05,6.544528,0.01627848,11.40794,0.0039051332500000006,0.00035730593899999997,0.026073149999999996,27.992379999999997,0.0039051332500000006,0.00035730593899999997,0.006515847,64.224986,0.0039051332500000006,0.00035730593899999997,0.003268697,65.75414899999998,0.0039051332500000006,0.00035730593899999997,0.0040876789999999994,1.7939870000000002e-06,1.849527e-05,0.018240880000000004,0.6018884999999999,0.0010443169000000003,-0.001745088,-0.002445877,7.696995000000001e-07,9.318778999999999e-06
73,1608414600,0.9743217,0.9743396000000001,-0.0028799979,-1.27305,1.5783479999999999,0.8542536999999999,1.4640460000000002,1.3906180000000001,0.006670793000000001,0.39933319999999994,1.838193e-05,1.8103451000000004e-06,1.8910053e-06,2.2699653e-06,2.9777237e-06,3.7266732e-06,5.7128700999999995e-06,1.1363072999999999e-05,0.26383140000000005,0.2230432,0.0002507746,105.35824,96.04168,3.231088e-05,6.322272000000001,0.01542309,10.348385,0.0035260306500000003,0.000322583768,0.023802120000000003,23.404149999999998,0.0035260306500000003,0.000322583768,0.006734174999999999,62.330999999999996,0.0035260306500000003,0.000322583768,0.003449153000000001,63.55978000000001,0.0035260306500000003,0.000322583768,0.004082993,1.705182e-06,1.835896e-05,0.0017335800000000013,3.3391618999999997,0.0034251422000000004,-0.0018391500000000001,-0.0025258599999999996,8.176754e-07,1.0642443e-05
73,1608415200,0.9359217,0.9359382,-0.003987942999999999,-1.219552,1.5448229999999998,0.8248081,1.452493,1.389455,0.004278860000000001,0.38018260000000004,1.742485e-05,8.886735999999999e-07,9.549464000000001e-07,1.2067004e-06,1.7564845000000001e-06,2.2665864e-06,3.7876507999999996e-06,8.242701999999999e-06,0.24167149999999996,0.2260312,0.00023269639999999998,102.70462,98.40348,3.106956e-05,6.4503010000000005,0.015080660000000001,9.959106,0.0028922509,0.00026446537,0.02282509,21.485539999999997,0.0028922509,0.00026446537,0.006365749000000001,50.437445,0.0028922509,0.00026446537,0.003057561,51.38933999999999,0.0028922509,0.00026446537,0.004081192,1.657584e-06,1.830653e-05,0.010819156,0.8424756999999999,0.0014234811,-0.001867259,-0.002534101,7.584943999999999e-07,9.233765e-06
73,1608415800,1.0208184,1.0208350999999998,-0.0021954883000000003,-1.309865,1.597547,0.8826,1.492321,1.4170179999999999,0.006175829,0.4189521,1.740925e-05,8.189814999999998e-07,8.3923595e-07,1.0880013e-06,1.617324e-06,1.9955997999999997e-06,3.3371291999999994e-06,7.534576e-06,0.28513969999999994,0.2250191,0.00022991420000000002,105.1075,94.20784,3.390416e-05,6.2883059999999995,0.015764800000000002,10.844024999999998,0.001976629077,0.00018058122539999999,0.024802380000000002,25.35279,0.001976629077,0.00018058122539999999,0.006200847,37.560745000000004,0.001976629077,0.00018058122539999999,0.002932988,38.011945,0.001976629077,0.00018058122539999999,0.004077607,1.8304930000000001e-06,1.8440849999999998e-05,0.025940241999999995,0.7976547,0.0024648237000000003,-0.001754027,-0.0024240710000000003,7.591078000000001e-07,9.450404e-06
73,1608416400,1.0365092999999999,1.0365240000000002,-0.0021233510000000003,-1.317745,1.6143480000000001,0.8934068999999999,1.4974219999999998,1.42583,0.005324127,0.421663,1.7909129999999996e-05,1.2904129e-06,1.3599373e-06,1.6853999999999998e-06,2.3412592999999997e-06,2.9960324000000004e-06,4.8110842e-06,1.0368589000000001e-05,0.294326,0.22367489999999995,0.00022400319999999998,101.78448999999999,93.25777000000001,3.44261e-05,6.293927000000001,0.01596321,11.017679999999999,0.0037486351,0.00034294811,0.02522832,26.23451,0.0037486351,0.00034294811,0.006987968,66.98826000000001,0.0037486351,0.00034294811,0.003715884,68.21314,0.0037486351,0.00034294811,0.0040934,1.8111029999999998e-06,1.855244e-05,0.044236092,0.8195739999999999,0.0019394438,-0.001763821,-0.002448521,7.815184000000001e-07,9.426264e-06
73,1608417000,1.1087960000000001,1.108812,-0.0025516878,-1.362987,1.654438,0.9352192,1.534922,1.4511439999999998,0.0059348510000000005,0.45213090000000006,1.780071e-05,1.1498752e-06,1.1900359699999999e-06,1.5150595000000002e-06,2.1549935999999998e-06,2.7491036e-06,4.5350279e-06,1.0064579e-05,0.33128969999999996,0.2228351,0.00024338520000000003,105.21340000000001,90.29941,3.677554e-05,6.256868,0.01653126,11.746190000000002,0.0044851627400000005,0.000410480729,0.02668954,29.28378,0.0044851627400000005,0.000410480729,0.006933433,77.716274,0.0044851627400000005,0.000410480729,0.003688235,79.435963,0.0044851627400000005,0.000410480729,0.004097327999999999,1.8941399999999998e-06,1.86693e-05,0.009895155000000001,0.6100465,0.0012659850999999999,-0.001713104,-0.002404259,7.692477e-07,9.599200000000001e-06
73,1608417600,1.092416,1.0924339999999997,-0.0017093458000000002,-1.3304240000000003,1.6480260000000002,0.9200275999999998,1.5320340000000001,1.459169,0.0052157639999999995,0.4447749,1.811186e-05,1.4653916e-06,1.55306052e-06,1.9160283e-06,2.6223245e-06,3.3592397e-06,5.359576999999999e-06,1.1311582999999999e-05,0.31523599999999996,0.2306877,0.00024228699999999997,102.6893,92.3129,3.624879e-05,6.401467000000001,0.01640617,11.632470000000001,0.0038668364199999994,0.0003538585046,0.02611272,28.08211,0.0038668364199999994,0.0003538585046,0.0064928780000000005,65.537454,0.0038668364199999994,0.0003538585046,0.003251734,67.03432740000001,0.0038668364199999994,0.0003538585046,0.004087876999999999,1.9637300000000003e-06,1.865325e-05,0.0031624799999999996,0.6175127,0.0015844178000000001,-0.0016854020000000001,-0.002375998,7.838461000000002e-07,9.540040999999999e-06
73,1608418200,1.1158069999999998,1.115822,-0.0004614106000000001,-1.349716,1.656576,0.9342043,1.542873,1.467195,0.006942667,0.45833770000000007,1.9428919999999998e-05,3.0061512e-06,3.2052785e-06,3.9109483e-06,4.849933e-06,6.124986e-06,9.292815e-06,1.7897565e-05,0.3280408,0.22954270000000002,0.0002639369,99.24803,91.33713999999999,3.6998940000000005e-05,6.494254000000001,0.01640861,11.7998,0.0034159987,0.00031245604,0.026499440000000003,28.91801,0.0034159987,0.00031245604,0.0068049949999999994,61.589608999999996,0.0034159987,0.00031245604,0.0035890240000000006,62.72076300000001,0.0034159987,0.00031245604,0.004077104,2.3566589999999997e-06,1.8916989999999998e-05,0.004334808,1.8148347,0.0036348040000000006,-0.00150767,-0.002181551,8.064398e-07,1.0204924000000002e-05
73,1608418800,1.6090879999999999,1.609106,5.504988e-05,-1.5331019999999997,1.9049070000000001,1.1700690000000002,1.765402,1.681362,0.010129556,0.6592597,1.8830149999999998e-05,2.4531787e-06,2.51300976e-06,3.1344150999999997e-06,4.2659897e-06,5.3845331e-06,8.6121573e-06,1.8237497e-05,0.5724787,0.2317516,0.0002620891,93.58680000000001,78.97703999999999,5.344163e-05,5.920705,0.02019668,16.944339999999997,0.0045149545099999995,0.00041316043999999996,0.03503774999999999,50.49372000000001,0.0045149545099999995,0.00041316043999999996,0.006778897000000001,76.57597799999999,0.0045149545099999995,0.00041316043999999996,0.0037089780000000004,78.37264900000001,0.0045149545099999995,0.00041316043999999996,0.004094855,2.6960759999999997e-06,1.939725e-05,-0.001447896999999999,1.6238320000000002,0.003644665999999999,-0.0012730810000000001,-0.0020145499999999995,7.493881e-07,1.0193096000000001e-05
73,1608419400,1.5301360000000002,1.5301529999999999,-5.1748860000000006e-05,-1.509566,1.8516939999999997,1.1348930000000002,1.7355890000000003,1.651964,0.006768975999999999,0.6202353,1.803786e-05,1.6565648000000002e-06,1.6247638200000001e-06,1.9583446e-06,2.8058975e-06,3.3237599999999996e-06,5.1699766e-06,1.1303765e-05,0.5328695999999999,0.2319047,0.0002582983,103.67551999999998,80.38338000000002,5.083617e-05,6.269862,0.019749620000000002,16.276069999999997,0.0023817247100000006,0.00021763939100000003,0.033925439999999994,47.28153,0.0023817247100000006,0.00021763939100000003,0.006095430000000001,46.091553,0.0023817247100000006,0.00021763939100000003,0.003005486,46.609004,0.0023817247100000006,0.00021763939100000003,0.0040773730000000005,2.432223e-06,1.9022400000000003e-05,0.009528072,0.5995798999999999,0.0025855311999999995,-0.0013706970000000001,-0.0021089710000000003,7.678988000000001e-07,1.0147594e-05
73,1608420000,1.6469349999999998,1.646952,-0.00034249629999999996,-1.535998,1.907644,1.1841519999999999,1.789555,1.701951,0.008983535999999999,0.6719252000000001,1.9125700000000002e-05,2.6930229e-06,2.7757381e-06,3.3393758000000005e-06,4.6475395000000005e-06,5.794420399999999e-06,9.0253082e-06,1.8868145000000006e-05,0.5883782,0.2347559,0.0002751187,98.38521,78.59542,5.4666969999999995e-05,6.281161,0.02047436,17.434359999999998,0.005375660680000001,0.000492047873,0.03560742,52.10878,0.005375660680000001,0.000492047873,0.0073051470000000005,94.847226,0.005375660680000001,0.000492047873,0.004250231,96.946999,0.005375660680000001,0.000492047873,0.0041038540000000005,2.598002e-06,1.9384559999999998e-05,0.022778619,2.8048016,0.005500229000000001,-0.0013228369999999999,-0.002067186,7.951231e-07,1.0308192999999998e-05
73,1608420600,1.597348,1.597366,0.000297117,-1.4988000000000001,1.929096,1.15971,1.79128,1.6799030000000001,0.009061804000000001,0.6518170000000001,1.809634e-05,1.6146959999999997e-06,1.6374947e-06,2.0739764e-06,3.1698616e-06,4.053843600000001e-06,6.984054200000001e-06,1.6056374e-05,0.564824,0.23353030000000002,0.00027872169999999997,96.73879000000002,79.32619,5.3036860000000004e-05,6.261432,0.02001095,16.98295,0.0043974707,0.00040237353000000003,0.0349579,50.323170000000005,0.0043974707,0.00040237353000000003,0.007028869,76.33957799999999,0.0043974707,0.00040237353000000003,0.00395838,78.075572,0.0043974707,0.00040237353000000003,0.004094408,2.50832e-06,1.9214069999999997e-05,0.039339410000000005,0.6203125,0.004074537,-0.001363925,-0.0020986090000000004,7.709419e-07,9.755456000000001e-06
73,1608421200,1.567944,1.567962,0.005205650000000001,-1.439677,2.1218150000000002,1.1437579999999998,1.876333,1.58236,0.013420118,0.6497185,1.8423280000000002e-05,2.1107265e-06,2.2035139e-06,2.6904667999999998e-06,4.0165559999999994e-06,5.834329e-06,7.88011e-06,1.6263415000000002e-05,0.560634,0.2230336,0.00025789750000000005,96.08643,78.53307,5.209043e-05,6.238091,0.019280850000000002,16.66264,0.0038557461299999997,0.000352726416,0.034717529999999996,49.60259,0.0038557461299999997,0.000352726416,0.00696788,73.426978,0.0038557461299999997,0.000352726416,0.003924022,74.613168,0.0038557461299999997,0.000352726416,0.004154242000000001,4.725714e-06,2.12903e-05,-0.08006671800000001,21.937953,0.02045462,-0.000973254112,-0.0017405657000000001,2.1886669999999996e-06,2.017308e-05
73,1608421800,1.3556829999999997,1.355699,0.0027159700000000003,-1.51337,1.789779,1.0700429999999999,1.630361,1.56031,0.007660709999999999,0.5570725999999999,1.86964e-05,2.3510841e-06,2.4309904999999995e-06,2.9360783999999993e-06,4.018348600000001e-06,4.9962819e-06,7.856789999999998e-06,1.5742642999999998e-05,0.4719592,0.20558739999999998,0.0002420828,97.35542000000001,80.40473,4.502127e-05,6.247208,0.01841135,14.41471,0.00314347881,0.000287527606,0.031928290000000005,41.90253,0.00314347881,0.000287527606,0.006486569,59.478632000000005,0.00314347881,0.000287527606,0.0033592709999999996,60.376229,0.00314347881,0.000287527606,0.004093867999999999,2.67495e-06,1.924561e-05,-0.0508212844,9.370328500000001,0.007959012100000001,-0.001475374,-0.00217328,1.2010228e-06,1.2798411999999999e-05
73,1608422400,1.324259,1.324273,0.001917428,-1.482739,1.7465420000000003,1.0510769999999998,1.6271359999999997,1.559035,0.008941834999999999,0.5439117,1.838635e-05,1.9335368e-06,1.99425502e-06,2.3511836e-06,3.2453848000000002e-06,4.0157044e-06,6.1735116e-06,1.2788019999999998e-05,0.4540509999999999,0.20779540000000002,0.0002416135,99.85006999999999,81.45912000000001,4.3987980000000005e-05,6.247190999999999,0.018283419999999998,14.12936,0.004495893920000001,0.00041145764899999996,0.03137526,40.550850000000004,0.004495893920000001,0.00041145764899999996,0.007012735000000001,77.16620400000001,0.004495893920000001,0.00041145764899999996,0.0038594460000000003,79.03312100000001,0.004495893920000001,0.00041145764899999996,0.004102624000000001,2.4616590000000004e-06,1.9159380000000004e-05,-0.004642207900000002,9.9841637,0.008554634299999999,-0.0015578690000000001,-0.0022308989999999997,1.1005363e-06,1.2643257e-05
73,1608423000,1.401446,1.401462,-0.00020082741199999995,-1.5262280000000001,1.8172679999999999,1.0903690000000001,1.6567260000000001,1.582285,0.008248796999999999,0.5775957999999999,1.720973e-05,1.071131e-06,1.1303459e-06,1.5971927e-06,2.7218370000000003e-06,3.7741479999999996e-06,6.672526e-06,1.5146221e-05,0.4909827,0.20940280000000003,0.00029726920000000003,98.34814,79.96322,4.6521639999999995e-05,6.523475,0.01890894,15.00879,0.00097065989,8.8313067e-05,0.03261518000000001,43.734899999999996,0.00097065989,8.8313067e-05,0.0058445350000000005,26.462382,0.00097065989,8.8313067e-05,0.0027424,26.003785,0.00097065989,8.8313067e-05,0.004118780999999999,3.844785e-06,2.021085e-05,-0.107304745,28.701812999999998,0.02048463,-0.001363764,-0.0020948390000000002,2.424568e-06,2.0645690000000004e-05
73,1608423600,1.601905,1.6019219999999996,-0.00237395717,-1.5376869999999998,1.9967859999999997,1.1689910000000001,1.779504,1.6287880000000001,0.010888174,0.6643285000000001,1.78603e-05,1.6111475999999998e-06,1.6992967999999998e-06,2.2569314000000003e-06,3.5500594000000002e-06,4.5655633e-06,7.73985e-06,1.6575245999999996e-05,0.5888557999999999,0.21179160000000002,0.00026268209999999996,95.16844,76.73046,5.3212600000000006e-05,6.076135,0.02041183,17.08389,0.00161206182,0.000147054688,0.035567360000000006,52.16898,0.00161206182,0.000147054688,0.006187227,34.97921,0.00161206182,0.000147054688,0.0031368689999999996,35.079060000000005,0.00161206182,0.000147054688,0.004197641,5.403349e-06,2.1962589999999998e-05,0.04842953,32.908519999999996,0.025144099999999996,-0.0011696672,-0.001915795,3.4554860000000002e-06,2.813063e-05
73,1608424200,1.606576,1.60659,-0.0007217961,-1.5417520000000002,2.012125,1.172698,1.7800279999999997,1.643564,0.0099272,0.6602332000000002,2.0329800000000003e-05,4.192127e-06,4.4028705e-06,5.279161900000001e-06,7.193475999999999e-06,9.156737000000001e-06,1.3700984999999997e-05,2.5132687000000002e-05,0.5934547,0.20949800000000002,0.00025590819999999996,98.03894,76.14215,5.331978000000001e-05,6.506017,0.0205743,17.38076,0.0044994934099999995,0.000411754437,0.03581782,52.76897,0.0044994934099999995,0.000411754437,0.006514650999999999,73.7171436,0.0044994934099999995,0.000411754437,0.0034810389999999996,75.53495199999999,0.0044994934099999995,0.000411754437,0.004270181999999999,7.291335000000001e-06,2.385383e-05,-0.0937888842,37.71554999999999,0.02777079,-0.001065056,-0.0018717830000000001,4.766055e-06,3.302988e-05
73,1608424800,1.5291810000000001,1.5291989999999998,0.0012356553,-1.509328,1.968473,1.1360949999999999,1.7442900000000001,1.642811,0.008893835,0.6291874,1.8102159999999998e-05,1.8756550999999999e-06,2.0082611e-06,2.743484e-06,4.217186e-06,5.979658999999999e-06,9.755336999999999e-06,2.0054377999999995e-05,0.5454418,0.21880480000000002,0.0002900078,98.13565,78.73642,5.073966e-05,6.44982,0.01990853,16.47404,0.0024825547000000003,0.00022686625900000001,0.03425382,48.25708,0.0024825547000000003,0.00022686625900000001,0.0060967899999999995,46.006264,0.0024825547000000003,0.00022686625900000001,0.003020981,46.551655000000004,0.0024825547000000003,0.00022686625900000001,0.0042719659999999994,7.3874269999999995e-06,2.38935e-05,-0.183265069,35.719989999999996,0.02644398,-0.0010969763,-0.0019091789999999998,4.612351e-06,2.9337320000000006e-05
73,1608425400,1.5612650000000001,1.5612840000000001,0.001371994,-1.5144170000000001,2.0035369999999997,1.1495959999999998,1.76364,1.645663,0.011889424999999999,0.6483511,1.8443979999999997e-05,2.3279652000000004e-06,2.4961817e-06,3.2793208000000006e-06,5.000909e-06,7.066927000000001e-06,1.1477038e-05,2.2723559e-05,0.5595416,0.22073749999999998,0.00029511450000000003,95.88147999999998,78.39089999999999,5.181904e-05,6.440823,0.02013743,16.7591,0.003332384200000001,0.000304781057,0.03469222000000001,49.49311999999999,0.003332384200000001,0.000304781057,0.006555816000000001,61.85602499999999,0.003332384200000001,0.000304781057,0.0035302389999999997,62.831065,0.003332384200000001,0.000304781057,0.0042645619999999995,7.337727000000001e-06,2.3775420000000004e-05,0.058991870000000016,35.21937,0.02737968,-0.001072147,-0.001896225,4.587747e-06,3.112284000000001e-05
73,1608426000,1.713396,1.7134130000000003,0.00024999311999999996,-1.560726,2.075351,1.215125,1.822218,1.6916769999999999,0.010976538000000001,0.7055854,1.7515160000000002e-05,1.4628781e-06,1.5499441e-06,2.1225837e-06,3.6746610000000006e-06,5.132569999999999e-06,8.5451e-06,1.7928046000000004e-05,0.6282864,0.22805660000000003,0.00030247110000000005,97.95073,76.70736,5.689061e-05,6.198519,0.0211276,18.38442,0.0026517501,0.0002424131967,0.03678364,55.53929999999999,0.0026517501,0.0002424131967,0.006722931,59.3765215,0.0026517501,0.0002424131967,0.003711174,59.61306939999999,0.0026517501,0.0002424131967,0.0042696060000000004,7.665826e-06,2.412156e-05,-0.018106920000000006,34.3091,0.02903895,-0.0009625511,-0.0017953980000000001,4.829967000000001e-06,3.271295e-05
73,1608426600,1.8952070000000003,1.895225,0.000792885149,-1.5658109999999998,2.1869560000000003,1.277824,1.9283830000000002,1.7658909999999999,0.013793620000000001,0.7835216999999999,1.8925520000000002e-05,2.6750595000000005e-06,2.7391918e-06,3.4911483999999997e-06,5.176808e-06,6.766554999999999e-06,1.0886403999999999e-05,2.157097e-05,0.7171120999999999,0.23012639999999998,0.0003049478,97.00887,74.37346,6.292092e-05,6.231455,0.022130280000000002,20.128539999999997,0.0024813183000000003,0.00022669626000000002,0.03920368,63.13337,0.0024813183000000003,0.00022669626000000002,0.006395925000000001,47.504918,0.0024813183000000003,0.00022669626000000002,0.0034320799999999997,48.13917500000001,0.0024813183000000003,0.00022669626000000002,0.004289083000000001,7.850276e-06,2.445266e-05,0.09545695,31.40929,0.02743167,-0.0008624003000000001,-0.0016989449999999999,4.6755989999999995e-06,2.9247209999999997e-05
73,1608427200,1.8344769999999997,1.834495,-0.0012487182,-1.586823,2.1330280000000004,1.2605009999999999,1.86377,1.7637530000000001,0.016294787999999998,0.7652203999999999,1.789621e-05,1.9669077e-06,2.0653131e-06,2.850012e-06,4.758447e-06,6.7546350000000004e-06,1.1787175000000001e-05,2.4954129999999998e-05,0.6896132,0.22720239999999997,0.0003637284,93.94300000000001,74.87589,6.087247000000001e-05,6.488114999999999,0.02169249,19.586869999999998,0.0027064073700000003,0.000247353599,0.038493,60.900479999999995,0.0027064073700000003,0.000247353599,0.006444224,53.979349,0.0027064073700000003,0.000247353599,0.003490787,54.57671700000001,0.0027064073700000003,0.000247353599,0.004273795,8.071626e-06,2.446853e-05,-0.06584992,32.19594,0.02686401,-0.0008543198,-0.001718111,4.726518999999999e-06,3.000565e-05
73,1608427800,1.911947,1.911964,0.0003786811,-1.6168600000000002,2.117463,1.29155,1.875582,1.8010680000000001,0.018774036,0.7977599000000001,1.997003e-05,3.7406677000000006e-06,3.8473835e-06,4.7856505e-06,6.757926e-06,8.885777000000001e-06,1.3636962e-05,2.6571194e-05,0.7305442,0.22505610000000004,0.0002965839,94.83977,73.66866999999999,6.348564999999998e-05,6.224693,0.022070990000000002,20.258380000000002,0.0036383870899999995,0.000332829312,0.03950714000000001,64.16971,0.0036383870899999995,0.000332829312,0.006429908,63.53997199999999,0.0036383870899999995,0.000332829312,0.0035062899999999996,64.803713,0.0036383870899999995,0.000332829312,0.004282049000000001,7.955986000000001e-06,2.4490249999999998e-05,-0.09338234000000001,32.47513,0.02755452,-0.0008621541,-0.0017038519999999998,4.739499e-06,3.1383060000000005e-05
73,1608428400,1.912335,1.912351,0.0013650122999999998,-1.5907360000000001,2.198204,1.287894,1.9099329999999999,1.7835150000000002,0.012543622,0.7876231,1.933615e-05,3.2264509999999996e-06,3.3298684e-06,4.1387871e-06,5.883356999999999e-06,7.4974069999999996e-06,1.1401718e-05,2.1981420999999997e-05,0.7268276,0.22899950000000002,0.00027517229999999995,96.95147,74.04584,6.351827e-05,6.23011,0.02197392,20.48384,0.0044880457,0.0004106504499999999,0.03955795,64.33146,0.0044880457,0.0004106504499999999,0.007003484999999999,78.448786,0.0044880457,0.0004106504499999999,0.004078887000000001,80.189238,0.0044880457,0.0004106504499999999,0.004302183999999999,8.438752000000002e-06,2.498396e-05,0.07804409999999999,33.766890000000004,0.028524000000000004,-0.000830522,-0.001722212,5.022848e-06,3.144764e-05
73,1608429000,2.301378,2.3013959999999996,-0.0011573467499999999,-1.661242,2.291733,1.4214090000000001,2.015726,1.911993,0.023642673000000003,0.9588338000000001,2.3319409999999996e-05,7.399944399999999e-06,7.796379200000001e-06,9.31514e-06,1.243592e-05,1.6244875e-05,2.4364923e-05,4.66586e-05,0.9298862,0.22034720000000002,0.00032313009999999996,89.03026,69.78879,7.639029e-05,6.487281,0.024270889999999996,24.460429999999995,0.0015717020700000005,0.000143402293,0.04443273,81.97429000000001,0.0015717020700000005,0.000143402293,0.006261721,45.2439214,0.0015717020700000005,0.000143402293,0.003361642,44.674726299999996,0.0015717020700000005,0.000143402293,0.004324206,8.949149e-06,2.5617519999999998e-05,-0.006564498999999999,29.159180000000003,0.028191630000000002,-0.0005980676000000001,-0.0014670929999999998,4.823891e-06,3.123307e-05
73,1608429600,2.9721610000000003,2.9721759999999997,-0.00055816866,-1.73969,2.496565,1.6332010000000001,2.2155310000000004,2.108802,0.01964856,1.2248959999999998,1.87217e-05,2.6757013e-06,2.7490150000000005e-06,4.0388544e-06,7.142348000000001e-06,1.0166666999999998e-05,1.8281317e-05,4.0992937e-05,1.283938,0.20162529999999998,0.00042367869999999995,86.56278999999998,63.637570000000004,9.871801000000001e-05,6.152147,0.027891360000000004,31.537850000000002,0.00280104288,0.00025589944400000004,0.05252916,113.3084,0.00280104288,0.00025589944400000004,0.007058706,64.721038,0.00280104288,0.00025589944400000004,0.004277952,64.922437,0.00280104288,0.00025589944400000004,0.004352827,9.810641e-06,2.6602199999999997e-05,0.033739,23.839949999999998,0.028958479999999998,-0.00020542210999999997,-0.0010754499000000001,4.699253000000001e-06,3.145158e-05
73,1608430200,3.04051,3.040527,0.0003456681999999999,-1.7439959999999999,2.5306900000000003,1.6545079999999999,2.2379569999999998,2.136854,0.015487215000000002,1.2424050000000002,2.2145110000000003e-05,6.145404e-06,6.394232e-06,7.782870000000001e-06,1.1006217e-05,1.4072883e-05,2.1998340000000002e-05,4.337497e-05,1.3118880000000002,0.2078724,0.000375779,87.13165000000001,63.759130000000006,0.00010098367999999999,6.453704999999999,0.02817903,32.215410000000006,0.00220985029,0.00020174538699999997,0.05307736,115.60949999999998,0.00220985029,0.00020174538699999997,0.006474737999999999,49.417063999999996,0.00220985029,0.00020174538699999997,0.003687126,49.685050000000004,0.00220985029,0.00020174538699999997,0.00434668,9.889804e-06,2.6613040000000004e-05,-0.05500165,24.233669999999996,0.028939570000000005,-0.00018583559000000003,-0.0010516607999999999,5.216854e-06,3.475473e-05
73,1608430800,2.87578,2.875797,-0.000881589,-1.72866,2.4454890000000002,1.605836,2.192919,2.0922640000000006,0.02322332,1.1829560000000001,1.772376e-05,1.6628616000000002e-06,1.6465103000000001e-06,2.6767096e-06,5.296524999999999e-06,7.609646e-06,1.3845079999999998e-05,3.1807693999999994e-05,1.2258989999999998,0.2115058,0.0004179209,90.35556999999999,64.78577,9.551225000000001e-05,6.081905,0.027474270000000002,30.322659999999996,0.00056184464,5.0779303e-05,0.05124938,107.7725,0.00056184464,5.0779303e-05,0.006384540000000001,38.74598,0.00056184464,5.0779303e-05,0.003576953,37.50696,0.00056184464,5.0779303e-05,0.004335329000000001,9.729108e-06,2.6400099999999998e-05,0.05540774,24.60972,0.0291162,-0.00026598210000000004,-0.001104369,5.106646e-06,3.090108e-05
73,1608431400,2.555137,2.555155,0.0011764532000000001,-1.6982329999999997,2.4184480000000006,1.511479,2.0996879999999996,2.001548,0.012897350999999998,1.045821,1.9222729999999997e-05,3.3131402e-06,3.4870156000000005e-06,4.771894e-06,7.654677e-06,1.0759413e-05,1.8803128e-05,3.9514099000000006e-05,1.0495290000000002,0.22752280000000003,0.0004237264,90.20445,67.87895999999999,8.481419999999999e-05,6.421604,0.02558933,27.001960000000004,0.005809850199999999,0.00053174173,0.04747164,92.50268,0.005809850199999999,0.00053174173,0.0076095320000000004,107.136993,0.005809850199999999,0.00053174173,0.004805367,109.204017,0.005809850199999999,0.00053174173,0.004320573999999999,9.109913e-06,2.57915e-05,-0.124397783,26.34821,0.02923771,-0.0004198894,-0.001292261,4.671206999999999e-06,3.0834929999999994e-05
73,1608432000,2.371117,2.371136,0.0008274692,-1.6840350000000002,2.360473,1.451802,2.0624510000000003,1.915559,0.018579552,0.9844757,1.901602e-05,2.992858e-06,2.9958263999999994e-06,3.8319624e-06,5.850699e-06,7.547615000000001e-06,1.2162687999999998e-05,2.4717906000000002e-05,0.9755077000000002,0.20966649999999998,0.00031671659999999997,92.30486999999998,67.75694,7.877660000000001e-05,6.164019999999999,0.02466914,25.1486,0.0057397249000000015,0.00052533101,0.045784649999999996,86.08863,0.0057397249000000015,0.00052533101,0.007135048000000001,96.61101,0.0057397249000000015,0.00052533101,0.0042883,98.98724999999999,0.0057397249000000015,0.00052533101,0.004323628000000001,8.699148999999998e-06,2.5438119999999998e-05,-0.002299950999999996,26.568240000000003,0.02884423,-0.0005693580000000001,-0.001432413,4.508456000000001e-06,2.9240830000000002e-05
73,1608432600,2.2921190000000005,2.292135,0.003663083,-1.677955,2.349524,1.4256939999999998,2.027088,1.897558,0.022598469,0.9526050000000001,2.0567220000000003e-05,4.3388529e-06,4.4978964e-06,5.6037843e-06,8.298942000000001e-06,1.0827436e-05,1.7789142e-05,3.4428538e-05,0.9346722000000002,0.21087419999999998,0.0004157051,86.72704999999999,68.46357,7.615384999999999e-05,6.159763,0.024377990000000002,24.647020000000005,0.004661925629999999,0.000426573644,0.04495979,83.17049,0.004661925629999999,0.000426573644,0.0070406060000000005,84.497417,0.004661925629999999,0.000426573644,0.004166715,86.09711999999999,0.004661925629999999,0.000426573644,0.004331339000000001,9.294212e-06,2.5981339999999997e-05,-0.25068835000000006,31.55263,0.029079769999999998,-0.0005795102,-0.0014217390000000002,5.4387830000000005e-06,3.8833919999999996e-05
73,1608433200,1.8387120000000003,1.838727,0.004963606000000001,-1.624219,2.194828,1.2706129999999998,1.8698079999999997,1.7052529999999997,0.011268338,0.7570853999999999,2.0434429999999997e-05,4.192849000000001e-06,4.491101e-06,5.490919799999999e-06,7.512938999999999e-06,1.0117409e-05,1.5776114e-05,3.0085291e-05,0.7175768,0.20130979999999998,0.0003820031,93.06146000000001,71.98161,6.104064000000002e-05,6.37561,0.02157355,19.785019999999996,0.0034442276200000004,0.000314962286,0.039333810000000004,63.58815,0.0034442276200000004,0.000314962286,0.00662971,61.346424999999996,0.0034442276200000004,0.000314962286,0.0036380169999999995,62.50389299999999,0.0034442276200000004,0.000314962286,0.004329471,8.272117e-06,2.511242e-05,0.075405982,30.936339999999994,0.027504050000000002,-0.0008713385000000001,-0.001702248,4.451578e-06,2.816963e-05
73,1608433800,1.6697980000000001,1.6698160000000002,0.00294854,-1.546707,2.189055,1.200538,1.8678579999999996,1.610071,0.011965845999999999,0.6868282,2.063926e-05,4.3079577e-06,4.5974999e-06,5.6611493e-06,7.861605999999999e-06,1.0409161e-05,1.6367963999999998e-05,3.103981e-05,0.6318680000000001,0.2026389,0.0003054634,91.40089,74.34089,5.540014999999999e-05,6.447855,0.02029611,17.93178,0.0022169148,0.00020247371,0.03690415,55.93641,0.0022169148,0.00020247371,0.006345778000000001,41.951039,0.0022169148,0.00020247371,0.00331839,42.32041099999999,0.0022169148,0.00020247371,0.004318980000000001,7.999303999999999e-06,2.475548e-05,-0.052352909999999996,34.14071,0.028947100000000003,-0.0010328564,-0.0018671389999999999,4.953011e-06,3.1702540000000006e-05
73,1608434400,1.6330389999999997,1.6330569999999998,0.0024728477,-1.551037,2.144879,1.1875399999999998,1.838196,1.5973970000000002,0.009752331000000001,0.6720571000000001,2.615801e-05,1.25589606e-05,1.2090440200000001e-05,1.2652470199999999e-05,1.4374027e-05,1.6873880999999996e-05,2.3346093000000004e-05,3.9700875e-05,0.613295,0.20275790000000002,0.00032268149999999996,90.69059,74.93751,5.417325e-05,6.6072359999999986,0.02003248,18.20073,0.0012810521,0.00011939221000000001,0.036264630000000006,54.272450000000006,0.0012810521,0.00011939221000000001,0.006105659,27.055937,0.0012810521,0.00011939221000000001,0.003121776,27.192561,0.0012810521,0.00011939221000000001,0.004471982000000001,6.272944100000002e-05,7.95314e-05,3.9313141600000003,232.39092,0.15929345,-0.0008748892000000001,-0.0018008025,0.000265402475,0.00282881561
73,1608435000,1.630372,1.630387,0.0022243821,-1.5277509999999999,2.165578,1.1839530000000003,1.8635069999999998,1.587648,0.016944641,0.6824249,1.8509109999999996e-05,2.2031043999999996e-06,2.2520637e-06,3.0003627e-06,4.755172e-06,6.389543e-06,1.0349946e-05,2.0227454e-05,0.6145719000000001,0.20025429999999997,0.0003008917,93.88709,74.65032,5.416029e-05,6.206484000000001,0.019884580000000002,17.43875,0.00104158489,9.478816100000001e-05,0.03629862,54.19589,0.00104158489,9.478816100000001e-05,0.005785589,26.552970800000004,0.00104158489,9.478816100000001e-05,0.0027592860000000006,26.3341547,0.00104158489,9.478816100000001e-05,0.004332814,8.793557e-06,2.546426e-05,0.15998318,43.75874,0.03681792,-0.0009670982999999999,-0.001846201,6.218031e-06,4.6567449999999994e-05
73,1608435600,1.657666,1.6576839999999997,0.0029621829999999997,-1.5134900000000002,2.2031560000000003,1.1911429999999998,1.88642,1.6110849999999999,0.012066027999999998,0.6872375,1.814609e-05,1.6286648e-06,1.7577417000000002e-06,2.5159755999999997e-06,4.260991999999999e-06,6.215216e-06,1.019317e-05,2.1251114999999998e-05,0.6238859,0.20456500000000002,0.00032877020000000005,93.21892,74.81456,5.5062310000000004e-05,6.2928489999999995,0.01982296,17.47493,0.00261882488,0.000239345248,0.036395090000000005,54.43533,0.00261882488,0.000239345248,0.0064293119999999995,51.67157999999999,0.00261882488,0.000239345248,0.0034097570000000002,52.250147000000005,0.00261882488,0.000239345248,0.004364522000000001,8.836884999999999e-06,2.5706049999999998e-05,-0.019046857000000004,34.789289999999994,0.03072859,-0.0009774103,-0.001865251,5.706119e-06,3.705827e-05
73,1608436200,1.62104,1.6210550000000001,0.0047170499999999995,-1.4572729999999996,2.217818,1.170499,1.916983,1.616975,0.011529718999999999,0.6694748,2.055278e-05,4.2030417e-06,4.4750084e-06,5.3685722e-06,7.399881e-06,9.725523e-06,1.4454946e-05,2.6715742e-05,0.6022152000000001,0.2078979,0.00032913389999999994,95.18082999999999,75.80438999999998,5.381473e-05,6.492151,0.01943134,17.11875,0.0017488960000000002,0.00015958112,0.03570703,52.35086,0.0017488960000000002,0.00015958112,0.0060582990000000005,34.67778800000001,0.0017488960000000002,0.00015958112,0.0030617669999999995,34.811651999999995,0.0017488960000000002,0.00015958112,0.004323151,8.253263e-06,2.4972009999999998e-05,-0.08326632000000002,35.15353,0.02887163,-0.0010035378000000001,-0.0018547050000000003,5.041602999999999e-06,3.211604e-05
73,1608436800,1.6570130000000003,1.657028,0.006069762,-1.445209,2.277819,1.183689,1.954709,1.6561999999999997,0.016019633,0.6925361,1.907378e-05,2.7518083999999996e-06,2.9317165000000004e-06,3.865503799999999e-06,5.745627e-06,7.824977e-06,1.3030604000000001e-05,2.6162067000000005e-05,0.6259463000000001,0.2021239,0.0003697857,92.14005,74.6292,5.5001239999999994e-05,6.4237020000000005,0.01955096,17.44568,0.0014310435,0.00013044399999999999,0.03642551000000001,54.592600000000004,0.0014310435,0.00013044399999999999,0.006285099999999999,36.50111,0.0014310435,0.00013044399999999999,0.003291075,36.28868,0.0014310435,0.00013044399999999999,0.004299393,7.683248999999999e-06,2.43383e-05,-0.04740234,35.81461,0.028072410000000003,-0.0011103535,-0.001928771,4.9341310000000005e-06,3.2233720000000004e-05
73,1608437400,1.6530280000000002,1.653044,0.0018313044,-1.4915230000000002,2.230493,1.1892809999999998,1.9204339999999998,1.6321249999999998,0.017472855000000002,0.6992573999999999,1.7848050000000003e-05,1.509763e-06,1.6265999e-06,2.403651e-06,4.176129e-06,6.2272750000000004e-06,1.0664388000000001e-05,2.3366559999999998e-05,0.6328448000000001,0.1932642,0.00035034560000000005,92.92361000000001,73.50390999999999,5.482925e-05,6.451773,0.01976144,17.5278,0.0028893971,0.00026411352,0.03672427,55.404740000000004,0.0028893971,0.00026411352,0.006664313,52.11268,0.0028893971,0.00026411352,0.003674844,52.97988,0.0028893971,0.00026411352,0.0043045159999999996,7.44726e-06,2.421005e-05,-0.054753079999999996,34.30199,0.028613069999999997,-0.0010945306,-0.001931062,4.669839999999999e-06,3.2594250000000004e-05
73,1608438000,1.69842,1.698438,-0.0005168077999999997,-1.5016279999999997,2.2274919999999994,1.206113,1.940235,1.6404899999999998,0.011067715999999998,0.7048597,2.0279429999999996e-05,3.9364448e-06,4.141889e-06,5.0965127e-06,7.125049999999999e-06,9.519073e-06,1.4796901000000003e-05,2.8906771e-05,0.6532239,0.1955702,0.0003360302,89.94144,73.11316,5.6384160000000005e-05,6.369887,0.02018761,18.11328,0.0029700658,0.00027151403000000003,0.03747549,57.701930000000004,0.0029700658,0.00027151403000000003,0.006740916999999999,56.959773999999996,0.0029700658,0.00027151403000000003,0.0037364329999999995,57.706991,0.0029700658,0.00027151403000000003,0.004309895,7.474893000000001e-06,2.4263980000000002e-05,-0.03570432,32.569630000000004,0.02691462,-0.0010791878,-0.0019184490000000002,4.581092999999998e-06,2.8894420000000004e-05
73,1608438600,1.56503,1.5650490000000001,0.0017914510000000001,-1.506679,2.166442,1.158013,1.8487679999999997,1.570772,0.012783728,0.6512097,1.8941329999999996e-05,2.6735723e-06,2.7951238e-06,3.5599458e-06,5.272534e-06,7.2647679999999994e-06,1.1426644e-05,2.2572800999999998e-05,0.5940047999999999,0.18813749999999999,0.0003092914,94.93821,74.12404,5.197655e-05,6.294427000000001,0.01938734,16.75328,0.00427348714,0.00039104683299999996,0.03573348,52.51696,0.00427348714,0.00039104683299999996,0.0067375199999999994,72.610835,0.00427348714,0.00039104683299999996,0.0036970199999999996,74.214515,0.00427348714,0.00039104683299999996,0.004293804,7.277155e-06,2.39623e-05,0.06640903000000001,33.999590000000005,0.02615633,-0.001171736,-0.001966673,4.362097e-06,2.84382e-05
73,1608439200,1.8204930000000001,1.82051,0.001249480495,-1.3646618,2.7588839999999997,1.20208,2.0182,1.7178170000000001,0.096685526,0.863021,1.866403e-05,2.8830044999999996e-06,4.2660221000000004e-06,1.0487049499999998e-05,1.6731854e-05,2.3153784000000005e-05,4.3298916000000004e-05,7.277388400000001e-05,0.7400949000000001,0.16923939000000002,0.0007340776000000001,87.76277999999999,71.98402,6.038742e-05,6.549716999999999,0.020543080000000002,21.47646,0.00239204345,0.000218517584,0.03833612,65.36394999999999,0.00239204345,0.000218517584,0.006774243000000001,52.634486,0.00239204345,0.000218517584,0.003769232,53.181797,0.00239204345,0.000218517584,0.004615770999999999,6.253764399999999e-05,7.933627999999999e-05,-0.11200828999999998,88.81215,0.10582936000000001,-0.0009331466000000001,-0.0018909407,0.000117369069,0.0009162768199999999
73,1608439800,1.6469990000000003,1.6470150000000001,0.002328264,-1.3783900000000002,2.8342989999999997,1.172205,1.9586459999999999,1.671651,0.05007311099999999,0.9150967000000001,2.0322239999999996e-05,4.742717799999999e-06,6.0060352e-06,9.750208900000002e-06,1.3821162e-05,1.4195184e-05,3.5255235e-05,4.9263145e-05,0.6340012999999999,0.1888033,0.0005550398000000001,93.30149,73.06454,5.460367999999999e-05,6.5699190000000005,0.01969504,19.155039999999996,0.0031870570800000006,0.000291499965,0.03679867999999999,56.03338,0.0031870570800000006,0.000291499965,0.006657979,58.108931000000005,0.0031870570800000006,0.000291499965,0.0036700490000000003,59.11279,0.0031870570800000006,0.000291499965,0.004482108,4.6375284e-05,6.311694000000001e-05,-0.39435465999999997,185.22794000000002,0.12060191,-0.0010486992,-0.001953518,0.00012002403499999998,0.00115122625
73,1608440400,1.7207329999999998,1.720751,0.0009012423,-1.3463886999999999,2.765822,1.186434,1.999785,1.657137,0.11000085199999998,0.8721239000000001,1.8567130000000003e-05,3.1878814000000003e-06,4.7492092000000005e-06,7.933741e-06,1.5402411e-05,2.7491563999999998e-05,4.317695e-05,7.7484394e-05,0.6832376,0.17612339999999999,0.0008137449999999999,93.28575,71.79243,5.703862000000001e-05,6.497685,0.02036548,21.85865,0.0036559920600000005,0.00033450737200000003,0.03745582,60.716899999999995,0.0036559920600000005,0.00033450737200000003,0.006758194999999999,66.149738,0.0036559920600000005,0.00033450737200000003,0.003803889,67.361654,0.0036559920600000005,0.00033450737200000003,0.004699188,8.026614599999999e-05,9.686607000000001e-05,-0.339965227,76.52466999999999,0.11639763,-0.0009178604,-0.0018828069999999998,0.000132337447,0.00103265805
73,1608441000,1.6292320000000005,1.6292490000000002,0.012983483,-1.4283919999999999,2.2658940000000003,1.171279,1.9708359999999998,1.65245,0.011482403,0.6791101000000002,2.1274540000000004e-05,5.3950816999999995e-06,5.683953899999999e-06,6.7672834999999994e-06,9.103381999999999e-06,1.1803562000000001e-05,1.8022916e-05,3.4333522e-05,0.6214215999999999,0.192739,0.00035461350000000005,89.33351,73.74705,5.40756e-05,6.527065,0.01966022,17.538069999999998,0.00131828118,0.00012012105699999997,0.036598790000000006,55.00331,0.00131828118,0.00012012105699999997,0.006016904,29.349916,0.00131828118,0.00012012105699999997,0.0029988799999999998,29.245423,0.00131828118,0.00012012105699999997,0.00427049,7.169048999999999e-06,2.3669900000000002e-05,-0.06834102,33.385180000000005,0.026018629999999997,-0.001122147,-0.001963629,4.178249e-06,2.6274559999999998e-05
73,1608441600,1.8222669999999996,1.822283,0.00856456,-1.612725,2.2661559999999996,1.261749,1.8979700000000002,1.6863510000000002,0.02545482,0.7741281000000001,1.927349e-05,3.0934535000000004e-06,3.3809359000000003e-06,4.171685e-06,6.127753e-06,8.782714e-06,1.3546429000000002e-05,2.6971931000000003e-05,0.7271594,0.18349189999999999,0.0004054871999999999,93.05636999999999,70.34896,6.047746000000001e-05,6.356319,0.021281149999999995,19.453780000000002,0.0041436731,0.00037908753,0.039386309999999994,63.86666,0.0041436731,0.00037908753,0.006930039000000001,76.14618599999999,0.0041436731,0.00037908753,0.004010484999999999,77.505191,0.0041436731,0.00037908753,0.004268239000000001,7.59364e-06,2.407827e-05,-0.06261253999999998,31.081439999999997,0.02727756,-0.0009385671,-0.00172562,4.513301000000001e-06,2.8268060000000005e-05
73,1608442200,1.7700299999999998,1.7700489999999998,0.009100577,-1.5611159999999997,2.246208,1.237123,1.904457,1.710429,0.018887628999999996,0.7387418000000001,1.8392079999999998e-05,2.3198343e-06,2.4044358999999996e-06,3.1905934e-06,4.876324000000001e-06,6.763123000000001e-06,1.1116095e-05,2.3180657000000002e-05,0.6979105999999999,0.1866551,0.00038588800000000003,92.49719999999999,71.2812,5.8773409999999996e-05,6.062406,0.02080203,18.83698,0.005512101900000001,0.000504531206,0.0386737,61.59373000000001,0.005512101900000001,0.000504531206,0.007146309000000001,92.037278,0.005512101900000001,0.000504531206,0.00420925,94.36167,0.005512101900000001,0.000504531206,0.004274989,7.53089e-06,2.404749e-05,0.13458759,32.21823,0.02887808,-0.0010038816,-0.0018032160000000003,4.481395e-06,3.021506e-05
73,1608442800,2.0408560000000002,2.040871,0.01726153,-1.4386079999999999,2.52019,1.3141140000000004,2.2031929999999997,1.894596,0.015950924000000002,0.8510386999999999,2.087745e-05,4.9150975999999995e-06,5.2288197e-06,6.493270000000001e-06,9.113697e-06,1.2331927e-05,1.9561967000000003e-05,3.8423060000000005e-05,0.8279487,0.19191640000000001,0.00046037449999999995,89.87986999999998,69.00171999999999,6.770858e-05,6.564243,0.021772389999999996,21.64056,0.004571313980000001,0.000418267609,0.042088940000000005,72.88977000000001,0.004571313980000001,0.000418267609,0.007208323000000001,85.080328,0.004571313980000001,0.000418267609,0.004348684,86.618673,0.004571313980000001,0.000418267609,0.004306478999999999,8.305249e-06,2.488678e-05,-0.16719855300000003,33.06568,0.026977589999999996,-0.0007861944,-0.0017083609999999998,4.931991e-06,3.484042e-05
73,1608443400,2.3256319999999997,2.325647,0.010312532000000001,-1.589248,2.554239,1.424972,2.227305,1.9289820000000002,0.012255671999999999,0.9523794000000001,2.225821e-05,6.1503057e-06,6.4568891e-06,7.7560222e-06,1.0761634e-05,1.4136968000000001e-05,2.2111774e-05,4.2217154999999996e-05,0.9698850000000002,0.19233450000000002,0.00047878780000000005,87.90679,66.61634000000001,7.722221e-05,6.416314,0.02376209,24.53391,0.00351974413,0.0003218307389999999,0.04558116,85.24570000000001,0.00351974413,0.0003218307389999999,0.007051021,69.998168,0.00351974413,0.0003218307389999999,0.0041964920000000005,70.785966,0.00351974413,0.0003218307389999999,0.004324605999999999,8.408600999999999e-06,2.521296e-05,-0.15334224,26.55611,0.02591988,-0.0006397028,-0.001505294,4.651230999999999e-06,3.0381360000000004e-05
73,1608444000,2.2823590000000005,2.2823780000000005,0.007330136999999999,-1.654843,2.446086,1.421016,2.117014,1.8415700000000002,0.012142868,0.9331411999999999,2.009482e-05,3.8702065e-06,3.9947013e-06,4.886287700000001e-06,7.146484e-06,9.135960999999999e-06,1.4323690999999998e-05,2.8334515999999995e-05,0.9495395,0.191096,0.00046676240000000004,89.10093,66.82738,7.585585e-05,5.888681,0.023856090000000003,24.15442,0.00184960261,0.000168800864,0.045094249999999995,83.49384,0.00184960261,0.000168800864,0.006157646,38.803872999999996,0.00184960261,0.000168800864,0.0032997860000000003,38.811688000000004,0.00184960261,0.000168800864,0.0043184700000000005,8.664775e-06,2.5372379999999996e-05,-0.04398742000000001,27.46533,0.0277543,-0.0006334396,-0.001453602,4.69555e-06,3.0621190000000004e-05
73,1608444600,2.38937,2.389387,0.006324147,-1.6654129999999998,2.477401,1.455696,2.163402,1.8825589999999999,0.012596556,0.9810156000000001,1.9805210000000002e-05,3.9265278e-06,4.1014806e-06,5.2882832e-06,8.03231e-06,1.0901719e-05,1.7960957999999998e-05,3.7397295e-05,1.0058029999999998,0.18830989999999997,0.00047630219999999997,88.92049999999999,65.85714999999998,7.930908e-05,6.386557000000001,0.024456830000000002,25.243920000000003,0.0054595024999999995,0.0004996393099999999,0.04640923,88.37652999999999,0.0054595024999999995,0.0004996393099999999,0.007509086,101.052696,0.0054595024999999995,0.0004996393099999999,0.004687044,102.855223,0.0054595024999999995,0.0004996393099999999,0.004306661000000001,8.632102e-06,2.5253349999999994e-05,0.031155829999999995,25.08164,0.026990119999999996,-0.0005484584999999999,-0.001366139,4.457442e-06,2.892312e-05
73,1608445200,2.4082350000000003,2.408255,0.007449891,-1.6394579999999999,2.5362400000000003,1.4569450000000002,2.205218,1.91912,0.012924246,0.9878627,1.84437e-05,2.2924003e-06,2.348422e-06,3.2524904e-06,5.663896999999999e-06,8.033872e-06,1.3758575e-05,3.0161584000000002e-05,1.0113549000000002,0.1922152,0.00047921380000000004,89.64861,66.04441999999999,7.996524999999999e-05,6.230167,0.02442595,25.490139999999997,0.0055733929,0.0005100705400000001,0.046564209999999995,89.03562,0.0055733929,0.0005100705400000001,0.0072843859999999995,94.128243,0.0055733929,0.0005100705400000001,0.0044480100000000005,96.37355400000001,0.0055733929,0.0005100705400000001,0.004315249,8.643673000000001e-06,2.5353829999999996e-05,0.006454950000000001,26.888099999999998,0.028284749999999997,-0.0005478609,-0.001410861,4.717446000000001e-06,3.186214e-05
73,1608445800,2.419019,2.419035,0.011944645,-1.582379,2.597555,1.45522,2.2878309999999997,1.988312,0.01280346,0.9902671,1.9512369999999998e-05,3.4173400999999996e-06,3.5380549000000004e-06,4.5920916000000005e-06,7.164808e-06,9.701436e-06,1.6244205e-05,3.2671034e-05,1.0188357,0.1900574,0.0005283102,88.01481,65.80911,8.035711e-05,6.232393999999999,0.02414925,25.411820000000002,0.00390564694,0.000357265911,0.04664206,89.25939000000001,0.00390564694,0.000357265911,0.0069535180000000005,77.990369,0.00390564694,0.000357265911,0.004140459,78.83337499999999,0.00390564694,0.000357265911,0.004322333,8.634958000000001e-06,2.5348540000000006e-05,-0.025576199999999993,27.210319999999996,0.02965299,-0.0005711144999999999,-0.0014656040000000001,4.576378000000001e-06,3.013642e-05
73,1608446400,2.3591659999999997,2.359182,0.01249262,-1.5621389999999997,2.590841,1.4319799999999998,2.2695320000000003,1.9797240000000003,0.012153359999999998,0.9687906999999999,2.033393e-05,4.3591445999999995e-06,4.6100675e-06,5.9452812e-06,8.849017e-06,1.2505399000000003e-05,2.0899459e-05,4.2995606e-05,0.9912038000000001,0.187693,0.0005760238,85.42485,65.98524,7.830326999999999e-05,6.411118999999999,0.02388116,25.080180000000002,0.0044947289,0.00041121834000000003,0.04613627,87.42719,0.0044947289,0.00041121834000000003,0.007135005,85.31986800000001,0.0044947289,0.00041121834000000003,0.00430737,86.83448200000001,0.0044947289,0.00041121834000000003,0.0043086209999999995,8.542144000000001e-06,2.514601e-05,0.08460683000000001,26.0971,0.02729894,-0.0005725363999999999,-0.0014724929999999998,4.4971949999999996e-06,2.9367919999999995e-05
73,1608447000,2.2923029999999995,2.2923199999999997,0.011245142,-1.616865,2.511978,1.4198080000000002,2.175218,1.8971430000000002,0.019109349,0.9515903000000001,2.011713e-05,4.1300435e-06,4.3159359e-06,5.4086845000000005e-06,8.05942e-06,1.0679514e-05,1.7430972e-05,3.5278566e-05,0.9569787,0.1884758,0.0006035238000000001,90.26002000000001,66.56450000000001,7.609406999999998e-05,6.3969830000000005,0.023691129999999998,24.266299999999998,0.0025315660900000004,0.000231319079,0.045208790000000006,84.01963,0.0025315660900000004,0.000231319079,0.006346842,50.679787999999995,0.0025315660900000004,0.000231319079,0.0034951160000000004,51.01834699999999,0.0025315660900000004,0.000231319079,0.004292574,8.275452000000001e-06,2.4850410000000003e-05,-0.016922420000000004,26.883009999999995,0.0267456,-0.0006342904,-0.001482587,4.42596e-06,2.7821290000000003e-05
73,1608447600,2.128327,2.1283449999999995,0.0129961,-1.5899230000000002,2.446725,1.3654300000000001,2.1287890000000003,1.8336189999999999,0.016981559,0.8835104000000001,1.994746e-05,3.9803431e-06,4.1020389e-06,5.1929396e-06,7.567319000000001e-06,1.0292229e-05,1.6063778e-05,3.265525099999999e-05,0.8698447999999999,0.1936997,0.0005299702000000001,85.94142000000001,68.31597,7.070811999999998e-05,6.0760190000000005,0.022726649999999998,22.486909999999998,0.0025509429999999995,0.000233051296,0.04310172,76.2945,0.0025509429999999995,0.000233051296,0.006678933000000001,53.414099,0.0025509429999999995,0.000233051296,0.003804875,53.737632,0.0025509429999999995,0.000233051296,0.004307643000000001,8.23035e-06,2.4883350000000003e-05,-0.0007986399999999949,28.32115,0.02803715,-0.0007443454999999999,-0.0015991820000000004,4.584661e-06,2.9275350000000004e-05
73,1608448200,2.095335,2.0953500000000003,0.014032810000000001,-1.580177,2.441363,1.351216,2.1206889999999996,1.816145,0.014911497000000001,0.8672632,2.146317e-05,5.412636799999999e-06,5.6265209e-06,6.5691328e-06,9.071503999999999e-06,1.1391246000000001e-05,1.6791464e-05,3.1986565999999997e-05,0.8487636000000001,0.1982607,0.0005384044,92.41172,69.04114999999999,6.959068e-05,6.2610019999999995,0.02266015,22.35277,0.00188849925,0.00017238224,0.042728150000000006,75.03470000000002,0.00188849925,0.00017238224,0.0061481,35.166574,0.00188849925,0.00017238224,0.0032585879999999998,35.464966000000004,0.00188849925,0.00017238224,0.004294872999999999,8.333507e-06,2.486119e-05,-0.004544829999999999,31.32303,0.029821979999999998,-0.0007764478,-0.001616807,4.941244e-06,3.251323000000001e-05
73,1608448800,2.143135,2.1431510000000005,0.015049841999999999,-1.5499020000000001,2.487565,1.362708,2.1773540000000002,1.8613700000000002,0.014541233999999997,0.8829895999999999,2.193902e-05,5.8248786e-06,6.093650499999999e-06,7.443505899999998e-06,1.0470492e-05,1.3907117999999999e-05,2.1747161e-05,4.1657846e-05,0.8653888000000001,0.2055096,0.0005493566,86.72721,69.25582,7.112783e-05,6.357806,0.022842220000000003,22.92127,0.0015598608000000004,0.000142257243,0.0431615,76.49830999999999,0.0015598608000000004,0.000142257243,0.006042933,38.920068,0.0015598608000000004,0.000142257243,0.003140143,38.552957000000006,0.0015598608000000004,0.000142257243,0.0043235700000000005,8.503373e-06,2.5213850000000003e-05,-0.01284354000000001,29.881559999999997,0.02854464,-0.0007628175,-0.0016331930000000002,4.873496e-06,3.126131999999999e-05
73,1608449400,2.081438,2.0814549999999996,0.01175509,-1.550005,2.441813,1.3433049999999997,2.132765,1.8268309999999999,0.011934271,0.8556414999999999,1.939101e-05,3.1132891e-06,3.2881073000000006e-06,4.2031449e-06,6.310120999999999e-06,8.460918000000002e-06,1.3877011e-05,2.7933548000000004e-05,0.8321159,0.2080651,0.000460452,91.85929999999999,70.08118,6.912259000000001e-05,6.186662,0.022524060000000002,22.324679999999997,0.00079975576,7.257583099999999e-05,0.04233732,73.70921000000001,0.00079975576,7.257583099999999e-05,0.0057121129999999996,21.496163,0.00079975576,7.257583099999999e-05,0.002796477,21.085281,0.00079975576,7.257583099999999e-05,0.0043190220000000005,8.388137999999999e-06,2.507829e-05,0.07070900699999999,32.01453,0.02997305,-0.0008069802,-0.0016816459999999997,4.944585000000001e-06,3.31161e-05
73,1608450000,2.1094510000000004,2.109468,0.011742732,-1.580638,2.4359610000000003,1.3566080000000003,2.116489,1.812281,0.01148574,0.867066,1.990575e-05,3.9158575e-06,4.1713507e-06,5.404031699999999e-06,8.231917e-06,1.1322526e-05,1.8866663000000002e-05,3.8679065e-05,0.8462417,0.20783230000000003,0.0005462796000000001,90.65183999999999,69.78884,6.997122e-05,6.440087,0.022727980000000002,22.467360000000003,0.0036475807900000004,0.000333683276,0.04263338,74.66234,0.0036475807900000004,0.000333683276,0.006335978000000001,61.0798172,0.0036475807900000004,0.000333683276,0.0034612410000000003,62.361746499999995,0.0036475807900000004,0.000333683276,0.004329256000000001,8.962926000000003e-06,2.55933e-05,0.09060917399999999,30.29193,0.02928747,-0.0006963744,-0.0015980189999999998,4.995280999999999e-06,3.255831e-05
73,1608450600,2.026771,2.0267869999999997,0.020501119999999998,-1.531598,2.4482250000000003,1.322804,2.133253,1.8136670000000001,0.013401268,0.8354728999999999,1.90456e-05,3.0133805e-06,3.0757358000000003e-06,3.9340049e-06,5.84664e-06,7.5861149999999994e-06,1.1860375e-05,2.3396092e-05,0.8026227,0.2101025,0.000591874,95.16835,70.88701999999999,6.731876e-05,6.071273,0.02208477,21.582739999999998,0.00383443224,0.00035072126400000005,0.041487699999999995,70.77485999999999,0.00383443224,0.00035072126400000005,0.007032367,74.57670399999999,0.00383443224,0.00035072126400000005,0.004142896,75.76565099999999,0.00383443224,0.00035072126400000005,0.004319307,8.967869e-06,2.549879e-05,0.117492178,33.70106,0.03136993,-0.0007610972,-0.001652891,5.290566e-06,3.228102e-05
73,1608451200,1.943505,1.9435219999999997,0.027699819999999997,-1.522377,2.39261,1.2959450000000001,2.1023880000000004,1.778153,0.014884501,0.8060686,2.109491e-05,5.0500204e-06,5.366340000000001e-06,6.4601846e-06,8.663414e-06,1.1579317e-05,1.7300824e-05,3.2269404e-05,0.7608251000000001,0.2101171,0.0007176146,91.41360999999999,71.71795,6.454068e-05,6.275264,0.021748479999999997,20.91659,0.0033426084,0.00030565069999999994,0.04054487,67.57831000000002,0.0033426084,0.00030565069999999994,0.006339417,55.99190299999999,0.0033426084,0.00030565069999999994,0.003434254,57.10665499999999,0.0033426084,0.00030565069999999994,0.004322438,8.896887999999998e-06,2.5442310000000003e-05,0.1297672,32.33067,0.029369639999999995,-0.000800638,-0.001700933,5.450664e-06,3.4235920000000003e-05
73,1608451800,2.156894,2.1569130000000003,0.025350519999999998,-1.5416699999999999,2.506165,1.3668380000000002,2.187929,1.8864570000000005,0.019076938999999998,0.8955501,1.928661e-05,3.2875095e-06,3.4658610999999996e-06,4.5468271e-06,6.673516e-06,9.318182e-06,1.4816247999999997e-05,3.072095e-05,0.8648011,0.212806,0.000760223,91.49018,69.88235,7.163544e-05,6.3208649999999995,0.02302684,23.406979999999997,0.00429574718,0.00039303499100000006,0.043306750000000005,77.25633,0.00429574718,0.00039303499100000006,0.007208012,83.97498900000001,0.00429574718,0.00039303499100000006,0.004329530999999999,85.29102000000002,0.00429574718,0.00039303499100000006,0.004310749000000001,8.972299999999999e-06,2.54554e-05,-0.13296460000000002,31.96236,0.02879183,-0.0007014625,-0.001602897,5.233564e-06,3.257107e-05
73,1608452400,2.043556,2.043572,0.024130500000000003,-1.5669499999999998,2.4040479999999995,1.3316430000000001,2.0966890000000005,1.78873,0.019675292999999996,0.8822789,1.9066619999999996e-05,3.0882166e-06,3.3693452e-06,4.4868536000000004e-06,7.047855000000001e-06,1.0024705999999999e-05,1.6920913e-05,3.5031322999999994e-05,0.7994025,0.22139899999999998,0.0008915185999999999,89.56662,71.8091,6.780969e-05,6.518988,0.0224976,22.03354,0.00232058208,0.000212000553,0.041536779999999995,71.02448,0.00232058208,0.000212000553,0.006401829,45.861580000000004,0.00232058208,0.000212000553,0.003506564,46.20649,0.00232058208,0.000212000553,0.004297424999999999,8.789946999999999e-06,2.52069e-05,0.004441570000000006,32.89348,0.031033369999999994,-0.0007258856,-0.001627911,5.5144539999999995e-06,3.798772e-05
73,1608453000,2.2449950000000003,2.2450140000000003,0.008833429700000001,-1.65997,2.329009,1.4101089999999998,2.052212,1.8808329999999998,0.025640023,0.9460358000000001,2.2493989999999998e-05,6.701698e-06,7.132125399999999e-06,8.7255862e-06,1.2203258e-05,1.5967646e-05,2.5245145e-05,4.8373524999999995e-05,0.9043762000000001,0.2172386,0.0007480634,86.42786000000001,69.46937,7.451473e-05,6.520263,0.0240456,24.10458,0.00275011962,0.000251314364,0.04414179,80.09545999999999,0.00275011962,0.000251314364,0.006344144,52.761875999999994,0.00275011962,0.000251314364,0.0034775779999999994,53.42142799999999,0.00275011962,0.000251314364,0.004332452,9.775361e-06,2.630049e-05,-0.08134575999999999,30.902190000000008,0.031612999999999995,-0.0005662739,-0.001437369,5.961247e-06,3.9735570000000004e-05
73,1608453600,2.4414170000000004,2.441432,0.004320611,-1.6837130000000002,2.3834980000000003,1.471672,2.0850269999999997,1.9535480000000003,0.020351707,1.0069495,2.2087109999999995e-05,6.2956556999999995e-06,6.6081601e-06,8.0663683e-06,1.1220124e-05,1.488169e-05,2.2913855e-05,4.510646599999999e-05,1.0040774999999997,0.21598959999999998,0.0005020112,86.52571,67.84973,8.108982e-05,6.355883,0.025187690000000002,26.259860000000003,0.004090703919999999,0.00037425418499999994,0.04653746,89.21140999999999,0.004090703919999999,0.00037425418499999994,0.0067395549999999995,76.026293,0.004090703919999999,0.00037425418499999994,0.0039189590000000005,77.41614299999999,0.004090703919999999,0.00037425418499999994,0.004322159,9.753439000000002e-06,2.620787e-05,-0.06243387,29.08247,0.029643700000000002,-0.00045945,-0.001354456,5.305759e-06,3.3263810000000006e-05
73,1608454200,2.305735,2.3057539999999994,0.006748291000000001,-1.625853,2.428838,1.423295,2.108128,1.8987569999999998,0.030479151,0.964781,1.9892260000000003e-05,3.8448417e-06,3.9823798e-06,4.967727399999999e-06,7.181791e-06,9.477885999999998e-06,1.5350719999999997e-05,2.9225688e-05,0.9193295000000001,0.2330149,0.0004389197000000001,92.6644,70.36713,7.658288e-05,6.160570000000001,0.02400762,24.52129,0.004464968389999999,0.000408541677,0.04434956999999999,80.99355,0.004464968389999999,0.000408541677,0.006887628999999999,77.572725,0.004464968389999999,0.000408541677,0.004093266000000001,79.15585100000001,0.004464968389999999,0.000408541677,0.004327784,9.638376e-06,2.6128070000000003e-05,-0.12844022000000002,32.56287,0.03014656,-0.000559446,-0.0014732369999999999,5.517668e-06,3.57336e-05
73,1608454800,2.086155,2.08617,0.005635263,-1.6252099999999998,2.312247,1.350978,1.977135,1.8273189999999997,0.016906229,0.8664025000000001,1.901102e-05,3.0793815000000003e-06,3.3269511999999997e-06,4.297204500000001e-06,6.569898999999999e-06,9.757862e-06,1.5327717999999998e-05,3.219254e-05,0.8144737,0.22791809999999998,0.0005922511,89.40861,72.10743,6.925685e-05,6.3739170000000005,0.0230362,22.478450000000002,0.0017830155,0.00016267919,0.04182044,72.16117,0.0017830155,0.00016267919,0.005977737,33.406722,0.0017830155,0.00016267919,0.003064167,33.687108,0.0017830155,0.00016267919,0.004336728,1.0666668e-05,2.724491e-05,0.08519619,68.96548,0.04320311,-0.0007135371,-0.0015886799999999999,1.2968503999999999e-05,0.00011892243999999999
73,1608455400,1.902157,1.9021730000000001,0.012715361599999999,-1.5511370000000002,2.3232690000000003,1.28082,1.983399,1.7557649999999998,0.03078247,0.8208428,1.8540200000000003e-05,2.3193687999999997e-06,2.4813384e-06,3.3568480999999998e-06,5.143638000000001e-06,6.6903469999999995e-06,1.0930649e-05,2.3004001e-05,0.7235473,0.2268581,0.0006098121,96.03738,73.98091,6.313837999999999e-05,6.370195000000001,0.02163585,20.24284,0.0040270832999999995,0.00036839179,0.03937077,63.75966,0.0040270832999999995,0.00036839179,0.0067808339999999995,68.608716,0.0040270832999999995,0.00036839179,0.0038515129999999996,70.13580300000001,0.0040270832999999995,0.00036839179,0.0043446940000000005,9.49995e-06,2.610885e-05,0.19214056999999998,38.82082,0.03438933,-0.0007986504000000001,-0.0017165149999999996,5.594675000000001e-06,3.427699e-05
73,1608456000,2.121574,2.1215900000000003,0.012620249,-1.5843669999999999,2.38361,1.354604,2.073962,1.8320809999999998,0.02969503,0.9078151,2.348214e-05,7.353947300000001e-06,7.7836281e-06,9.267586399999999e-06,1.2200935000000001e-05,1.5669789e-05,2.3326551e-05,4.2279703e-05,0.8323048,0.2276853,0.0006697192999999999,92.61760999999998,71.69685000000001,7.042298000000001e-05,6.301131,0.0229149,22.5019,0.00295145448,0.000269805219,0.04210536000000001,73.06787,0.00295145448,0.000269805219,0.006318567,50.9433033,0.00295145448,0.000269805219,0.003436992,51.83727170000001,0.00295145448,0.000269805219,0.0043622439999999995,9.812425e-06,2.6550010000000002e-05,0.06912276999999999,33.10932,0.034229890000000006,-0.0006184865999999999,-0.001541931,5.9484710000000006e-06,3.818569e-05
73,1608456600,2.363219,2.363238,0.001397513,-1.30964,3.3998150000000003,1.439734,2.119603,1.9056210000000005,0.09394404,1.5460331999999999,0.0002963291,0.0004943021873000001,0.00042014869400000006,0.00016332224499999998,0.00023362933999999998,0.00014535179499999997,0.00026623603199999997,0.00094662857,0.9410648,0.23625969999999996,0.001330721,86.12701,70.06696,7.812156999999999e-05,6.778648,0.02495294,58.44540000000001,0.00716708057,0.000742126433,0.04563756,121.77812999999999,0.00716708057,0.000742126433,0.006804767000000001,50.59417,0.00716708057,0.000742126433,0.004262279999999999,64.346075,0.00716708057,0.000742126433,0.005471078,0.0034771639809999997,0.0034959093599999996,-1.57882289,110.21076000000001,0.5199624999999999,-0.0005701297,-0.001448637,0.012286469935999998,0.11607765495
73,1608457200,2.525432,2.525449,0.004668993,-1.6709120000000002,2.4608250000000003,1.4966279999999998,2.135804,2.000238,0.01992992,1.051805,2.268244e-05,6.7908860000000005e-06,7.186832999999999e-06,8.550924e-06,1.1921886e-05,1.549192e-05,2.4137739e-05,4.552698e-05,1.0189542999999999,0.24305629999999998,0.0005680815999999999,91.25357,69.33622,8.380872000000002e-05,6.582003,0.025436780000000003,26.948179999999997,0.00320676325,0.000293210549,0.04676392,89.83829,0.00320676325,0.000293210549,0.006243159,56.707520900000006,0.00320676325,0.000293210549,0.0034085290000000004,57.69271189999999,0.00320676325,0.000293210549,0.004338809,9.89857e-06,2.651374e-05,-0.09277446,32.172880000000006,0.03111909,-0.0004842819,-0.001356594,6.067666000000001e-06,3.879674e-05
73,1608457800,2.785661,2.785678,0.0020958051700000003,-1.6962540000000002,2.4600759999999995,1.5762170000000002,2.1968180000000004,2.110564,0.019183739999999998,1.153117,2.382325e-05,8.080415599999999e-06,8.4770442e-06,1.01076891e-05,1.3951698000000002e-05,1.7907284999999996e-05,2.7750021000000004e-05,5.3407743e-05,1.1413579999999999,0.2506935,0.0006278633,88.47258000000001,68.07746,9.248418e-05,6.457426,0.02689282,29.544040000000003,0.00853898,0.0007818915999999998,0.049489660000000005,100.55101,0.00853898,0.0007818915999999998,0.008054118,142.6581,0.00853898,0.0007818915999999998,0.005310802999999999,146.47295,0.00853898,0.0007818915999999998,0.004353327999999999,1.0741510000000001e-05,2.728335e-05,-0.16156356,29.2109,0.031328730000000006,-0.00018319380000000003,-0.001108116,5.981085e-06,3.7271800000000005e-05
73,1608458400,2.463331,2.463347,0.011785474,-1.5761850000000002,2.600143,1.465007,2.266082,1.964049,0.018870701,1.0197469,1.9807650000000003e-05,4.1270632e-06,4.375163800000001e-06,5.7365720999999994e-06,8.563272e-06,1.1856705e-05,1.9419787e-05,3.9668807e-05,0.9606355000000001,0.2703129000000001,0.0006172985,90.17191,72.04676,8.177720999999999e-05,6.295456,0.02473089,26.5414,0.00757115409,0.000693247545,0.045546149999999994,85.31926999999999,0.00757115409,0.000693247545,0.008230222999999998,137.76657,0.00757115409,0.000693247545,0.005440026000000001,140.73117000000002,0.00757115409,0.000693247545,0.0043515559999999995,1.063272e-05,2.707427e-05,0.0065664187,33.414210000000004,0.031819129999999994,-0.0005091249000000001,-0.0014124659999999998,6.234404e-06,3.9051820000000006e-05
73,1608459000,2.5287300000000004,2.528747,0.012137390000000001,-1.563355,2.660182,1.482191,2.317047,1.984749,0.014694147999999999,1.038653,2.014437e-05,4.188719e-06,4.553130000000001e-06,5.717812e-06,8.657622e-06,1.1615697999999999e-05,1.888099e-05,3.8339450000000004e-05,0.9775969000000002,0.28603140000000005,0.0006354928,90.81776,72.68998,8.395270000000001e-05,6.545453999999999,0.02496583,27.212199999999996,0.0021708935900000004,0.000198237768,0.04595476,86.79241999999999,0.0021708935900000004,0.000198237768,0.006347524,43.777001999999996,0.0021708935900000004,0.000198237768,0.0035361300000000006,44.150568,0.0021708935900000004,0.000198237768,0.004354686,1.061757e-05,2.710494e-05,0.033710066,34.05594,0.03323736000000001,-0.0004924749000000001,-0.0014184100000000002,6.400785e-06,3.803782e-05
73,1608459600,2.6271449999999996,2.627165,0.010414814000000001,-1.598185,2.6196439999999996,1.513004,2.308308,2.0139229999999997,0.015425466999999998,1.086624,1.871198e-05,2.6911391e-06,2.7099553000000004e-06,3.5812536e-06,5.817119e-06,7.49356e-06,1.2387664e-05,2.6154933e-05,1.0272829,0.2856044,0.0006217538999999999,97.36044000000001,71.80075000000001,8.730631000000002e-05,6.336858000000001,0.025765330000000003,28.40697,0.008413867,0.0007704573999999999,0.04720512,91.71772999999999,0.008413867,0.0007704573999999999,0.007933251999999998,136.38793,0.008413867,0.0007704573999999999,0.005168599,140.46404,0.008413867,0.0007704573999999999,0.0043468180000000006,1.0443171000000001e-05,2.696857e-05,-0.09134122,33.2714,0.032500669999999995,-0.00042792869999999997,-0.001342728,6.320140000000001e-06,3.8821399999999994e-05
73,1608460200,2.595591,2.595607,0.010541766999999999,-1.599027,2.6132670000000005,1.5042079999999998,2.300694,1.986811,0.015442846999999999,1.0672848,2.054276e-05,4.7435232e-06,4.9135446000000005e-06,6.043936999999999e-06,8.794373000000001e-06,1.1638616999999999e-05,1.8132473e-05,3.5223168e-05,1.0166248999999998,0.28043760000000006,0.0006353587,93.88914,71.706,8.620888e-05,6.338763,0.02554711,28.003900000000005,0.006194592800000001,0.0005670776429999998,0.046881290000000006,90.46522,0.006194592800000001,0.0005670776429999998,0.007270293,109.642364,0.006194592800000001,0.0005670776429999998,0.004488093,112.134303,0.006194592800000001,0.0005670776429999998,0.004359036,1.0794670000000001e-05,2.7291069999999998e-05,0.001709759800000004,32.93983,0.03354795,-0.00045116899999999996,-0.0013569010000000002,6.526381999999999e-06,3.948915e-05
73,1608460800,2.5842319999999996,2.5842460000000003,0.020260065999999997,-1.3338230000000002,4.500992999999999,1.50336,2.234318,1.9930349999999997,0.09492283900000001,1.961598,0.00015206903999999999,0.0003981022848,0.00017763633110000002,7.85893153e-05,0.00028523786,0.00023971452399999997,7.16441e-05,0.0005020756360000001,1.0087008,0.2785716,0.0029419472000000004,94.26241,71.78988,8.527664999999999e-05,6.872578,0.026011650000000004,69.80725000000001,0.0110773937,0.00107820962,0.04696038,110.37333000000001,0.0110773937,0.00107820962,0.00811255,131.74175,0.0110773937,0.00107820962,0.0056567860000000005,148.426924,0.0110773937,0.00107820962,0.005246216,0.0025023963699999994,0.00251773038,1.1990028600000002,262.50198,0.8869523199999998,-0.00036793329999999997,-0.001290869,0.011999424484999998,0.12856089377
73,1608461400,2.784013,2.7840289999999994,0.005165001,-1.6521180000000002,2.576927,1.566391,2.2572300000000003,2.119414,0.020231046,1.151783,2.073691e-05,5.1269091999999995e-06,5.347041900000001e-06,6.6595128e-06,9.79777e-06,1.2920503000000001e-05,2.065882e-05,4.1210896e-05,1.109663,0.2815273,0.0007044228000000001,89.0846,70.357,9.246034000000002e-05,6.277413000000001,0.026537490000000004,29.45818,0.00194949165,0.00017787899800000002,0.04863985999999999,97.1565,0.00194949165,0.00017787899800000002,0.006273003000000001,42.527308,0.00194949165,0.00017787899800000002,0.003494801,42.704098,0.00194949165,0.00017787899800000002,0.00436378,1.087622e-05,2.745591e-05,0.035689389,29.930130000000002,0.03200181,-0.00026770865,-0.0011888419999999999,6.194829999999999e-06,3.7293400000000004e-05
73,1608462000,2.96626,2.966275,0.0029405269999999996,-1.6953710000000002,2.647616,1.624355,2.32646,2.1120270000000003,0.01666361,1.2201970000000002,2.20932e-05,6.2695708e-06,6.5218929e-06,8.148624099999999e-06,1.1738966e-05,1.5556880000000002e-05,2.4450759e-05,4.9112090000000006e-05,1.239009,0.2432979,0.0006914675,89.48530000000001,66.50179999999999,9.845844e-05,6.346786,0.027448,31.36146,0.0062602139000000005,0.000572992267,0.05146345,108.7065,0.0062602139000000005,0.000572992267,0.007868337,121.51579,0.0062602139000000005,0.000572992267,0.005162008,123.455412,0.0062602139000000005,0.000572992267,0.004360551,1.124049e-05,2.7768129999999998e-05,-0.016884230000000004,28.306129999999996,0.031806690000000006,-0.00014695431,-0.0010097481999999998,6.332241000000001e-06,3.929067e-05
73,1608462600,2.934904,2.9349230000000004,0.005282823000000001,-1.7003049999999997,2.6602540000000006,1.6211680000000002,2.3194470000000003,2.0841249999999993,0.02000707,1.210053,2.001949e-05,4.464731299999999e-06,4.657924e-06,5.8549581e-06,8.767836e-06,1.1400036e-05,1.8226585e-05,3.7021624e-05,1.2297259999999999,0.2370054,0.0006213786,88.80642,66.19928,9.753301e-05,5.984293,0.02755111,31.675729999999998,0.00384633838,0.00035175787700000003,0.051593259999999995,109.3878,0.00384633838,0.00035175787700000003,0.006822069,72.370016,0.00384633838,0.00035175787700000003,0.004101538,73.43190299999999,0.00384633838,0.00035175787700000003,0.004335749,1.1436440000000002e-05,2.7680719999999995e-05,0.004282809999999996,29.233939999999997,0.03365111,-9.004099999999999e-05,-0.0009785825,6.228458e-06,3.993017e-05
73,1608463200,2.7160349999999993,2.7160520000000004,0.0024077378,-1.6743379999999999,2.595154,1.5510920000000001,2.254454,2.0082639999999996,0.02163972,1.125325,2.132841e-05,5.8401778e-06,6.2597011e-06,7.931003e-06,1.1532892e-05,1.5728758999999995e-05,2.5577483e-05,5.275503e-05,1.122852,0.2343178,0.0007110491999999999,84.75037999999999,67.35521999999999,9.015231000000001e-05,6.420516999999999,0.026211830000000002,28.839230000000004,0.0031465737200000003,0.000287679729,0.04907504,98.9354,0.0031465737200000003,0.000287679729,0.006733737000000001,66.696668,0.0031465737200000003,0.000287679729,0.0039599330000000005,67.34862860000001,0.0031465737200000003,0.000287679729,0.004353226,1.135437e-05,2.7759729999999997e-05,-0.13394214000000002,30.670430000000003,0.03464313000000001,-0.00015055190999999998,-0.0010745644,6.310175e-06,3.790737e-05
73,1608463800,2.6158729999999997,2.615889,0.002719786,-1.669173,2.572092,1.525314,2.21823,1.985087,0.016243749999999998,1.0771419999999998,2.2880829999999998e-05,6.9413125e-06,7.4034208e-06,9.016682600000002e-06,1.2678158e-05,1.6707397e-05,2.6245696999999997e-05,5.1424424e-05,1.07097,0.23604150000000002,0.0007627262999999999,88.12835,68.13132,8.682437e-05,6.429615,0.02585391,28.14144,0.0018691139200000002,0.00017071615999999997,0.04808116,94.95495,0.0018691139200000002,0.00017071615999999997,0.006093112,45.199199,0.0018691139200000002,0.00017071615999999997,0.0032702820000000002,45.033021899999994,0.0018691139200000002,0.00017071615999999997,0.004366194,1.0990293e-05,2.7586e-05,-0.10704883999999999,29.847309999999993,0.03240742,-0.00024575661,-0.0011675550000000002,6.1684580000000004e-06,4.085174e-05
73,1608464400,2.6039719999999997,2.603986,-0.0006101400999999999,-1.685883,2.5039869999999995,1.5210919999999999,2.144428,2.023375,0.018649629,1.0778825,1.950751e-05,3.8145975e-06,3.9066643e-06,5.0127215e-06,7.581415999999999e-06,1.0121631e-05,1.5945458e-05,3.3409894e-05,1.0632288,0.23802850000000003,0.0006399499,93.32265999999998,68.40200999999999,8.64826e-05,6.346702,0.02585118,27.73637,0.00843016,0.00077193239,0.047784639999999996,93.92045,0.00843016,0.00077193239,0.008097974,142.22736999999998,0.00843016,0.00077193239,0.005312158,145.89961,0.00843016,0.00077193239,0.004340116999999999,1.0291397999999999e-05,2.687805e-05,-0.07207692000000002,30.78426,0.030619510000000006,-0.00036842499999999997,-0.001230393,5.8937439999999995e-06,3.6208790000000004e-05
73,1608465000,2.505565,2.505582,-0.003977443000000001,-1.6815000000000002,2.4109119999999997,1.490467,2.099538,1.9939360000000002,0.02039893,1.0404945,2.0874460000000002e-05,4.7356987e-06,4.9402572000000005e-06,6.0950413e-06,8.547541000000001e-06,1.1120517000000001e-05,1.7473945e-05,3.2934723000000005e-05,1.0170407000000001,0.23507289999999997,0.0005707904,92.02573,68.84816,8.321943e-05,6.170236999999999,0.02544728,26.758429999999997,0.0007741148,7.016072e-05,0.046783229999999995,89.89368000000002,0.0007741148,7.016072e-05,0.005946121,26.481558999999997,0.0007741148,7.016072e-05,0.0030977009999999996,25.962682,0.0007741148,7.016072e-05,0.004365151,1.0345968e-05,2.71222e-05,-0.038393791,31.56256,0.03100842,-0.0003841257,-0.001262249,6.034585e-06,3.8695130000000004e-05
73,1608465600,2.584321,2.584339,-0.0007614238,-1.665567,2.536952,1.5137050000000003,2.196143,1.9682489999999997,0.021968463,1.0681640000000001,2.338536e-05,7.182639700000001e-06,7.6240601e-06,9.116926e-06,1.2699363e-05,1.6055208e-05,2.4414001000000003e-05,4.704353e-05,1.0529544000000002,0.23843559999999994,0.0006356166,90.47571,68.54968,8.580132e-05,6.4494169999999995,0.02557802,27.590799999999994,0.00407808396,0.00037307860499999996,0.04757934,93.05452,0.00407808396,0.00037307860499999996,0.006847052000000001,77.790391,0.00407808396,0.00037307860499999996,0.004034007000000001,79.025176,0.00407808396,0.00037307860499999996,0.004362698,1.0714264e-05,2.737269e-05,-0.23163850000000002,31.910349999999994,0.032124070000000005,-0.00035548963,-0.001236253,6.111256000000001e-06,3.9311649999999995e-05
73,1608466200,2.8049100000000005,2.804925,0.0009666888,-1.617719,2.733945,1.571062,2.391186,2.0702890000000003,0.01721648,1.151352,1.9294419999999997e-05,3.5636494e-06,3.7451917e-06,4.9947954e-06,7.945481e-06,1.1027793e-05,1.8434581e-05,3.91857e-05,1.147961,0.2537426,0.0006530271,89.62830000000001,68.16723,9.315781e-05,6.362177,0.026486919999999997,30.18658,0.00288263911,0.00026348263900000004,0.04978126,101.78781000000001,0.00288263911,0.00026348263900000004,0.006507665,58.15318300000001,0.00288263911,0.00026348263900000004,0.003723634,58.71155799999999,0.00288263911,0.00026348263900000004,0.004375645,1.1028619999999998e-05,2.7669880000000003e-05,-0.060474090000000015,29.90037,0.032808550000000006,-0.00024659819999999996,-0.001190526,6.343522999999999e-06,3.894046e-05
73,1608466800,2.6825200000000002,2.682538,-0.0012689391,-1.654627,2.6069299999999997,1.5389009999999999,2.250218,2.008299,0.021217140000000002,1.11204,2.250456e-05,6.6188365e-06,7.100874000000001e-06,8.712829e-06,1.2428805999999998e-05,1.6729709e-05,2.6754302e-05,5.2878800000000006e-05,1.0929226,0.24753440000000002,0.0006499782,88.18928000000001,68.62129,8.901129e-05,6.585134000000001,0.026036750000000004,28.714409999999997,0.0054272568,0.00049665931,0.04839313,96.37905,0.0054272568,0.00049665931,0.007304709999999999,93.34155999999999,0.0054272568,0.00049665931,0.004560732,95.63869,0.0054272568,0.00049665931,0.00437668,1.123555e-05,2.7856969999999996e-05,-0.11761150000000001,31.332720000000005,0.032468000000000004,-0.00026390359,-0.0011858757,6.338978e-06,3.857227e-05
73,1608467400,3.005967,3.0059829999999996,0.0007790936999999999,-1.623621,2.8023860000000003,1.627,2.450287,2.156165,0.02302097,1.2426000000000001,2.552088e-05,9.5691254e-06,1.01391099e-05,1.2275083800000002e-05,1.6660639e-05,2.15882e-05,3.3305714e-05,6.37475e-05,1.254843,0.24738730000000003,0.0005703567000000001,85.35613,66.55120000000001,9.975835e-05,6.268591,0.027132879999999998,31.7986,0.00291455439,0.000266335694,0.05180144,110.23689999999999,0.00291455439,0.000266335694,0.006686634999999999,61.856049999999996,0.00291455439,0.000266335694,0.003946504,62.32111999999999,0.00291455439,0.000266335694,0.004408159,1.1838050000000001e-05,2.8524040000000006e-05,-0.01900234,27.63046,0.03251453,-4.643693e-05,-0.001040469,6.144016999999999e-06,3.905924e-05
73,1608468000,3.330314,3.33033,0.0017845957999999998,-1.630274,2.9473640000000003,1.713233,2.59099,2.286556,0.02011129,1.363788,2.018766e-05,4.233152100000001e-06,4.2948368999999995e-06,5.4326158e-06,8.520965000000001e-06,1.1064521000000001e-05,1.7502860000000002e-05,3.593577e-05,1.416019,0.24848910000000002,0.0005193054999999999,89.82086000000001,65.03054,0.0001106695,5.8562829999999995,0.02852678,35.07777,0.0085954815,0.0007870055999999999,0.054952749999999995,124.01500000000001,0.0085954815,0.0007870055999999999,0.008563941000000002,149.05191,0.0085954815,0.0007870055999999999,0.005862734999999999,152.82307,0.0085954815,0.0007870055999999999,0.004411319000000001,1.2153849999999999e-05,2.8795740000000002e-05,0.042112909999999996,28.9644,0.03606086,9.980561000000003e-05,-0.0009063941000000001,6.696918e-06,4.4661809999999994e-05
73,1608468600,3.2976529999999995,3.297669,0.00013272542999999995,-1.6744549999999996,2.876224,1.713733,2.510776,2.212717,0.01789323,1.3515540000000001,2.3533720000000003e-05,7.9714174e-06,8.168143400000001e-06,9.8127418e-06,1.3855409e-05,1.8006501e-05,2.8165416e-05,5.648558e-05,1.4001359999999998,0.2479702,0.0005560979000000001,87.44706000000001,65.12789000000001,0.00010951859999999999,6.271406000000001,0.028636570000000007,34.66116,0.007809528729999999,0.000715186227,0.05466594,122.63090000000003,0.007809528729999999,0.000715186227,0.007793095999999999,133.36659,0.007809528729999999,0.000715186227,0.005106771,136.572375,0.007809528729999999,0.000715186227,0.004385911000000001,1.1661710000000001e-05,2.8258599999999997e-05,-0.01607543,26.971140000000002,0.033385950000000005,4.0702842e-05,-0.0009206663,6.388327e-06,4.301478999999999e-05
73,1608469200,3.4367919999999996,3.43681,-0.00033053776,-1.6904040000000002,2.868201,1.7524629999999999,2.5119399999999996,2.261656,0.01988668,1.406914,2.73774e-05,1.16869132e-05,1.2385524499999999e-05,1.4488186e-05,1.9191267000000003e-05,2.4604507999999996e-05,3.7164436e-05,6.988649e-05,1.4355669999999998,0.28209690000000004,0.0005309879,89.15648,66.50717,0.0001140649,6.539306999999999,0.029264989999999998,35.808949999999996,0.00888420108,0.000813500919,0.055252520000000006,125.10929999999999,0.00888420108,0.000813500919,0.008252198999999998,148.431677,0.00888420108,0.000813500919,0.005592032000000001,152.52524699999998,0.00888420108,0.000813500919,0.004375596,1.132015e-05,2.786307e-05,-0.009094779999999997,23.81552,0.03126729,0.00013218677,-0.0008235813999999999,5.43019e-06,3.378549e-05
73,1608469800,2.761963,2.761977,-0.001910054,-1.6611150000000001,2.532338,1.5606019999999998,2.219732,2.1040389999999998,0.022801386,1.1439749999999997,1.947183e-05,3.3583170000000004e-06,3.5267505000000003e-06,4.820388000000001e-06,7.731354e-06,1.0788903999999999e-05,1.8763497e-05,3.989368e-05,1.1077306999999998,0.2725981,0.0005535335,91.50852,69.98017999999999,9.169496e-05,6.592476,0.026539200000000002,29.207620000000002,0.0015141313000000003,0.000137954022,0.04861284,97.28467000000002,0.0015141313000000003,0.000137954022,0.006353059999999999,35.80623,0.0015141313000000003,0.000137954022,0.003553294,35.667766,0.0015141313000000003,0.000137954022,0.004375083,1.0332627e-05,2.7127879999999997e-05,-0.012978439999999997,28.42221,0.031037390000000005,-0.00029077128,-0.0012148505000000001,5.478943e-06,3.440565e-05
73,1608470400,2.4511279999999998,2.4511429999999996,-0.004666352,-1.627447,2.357136,1.466017,2.107376,2.021762,0.016184965000000003,1.0103130999999999,2.243185e-05,6.689878000000001e-06,7.0936119e-06,8.643787000000001e-06,1.1834915e-05,1.5642746e-05,2.3858166e-05,4.6836708999999996e-05,0.9437097999999999,0.281257,0.0004625917,89.83990999999999,73.04295,8.134444999999999e-05,6.4041,0.025083300000000003,26.105349999999998,0.00403418,0.00036899666,0.04498922,83.12225,0.00403418,0.00036899666,0.006886608,72.604787,0.00403418,0.00036899666,0.004048303,73.998667,0.00403418,0.00036899666,0.0043535150000000005,1.0068897e-05,2.672083e-05,-0.07524006000000001,31.609519999999996,0.03194683999999999,-0.0004535905000000001,-0.0014050749999999998,5.85034e-06,3.5221950000000006e-05
73,1608471000,2.716102,2.716118,-0.0036869760000000002,-1.6440350000000001,2.488163,1.5462150000000001,2.214593,2.1150270000000004,0.021211400999999998,1.11889,2.3545659999999998e-05,7.5589688e-06,7.8973527e-06,9.5695353e-06,1.2400831e-05,1.5591646e-05,2.3254685e-05,4.385381e-05,1.0664503,0.2909996,0.0004716636,94.86955,71.58735999999999,9.020966e-05,6.480323000000001,0.026104110000000003,28.324300000000004,0.003588254,0.00032808986000000003,0.047494419999999996,92.51132,0.003588254,0.00032808986000000003,0.0068137729999999995,66.055871,0.003588254,0.00032808986000000003,0.0040455809999999995,67.171889,0.003588254,0.00032808986000000003,0.0043907500000000006,1.125002e-05,2.7894480000000004e-05,0.00619103,23.378130000000002,0.030908430000000004,5.0910549999999997e-05,-0.0009915751,5.546062999999999e-06,3.485231e-05
73,1608471600,2.6169029999999998,2.616922,-0.00079158354,-1.6462109999999999,2.44515,1.516982,2.16884,2.081202,0.014468382999999998,1.0709285000000002,2.105418e-05,4.9107288e-06,5.1071848e-06,6.4526296000000005e-06,9.168481e-06,1.1779412e-05,1.8176744000000002e-05,3.5766520000000005e-05,1.0289081000000002,0.2789940000000001,0.00044890039999999993,91.15814000000002,71.51156999999999,8.691127e-05,6.285469,0.025798140000000004,27.63327,0.0055388502300000005,0.0005070137899999999,0.04683354,90.20501000000002,0.0055388502300000005,0.0005070137899999999,0.007136407,100.410117,0.0055388502300000005,0.0005070137899999999,0.004333657,102.42545199999999,0.0055388502300000005,0.0005070137899999999,0.004367292,1.0765339999999998e-05,2.7335619999999994e-05,0.037687291,24.248220000000003,0.03224871,-6.170981999999999e-05,-0.001049156,5.424162999999999e-06,3.323479e-05
73,1608472200,2.758584,2.758601,-1.2410630000000001e-05,-1.705742,2.4270739999999997,1.5696970000000001,2.173905,2.085851,0.017642516,1.1297700000000002,2.124554e-05,5.5059253e-06,5.7352727999999995e-06,7.282067999999999e-06,1.0588408e-05,1.3958420999999999e-05,2.2652354999999997e-05,4.5754585e-05,1.1414088999999998,0.237261,0.0005047591999999999,86.81723000000001,67.42657,9.162909e-05,6.442425,0.026444459999999996,28.710860000000004,0.007477421969999999,0.0006846214959999999,0.04908306,98.92719,0.007477421969999999,0.0006846214959999999,0.008084331,135.54656,0.007477421969999999,0.0006846214959999999,0.005358580999999999,138.54018000000002,0.007477421969999999,0.0006846214959999999,0.004375962,1.107163e-05,2.767867e-05,-0.091371188,24.868759999999998,0.03222923,5.366981800000001e-05,-0.0009638121999999999,5.4031e-06,3.7039859999999995e-05
73,1608472800,2.507303,2.50732,-0.00284971456,-1.663684,2.372848,1.488327,2.097926,2.019025,0.017862589999999998,1.0336536000000003,1.925409e-05,3.1076980999999994e-06,3.1573511999999996e-06,4.403471700000001e-06,6.514581999999999e-06,8.441268e-06,1.3473885000000002e-05,2.7605336999999993e-05,1.0027135999999999,0.25036369999999997,0.0005034864,95.57175000000002,70.28054,8.329070999999999e-05,6.171089,0.02515351,26.269569999999998,0.0030762959300000003,0.00028119914399999996,0.0460793,87.35535,0.0030762959300000003,0.00028119914399999996,0.006353028000000001,59.570524999999996,0.0030762959300000003,0.00028119914399999996,0.003551564,60.470411999999996,0.0030762959300000003,0.00028119914399999996,0.004367167999999999,1.055801e-05,2.7186270000000002e-05,0.005811700000000003,21.33913,0.0286201,4.901150000000007e-06,-0.0010006324,5.183774e-06,3.178503e-05
73,1608473400,2.168705,2.168719,-0.0035144984999999998,-1.6067619999999998,2.275647,1.374797,1.9987360000000003,1.906557,0.013547946,0.8943235000000002,2.141015e-05,5.509216299999999e-06,5.697692299999999e-06,7.101313400000001e-06,9.722887e-06,1.2799367e-05,2.0047076e-05,3.8553752e-05,0.8269550000000001,0.25682510000000003,0.0004643560000000001,92.67434999999999,73.79120000000002,7.200868e-05,6.416822000000001,0.023335779999999997,23.041459999999997,0.0033864686,0.00030964343,0.042044899999999996,72.63176999999999,0.0033864686,0.00030964343,0.006898709,66.941733,0.0033864686,0.00030964343,0.004023036,67.70877700000001,0.0033864686,0.00030964343,0.0043395479999999995,9.833809e-06,2.6448840000000003e-05,-0.1556360405,23.28334,0.028242659999999996,-0.00020958376,-0.001176201,5.068287e-06,3.2907620000000005e-05
73,1608474000,2.029942222222222,2.029961111111111,0.0028560377777777776,-1.5996955555555556,2.2542333333333335,1.3299200000000002,1.961767777777778,1.8342655555555558,0.009718742222222222,0.8298396666666668,1.8849555555555558e-05,2.6881482222222224e-06,2.832494111111111e-06,4.044390555555556e-06,6.028108888888888e-06,8.429856666666666e-06,1.3570864444444444e-05,2.853615888888889e-05,0.7677674444444444,0.24672788888888889,0.0004031461111111111,91.24487777777777,74.40402222222222,6.741221111111111e-05,6.204438888888889,0.022517222222222223,21.633866666666666,0.0012046094333333333,0.00010970484888888886,0.04051148888888889,67.34875555555556,0.0012046094333333333,0.00010970484888888886,0.005954696666666666,31.66087888888889,0.0012046094333333333,0.00010970484888888886,0.0030174733333333337,31.283374444444444,0.0012046094333333333,0.00010970484888888886,0.004337219999999999,9.626882222222223e-06,2.627908888888889e-05,-0.09847695555555556,26.817666666666664,0.03166254444444445,-0.00034341422222222223,-0.0012696877777777775,4.918523333333333e-06,3.581593333333334e-05
73,1608474600,1.9234660000000001,1.9234840000000002,-0.0007077221,-1.536305,2.258319,1.281655,1.952985,1.8039160000000003,0.010857367000000001,0.790968,2.010184e-05,4.0191822e-06,4.2975410999999995e-06,5.563796e-06,7.5824640000000005e-06,9.937961e-06,1.5558934e-05,3.0506657e-05,0.6985766000000001,0.262691,0.0003792615,95.05316000000002,77.48362999999999,6.385272000000001e-05,6.488826,0.021677530000000004,20.32932,0.0063614833999999995,0.00058237752,0.03851308999999999,60.94276,0.0063614833999999995,0.00058237752,0.0076480839999999994,108.70642000000001,0.0063614833999999995,0.00058237752,0.0047378179999999995,111.28371999999999,0.0063614833999999995,0.00058237752,0.004321753,9.306953e-06,2.582694e-05,-0.07189328,26.626829999999995,0.029606750000000005,-0.0004394769,-0.001396445,4.949674e-06,3.072421e-05
73,1608475200,1.8195489999999999,1.819567,-0.0035293269999999996,-1.522357,2.154891,1.240912,1.8855950000000004,1.78978,0.014679472999999998,0.7547157999999999,1.8594300000000006e-05,2.4989924000000005e-06,2.6547924e-06,3.6500925000000003e-06,5.412057e-06,7.195174e-06,1.1566030000000001e-05,2.4287220999999998e-05,0.6466680000000001,0.2626666000000001,0.0003771245,94.80015,79.08755,6.0396199999999996e-05,6.360792999999999,0.02121144,19.31763,0.00461597,0.00042239010000000006,0.03714467999999999,56.805310000000006,0.00461597,0.00042239010000000006,0.007352864000000001,82.92591000000002,0.00461597,0.00042239010000000006,0.004425116000000001,84.59198,0.00461597,0.00042239010000000006,0.0042860400000000005,8.839741e-06,2.519417e-05,0.02114475000000001,28.070610000000006,0.029980180000000002,-0.0005280026,-0.001455148,4.888148e-06,3.4201909999999996e-05
73,1608475800,2.06236,2.0623745454545457,-0.0011366804545454546,-1.5717263636363639,2.3232645454545455,1.3342872727272728,2.0075718181818187,1.8400118181818181,0.01836665090909091,0.8538630909090908,1.8975745454545454e-05,2.9233609090909093e-06,3.0949414545454545e-06,4.344127272727273e-06,6.410924545454545e-06,8.699047272727273e-06,1.4309331818181818e-05,2.9895516363636363e-05,0.7747799999999999,0.2559115454545455,0.0004137104545454545,93.98007272727273,75.10703636363635,6.846108181818182e-05,6.493826363636362,0.022507436363636363,21.796245454545456,0.005035815154545455,0.0004608922654545455,0.04057702727272727,67.77297272727272,0.005035815154545455,0.0004608922654545455,0.006836086363636365,86.06186454545455,0.005035815154545455,0.0004608922654545455,0.003965227272727273,88.07632636363637,0.005035815154545455,0.0004608922654545455,0.004313394545454545,9.105927272727273e-06,2.565456363636364e-05,0.04264696345454546,24.49292727272727,0.029624772727272722,-0.0003335950909090909,-0.0012843827272727272,4.877248181818182e-06,3.556857272727273e-05
73,1608476400,1.5081410000000002,1.508159,-0.0015455989,-1.381955,2.1262769999999995,1.108898,1.848694,1.577561,0.007736246,0.6186428,1.772644e-05,1.4662362e-06,1.5932475999999997e-06,2.4648925e-06,3.7852529999999998e-06,5.416297e-06,9.335811e-06,1.8851718999999996e-05,0.5009885999999999,0.25270190000000003,0.0003290861,98.48594,83.60794000000001,5.003822e-05,6.428222,0.018923169999999996,16.25762,0.0038617499999999997,0.000353288992,0.03283275,44.36084,0.0038617499999999997,0.000353288992,0.006861237000000001,70.756885,0.0038617499999999997,0.000353288992,0.0038251500000000003,72.052279,0.0038617499999999997,0.000353288992,0.004275378,7.756223e-06,2.4224389999999997e-05,0.013556689999999993,27.946590000000004,0.025923810000000002,-0.0008422108000000001,-0.001713517,4.331539000000001e-06,2.77726e-05
73,1608477000,1.475409,1.4754239999999998,0.0027509336000000003,-1.4209990000000001,2.055026,1.0968209999999998,1.752766,1.634939,0.007111072,0.6045792999999999,1.8321480000000003e-05,2.2460055e-06,2.3733789e-06,3.2521993e-06,4.73426e-06,6.3788030000000005e-06,1.0202079000000001e-05,2.0293168000000003e-05,0.47421859999999993,0.2630844,0.00034267890000000005,101.14701,85.77726,4.893718e-05,6.484032999999999,0.018961900000000004,15.863420000000001,0.004654164298,0.00042602673049999993,0.03188978,41.83016,0.004654164298,0.00042602673049999993,0.006837848999999998,81.592209,0.004654164298,0.00042602673049999993,0.003790984,83.35431319999999,0.004654164298,0.00042602673049999993,0.004269749,7.835877000000001e-06,2.425531e-05,0.026456860000000006,26.57004,0.026943480000000002,-0.0007503201,-0.0016245429999999998,4.279504e-06,2.879971e-05
73,1608477600,1.399435,1.399451,0.007517841999999999,-1.3917899999999999,2.0413749999999995,1.0608520000000001,1.729965,1.605575,0.010908312,0.5838124,1.8453070000000003e-05,2.3294734e-06,2.4826445999999997e-06,3.3111748000000002e-06,4.616172e-06,6.020203e-06,9.164114000000001e-06,1.7638052e-05,0.44041759999999996,0.2588994,0.0003378272,101.99875999999999,87.1159,4.643875e-05,6.525175,0.018437219999999997,15.04094,0.003601059500000001,0.00032940409999999997,0.03079758,39.025650000000006,0.003601059500000001,0.00032940409999999997,0.006717679,63.034580000000005,0.003601059500000001,0.00032940409999999997,0.0036298159999999997,64.232342,0.003601059500000001,0.00032940409999999997,0.004262411999999999,7.814296e-06,2.4203189999999998e-05,0.18782954000000002,31.691160000000004,0.02786646,-0.0008219280000000001,-0.001674622,4.624506000000001e-06,3.351511e-05
73,1608478200,1.4237855555555554,1.4238011111111113,-0.0007753288888888889,-1.4064266666666667,1.9889355555555557,1.0733977777777777,1.7191777777777777,1.619382222222222,0.00711492888888889,0.5827276666666668,1.8003611111111114e-05,1.8275806666666664e-06,2.090398888888889e-06,2.9744722222222224e-06,4.4273077777777775e-06,5.946967777777777e-06,9.421655555555554e-06,2.022327888888889e-05,0.4490835555555555,0.2624174444444444,0.0003413723333333333,95.94083333333333,86.96894444444443,4.7251300000000006e-05,6.334434444444444,0.01859213333333333,15.252022222222223,0.0019009705999999999,0.00017359497555555553,0.031022611111111115,39.542255555555556,0.0019009705999999999,0.00017359497555555553,0.006323422222222222,44.524212222222225,0.0019009705999999999,0.00017359497555555553,0.003256918888888889,44.542432222222224,0.0019009705999999999,0.00017359497555555553,0.004223107777777778,6.882644444444445e-06,2.322991111111111e-05,0.11519931111111112,29.78973333333333,0.025820177777777776,-0.0009261322222222224,-0.0017686111111111112,3.933635555555556e-06,2.81431e-05
73,1608478800,1.390072,1.390088,-0.0024982159999999997,-1.38697,1.9242939999999997,1.0537519999999998,1.7066020000000002,1.6149850000000001,0.009838834000000001,0.5720688999999999,1.8335810000000002e-05,2.1027832000000005e-06,2.1755803e-06,2.8105718e-06,3.6924043e-06,4.478188399999999e-06,6.9084950000000005e-06,1.3658964999999998e-05,0.4259574,0.26871849999999997,0.00031836919999999995,103.76724999999999,88.85145000000001,4.614363e-05,6.2108609999999995,0.01834808,14.795600000000002,0.002111293,0.00019283647000000001,0.030168679999999996,37.43023,0.002111293,0.00019283647000000001,0.006548414,42.87811,0.002111293,0.00019283647000000001,0.0034446209999999997,43.23912,0.002111293,0.00019283647000000001,0.004162841,5.06068e-06,2.1555239999999996e-05,0.079830519,18.92514,0.021541139999999997,-0.0008966107000000001,-0.0016927930000000002,2.497366e-06,2.120808e-05
73,1608479400,1.2998490000000003,1.2998660000000002,-0.0033331902,-1.348208,1.88672,1.0121348,1.66764,1.566385,0.007922689,0.5360651000000001,1.8512940000000003e-05,2.2978941999999998e-06,2.4459656999999996e-06,3.1376642999999997e-06,4.1676924e-06,5.3539000000000005e-06,8.182934999999998e-06,1.5989093e-05,0.39099300000000003,0.2585824,0.0002968489,101.33786,89.93781,4.313882e-05,6.351395999999999,0.01771211,13.83505,0.0022522996,0.00020577939,0.028928959999999997,34.37807,0.0022522996,0.00020577939,0.006394329,42.671324,0.0022522996,0.00020577939,0.003277488,43.088647,0.0022522996,0.00020577939,0.004138101,4.876384e-06,2.121261e-05,-0.051707499999999997,20.32491,0.02119106,-0.0009703411999999999,-0.0017398720000000004,2.340468e-06,1.9332410000000002e-05
73,1608480000,1.19181,1.191827,-0.006276293,-1.3275080000000001,1.7550519999999998,0.9624308999999999,1.602909,1.5049979999999998,0.008383891000000001,0.48860519999999996,1.8705690000000002e-05,2.5080794e-06,2.6391170000000005e-06,3.2713216e-06,4.265061999999999e-06,5.254043e-06,7.686546e-06,1.4795430999999999e-05,0.34771969999999996,0.24784259999999997,0.0002992839,99.02650000000001,91.75681,3.956782e-05,6.4870339999999995,0.017158399999999997,12.61458,0.003858337099999999,0.00035300838100000003,0.027180099999999995,30.342489999999998,0.003858337099999999,0.00035300838100000003,0.006722899,66.223136,0.003858337099999999,0.00035300838100000003,0.0035333450000000002,67.567582,0.003858337099999999,0.00035300838100000003,0.00409887,3.6526140000000004e-06,2.0108400000000002e-05,-0.03101578,7.9217888,0.010726138,-0.0010787277,-0.0018069019999999998,1.2950856000000002e-06,1.332921e-05
73,1608480600,1.177604,1.177619,-0.005563594,-1.3032100000000002,1.770053,0.9551418999999999,1.62545,1.471508,0.0067511920000000005,0.4836208,1.798781e-05,1.7002893e-06,1.8257306000000002e-06,2.3044988999999995e-06,3.3640023999999997e-06,4.3033846e-06,6.8542472e-06,1.4453646000000003e-05,0.3472458,0.2412081,0.00030205529999999996,101.42536,91.1247,3.906673e-05,6.466316000000001,0.01720544,12.5272,0.00378593252,0.00034643223680000005,0.027294419999999996,30.65942,0.00378593252,0.00034643223680000005,0.006722261,67.86186119999999,0.00378593252,0.00034643223680000005,0.003550718,69.17207160000001,0.00378593252,0.00034643223680000005,0.0040917309999999995,3.234149e-06,1.9648059999999996e-05,0.14224705399999998,16.0407381,0.017268224,-0.0013317860000000002,-0.002031641,1.5048657e-06,1.7233540000000003e-05
73,1608481200,1.104653,1.1046699999999998,-0.0041007859999999995,-1.3006490000000004,1.720928,0.9198300999999999,1.560647,1.448856,0.007045448,0.4559634,1.8637529999999998e-05,2.4126907000000004e-06,2.5632341e-06,3.0668973999999997e-06,3.9941989000000005e-06,5.2277638e-06,7.8104913e-06,1.4824979e-05,0.3128677,0.2391214,0.0002934903,98.64174999999999,93.49655,3.667829e-05,6.1783529999999995,0.01653246,11.72504,0.0037275796,0.00034103028,0.02585196,27.5024,0.0037275796,0.00034103028,0.006729915,64.33454,0.0037275796,0.00034103028,0.003558447,65.68647,0.0037275796,0.00034103028,0.004089199,3.121549e-06,1.9399600000000003e-05,0.16055865,31.3029197,0.0188528842,-0.001529115,-0.002305519,1.9337716e-06,1.8127209e-05
73,1608481800,1.064923,1.064937,-0.009068897,-1.285661,1.691228,0.8969241,1.529036,1.4336689999999999,0.006507814999999998,0.43790779999999996,1.7935649999999998e-05,1.8466916999999998e-06,1.9271829999999997e-06,2.2265306000000002e-06,2.8750769000000003e-06,3.5007285e-06,5.1916920999999995e-06,9.839555e-06,0.29228560000000003,0.23984520000000004,0.00029948649999999997,105.93905,95.21929,3.536258e-05,6.185171,0.01618877,11.3203,0.00229456067,0.0002097149867,0.024980219999999997,25.658749999999998,0.00229456067,0.0002097149867,0.0060668119999999996,40.986667,0.00229456067,0.0002097149867,0.002847207,41.5318665,0.00229456067,0.0002097149867,0.004083567,2.7448239999999998e-06,1.907698e-05,0.02140113000000001,28.186825699999996,0.01608248,-0.001623378,-0.002404612,1.7175421e-06,1.6353774e-05
73,1608482400,1.0564204,1.0564361,-0.010045384,-1.2765600000000001,1.666403,0.8915222,1.5287730000000002,1.424331,0.0073965279999999994,0.43576889999999996,1.7931680000000002e-05,1.5723797999999998e-06,1.6570430199999998e-06,2.0362388000000002e-06,2.6732227e-06,3.4471693000000007e-06,5.4551625e-06,1.1057192e-05,0.2884089,0.2394443,0.00031606399999999996,105.52706,95.52445,3.504352999999999e-05,6.347677,0.01612875,11.20495,0.00321687042,0.00029422455900000004,0.02484521,25.41481,0.00321687042,0.00029422455900000004,0.006383478999999999,55.775157000000014,0.00321687042,0.00029422455900000004,0.003159734,56.960447,0.00321687042,0.00029422455900000004,0.004071590999999999,2.069854e-06,1.8540800000000004e-05,-0.038068031,15.4837099,0.013852913,-0.001698804,-0.0024394290000000003,1.1153854e-06,1.3669448999999999e-05
73,1608483000,1.103421,1.103435,-0.009284526,-1.3016470000000002,1.678289,0.9196215999999999,1.544635,1.458307,0.006067277,0.45090529999999995,1.78531e-05,1.7595288000000001e-06,1.8395845300000001e-06,2.1772963e-06,2.8197351999999997e-06,3.5558385999999997e-06,5.3541491e-06,1.0719408000000001e-05,0.31204279999999995,0.23931750000000002,0.000310728,105.07330999999999,93.55910999999999,3.6628240000000006e-05,6.350515,0.01651089,11.6968,0.0032705060800000004,0.00029917311500000005,0.02590653,27.648410000000002,0.0032705060800000004,0.00029917311500000005,0.006471012,57.828359,0.0032705060800000004,0.00029917311500000005,0.0032925789999999995,58.962596999999995,0.0032705060800000004,0.00029917311500000005,0.004021223,1.890854e-06,1.8034380000000003e-05,0.0619991193,2.3951489999999995,0.0038104733999999993,-0.00163757,-0.002378503,8.063929999999999e-07,1.0057525e-05
73,1608483600,1.0994129999999998,1.09943,-0.00841113,-1.336425,1.6390610000000003,0.9223773,1.53661,1.4583070000000002,0.0061556760000000006,0.4487362999999999,1.724483e-05,1.0731206e-06,1.1017754e-06,1.3950529e-06,1.9247454e-06,2.4969648e-06,4.032908600000001e-06,8.747051000000002e-06,0.3105885,0.238769,0.00030811,106.23856,93.58818,3.6495369999999994e-05,6.323015000000001,0.016379079999999997,11.616209999999999,0.00335986522,0.00030733353199999995,0.02582482,27.44114,0.00335986522,0.00030733353199999995,0.006524426999999999,58.669118000000005,0.00335986522,0.00030733353199999995,0.00334389,59.841889,0.00335986522,0.00030733353199999995,0.00403253,1.839962e-06,1.8079249999999998e-05,0.037525685999999996,1.4044881999999999,0.0026425121,-0.0016653849999999997,-0.002419638,7.523429e-07,9.594579e-06
73,1608484200,0.8913601,0.8913764000000001,-0.005737628,-1.2168,1.5517220000000003,0.7996386,1.423132,1.3318889999999999,0.007809879999999998,0.3657584,1.826253e-05,2.1919042800000004e-06,2.33830023e-06,2.6992551999999994e-06,3.2539787e-06,4.094366900000001e-06,5.899736500000001e-06,1.05350976e-05,0.20694630000000003,0.2383831,0.00030557060000000006,107.38964000000001,104.33654999999999,2.9583669999999997e-05,6.176946000000001,0.01470021,9.493066,0.0036656622000000006,0.00033538342,0.020913710000000002,18.305020000000003,0.0036656622000000006,0.00033538342,0.006402624000000001,59.875761999999995,0.0036656622000000006,0.00033538342,0.0031409890000000003,61.35751900000001,0.0036656622000000006,0.00033538342,0.004029913,1.7440719999999998e-06,1.7908159999999996e-05,0.021210844,13.121571800000002,0.007947086400000001,-0.0018119300000000002,-0.002567302,1.014591e-06,1.2180135999999999e-05
73,1608484800,0.8280520000000001,0.8280684,-0.003882885099999999,-1.159049,1.5133579999999998,0.7589170999999999,1.388292,1.3090899999999999,0.007993773,0.3418796,1.6673800000000003e-05,4.6623742e-07,5.0959199e-07,7.173252e-07,1.0169955999999999e-06,1.4214211999999999e-06,2.4117064e-06,5.366492e-06,0.1749336,0.2387592,0.00031692980000000003,109.62194,107.94200000000001,2.749351e-05,6.337078,0.014058280000000001,8.827883,0.00226164683,0.000206689437,0.01932076,15.427939999999998,0.00226164683,0.000206689437,0.006141140999999999,40.148191000000004,0.00226164683,0.000206689437,0.0028422049999999996,40.82008499999999,0.00226164683,0.000206689437,0.004053441999999999,1.8743869999999996e-06,1.815322e-05,0.06641075599999999,18.036059,0.009418196100000002,-0.001869258,-0.002613022,1.1702359e-06,1.2640607000000001e-05
73,1608485400,0.9573827000000001,0.9573991999999999,-0.008025271,-1.234946,1.590797,0.8331446,1.464682,1.3848420000000001,0.0077236940000000006,0.39503900000000003,1.7345689999999998e-05,1.1995537e-06,1.2498526199999997e-06,1.5075504e-06,1.9683098e-06,2.4905452999999997e-06,3.7478823e-06,7.4952589999999996e-06,0.24039829999999998,0.23797290000000001,0.0002909423,106.02816,99.90252000000001,3.180695e-05,5.77129,0.015272389999999997,10.183997,0.002304568,0.00021060988,0.022710269999999998,21.25496,0.002304568,0.00021060988,0.0064342670000000005,41.718605000000004,0.002304568,0.00021060988,0.003192996,42.304435999999995,0.002304568,0.00021060988,0.004017378,1.7314600000000002e-06,1.7847719999999997e-05,0.021554278,3.3286156000000005,0.0030502027,-0.0017522049999999997,-0.0024756409999999998,8.445961999999999e-07,1.0062782e-05
73,1608486000,0.9729052999999999,0.9729221000000001,-0.010221131999999999,-1.239477,1.6275499999999998,0.8443742000000001,1.482495,1.3694680000000001,0.006554585999999999,0.39872080000000004,1.7135140000000004e-05,1.0481837000000001e-06,1.0838737099999998e-06,1.3095892999999999e-06,1.7448503e-06,2.2238862e-06,3.369659600000001e-06,7.115131999999999e-06,0.2523965,0.23372389999999998,0.00030955239999999997,108.68659000000002,98.27956,3.230193e-05,6.1166290000000005,0.01542273,10.306714000000001,0.0031994858,0.00029263757,0.02322603,22.22606,0.0031994858,0.00029263757,0.006904935999999999,59.293160000000015,0.0031994858,0.00029263757,0.0036940000000000002,60.338559999999994,0.0031994858,0.00029263757,0.0040145300000000005,1.750019e-06,1.784927e-05,0.041440883,0.8711236,0.0015714000999999997,-0.0017228,-0.0024311310000000004,7.573227e-07,9.071562999999998e-06
73,1608486600,0.9554684,0.9554839000000002,-0.010677026000000001,-1.24889,1.602459,0.8361493000000001,1.455868,1.3599780000000001,0.004780215,0.38963610000000004,1.679537e-05,6.208801999999999e-07,6.658866599999999e-07,9.247389000000001e-07,1.4061031e-06,2.0382584000000003e-06,3.5772653000000004e-06,8.411824999999998e-06,0.24269000000000002,0.2346886,0.0003301173,104.32869000000001,99.31543,3.170328e-05,6.435948000000001,0.015281030000000001,10.112885000000002,0.0023808697,0.000217602612,0.02281622,21.4116,0.0023808697,0.000217602612,0.006014236,39.852097,0.0023808697,0.000217602612,0.002754369,40.570454,0.0023808697,0.000217602612,0.004040262,1.6860699999999999e-06,1.7994460000000003e-05,0.038361094,1.4819214,0.0028697287999999996,-0.001762876,-0.002505849,7.959145e-07,9.576112000000001e-06
73,1608487200,0.9303462999999998,0.9303627000000001,-0.0138815,-1.231342,1.5786870000000002,0.8193433000000001,1.4385429999999997,1.3565300000000002,0.00406353,0.37878900000000004,1.6982260000000002e-05,6.905291e-07,7.443507099999999e-07,9.564046e-07,1.3183712e-06,1.7697955e-06,2.8906269e-06,6.3386588999999995e-06,0.23088419999999998,0.2339733,0.000298825,106.38683999999998,100.48607999999999,3.0894049999999996e-05,5.998566,0.015027090000000002,9.858929,0.0019620257000000003,0.00017920776000000002,0.022231289999999997,20.32913,0.0019620257000000003,0.00017920776000000002,0.0063155519999999995,39.274355,0.0019620257000000003,0.00017920776000000002,0.0030360600000000006,39.520292,0.0019620257000000003,0.00017920776000000002,0.004047719,1.760043e-06,1.808769e-05,-0.014755781,9.064229599999999,0.0047597201999999995,-0.001815681,-0.002544552,9.88004e-07,1.1129779999999998e-05
73,1608487800,0.9839237000000001,0.9839403000000001,-0.0071019310000000006,-1.2107240000000001,1.675137,0.8482420000000002,1.5117829999999999,1.3684930000000002,0.004824272,0.4029223,1.71194e-05,1.1345248000000003e-06,1.19437709e-06,1.4465471e-06,1.9461195e-06,2.4726391e-06,3.8004172999999997e-06,7.888808e-06,0.2581557,0.23348430000000003,0.0002948076,107.46863999999998,97.6224,3.264455e-05,6.400278,0.015156060000000002,10.437059999999999,0.0026881052,0.00024581377299999995,0.023570829999999997,22.90139,0.0026881052,0.00024581377299999995,0.006236377999999999,47.81873600000001,0.0026881052,0.00024581377299999995,0.0030341609999999996,48.673671,0.0026881052,0.00024581377299999995,0.004009194,1.755703e-06,1.7796139999999997e-05,0.037140801,3.2554432999999996,0.0031313012,-0.001771804,-0.002463281,7.921621999999999e-07,1.0005977e-05
73,1608488400,0.9838036000000001,0.9838192000000001,-0.009340392999999999,-1.292537,1.6127369999999999,0.8582753000000001,1.467193,1.3768930000000001,0.007324632,0.40764480000000003,1.7950520000000002e-05,1.9717427e-06,2.0682599e-06,2.4227667000000002e-06,3.0969953999999996e-06,3.9687741000000005e-06,5.874190599999999e-06,1.1518074e-05,0.2616515,0.2299108,0.0003050908,102.96839,96.98496,3.2629700000000004e-05,6.436871000000001,0.015375129999999997,10.389191999999998,0.00238635669,0.00021818958600000002,0.0236366,22.998739999999998,0.00238635669,0.00021818958600000002,0.0062268950000000005,44.5903403,0.00238635669,0.00021818958600000002,0.0030213410000000003,45.202772200000005,0.00238635669,0.00021818958600000002,0.004018231999999999,1.698954e-06,1.782422e-05,0.032086881000000005,2.2834548999999997,0.003310511,-0.001780878,-0.002486587,7.495414e-07,9.479464999999999e-06
73,1608489000,0.9040140000000001,0.9040301,-0.006682267,-1.218549,1.576323,0.8064975000000001,1.44248,1.318539,0.005060013,0.3687055,1.680575e-05,7.826372999999999e-07,8.040975999999999e-07,9.809616e-07,1.2736713999999998e-06,1.5204944000000001e-06,2.3840563e-06,4.959635799999999e-06,0.22431470000000003,0.227412,0.0002597586,108.8276,100.4598,3.0032520000000002e-05,5.833689000000001,0.01485467,9.589155000000002,0.0011359426300000001,0.00010354819520000001,0.0219362,19.77816,0.0011359426300000001,0.00010354819520000001,0.005555263,21.4696315,0.0011359426300000001,0.00010354819520000001,0.0022977790000000002,21.5100975,0.0011359426300000001,0.00010354819520000001,0.004006378999999999,1.5567709999999997e-06,1.759048e-05,0.051800247,3.381118,0.003830438,-0.001822868,-0.002574228,8.094683e-07,1.0013387e-05
73,1608489600,0.8737043,0.8737202000000002,-0.0021303934000000005,-1.158486,1.6082349999999999,0.7829031000000001,1.4374570000000002,1.293413,0.004226574,0.3565451,1.701292e-05,9.687629e-07,1.03933171e-06,1.2860802e-06,1.6686725e-06,2.1663663e-06,3.4627408e-06,7.085733e-06,0.20300449999999998,0.2335163,0.0003022045,111.05910000000002,103.607,2.8974879999999998e-05,6.357317999999999,0.014677440000000003,9.308651000000001,0.0037994169120000006,0.0003476957279,0.020925610000000004,18.042180000000002,0.0037994169120000006,0.0003476957279,0.006523930999999999,64.361578,0.0037994169120000006,0.0003476957279,0.0032609007000000004,65.8618932,0.0037994169120000006,0.0003476957279,0.004014085000000001,1.464869e-06,1.7562809999999998e-05,0.06233620900000001,3.883567,0.0035095481000000004,-0.001866564,-0.002642383,7.505604999999999e-07,9.328689000000001e-06
73,1608490200,0.8138269999999999,0.813843,-0.00068917684,-1.146595,1.534211,0.7541182,1.387393,1.267087,0.004082541,0.3318473,1.7738550000000003e-05,1.8319225999999996e-06,1.9608185e-06,2.2772343e-06,2.7400858000000004e-06,3.4899738e-06,5.0841881e-06,9.299833e-06,0.17475610000000003,0.2318493,0.00026133510000000005,104.18246000000002,107.1223,2.700815e-05,6.364732999999999,0.014103550000000001,8.675288000000002,0.003750275,0.00034315156,0.019411279999999996,15.53962,0.003750275,0.00034315156,0.006731447,62.875780000000006,0.003750275,0.00034315156,0.0034657710000000003,64.41248,0.003750275,0.00034315156,0.003997966,1.410447e-06,1.738625e-05,0.005750565000000001,1.6906759999999998,0.0018514944,-0.0018983149999999998,-0.002633219,7.609106e-07,8.967426999999999e-06
73,1608490800,0.8527420000000001,0.8527581,-0.0038280783,-1.134993,1.5625229999999999,0.7689692000000001,1.4249680000000002,1.303166,0.005443775,0.3496672,1.681478e-05,6.262536e-07,6.7902555e-07,8.665519000000002e-07,1.1948731e-06,1.6018965e-06,2.6833067e-06,5.961833500000001e-06,0.19206859999999998,0.234008,0.00027891120000000003,110.33250000000001,105.08940000000003,2.830284e-05,6.20466,0.01441909,9.068679,0.00291259612,0.000266378047,0.02025317,16.91725,0.00291259612,0.000266378047,0.006433980000000001,52.380622,0.00291259612,0.000266378047,0.003149056,53.360167000000004,0.00291259612,0.000266378047,0.004025491000000001,1.4902990000000001e-06,1.7689130000000002e-05,0.039040028,1.0768891,0.001256549,-0.0018561619999999997,-0.0025961580000000003,7.601484e-07,9.222201e-06
73,1608491400,0.9041469,0.9041630999999999,-0.00318975813,-1.1791319999999998,1.581273,0.7988443000000001,1.4480689999999998,1.344042,0.006348661,0.37220510000000007,1.713911e-05,7.253776e-07,7.735151999999999e-07,9.560622e-07,1.3020550000000002e-06,1.6280958000000001e-06,2.6649944e-06,5.667419e-06,0.21678609999999998,0.2350253,0.00024451759999999996,106.97191000000001,102.14163,3.003379e-05,5.923409,0.01488682,9.621031,0.00282170951,0.00025803124300000004,0.021626760000000002,19.28442,0.00282170951,0.00025803124300000004,0.006609767,53.099649,0.00282170951,0.00025803124300000004,0.003312672,53.899753,0.00282170951,0.00025803124300000004,0.004046516,1.553069e-06,1.792032e-05,-0.01971314,1.6208416000000003,0.0011401685,-0.0018385779999999998,-0.0025924830000000005,7.716328000000001e-07,9.318067000000001e-06
73,1608492000,0.9081223999999999,0.9081389,-0.004958648,-1.1938280000000001,1.6233499999999998,0.8031181000000001,1.454181,1.3193290000000002,0.00596645,0.3749316,1.737622e-05,9.397998e-07,9.8575132e-07,1.2087443e-06,1.5870375e-06,2.0282030999999997e-06,3.2473304000000004e-06,6.6068459e-06,0.2179122,0.2358514,0.0002774179,109.39637,102.12222999999999,3.0145159999999998e-05,6.038679999999999,0.014914130000000001,9.663647000000001,0.003678242400000001,0.00033651656,0.021657619999999995,19.34211,0.003678242400000001,0.00033651656,0.007022357,65.90473999999999,0.003678242400000001,0.00033651656,0.0037171590000000003,67.24688,0.003678242400000001,0.00033651656,0.004065903,1.58101e-06,1.810556e-05,0.004308446,1.0373817,0.0012203183999999999,-0.0018826099999999998,-0.002597909,7.799208e-07,9.418156e-06
73,1608492600,0.9749452999999999,0.9749627000000001,-0.009757067999999999,-1.2182369999999998,1.6775030000000002,0.8432269,1.498321,1.354993,0.007081510999999999,0.4027608,1.893905e-05,2.5848039e-06,2.7272644999999997e-06,3.1450973e-06,3.8658702e-06,4.8187544e-06,6.9846301999999994e-06,1.2894562000000001e-05,0.2529255,0.2342015,0.00030371399999999996,105.51471,98.24328,3.232729e-05,6.419383999999999,0.015495779999999997,10.321805,0.0020271685900000004,0.000185176728,0.02324391,22.198050000000002,0.0020271685900000004,0.000185176728,0.006073031,37.624179999999996,0.0020271685900000004,0.000185176728,0.0027997729999999998,38.034164999999994,0.0020271685900000004,0.000185176728,0.00405408,1.679298e-06,1.809786e-05,-0.009562026999999996,2.2128583999999996,0.0028566585000000004,-0.001781535,-0.0025410860000000006,7.927080000000001e-07,1.0019684000000001e-05
73,1608493200,0.9473668,0.9473836999999999,-0.007674982999999999,-1.1963259999999998,1.645964,0.8251123000000001,1.486882,1.3435549999999998,0.0046014440000000005,0.38496549999999996,1.72534e-05,9.274764e-07,9.9318893e-07,1.2310569e-06,1.6546493000000003e-06,2.2005465e-06,3.5605565e-06,7.582758499999999e-06,0.23902800000000002,0.23432739999999996,0.00030625749999999995,108.20652,99.66920999999999,3.143294e-05,6.093557,0.0152839,10.061264999999999,0.0030306617000000003,0.0002771649,0.02265025,21.123160000000002,0.0030306617000000003,0.0002771649,0.006615773,56.349551999999996,0.0030306617000000003,0.0002771649,0.003345008,57.104586000000005,0.0030306617000000003,0.0002771649,0.0040448640000000004,1.704945e-06,1.80433e-05,0.07193068799999999,3.5215365,0.0037259781999999997,-0.001766918,-0.002502058,8.938752000000001e-07,1.0730649e-05
73,1608493800,0.9465282,0.9465442999999999,-0.004838076000000001,-1.206066,1.642175,0.8277336,1.483883,1.3380420000000002,0.00515429,0.3881926,1.704215e-05,7.88788e-07,8.012329299999999e-07,9.978357e-07,1.3135576999999999e-06,1.6159697000000003e-06,2.5023375e-06,5.450135e-06,0.2422111,0.23073169999999998,0.00030111070000000007,110.2859,98.91120000000001,3.1431890000000006e-05,6.385440000000001,0.01528002,10.031702,0.002006991346,0.0001833775934,0.02281719,21.409960000000005,0.002006991346,0.0001833775934,0.006009159,35.570930399999995,0.002006991346,0.0001833775934,0.0027240309999999996,36.069034099999996,0.002006991346,0.0001833775934,0.004052384,1.623316e-06,1.8037850000000002e-05,0.036251687,0.9358692000000002,0.0010847797,-0.001802708,-0.0025545840000000004,7.751961999999999e-07,9.150584e-06
73,1608494400,1.0492468000000001,1.0492624,-0.005120708,-1.230276,1.72254,0.8880644999999999,1.5728360000000001,1.383869,0.006829602,0.4329453,1.792066e-05,1.4953458e-06,1.5421729999999997e-06,1.8542039999999999e-06,2.5142179999999997e-06,3.1713909e-06,4.940301199999999e-06,1.0259067e-05,0.29501849999999996,0.22926929999999998,0.00030655849999999997,103.11389,93.90427000000001,3.481821e-05,6.399322,0.01618608,11.06858,0.0028346436,0.00025918075400000005,0.02510992,25.92834,0.0028346436,0.00025918075400000005,0.006287032,50.358723000000005,0.0028346436,0.00025918075400000005,0.0030319350000000004,51.184055,0.0028346436,0.00025918075400000005,0.004072712000000001,1.966147e-06,1.846595e-05,0.039856655,0.9729656000000002,0.0017403571,-0.0016243371999999999,-0.002419836,8.507282999999999e-07,9.682262e-06
73,1608495000,0.9382773,0.9382933,-0.007379993999999999,-1.250732,1.6133,0.8290382999999999,1.44488,1.339355,0.005449992999999999,0.3872337,1.7890549999999998e-05,1.3389666000000002e-06,1.4659966e-06,1.7786162999999998e-06,2.3928116e-06,3.1962102e-06,5.1411267e-06,1.0716542e-05,0.2404915,0.22829939999999996,0.0003121584,103.74104,98.91769000000001,3.1105520000000004e-05,6.499163,0.015164730000000001,9.946293,0.0029623881000000003,0.00027089285,0.02271955,21.27288,0.0029623881000000003,0.00027089285,0.006421576,51.856892,0.0029623881000000003,0.00027089285,0.003110532,52.866333,0.0029623881000000003,0.00027089285,0.004082981,1.5875779999999997e-06,1.824644e-05,0.037357180000000004,2.8471708000000002,0.0029759971,-0.001850721,-0.002627879,8.009396000000001e-07,1.013079e-05
73,1608495600,0.9320407999999999,0.9320575,-0.005563672,-1.203688,1.6002859999999999,0.8183463,1.4662929999999998,1.355144,0.010577298000000002,0.3906469,1.771063e-05,1.1333033999999999e-06,1.20429769e-06,1.4946821000000001e-06,1.9790473e-06,2.6358208e-06,4.1867564e-06,8.746123e-06,0.2328926,0.23280760000000003,0.000289865,105.88289,100.13847,3.0917900000000004e-05,6.388288999999999,0.01510523,9.891768,0.00298677847,0.0002732106938,0.02237248,20.64037,0.00298677847,0.0002732106938,0.006479306,52.338158,0.00298677847,0.0002732106938,0.0031631155,53.3531793,0.00298677847,0.0002732106938,0.004079851,1.5338159999999998e-06,1.8172989999999996e-05,0.037893579999999996,1.0980834,0.0010697141999999999,-0.001889669,-0.002652803,7.656876e-07,9.353781e-06
73,1608496200,0.9331407000000003,0.9331574,-0.006748936,-1.2118089999999997,1.611424,0.819701,1.46112,1.34378,0.004863396000000001,0.3798385,1.7383280000000002e-05,7.810986e-07,8.423486100000001e-07,1.0633267e-06,1.4358307e-06,1.8905802e-06,3.1185241e-06,6.771271e-06,0.23380579999999998,0.23244190000000003,0.0003037795,110.98021999999999,100.00196000000001,3.0963830000000005e-05,6.122137,0.01513349,9.904615,0.0029032407000000003,0.0002654694300000001,0.022394169999999998,20.639409999999998,0.0029032407000000003,0.0002654694300000001,0.006684602,52.837199999999996,0.0029032407000000003,0.0002654694300000001,0.003356435,53.70377,0.0029032407000000003,0.0002654694300000001,0.004083559,1.561292e-06,1.823114e-05,0.018190713,0.9926629,0.0011944574,-0.0018589379999999999,-0.00263033,7.551863e-07,9.204361e-06
73,1608496800,0.9455492999999999,0.9455658000000001,-0.003071383,-1.259894,1.5897860000000001,0.8330374,1.447768,1.361142,0.00503295,0.3871499,1.730744e-05,9.257635e-07,9.883023e-07,1.2776843999999998e-06,1.8296082e-06,2.4751948000000002e-06,4.1425157e-06,8.972875e-06,0.2417647,0.230644,0.0003406242,106.0845,98.96196,3.1355460000000006e-05,6.5471260000000004,0.015178790000000001,10.032116999999998,0.0020291680629999998,0.0001854637927,0.022771980000000004,21.32163,0.0020291680629999998,0.0001854637927,0.006238921,42.126842,0.0020291680629999998,0.0001854637927,0.002938763,42.440291,0.0020291680629999998,0.0001854637927,0.004068032,1.781135e-06,1.826417e-05,0.025177530000000004,4.1676491,0.0041779465,-0.0017503474,-0.0025365879999999998,9.931448e-07,1.1533070000000001e-05
73,1608497400,0.947894,0.9479090000000001,-0.006540857999999999,-1.2239330000000002,1.6329509999999998,0.8324914,1.4647200000000002,1.3486909999999999,0.009950879,0.3942127,1.71172e-05,7.401802e-07,8.0346069e-07,9.885038e-07,1.3615996e-06,1.7559975e-06,2.9312602e-06,6.337806300000001e-06,0.24112219999999995,0.23251080000000002,0.0002937421,108.94559999999998,99.9035,3.146873e-05,6.275772,0.015198709999999999,10.021549000000002,0.0022588939499999998,0.000206418361,0.02252053,21.15262,0.0022588939499999998,0.000206418361,0.006161834,40.757909,0.0022588939499999998,0.000206418361,0.0028990599999999997,41.393099,0.0022588939499999998,0.000206418361,0.004053561,1.6818920000000001e-06,1.810135e-05,0.010173223,1.1779012,0.0020873582,-0.0018019759999999998,-0.0025129139999999998,7.580229e-07,9.441679999999998e-06
73,1608498000,0.7217807,0.7217971000000001,-0.0025271547999999996,-1.1542059999999998,1.4289800000000001,0.7132759,1.30189,1.2180010000000001,0.004328674,0.2960705,1.669771e-05,2.2517092e-07,2.6711409999999996e-07,3.7821339999999994e-07,4.785207000000001e-07,7.0601e-07,1.2501396e-06,3.0416861000000004e-06,0.13035159999999998,0.23022520000000002,0.0002997696,115.77810000000002,113.9896,2.395379e-05,6.129796,0.01313999,7.681958999999999,0.002356602,0.00021539291,0.016763810000000004,11.61792,0.002356602,0.00021539291,0.006357408,43.119127000000006,0.002356602,0.00021539291,0.0029670499999999997,43.732122,0.002356602,0.00021539291,0.004058549,1.358318e-06,1.781649e-05,0.056155531999999994,3.762345,0.0027597611,-0.002048394,-0.002728523,8.064933999999999e-07,1.0007301000000001e-05
73,1608498600,0.9103349000000002,0.9103517,-0.00251490757,-1.1617331,1.6285990000000001,0.8059204000000001,1.474059,1.3271660000000003,0.007640099,0.3753693,1.754549e-05,1.0829738599999997e-06,1.1408702e-06,1.3546882e-06,1.7028652e-06,2.1230252e-06,3.2178142999999993e-06,6.4261837e-06,0.2208558,0.2339965,0.0002941788,111.21552999999999,102.17003,3.021671e-05,6.41339,0.01458812,9.679376,0.0024404342,0.00022305644000000002,0.02163378,19.572049999999997,0.0024404342,0.00022305644000000002,0.006409041,44.184865,0.0024404342,0.00022305644000000002,0.0031328219999999995,44.837737,0.0024404342,0.00022305644000000002,0.004063208,1.58934e-06,1.8078089999999998e-05,0.046357301000000004,2.2401903,0.0029839768,-0.0019005609999999998,-0.002616971,8.125843000000001e-07,9.641664999999999e-06
73,1608499200,0.9641474000000002,0.9641637000000001,-0.008046556,-1.219216,1.6626499999999997,0.8368439999999999,1.497048,1.34078,0.006264186999999999,0.39571490000000004,1.817617e-05,1.7550689000000002e-06,1.85410401e-06,2.1587840000000004e-06,2.6693396000000005e-06,3.3680821000000003e-06,4.9741751999999996e-06,9.5600445e-06,0.2456276,0.2361017,0.00031245789999999996,106.24484,99.20633000000001,3.199884999999999e-05,6.211647,0.015387020000000001,10.217411000000002,0.0017274202699999997,0.000157696672,0.02295662,21.68609,0.0017274202699999997,0.000157696672,0.006075423,33.261523,0.0017274202699999997,0.000157696672,0.0028059400000000003,33.535201,0.0017274202699999997,0.000157696672,0.004058355,1.7052290000000002e-06,1.8155089999999998e-05,0.015136590000000002,2.8159942,0.0038473947999999995,-0.0017976199999999998,-0.0025320969999999996,7.734905999999999e-07,9.908499999999998e-06
73,1608499800,0.9558256999999999,0.9558417,-0.0025506882,-1.255819,1.614197,0.8384287,1.461757,1.3543540000000003,0.004540885,0.390191,1.7010500000000003e-05,9.99874e-07,1.0299403399999999e-06,1.2251031999999999e-06,1.5775894000000002e-06,1.9160106000000003e-06,2.9689024e-06,5.997873e-06,0.24779279999999998,0.2298168,0.0002806889,109.85983000000002,98.24024,3.1744879999999993e-05,5.94971,0.015322869999999999,10.153512000000001,0.0027262561000000003,0.00024926146,0.0231194,21.99373,0.0027262561000000003,0.00024926146,0.006425623,49.619725,0.0027262561000000003,0.00024926146,0.003183142,50.372828999999996,0.0027262561000000003,0.00024926146,0.0040235340000000005,1.6125800000000001e-06,1.778938e-05,0.028915424600000007,1.32341,0.0025265258,-0.001795362,-0.002528496,7.162498e-07,9.172499999999999e-06
73,1608500400,0.945814,0.9458302,-0.004557949,-1.207886,1.6547399999999999,0.8261307999999999,1.483996,1.331628,0.006147107,0.3884293,1.727846e-05,1.0623261e-06,1.0994322000000001e-06,1.3451505e-06,1.7580914e-06,2.2722668999999996e-06,3.6540472999999993e-06,7.572656e-06,0.2391347,0.23344460000000003,0.00030267550000000003,108.06812,99.50708,3.13962e-05,6.340519,0.01531211,10.069531000000001,0.003114883,0.00028488520000000004,0.02273474,21.28196,0.003114883,0.00028488520000000004,0.006646018000000001,53.1125,0.003114883,0.00028488520000000004,0.0033923269999999997,54.25930999999999,0.003114883,0.00028488520000000004,0.0040282849999999995,1.6294070000000002e-06,1.7833750000000002e-05,0.030866670000000002,4.428790199999999,0.0031656759,-0.0017938640000000003,-0.002566444,8.326869999999999e-07,1.0142597000000002e-05
73,1608501000,0.9576366999999999,0.9576531999999999,-0.007203036,-1.158795,1.6770520000000002,0.8269231999999999,1.5205220000000002,1.3383809999999998,0.004462215,0.3890398,1.7357560000000002e-05,1.2055932e-06,1.29522866e-06,1.6711092e-06,2.1832226000000004e-06,2.8940022e-06,4.6728594e-06,9.941846e-06,0.2437017,0.23477580000000003,0.00030954480000000003,103.17572,99.14097000000001,3.178138e-05,6.383789,0.015447949999999998,10.182424000000001,0.0038862379800000007,0.00035560529,0.02297149,21.735560000000003,0.0038862379800000007,0.00035560529,0.006606982999999999,66.00492399999999,0.0038862379800000007,0.00035560529,0.003363198,67.44706799999999,0.0038862379800000007,0.00035560529,0.004030577,1.7042129999999999e-06,1.79292e-05,0.011596619000000002,5.183233100000001,0.0031160138,-0.001769693,-0.002505048,7.556939e-07,9.746843e-06
73,1608501600,0.9530238000000001,0.9530399999999999,-0.007383302999999999,-1.155574,1.66299,0.8237021,1.516548,1.339091,0.00504257,0.38959249999999995,1.7546239999999998e-05,1.3068913e-06,1.3823097999999999e-06,1.6260942000000003e-06,2.0570050000000003e-06,2.5423642e-06,3.8221463e-06,7.686394199999998e-06,0.24004330000000001,0.23613520000000002,0.0003085046,110.2154,99.65978999999999,3.1645699999999994e-05,6.091599,0.01544283,10.163292000000002,0.0039816955,0.00036434127,0.022848,21.509579999999996,0.0039816955,0.00036434127,0.006784009000000001,68.44436700000001,0.0039816955,0.00036434127,0.003518906,70.01450600000001,0.0039816955,0.00036434127,0.004044326,1.606407e-06,1.7951809999999997e-05,0.032551083,1.1131696000000002,0.0019576829999999996,-0.0018100320000000003,-0.002558382,7.481259000000001e-07,9.062788999999999e-06
73,1608502200,1.0375869999999998,1.0376045,-0.007176264999999999,-1.1788020000000001,1.7564040000000003,0.8696501,1.580823,1.3782789999999998,0.009667901999999999,0.4299557,1.740339e-05,1.0863252000000002e-06,1.1424529999999998e-06,1.387913e-06,1.8830704999999995e-06,2.4090328e-06,3.863781e-06,8.093125e-06,0.28049799999999997,0.23795059999999996,0.0003217996,108.39249000000002,96.28224,3.443238e-05,6.435321999999999,0.016082779999999998,11.000302999999999,0.00279005236,0.00025510613499999996,0.02452067,24.89015,0.00279005236,0.00025510613499999996,0.006592965999999999,51.188818,0.00279005236,0.00025510613499999996,0.003352542,51.96058949999999,0.00279005236,0.00025510613499999996,0.004055458,1.750502e-06,1.8173579999999997e-05,-0.0003641799999999997,1.9437815,0.0035872558,-0.001743419,-0.002502763,7.635322e-07,9.624995000000002e-06
73,1608502800,3.4929813000000003,3.4930038000000003,-0.0067351489999999984,-1.1488292999999998,2.700345,1.3861401999999998,2.507139,2.1864689999999998,0.19495684099999996,1.5600338,1.821507e-05,2.7364529999999997e-06,2.29363602e-06,2.7420918000000003e-06,4.5802896e-06,4.7485789e-06,7.6973895e-06,1.8907114e-05,1.5248724999999999,0.2212458,0.00032571389999999997,98.80937,85.20177000000001,0.00011624216,5.891101999999999,0.02491361,38.048117000000005,0.0025775231400000003,0.0002354426902,0.04478526,136.64631,0.0025775231400000003,0.0002354426902,0.0067365540000000005,50.062915999999994,0.0025775231400000003,0.0002354426902,0.0035711890000000002,50.603222,0.0025775231400000003,0.0002354426902,0.004231311,6.516578999999999e-06,2.294562e-05,-0.08893135799999999,66.1666468,0.0243237596,-0.0006376929999999998,-0.0017255805999999998,6.8852505999999995e-06,7.749063399999999e-05
73,1608503400,10.344759999999999,10.34479,-0.002079887,-1.4378520000000001,4.940212000000001,2.910817,4.743594,4.389245999999999,0.04337199,4.190212,2.9531019999999997e-05,1.5832016e-05,1.55020105e-05,1.8921470799999996e-05,2.8248752e-05,3.575725159999999e-05,5.76127858e-05,0.00012919441,4.98812,0.18325280000000002,0.0006822634000000001,74.75414,53.556740000000005,0.0003439757,5.928933,0.04990894,110.12610000000002,0.010771823699999999,0.00098579922,0.10389630000000001,443.2737,0.010771823699999999,0.00098579922,0.010958367,221.04890099999997,0.010771823699999999,0.00098579922,0.008182359,224.07124199999998,0.010771823699999999,0.00098579922,0.004681882,1.419909e-05,3.0938150000000005e-05,0.014693505500000004,0.9256359,0.012557442999999998,0.002322039,0.0005973112000000001,1.1422552e-06,1.8780529999999996e-05
73,1608504000,9.674955,9.67498,-0.003920926,-1.378578,4.8624339999999995,2.790521,4.6841170000000005,4.2981940000000005,0.056105379999999996,3.916601,3.0154679999999996e-05,1.6045958e-05,1.5739616e-05,1.9237348500000002e-05,2.8429235999999997e-05,3.52737256e-05,5.65321562e-05,0.00012604373,4.6505209999999995,0.18600119999999998,0.0006440087,74.74608,53.85672999999999,0.00032174430000000005,6.004912999999999,0.04809677,103.84542000000002,0.010430084000000001,0.0009545381,0.10046083000000001,414.91360000000003,0.010430084000000001,0.0009545381,0.010775848000000001,208.00182999999998,0.010430084000000001,0.0009545381,0.008020176,211.17023000000003,0.010430084000000001,0.0009545381,0.004637819,1.31805e-05,3.003133e-05,0.01643714,0.7129192,0.0076774750000000004,0.0019907370000000002,0.00035518825,8.386076e-07,1.4258550000000001e-05
73,1608504600,9.683392,9.683416000000001,-0.0046675580000000005,-1.376238,4.887187,2.7884450000000003,4.685656,4.308132,0.059212549999999996,3.948941,3.1417170000000006e-05,1.7582943e-05,1.748692e-05,2.1006001e-05,3.0805333999999994e-05,3.8239637e-05,6.0678422e-05,0.00013152005000000003,4.653332000000001,0.1874172,0.0006066978,74.57511000000001,53.90249,0.0003219195,6.072457,0.04753519,101.56521000000001,0.011928985,0.0010919,0.1000065,410.1809,0.011928985,0.0010919,0.011061062,236.69340000000003,0.011928985,0.0010919,0.008276587,240.36257999999998,0.011928985,0.0010919,0.004646796999999999,1.3230460000000002e-05,3.017345e-05,0.010127365000000001,0.7697603,0.009707724999999999,0.001993852,0.000330689,9.497524000000001e-07,1.607215e-05
73,1608505200,5.622459999999999,5.622484000000001,-0.0042369750000000005,-1.3377092999999998,3.5716109999999994,1.936398,3.3384650000000002,3.0411910000000004,0.18927784099999997,2.3970549,2.3914880000000002e-05,8.660576300000002e-06,8.7032717e-06,1.11773334e-05,1.7237645999999998e-05,2.3143574000000002e-05,3.9402382000000005e-05,8.569621e-05,2.5866834,0.2237323,0.0006126597999999999,88.34569,68.14398,0.00018680765999999998,6.339785000000001,0.033281,58.91882,0.009127814,0.0008355527999999999,0.06608696,227.46013,0.009127814,0.0008355527999999999,0.009170351,164.18617,0.009127814,0.0008355527999999999,0.006246883999999999,167.87834,0.009127814,0.0008355527999999999,0.004465545,1.1471072000000001e-05,2.837765e-05,0.02439158739999999,81.1865904,0.039019164,0.00039283600000000003,-0.0009380818,1.0170630399999999e-05,0.00010849707999999998
73,1608505800,1.5762589999999999,1.5762759999999998,-0.0011625957999999996,-1.487264,2.0024480000000002,1.14876,1.7827300000000001,1.6743130000000002,0.009222295,0.6504239,1.79257e-05,1.3838834e-06,1.4292173e-06,1.9472306e-06,3.0360719999999997e-06,4.091421000000001e-06,6.750534e-06,1.4764056e-05,0.5386636000000001,0.24909810000000002,0.00032987159999999996,100.67519,81.71717,5.235427e-05,6.191415,0.019862539999999995,16.88039,0.0033535444999999997,0.00030668586000000004,0.03403849,47.619569999999996,0.0033535444999999997,0.00030668586000000004,0.006681197,63.031324,0.0033535444999999997,0.00030668586000000004,0.0035979030000000004,64.07530399999999,0.0033535444999999997,0.00030668586000000004,0.004213592,5.02551e-06,2.1828590000000002e-05,-0.027445500000000005,36.36057,0.02636073,-0.001230485,-0.002056104,3.412834e-06,2.9043199999999997e-05
73,1608506400,2.258844,2.2588609999999996,-6.989069999999996e-05,-1.4763769999999998,2.33831,1.290645,2.060501,1.893095,0.109887084,0.9710729000000002,1.846151e-05,2.2907311e-06,2.339647e-06,3.2314274999999995e-06,5.325988e-06,7.059866299999998e-06,1.2030716e-05,2.7064215e-05,0.9025320000000001,0.2264546,0.0003656404,91.23062,77.07074,7.504033e-05,6.339738,0.02200908,23.93187,0.00274498316,0.00025088320000000004,0.040056879999999996,79.2887,0.00274498316,0.00025088320000000004,0.006607843,53.954543,0.00274498316,0.00025088320000000004,0.0036005290000000003,54.53531,0.00274498316,0.00025088320000000004,0.004284032,7.957175e-06,2.463545e-05,-0.09654104,71.27031000000001,0.040069400000000005,-0.0008688836,-0.00178449561,9.44832e-06,9.083267e-05
73,1608507000,1.641887,1.641906,0.0008532889999999999,-1.509722,2.1241019999999997,1.180505,1.8330560000000002,1.659875,0.010025547000000001,0.6776222,1.956268e-05,3.3382925e-06,3.6478807e-06,4.6074397e-06,6.578249999999999e-06,9.420372999999998e-06,1.507394e-05,2.9720661e-05,0.5796896,0.2407877,0.0003842578,93.27817,79.4625,5.4461499999999993e-05,6.530419,0.020124579999999996,17.61395,0.00150742286,0.000137470254,0.03528476999999999,51.16614,0.00150742286,0.000137470254,0.005996569000000001,32.01857,0.00150742286,0.000137470254,0.002956214,32.005579999999995,0.00150742286,0.000137470254,0.0043051719999999995,7.6018519999999995e-06,2.43335e-05,0.02001504,33.22258000000001,0.028542900000000003,-0.0009487334,-0.001872553,4.629921e-06,3.201199e-05
73,1608507600,2.6838369999999996,2.6838559999999996,-0.004824172999999999,-1.0798682000000002,2.917815,1.343809,2.566802,2.1171659999999997,0.389408633,1.4961705999999997,2.462324e-05,8.656300500000002e-06,9.0525132e-06,1.07885397e-05,1.4821170999999999e-05,2.0151418999999997e-05,2.9030993999999997e-05,5.838709e-05,1.1061956,0.23516019999999999,0.0003971440999999999,90.58269,73.26577,8.909122e-05,6.333806000000001,0.024125570000000002,28.87514,0.0045494688,0.00041619740000000007,0.044210990000000006,97.41821,0.0045494688,0.00041619740000000007,0.00736055,86.61721200000001,0.0045494688,0.00041619740000000007,0.004369522000000001,87.963199,0.0045494688,0.00041619740000000007,0.004403444,1.2718746e-05,2.9414199999999994e-05,0.10022385000000003,116.4564,0.06636326,-0.00018484024000000007,-0.0013515404000000002,1.7690116000000002e-05,0.00017769142
73,1608508200,4.413107999999999,4.413124999999999,0.00028719600000000025,-1.287666,3.6508499999999997,1.890212,3.313151,2.8515889999999997,0.03213043,1.8641879999999997,2.116484e-05,5.7255489999999995e-06,5.8703613e-06,7.5792609999999996e-06,1.1490821999999999e-05,1.5683943e-05,2.6039599e-05,5.641043000000001e-05,1.725525,0.4802347,0.0006441592999999999,94.00116999999999,72.48903,0.00014652019999999996,6.318732,0.03236987,46.86409999999999,0.007061473430000001,0.0006463934779999999,0.060529849999999996,152.35999999999999,0.007061473430000001,0.0006463934779999999,0.008000961,139.463684,0.007061473430000001,0.0006463934779999999,0.005346482,141.737765,0.007061473430000001,0.0006463934779999999,0.0044378099999999995,1.119302e-05,2.783145e-05,0.1723907,30.08496999999999,0.040575019999999996,0.00045911450000000006,-0.0009017487,6.560408000000001e-06,6.126216000000001e-05
73,1608508800,5.862456,5.862473,0.00229906,-0.9161290000000001,4.807761,1.946427,3.784091,3.159959,0.34261859999999994,2.9445615,2.7683619999999995e-05,1.2174929099999999e-05,1.32782949e-05,1.60469363e-05,2.1892916999999995e-05,2.903722999999999e-05,4.6048690999999994e-05,8.583763899999998e-05,1.7246707000000001,1.2054989,0.0008239653,99.25167,88.1922,0.00019452693,6.533599,0.03558344,63.32722,0.02358070805,0.00216067725,0.05886899999999999,155.11556000000002,0.02358070805,0.00216067725,0.010212239000000001,395.178691,0.02358070805,0.00216067725,0.007687387000000001,406.868294,0.02358070805,0.00216067725,0.004762297,2.0508110999999998e-05,3.720371e-05,0.07009080000000001,101.66309199999999,0.07296814,0.0016648373300000002,-0.00038870848,2.1578960000000002e-05,0.00021176115999999994
73,1608509400,12.049554,12.049575,0.004535191,-1.0355919,6.335818,2.85875,5.492718999999999,4.512511999999999,0.36109979999999997,5.472783,3.220637e-05,1.7515378999999998e-05,1.8822488e-05,2.3589416000000002e-05,3.3044176999999995e-05,4.5446144e-05,7.419360999999999e-05,0.00015013863,3.5688500000000003,2.4541480000000004,0.0013992663999999998,105.58144999999999,97.57582999999998,0.00039988060000000007,6.529624,0.05093732000000001,130.03549,0.03226343273999999,0.0029562324059999997,0.08160073999999999,319.133,0.03226343273999999,0.0029562324059999997,0.013287349,600.25901,0.03226343273999999,0.0029562324059999997,0.010976725,614.3662,0.03226343273999999,0.0029562324059999997,0.005706843,3.797835e-05,5.479768e-05,0.026763979000000004,16.010889,0.05561237,0.005510838,0.0024050999999999994,1.1905343e-05,0.00010652160000000001
73,1608510000,27.019119999999997,27.01914,-0.0033603260000000003,-1.476797,8.414093,4.778178,7.767574999999999,6.8980369999999995,0.24039283,11.034491,5.410936e-05,4.4057750999999996e-05,4.256843300000001e-05,5.1470284000000004e-05,7.360235999999999e-05,9.0503501e-05,0.00013904218000000001,0.00030076660999999995,12.090595,1.416879,0.001306093,84.76476,60.67660000000001,0.0008981890000000001,6.168008,0.08041092000000001,288.7631,0.0376985919,0.003453269394,0.1612808,1075.8796,0.0376985919,0.003453269394,0.01605231,716.3452,0.0376985919,0.003453269394,0.012666398,731.0987200000001,0.0376985919,0.003453269394,0.006316009,4.926235e-05,6.657235999999998e-05,0.0244303742,20.203067,0.06850062999999999,0.0071235099999999996,0.0041648860000000005,1.4365217000000002e-05,0.00014188277
73,1608510600,20.6701,20.67013,0.0003310329999999999,-1.3894516000000001,7.479528,4.0911159999999995,6.634326999999999,5.812376,0.74290074,9.349122,6.633063e-05,5.5262075e-05,5.7621787200000006e-05,6.849312000000002e-05,9.1978661e-05,0.00012028811200000002,0.000187677474,0.00037700323,8.660260999999998,1.6724299999999999,0.0013526449,84.25646,69.19784000000001,0.0006866572000000001,6.23834,0.0696553,219.7185,0.015264440689999997,0.0013975042259999997,0.13270642000000002,767.6838000000001,0.015264440689999997,0.0013975042259999997,0.013177625000000002,361.37718,0.015264440689999997,0.0013975042259999997,0.010173782000000001,364.05837,0.015264440689999997,0.0013975042259999997,0.005803180000000001,3.955584e-05,5.685137e-05,-0.044702697,44.64453400000001,0.07111522,0.005632747,0.0030642713999999996,1.9760434999999997e-05,0.000196999
73,1608511200,17.0066,17.00662,-0.0005874691,-1.6273279999999999,6.062398,3.8067610000000003,5.530444,5.237934,0.17323526,7.088642,2.7239939999999996e-05,1.4355696e-05,1.2736469e-05,1.6659635e-05,2.9963145999999997e-05,3.5847058e-05,6.0872081e-05,0.00015412669000000002,8.217667,0.2844528,0.0008451937999999999,74.16385,53.475170000000006,0.0005656783999999999,5.664561000000001,0.06592198000000002,180.94639999999998,0.0090109561,0.0008237856299999999,0.13293630000000003,727.8516999999999,0.0090109561,0.0008237856299999999,0.012288023,246.90211,0.0090109561,0.0008237856299999999,0.009055676,246.38224999999997,0.0090109561,0.0008237856299999999,0.005632698,3.5334480000000004e-05,5.266217e-05,-0.005176189999999999,38.82878899999999,0.06564483000000002,0.0052109520000000005,0.002849856,2.1638028000000002e-05,0.00022233873000000005
73,1608511800,19.00247,19.00247,0.0009981214,-1.6115819999999998,6.374857,4.024087,5.9736329999999995,5.6513100000000005,0.09763770000000001,7.742641000000001,6.137763e-05,5.0996346e-05,5.22804574e-05,6.3396038e-05,9.053925999999999e-05,0.000119861038,0.00018955614000000002,0.00041050986,9.243379,0.25524699999999995,0.0015857797,71.59055,52.717369999999995,0.0006312604,6.420713999999999,0.06886589000000001,201.0211,0.008107904,0.00074075296,0.1410768,816.6209999999999,0.008107904,0.00074075296,0.012438351000000002,235.88978000000003,0.008107904,0.00074075296,0.009157381,235.44181000000003,0.008107904,0.00074075296,0.005914442000000001,3.900023e-05,5.620888e-05,-0.02189892,2.780975,0.03655813,0.006134833,0.00355091,7.279286e-06,5.8187190000000004e-05
73,1608512400,10.526303,10.526323,-0.0010339969,-1.2127636000000002,5.2866859999999996,2.7272019999999997,4.364309,3.7897529999999997,0.56339699,5.261244,3.60174e-05,2.2569117e-05,2.326971e-05,2.920094e-05,4.2250334000000004e-05,5.7532171000000005e-05,9.582463e-05,0.00022135534999999997,4.940938,0.32051369999999996,0.0011812524,84.16873,62.33788,0.00034948797,6.7984279999999995,0.047034040000000006,112.05951999999999,0.01776196949,0.001626801175,0.09252211,434.10045,0.01776196949,0.001626801175,0.011460069000000002,315.256076,0.01776196949,0.001626801175,0.008538631999999999,322.8006919999999,0.01776196949,0.001626801175,0.0054410579999999995,3.445627e-05,5.16457e-05,0.19743919,88.73062099999999,0.08457925,0.004135265000000001,0.0018880899200000001,2.7969447e-05,0.00028452413999999996
73,1608513000,2.9505209999999997,2.9505359999999996,0.004223131,-1.47532,3.2007980000000003,1.582444,2.480101,2.227456,0.08846752999999999,1.386076,2.1277280000000002e-05,5.3720487e-06,5.8056773e-06,7.590286e-06,1.1123173e-05,1.587131e-05,2.8202559999999997e-05,6.996089e-05,1.119546,0.3548473,0.0007195057,95.00881000000001,74.12449,9.779059000000001e-05,6.914045999999999,0.027061309999999998,32.79391,0.0057539254,0.00052659999,0.04896897,99.1011,0.0057539254,0.00052659999,0.007582841,104.11777,0.0057539254,0.00052659999,0.004932884,106.3181,0.0057539254,0.00052659999,0.004833399,2.0147879999999996e-05,3.675587e-05,0.024727311600000003,9.881308,0.03519039,0.0021502177000000005,0.00039295117999999993,6.973927e-06,4.7354119999999996e-05
73,1608513600,15.637933999999998,15.637946999999997,-0.003992382599999999,-1.0793196,6.9407499999999995,3.3357420000000007,6.0702359999999995,5.306974000000001,0.63937005,6.99503,3.5692959999999996e-05,2.3473198999999995e-05,2.4013796000000003e-05,3.0528441e-05,4.6455382e-05,5.9989088999999994e-05,0.00010010932999999998,0.00022012418,6.613417,1.2036551999999998,0.0013738450999999999,89.06000999999999,69.11282,0.0005195136000000001,6.2981929999999995,0.06092118,165.01834000000002,0.026985996700000004,0.0024719960700000003,0.11472922999999999,580.5630000000001,0.026985996700000004,0.0024719960700000003,0.014102541000000001,531.94762,0.026985996700000004,0.0024719960700000003,0.011284411999999999,541.6610499999999,0.026985996700000004,0.0024719960700000003,0.006153604,5.216506999999999e-05,6.892928e-05,-0.09635165,39.815354000000006,0.10803473999999999,0.006683979,0.0035218603,3.1429295e-05,0.00031520086
73,1608514200,16.70389,16.7039,-0.003215172,-1.361619,6.827419999999999,3.7273940000000003,6.205612,5.431776999999999,0.1398967,6.9789959999999995,4.943832e-05,3.6755622999999994e-05,3.807867e-05,4.553963500000001e-05,6.2316103e-05,8.0786026e-05,0.00012802351,0.00026403759,6.966952000000001,1.3821059999999998,0.002193273,87.38003999999998,66.91277,0.0005547036999999999,6.116303,0.06672322,177.44310000000002,0.0250983079,0.00229896889,0.1221125,615.5111,0.0250983079,0.00229896889,0.012101482000000002,462.26935000000003,0.0250983079,0.00229896889,0.009208783,472.91822,0.0250983079,0.00229896889,0.0059671659999999994,4.2108520000000007e-05,5.9005289999999995e-05,0.021773212,17.9522385,0.054474310000000005,0.006325537000000001,0.003484975,1.2291884999999999e-05,0.00011307727999999998
73,1608514800,20.20898,20.20901,-0.0024086689999999996,-1.5975059999999999,6.930511,4.185827,6.3031179999999996,5.538956000000001,0.15208258000000002,8.296843,5.5732250000000005e-05,4.2145313e-05,4.4680872999999994e-05,5.331877e-05,8.355226000000001e-05,0.00011742523999999998,0.00015790939000000004,0.000350252,8.814772,1.286294,0.0025339250000000002,84.11332,62.82137,0.0006713194,6.443268000000001,0.07304437999999999,213.10240000000005,0.0326491965,0.0029904009999999993,0.1370105,769.9405,0.0326491965,0.0029904009999999993,0.014244177,587.9208799999999,0.0326491965,0.0029904009999999993,0.011426854,601.99919,0.0326491965,0.0029904009999999993,0.007568053,9.229403e-05,0.00010948711000000001,-0.0011338300000000023,2.7798871,0.05077514000000001,0.010263201000000001,0.0062297,3.6054242000000006e-05,0.00022106801999999997
73,1608515400,26.11071,26.11074,-0.0015986982,-1.637792,7.723436000000001,4.734303,6.959237,6.319693,0.4762751799999999,11.025381,5.858751000000001e-05,4.8792978000000005e-05,5.2800343e-05,6.172857699999999e-05,0.00010693491000000001,0.00015471832,0.00020433833,0.00047530429999999995,11.977608,1.0737117999999999,0.002887602,79.37404000000001,59.220940000000006,0.0008671958,6.3136719999999995,0.0827741,277.15289999999993,0.032799357999999994,0.00300428167,0.1581639,1051.8773,0.032799357999999994,0.00300428167,0.015498081,661.75988,0.032799357999999994,0.00300428167,0.012461567000000002,672.77214,0.032799357999999994,0.00300428167,0.008761668000000002,0.00013609617,0.00015318795,-0.008993492000000002,3.832707,0.07508436,0.013916758000000001,0.007958957999999999,6.1709023e-05,0.00034838575000000003
73,1608516000,22.647309999999997,22.64735,-0.0016401032999999998,-1.509751,7.564244,4.374111000000001,6.848795,6.113512000000001,0.5861512600000001,10.080499,6.561640999999999e-05,5.4354737e-05,6.0205320000000006e-05,6.7460786e-05,0.00012112916,0.00018298275,0.00019937687000000002,0.0004608219,9.991277,1.3291772,0.0020133079999999997,82.82937,62.98114999999999,0.0007521607999999999,6.320534,0.07732315,243.53830000000002,0.041208978,0.0037747103,0.14442329999999998,877.2626,0.041208978,0.0037747103,0.015957093,729.18597,0.041208978,0.0037747103,0.012797515999999998,747.35592,0.041208978,0.0037747103,0.009563419,0.00019636218,0.00021381210000000003,0.010881469999999999,7.180232800000001,0.07794735000000001,0.015605689999999997,0.009746157000000002,7.319485199999999e-05,0.00037924401999999996
73,1608516600,20.72229,20.72229,-0.0009687193799999998,-1.3994319999999998,8.173373000000002,4.1386709999999995,6.910674,5.984807999999999,0.63030993,9.766007,3.312491e-05,2.1531048e-05,2.3277363e-05,3.324833000000001e-05,5.642137999999999e-05,8.671129e-05,0.00015419497,0.00035501114000000006,8.453061,1.904824,0.0025066634,85.4828,69.78789,0.0006876497,6.497862,0.06929447999999999,219.93559999999997,0.0295906706,0.00271054168,0.1329629,746.3491999999999,0.0295906706,0.00271054168,0.014433212999999997,588.4532999999999,0.0295906706,0.00271054168,0.011652657,599.9426000000001,0.0295906706,0.00271054168,0.006796855,5.981153e-05,7.698927e-05,-0.021382719999999994,6.6097353,0.06318843,0.008152935,0.004996077,1.6191278000000002e-05,0.00015273012999999998
73,1608517200,26.955039999999997,26.955060000000003,-0.001889892,-1.47487,8.562525,4.775446999999999,7.760899,6.9193359999999995,0.41449518,11.43599,8.495376e-05,8.007080700000001e-05,8.0208752e-05,9.4364209e-05,0.00013280022000000002,0.00018103978,0.00026275515,0.0005421562600000001,11.991304,1.481977,0.0027799250000000004,79.16525,61.15778,0.0008953737999999999,6.397899,0.08033646,288.4812,0.0064414134,0.0005880695299999999,0.16064629999999996,1065.1610999999998,0.0064414134,0.0005880695299999999,0.013100689999999998,243.76724299999995,0.0064414134,0.0005880695299999999,0.010114224,240.67748999999995,0.0064414134,0.0005880695299999999,0.007803625,9.318412000000002e-05,0.00011051892,0.035378972,3.2769942,0.06515283,0.010412573999999999,0.006571808,3.4471996999999996e-05,0.00023190051999999998
73,1608517800,26.967731000000004,26.967744,0.0007320778999999999,-1.0679134,8.904162,4.404683,8.058251,7.171682,1.04482692,12.477196,6.976648999999999e-05,6.222479999999998e-05,6.0489859999999996e-05,7.3613069e-05,0.00010479363,0.00013858735,0.00022099357000000003,0.00045410097,12.127832999999999,1.3524783,0.002388489,83.34419,63.600930000000005,0.000895759,6.292407,0.07639047,283.28355999999997,0.04313732636999999,0.00395142349,0.15505566999999998,1065.1626,0.04313732636999999,0.00395142349,0.017179510000000002,809.14591,0.04313732636999999,0.00395142349,0.014092056,826.15218,0.04313732636999999,0.00395142349,0.007721608,8.256406e-05,0.00010351068000000001,0.03499528,19.081411900000003,0.09115696,0.009750868,0.005963923,3.4226098e-05,0.00034594314
73,1608518400,11.226199,11.226212,0.008946144999999999,-0.23872210000000002,7.085391000000001,2.483133,6.152476,5.1588069999999995,0.43511173000000003,4.966469,2.9716620000000004e-05,1.5033013e-05,1.6663710000000002e-05,2.2565919000000002e-05,3.531608e-05,4.802277e-05,8.105011999999999e-05,0.00017576358,3.903834,1.707017,0.0018301000999999997,93.84954,80.93682,0.00037236560000000003,6.512219,0.049556840000000005,121.22788,0.02111324255,0.0019340767250000002,0.09092866,345.3132,0.02111324255,0.0019340767250000002,0.011791309000000002,398.03551000000004,0.02111324255,0.0019340767250000002,0.009373244999999999,406.63133999999997,0.02111324255,0.0019340767250000002,0.006477382000000001,5.513073e-05,7.210858e-05,-0.08692874199999998,18.684731,0.06069133,0.007582104000000001,0.004210284,1.9689809e-05,0.00018479648000000002
73,1608519000,10.348904999999998,10.348921999999998,0.005977459,-0.4534618,6.647040000000001,2.510948999999999,5.785489,4.802058000000001,0.34896764,4.674962,2.929462e-05,1.3228219e-05,1.6023396e-05,2.1822898e-05,4.024112e-05,6.131962e-05,8.233141e-05,0.00019418749,3.388049,1.783247,0.0027084819999999995,97.21993,84.52095,0.0003431663,6.678008,0.046739909999999996,114.73079999999997,0.03657821721,0.0033519524770000003,0.08483258,301.8899,0.03657821721,0.0033519524770000003,0.013274468000000001,616.766,0.03657821721,0.0033519524770000003,0.011165309,634.48681,0.03657821721,0.0033519524770000003,0.007440627,9.569477e-05,0.00011271446000000001,-0.020213017,10.546951199999999,0.07205333,0.009883135999999999,0.00551269,4.8355966e-05,0.00031071368999999996
73,1608519600,9.927511000000003,9.927521,0.0030218378,-0.5032631000000001,6.411158,2.431429,5.396527000000001,4.4711870000000005,0.53547673,4.729133,2.269239e-05,6.8949031000000005e-06,7.564874200000001e-06,1.102182e-05,1.8288056999999998e-05,2.5993053e-05,4.7028382e-05,0.00010698758,3.1857019,1.7766519999999997,0.0011664632,101.43786,98.61398999999999,0.0003296816,6.3073999999999995,0.04459031,107.76028,0.037541203,0.0034399695500000006,0.07303858999999999,285.36721,0.037541203,0.0034399695500000006,0.013099287000000001,638.2605100000001,0.037541203,0.0034399695500000006,0.010713479000000001,656.9643199999999,0.037541203,0.0034399695500000006,0.005626515,4.256365e-05,5.9438920000000006e-05,-0.021844986,65.90738100000002,0.0936698,0.004909484,0.001940609,3.157666e-05,0.00029042154000000003
73,1608520200,17.161893,17.161894999999998,-0.0020980655000000003,-1.40658315,6.699168,3.7736529999999995,5.849917,5.242136,0.41578850999999994,7.405734,4.523874e-05,3.2395162e-05,3.3414977e-05,4.0292411000000004e-05,5.7953780000000006e-05,7.516163e-05,0.00012445719,0.00024815827999999997,7.0336300000000005,1.5445210000000003,0.0021474599,89.10655000000001,69.49897999999999,0.0005699183,6.417547999999999,0.06515369,181.76821999999999,0.0322730741,0.0029562527900000002,0.12074525,620.4005000000001,0.0322730741,0.0029562527900000002,0.014260676000000003,578.4027600000001,0.0322730741,0.0029562527900000002,0.011509351000000001,592.93646,0.0322730741,0.0029562527900000002,0.0060236529999999995,4.5896399999999996e-05,6.282334e-05,0.044407697,35.210249,0.07571124,0.006220370000000001,0.0034157556000000006,2.5220452e-05,0.00023407461999999998
73,1608520800,24.125729999999997,24.12576,-0.0022539643000000003,-1.5750829999999998,7.997949,4.517046,6.857123,6.148051,0.9865677999999999,10.941125000000001,3.5307539999999996e-05,2.5280602999999998e-05,2.5621058e-05,3.5655993999999996e-05,6.079265999999998e-05,8.481973000000001e-05,0.00015236742000000002,0.00035080500000000004,10.562479,1.496896,0.002723718,83.61537,63.97974000000001,0.0008011107999999999,6.320795,0.07623495,253.4453,0.0213064015,0.0019505016900000002,0.1472738,928.0430999999999,0.0213064015,0.0019505016900000002,0.014614949999999998,451.45719999999994,0.0213064015,0.0019505016900000002,0.011491709000000001,458.0565,0.0213064015,0.0019505016900000002,0.006943212999999999,6.645823000000001e-05,8.379575999999999e-05,-0.021158620000000003,24.30668,0.08860681000000001,0.008436862,0.0053272960000000005,3.0600552e-05,0.00030248832
73,1608521400,14.806378,14.806389999999999,0.0009737912999999999,-1.3104818999999999,6.6474899999999995,3.4578249999999997,5.943706000000001,5.192147,0.29024995000000003,6.480087999999999,4.184145e-05,2.7370752999999997e-05,2.9074148999999994e-05,3.3685221e-05,5.6381530000000004e-05,8.404038e-05,0.00010463989,0.00024434839,6.139216,1.260783,0.0025764819999999997,91.03164999999998,67.57427000000001,0.0004916546999999999,6.367299,0.0590498,157.92069999999998,0.033575504,0.0030757828000000003,0.11362425000000001,537.3972999999999,0.033575504,0.0030757828000000003,0.014091054,581.71615,0.033575504,0.0030757828000000003,0.011622262999999999,597.30335,0.033575504,0.0030757828000000003,0.0075079149999999996,0.00010011689000000001,0.0001171663,-0.025211886999999995,7.553244000000001,0.07448721,0.010470255000000001,0.005859217,4.686398399999999e-05,0.00029287430000000004
73,1608522000,14.865459999999999,14.86548,0.0014149724000000002,-1.4408910000000001,6.531536,3.5484120000000003,5.853891,5.114593999999999,0.10697994,6.089046999999999,5.1158240000000004e-05,3.7550178e-05,3.8960126e-05,4.863575e-05,7.539751e-05,9.307885000000001e-05,0.00015187946,0.00031613940000000003,6.1540680000000005,1.274889,0.002978922,85.61037,67.22713999999999,0.0004931724,6.579967000000001,0.058650249999999994,157.079,0.028702748,0.00262940378,0.1145839,538.8384,0.028702748,0.00262940378,0.013033918,507.43258,0.028702748,0.00262940378,0.010669880000000001,520.10369,0.028702748,0.00262940378,0.007249916,6.834767e-05,8.555997e-05,-0.0048115918999999995,1.2527814999999998,0.042281570000000004,0.008942358000000001,0.005874216,1.0811305000000001e-05,7.848415e-05
73,1608522600,16.450051000000002,16.450072,0.0007704961999999998,-1.1931862999999998,7.2739139999999995,3.5198009999999997,6.2461910000000005,5.45278,1.2475534,8.21008,5.31874e-05,4.009464099999999e-05,4.0595284e-05,4.9339793999999995e-05,7.296118000000001e-05,9.169282e-05,0.0001453948,0.0002934527,7.1871279999999995,1.0344964,0.0026339049999999998,79.41790999999999,65.32858999999999,0.0005465674999999999,6.347421,0.060394569999999995,171.02582,0.023993319,0.0021971825999999996,0.11913756000000002,623.8485000000001,0.023993319,0.0021971825999999996,0.013090308,416.06202,0.023993319,0.0021971825999999996,0.010523540000000001,426.39321,0.023993319,0.0021971825999999996,0.007098958999999999,7.364283999999999e-05,9.0695e-05,0.06223980999999999,39.6900079,0.12181712000000003,0.008570113,0.005451263,4.7925126000000004e-05,0.00048116198
73,1608523200,12.789176,12.789202999999999,-0.0011174688000000002,-1.3776298,5.389214999999999,2.9546390000000002,4.890636,4.442347,0.675596,5.7471407999999995,3.7044819999999996e-05,2.4476065000000002e-05,2.5112159e-05,3.1126103e-05,5.063319e-05,6.275584e-05,9.464763000000001e-05,0.00019131453000000001,6.2361086,0.15706603000000002,0.0009236904,74.56396,57.156870000000005,0.00042535382000000004,6.413558,0.051591149999999995,134.88654000000002,0.0053096466000000005,0.000485097396,0.10500992,546.4790499999999,0.0053096466000000005,0.000485097396,0.009456397,128.875136,0.0053096466000000005,0.000485097396,0.006415788,129.22952500000002,0.0053096466000000005,0.000485097396,0.0068701249999999995,6.95483e-05,8.641260999999999e-05,-0.07039453,61.82765300000001,0.13861941,0.007931771,0.005029667,5.372463e-05,0.00057162355
73,1608523800,7.818562999999999,7.818589999999999,0.0015633109000000004,-1.5535750000000002,4.685279000000001,2.553936,3.808354,3.6065589999999994,0.30989703,4.08223,3.1204730000000005e-05,1.6870369999999998e-05,1.77094111e-05,2.2079918e-05,3.2713925e-05,4.2983067e-05,7.81972e-05,0.0001632162,3.823496,0.08327514,0.002123117,70.78075,52.23167000000001,0.00025992689999999993,6.2911,0.04416888,83.48632,0.007012445140000001,0.0006416228030000002,0.08999671000000001,334.58540000000005,0.007012445140000001,0.0006416228030000002,0.009609001,167.85547,0.007012445140000001,0.0006416228030000002,0.006901832999999999,168.66816,0.007012445140000001,0.0006416228030000002,0.00557211,4.4809659999999996e-05,6.157175999999998e-05,0.18552972,128.139216,0.12461090000000001,0.004557472,0.002180263,5.535423899999999e-05,0.00057538471
73,1608524400,8.671448000000002,8.671465000000001,0.004032817820000001,-1.6089579999999999,4.521213,2.716291,4.018023,3.7947040000000003,0.18305548,3.714447,4.15498e-05,2.68688e-05,2.8156297e-05,3.4341889e-05,4.917594000000001e-05,6.542011999999999e-05,0.00011284747,0.00022079376,4.238777000000001,0.09382895999999999,0.002556754,68.35943,52.20261000000001,0.0002880768,6.522051,0.04680998,92.96629,0.00357703652,0.000326753623,0.09524349000000001,374.0188,0.00357703652,0.000326753623,0.008865055,102.06312,0.00357703652,0.000326753623,0.006308866000000001,101.16400999999999,0.00357703652,0.000326753623,0.005744587,3.938388999999999e-05,5.599079e-05,0.040769188,7.715273999999999,0.05313829,0.005261258,0.002712109,1.1427788e-05,8.924747e-05
73,1608525000,20.643410000000003,20.64343,-0.0003705158799999999,-1.5501850000000001,6.788347,4.076855999999999,6.071398,5.727437,0.9865876200000001,9.458874999999999,5.4802940000000006e-05,4.5662251e-05,4.5435450000000006e-05,5.6530606e-05,8.221727999999998e-05,0.00010569230000000002,0.00017178113000000002,0.00035716953,10.155043,0.16403364,0.0017326368000000001,69.15307,51.984609999999996,0.0006862059,6.257962000000001,0.070054,215.3286,0.0140367558,0.00128398907,0.1430202,888.7476,0.0140367558,0.00128398907,0.013149169999999998,301.59452,0.0140367558,0.00128398907,0.009951087,304.77639000000005,0.0140367558,0.00128398907,0.006432613999999999,5.998623000000001e-05,7.682655e-05,-0.011763894000000006,44.184667000000005,0.09756868,0.007364269000000001,0.0043135230000000005,3.6936529e-05,0.00035435119
73,1608525600,10.027512999999999,10.027529000000001,-0.003936075,-1.4863712000000002,5.260699,2.902866,4.329506,3.9298970000000004,0.38792560000000004,5.072227,4.483488e-05,3.0343745999999998e-05,3.2846775000000004e-05,3.993507e-05,5.745251e-05,7.86188e-05,0.00013178194,0.0002640501,4.497686,0.5130032,0.0024018042,79.67698,60.51664999999999,0.000332636,6.674621,0.050622310000000004,107.38310999999999,0.018472833200000004,0.00169204222,0.09686712,397.00419999999997,0.018472833200000004,0.00169204222,0.011690082,350.00022,0.018472833200000004,0.00169204222,0.009040270999999999,357.52649,0.018472833200000004,0.00169204222,0.006008072,4.758178999999999e-05,6.452865000000001e-05,-0.09284994399999999,31.351000999999997,0.0702764,0.006000382,0.0032963450000000004,2.2908345e-05,0.00019668769
73,1608526200,9.982205,9.982233,-0.00432263,-1.367934,5.2462979999999995,2.868246,4.835545999999999,4.319457,0.0683,4.112755000000001,3.359773000000001e-05,1.7915037e-05,1.8227116e-05,2.2657509e-05,3.3249879000000004e-05,4.2521508e-05,6.984673999999999e-05,0.00014488069999999998,4.4094869999999995,0.578794,0.002455234,85.19104000000002,61.81647,0.00033163869999999995,6.129893999999999,0.051570689999999995,105.97627,0.013603079600000002,0.0012454228600000002,0.09709977,388.2685,0.013603079600000002,0.0012454228600000002,0.010749361,268.781471,0.013603079600000002,0.0012454228600000002,0.008114606,272.856589,0.013603079600000002,0.0012454228600000002,0.005847248,3.763476e-05,5.462746e-05,-0.004046565,1.891504,0.0325145,0.005718386000000001,0.0031668510000000005,6.98675e-06,5.378361e-05
73,1608526800,13.849027000000001,13.849033,-0.002713668,-1.3997715,6.0441329999999995,3.269025,5.221285,4.6070910000000005,0.6313420200000001,7.129112000000001,5.286796e-05,4.0713496e-05,4.1008651e-05,5.095614000000001e-05,7.045801e-05,9.669462999999998e-05,0.00015520719,0.00031619763,6.1726209999999995,0.7481674,0.0029133149999999997,83.97532,65.73794000000001,0.00045971169999999993,6.687573,0.057385679999999994,147.90515,0.024783345000000002,0.0022698568,0.10862723999999999,543.6594,0.024783345000000002,0.0022698568,0.013272659000000001,462.44318000000004,0.024783345000000002,0.0022698568,0.010628042,472.39647,0.024783345000000002,0.0022698568,0.006317855,5.371878999999999e-05,7.072501e-05,0.019539203200000004,55.8872545,0.08985459999999999,0.0066752289999999995,0.0039637537,3.3952371e-05,0.00032198492
73,1608527400,11.56928,11.569299999999998,-0.0031821519999999997,-1.502728,5.571958,3.1106480000000003,4.736919,4.285293,0.22202958,5.051737,3.639426e-05,2.1042873e-05,2.1381724999999997e-05,2.5570287999999995e-05,3.6108719e-05,4.6614715e-05,7.852857e-05,0.00016127115,4.877916000000001,0.9037050000000001,0.0026122080000000004,87.75197,66.14743999999999,0.0003841745,6.130781999999999,0.05475443,123.10530000000001,0.013479395199999999,0.00123442579,0.10175802,429.66970000000003,0.013479395199999999,0.00123442579,0.011010619999999999,270.88289,0.013479395199999999,0.00123442579,0.008469828,275.41293,0.013479395199999999,0.00123442579,0.0057960749999999995,4.266368e-05,5.952723e-05,-1.3547863100000002,74.272368,0.06572017999999999,0.005496621,0.003042628,2.0001934999999998e-05,0.00018266760999999997
73,1608528000,14.481140000000002,14.48118,-0.0038386529999999996,-1.2226286,6.467409000000001,3.271263,5.724548999999999,5.0560160000000005,0.51909928,6.720325000000001,3.7144890000000003e-05,2.2987957e-05,2.4043137e-05,3.0233217000000007e-05,4.6476750000000005e-05,6.197782000000001e-05,0.00011330576,0.00023007399999999998,6.402404,0.8345431000000001,0.0030819500000000004,84.63342000000002,63.44099000000001,0.00048079559999999994,6.298315999999999,0.05854318000000001,153.0425,0.01914033,0.0017525308,0.11413190999999998,562.0193,0.01914033,0.0017525308,0.013036774000000001,384.16742,0.01914033,0.0017525308,0.010321541,390.47001,0.01914033,0.0017525308,0.006194535,4.879037e-05,6.563901000000001e-05,-0.048167878,24.5725077,0.06829319,0.006669571000000001,0.003874279,1.5763423999999998e-05,0.00015869185999999998
73,1608528600,15.089495,15.089536,-0.0037576566999999996,-0.99489046,6.985113000000001,3.2366610000000002,5.957206999999999,5.222296999999999,0.68286461,6.88976,4.608616e-05,3.3656503e-05,3.7740061e-05,4.250122e-05,7.955618000000001e-05,0.00013364544,0.00013912693000000002,0.00034843995,6.791233799999999,0.7495049,0.003173424,81.80494999999999,64.14443,0.0005011279,6.4361429999999995,0.059889729999999995,165.46829999999997,0.026079787300000008,0.00238868189,0.11455025,598.60219,0.026079787300000008,0.00238868189,0.013742364000000002,484.31344999999993,0.026079787300000008,0.00238868189,0.010858362,495.25131,0.026079787300000008,0.00238868189,0.008683093999999999,0.00016062757,0.00017732327999999998,-0.04739768,23.3598056,0.09518436999999999,0.014813888,0.008064519,8.2492966e-05,0.00047146305000000005
73,1608529200,12.20846,12.20849,-0.0015627579999999998,-1.7032349999999998,5.0861670000000005,3.299404,4.670731000000001,4.240216,0.0414365,4.936451,2.2803739999999996e-05,7.151514999999999e-06,6.873337e-06,1.0498074000000001e-05,2.1112659e-05,3.270631599999999e-05,5.8646920000000004e-05,0.00013687346999999997,5.218246,0.8829408000000001,0.002763563,88.02403,64.53505,0.0004054925,6.116889000000001,0.05689976,129.0428,0.0118166558,0.00108160852,0.1056751,458.12829999999997,0.0118166558,0.00108160852,0.011118206,270.22175799999997,0.0118166558,0.00108160852,0.008500813,273.10310300000003,0.0118166558,0.00108160852,0.005928893,3.876503e-05,5.571982e-05,0.0373923,1.610642,0.03339652,0.00580965,0.0034427449999999997,6.193389e-06,5.012995999999999e-05
73,1608529800,12.897290000000002,12.897290000000002,-0.001614862,-1.7091850000000002,5.200583,3.395283,4.79111,4.354744,0.047964080000000006,5.229398000000001,3.328615e-05,1.7592043e-05,1.7137834000000004e-05,2.0938393e-05,3.2450732e-05,3.9793247e-05,6.679620999999999e-05,0.00014959291,5.532439,0.9132911,0.0025455820000000002,89.39434,64.19300999999999,0.0004284447,6.264485,0.05890852,137.94819999999999,0.013307498230000001,0.0012183666379999999,0.1093234,490.6501,0.013307498230000001,0.0012183666379999999,0.010570866,266.00103,0.013307498230000001,0.0012183666379999999,0.007983049999999998,270.269003,0.013307498230000001,0.0012183666379999999,0.005804966,3.703729e-05,5.398732999999999e-05,0.018678596,2.058061,0.03238066,0.005474982,0.0031353880000000007,6.419712e-06,4.577515e-05
73,1608530400,12.627531000000001,12.627532999999998,-0.0018454778999999998,-1.4886706,5.548819,3.23186,4.960763999999999,4.521776,0.48873904,5.5632090000000005,4.3675310000000006e-05,2.8800288e-05,2.9414297499999997e-05,3.4998183999999996e-05,4.8898713e-05,6.2184836e-05,0.00010220453000000002,0.00020895877,5.405218,0.905369,0.0026273840000000004,87.01998,65.34174999999999,0.0004195576,6.374325000000001,0.0565569,134.51456,0.020313287000000003,0.0018602878999999998,0.10601866,477.2049999999999,0.020313287000000003,0.0018602878999999998,0.011682096000000001,354.15002000000004,0.020313287000000003,0.0018602878999999998,0.009191119999999999,363.57012999999995,0.020313287000000003,0.0018602878999999998,0.0058236699999999995,4.29736e-05,5.96746e-05,-0.05704493000000001,60.51896100000001,0.08949041,0.005570015,0.003104237,2.530489e-05,0.00026224291999999994
73,1608531000,13.00805,13.008092999999999,-0.004382519,-0.8297277,6.689640999999999,3.0419790000000004,5.32445,4.820397999999999,0.77024716,6.852071,3.621721e-05,2.4035421e-05,2.6716304899999996e-05,3.5125229e-05,5.3073086999999996e-05,7.269464400000001e-05,0.00012397105,0.00023845329999999996,5.778274999999999,0.7224643,0.0026909819999999997,84.13912,63.3091,0.0004319079,6.465611,0.05501288000000001,138.95893,0.014786802000000002,0.00135377441,0.10705118,509.70880000000005,0.014786802000000002,0.00135377441,0.011936087000000001,312.02599,0.014786802000000002,0.00135377441,0.009191969,315.6490600000001,0.014786802000000002,0.00135377441,0.005754176000000001,4.336394e-05,6.0040099999999995e-05,-0.046469349,53.949840000000016,0.08930106000000002,0.005540355,0.0027388200000000003,2.9859342000000006e-05,0.00028680981
73,1608531600,4.688936,4.6889579999999995,-0.0009119883999999998,-1.4063659000000002,3.9739210000000007,1.7380419999999996,2.8988389999999997,2.6129659999999997,0.25606201000000006,2.3256501,2.7124969999999997e-05,1.36709661e-05,1.79292306e-05,2.5302978e-05,4.0373095e-05,5.825152100000001e-05,8.1230929e-05,0.000154965792,2.1474998,0.1956082,0.0009509237,80.55658,60.65839000000001,0.00015561888,6.539675,0.030671890000000007,55.736349999999995,0.0026419416100000007,0.000241782541,0.060766569999999985,189.82617999999997,0.0026419416100000007,0.000241782541,0.006933234000000001,60.89027599999999,0.0026419416100000007,0.000241782541,0.004075489999999999,61.10662900000001,0.0026419416100000007,0.000241782541,0.004718452,0.000128819029,0.00014538055999999995,0.15237139299999997,304.4171455,0.22331780400000004,0.0009127736999999997,-0.000547143,0.0004858857442999999,0.005213963560000001
73,1608532200,1.9733509999999996,1.973366,0.004593552,-1.4609320000000001,2.3426590000000003,1.293023,2.090051,1.8557050000000004,0.033011990000000005,0.8561028,1.831747e-05,2.3859857e-06,2.2994121000000002e-06,2.8807651e-06,4.527203800000001e-06,5.748377700000001e-06,9.4603139e-06,2.1626128e-05,0.8655516000000001,0.12079209999999999,0.0002774343,87.82493,62.38499,6.557659999999998e-05,6.175541,0.02152615,20.77368,0.0038979344999999998,0.00035652968999999997,0.0430545,76.36378000000002,0.0038979344999999998,0.00035652968999999997,0.0071161950000000005,72.20245,0.0038979344999999998,0.00035652968999999997,0.004229139,73.40987500000001,0.0038979344999999998,0.00035652968999999997,0.00410511,3.884192000000001e-06,2.0349260000000002e-05,0.026340002,3.5241271,0.011946736000000001,-0.0008306345,-0.0016471850000000002,9.277067e-07,1.3394304999999998e-05
73,1608532800,1.7418590000000003,1.7418749999999998,0.0005601059999999998,-1.3412279999999999,2.2714060000000003,1.1951584,2.02885,1.760192,0.056111869999999994,0.7887548,1.79248e-05,1.8296628e-06,1.7226373e-06,2.1398776e-06,3.31676e-06,4.162138e-06,6.387300999999999e-06,1.4292353e-05,0.7045774,0.1660418,0.0002745226,95.27959999999999,70.01309,5.7863999999999994e-05,6.36014,0.01975526,18.246769999999998,0.0025852934899999996,0.000236313852,0.038433199999999994,61.710249999999995,0.0025852934899999996,0.000236313852,0.006400500000000001,49.289062,0.0025852934899999996,0.000236313852,0.003439445,49.990512,0.0025852934899999996,0.000236313852,0.004104215,3.652854e-06,2.0138300000000003e-05,-0.060441748000000003,7.2417218000000005,0.013645715999999999,-0.0009819847000000002,-0.00178,1.1962745999999999e-06,1.619066e-05
73,1608533400,1.873256,1.8732739999999999,-0.00041255550000000006,-1.6579869999999999,2.5997290000000004,1.280509,1.826644,1.711815,0.034831390000000004,0.8097299999999998,1.9995149999999998e-05,4.244828800000001e-06,4.665574059999999e-06,5.9171225e-06,8.4216849e-06,1.09091348e-05,1.6882779699999997e-05,3.3127064e-05,0.8013749000000001,0.13479784999999997,0.00036783450000000005,84.0232,64.06593000000001,6.221391e-05,6.254363,0.021625699999999998,19.943800000000003,0.0031626886,0.00028914616,0.041230499999999996,70.20257,0.0031626886,0.00028914616,0.006611499999999999,58.732761999999994,0.0031626886,0.00028914616,0.0036947289999999995,59.693037000000004,0.0031626886,0.00028914616,0.004122099999999999,1.2184124000000001e-05,2.869981e-05,0.012811110000000004,149.1699865,0.049057267,-0.0008852959,-0.0016625210000000001,4.1744539100000005e-05,0.00045021175300000003
73,1608534000,1.4649069,1.4649226,-0.002697983,-1.444627,2.5783539999999996,1.0975203000000002,1.723703,1.546547,0.052954089999999995,0.6548323999999999,1.739211e-05,1.6075898000000001e-06,2.1313244000000002e-06,3.2231449e-06,5.437365e-06,7.711605999999999e-06,1.2126400000000001e-05,2.452027e-05,0.6087201,0.12313672000000002,0.0005368328000000001,88.55811000000001,66.68767,4.861402e-05,6.613432,0.01927883,15.935640000000001,0.0021495077999999996,0.00019631527999999999,0.035688899999999996,53.69905,0.0021495077999999996,0.00019631527999999999,0.006397480000000001,44.840655,0.0021495077999999996,0.00019631527999999999,0.0033428850000000003,45.097644,0.0021495077999999996,0.00019631527999999999,0.004159805,1.6232454000000002e-05,3.2528559999999996e-05,-0.08333041999999999,257.93033290000005,0.08420197399999998,-0.0009315392000000001,-0.0017507859999999996,5.0159375800000004e-05,0.0005389026999999999
73,1608534600,2.6368129999999996,2.636829,-0.013154260000000001,-1.5490560000000002,2.816862,1.4973503,2.2439570000000004,2.0132110000000005,0.07810975,1.1909286,2.6991340000000003e-05,1.13281877e-05,1.21346797e-05,1.4205193300000001e-05,1.8575026599999998e-05,2.35789404e-05,3.47328179e-05,6.5402968e-05,1.1088589,0.2087968,0.0005563185,84.12479,67.75800999999998,8.750892e-05,6.555037999999999,0.02513862,28.038210000000003,0.0059707197,0.0005464815399999999,0.04795455,97.65804,0.0059707197,0.0005464815399999999,0.007382073,102.97605999999999,0.0059707197,0.0005464815399999999,0.004583867,105.46147,0.0059707197,0.0005464815399999999,0.004170981,1.1154172999999998e-05,2.769985e-05,-0.076472837,120.49213644000001,0.046070960999999994,-0.0004884164100000001,-0.0013596272,1.4836482800000003e-05,0.000132204446
73,1608535200,1.6517390000000003,1.651756,-0.015247774,-1.47665,2.107602,1.1820549999999999,1.873632,1.6394749999999998,0.038580210000000004,0.731058,1.903504e-05,2.9959940000000005e-06,3.03730723e-06,3.6185035999999997e-06,4.9805327e-06,6.2752536e-06,9.679164399999998e-06,1.9966074e-05,0.6476417999999999,0.1777595,0.00041361139999999995,93.87806,71.77133,5.485243e-05,6.200124000000001,0.01970206,17.311100000000003,0.0038715818799999998,0.00035416445499999994,0.037131990000000004,56.830600000000004,0.0038715818799999998,0.00035416445499999994,0.00694968,73.078123,0.0038715818799999998,0.00035416445499999994,0.0039485810000000005,74.180794,0.0038715818799999998,0.00035416445499999994,0.004084175999999999,2.9692990000000003e-06,1.948985e-05,-0.007528770770000001,5.2238724,0.009176711,-0.0012049947999999999,-0.0019226400000000002,1.0072838000000002e-06,1.3585877e-05
73,1608535800,1.558244,1.558259,-0.00857044,-1.3945933,2.084803,1.1298806999999997,1.8625329999999998,1.6283749999999997,0.03670850999999999,0.6971563,1.7614079999999997e-05,1.406826e-06,1.3189774800000003e-06,1.5879855e-06,2.4461535e-06,2.8161828e-06,4.5010478e-06,1.0176175000000001e-05,0.5966121999999999,0.1822479,0.00023535340000000005,97.28381,74.53700999999998,5.180245e-05,6.110663000000001,0.018975520000000003,16.52929,0.0011281453200000003,0.00010273610600000001,0.035485930000000006,52.798210000000005,0.0011281453200000003,0.00010273610600000001,0.005676162,24.978462,0.0011281453200000003,0.00010273610600000001,0.0026311489999999997,24.764588999999997,0.0011281453200000003,0.00010273610600000001,0.004065812,2.7275770000000004e-06,1.91255e-05,0.03163260799999999,9.521462099999999,0.008601752,-0.0012987178999999999,-0.0020214789999999996,1.0876175999999999e-06,1.4307039999999996e-05
73,1608536400,1.798854,1.798871,-0.005658512,-1.574457,2.104564,1.2483140000000001,1.8881079999999997,1.6762270000000001,0.026339190000000002,0.7784011,1.9728919999999998e-05,3.7663702000000004e-06,3.8689053e-06,4.571716e-06,6.338971e-06,8.117784e-06,1.2925541e-05,2.6074766e-05,0.7036635,0.19543470000000002,0.00025887940000000003,87.75009,71.89717,5.973566e-05,6.405391999999999,0.02099358,19.04745,0.00276784838,0.000253025513,0.03883876000000001,62.10139,0.00276784838,0.000253025513,0.006458193999999999,53.6067087,0.00276784838,0.000253025513,0.003510025,54.197912499999994,0.00276784838,0.000253025513,0.0040666999999999995,3.160439e-06,1.95457e-05,0.033655676,0.56738,0.00500932,-0.0010102367,-0.0017655619999999996,7.739803e-07,1.0121090000000001e-05
73,1608537000,2.172028,2.172046,-0.0029605063,-1.5314846000000002,2.384099,1.362686,2.063911,1.865307,0.08108217,0.9894956999999998,1.9409900000000002e-05,3.6945819999999997e-06,3.9783173e-06,4.62001e-06,6.566077e-06,8.105979000000001e-06,1.2529053000000001e-05,2.6568944000000003e-05,0.8854125999999999,0.20030009999999998,0.0002329617,90.19721999999999,68.98335,7.214495e-05,6.275817000000001,0.02304189,22.924129999999998,0.0034545169999999994,0.00031589716,0.04328208,77.93643,0.0034545169999999994,0.00031589716,0.006698853,65.87071499999999,0.0034545169999999994,0.00031589716,0.003854955,66.746408,0.0034545169999999994,0.00031589716,0.004177480000000001,6.068611e-06,2.2247279999999998e-05,-0.029785948,9.854457700000001,0.019037109000000003,-0.0003155518,-0.001346633,3.2575011000000003e-06,2.678073e-05
73,1608537600,2.335277,2.335292,-0.0021571948700000003,-1.613947,2.359872,1.4265599999999998,2.089223,1.91571,0.051264470000000006,1.0329797,1.901694e-05,3.5278286999999994e-06,3.5459501999999994e-06,4.2450119999999995e-06,6.248267e-06,7.621814999999999e-06,1.1943995000000003e-05,2.5296264000000002e-05,0.9718551,0.1954809,0.00023517016999999996,92.07166000000001,67.03375,7.758478000000001e-05,6.407765,0.02450537,24.89672,0.0027600320599999997,0.000252331203,0.04559962,86.32665999999999,0.0027600320599999997,0.000252331203,0.0064975499999999995,57.831768999999994,0.0027600320599999997,0.000252331203,0.003647843,58.235065999999996,0.0027600320599999997,0.000252331203,0.004136237000000001,9.223196999999998e-06,2.5548170000000002e-05,-2.7204507209999997,159.28421930000002,0.032075856,-0.00040948400000000005,-0.0012692994,1.0694138500000002e-05,9.560324400000001e-05
73,1608538200,1.9503939999999997,1.9504110000000001,-0.0008458418299999999,-1.4732020000000001,2.282846,1.2816999999999998,2.02536,1.8241679999999998,0.05051491,0.8653943,1.9191610000000002e-05,3.2434646000000003e-06,3.2774926999999997e-06,4.0273543999999995e-06,5.822752999999999e-06,7.458157999999999e-06,1.2121371e-05,2.6207267e-05,0.8193684000000001,0.1555434,0.00022000079999999998,89.21786,66.17730000000002,6.476726e-05,6.485428000000001,0.021403020000000002,20.557280000000002,0.0024085174399999998,0.00022003032199999998,0.04172226999999999,72.12364999999998,0.0024085174399999998,0.00022003032199999998,0.006419786999999999,48.051913,0.0024085174399999998,0.00022003032199999998,0.0035179840000000005,48.301891,0.0024085174399999998,0.00022003032199999998,0.004096186,4.018333e-06,2.0385949999999997e-05,0.005154344999999996,7.0308686,0.013717337000000001,-0.0007929702999999999,-0.0016077079999999998,1.2286243999999998e-06,1.5446258e-05
73,1608538800,2.143839,2.143856,0.0019366983999999996,-1.6514029999999997,2.2197669999999996,1.369416,1.9802089999999999,1.8189549999999997,0.06395775000000001,0.9510462999999998,1.957402e-05,3.9482775e-06,4.1128093e-06,5.143710800000001e-06,7.561696e-06,1.0228465600000001e-05,1.6888660800000003e-05,3.6920617e-05,0.9225642000000001,0.1490297,0.0002375871,83.57507,64.41312,7.118308e-05,6.432874,0.023198,22.78734,0.0036561256399999997,0.000334451376,0.04428517,81.90169,0.0036561256399999997,0.000334451376,0.006940964000000001,73.649882,0.0036561256399999997,0.000334451376,0.004054943,74.465368,0.0036561256399999997,0.000334451376,0.004079229000000001,3.813917e-06,2.0153299999999996e-05,0.030650779799999993,4.30259,0.012525820999999998,-0.0007968448,-0.0015778150000000002,1.1364228999999999e-06,1.4959205000000001e-05
73,1608539400,2.324383,2.3244,7.894250000000005e-05,-1.573225,2.422387,1.417564,2.179155,1.934984,0.06542019,1.0519542999999998,1.9487919999999998e-05,3.6679831999999995e-06,3.6749565999999997e-06,4.429740900000001e-06,6.489710999999999e-06,8.246716299999999e-06,1.3250515999999998e-05,2.8600589999999998e-05,0.9638715,0.1980432,0.00020523946999999998,87.59961999999999,67.47233,7.719849000000001e-05,6.191953,0.02380462,24.406799999999997,0.00140332032,0.000127852642,0.04521403,84.80798000000001,0.00140332032,0.000127852642,0.006465753,39.32588,0.00140332032,0.000127852642,0.0036200539999999997,38.89324,0.00140332032,0.000127852642,0.004082072000000001,4.004117e-06,2.032451e-05,-0.038309264999999995,4.7550839,0.013440360000000002,-0.0007000792,-0.001532042,1.1211554e-06,1.5765811999999997e-05
73,1608540000,2.182903,2.182919,-0.0085413565,-1.437698,2.4327750000000004,1.3542569999999998,2.2289179999999997,1.913682,0.0595267,0.9657668000000001,2.01587e-05,4.6977407e-06,4.758983000000001e-06,5.5976193e-06,7.676568999999999e-06,9.470162199999999e-06,1.4530083000000002e-05,2.9630311000000003e-05,0.8882699000000001,0.2028395,0.0002613156,91.05014,68.94347,7.248094e-05,6.314328000000001,0.02257124,23.14273,0.00212999007,0.00019456218700000002,0.04357148,78.64475999999999,0.00212999007,0.00019456218700000002,0.006050206,44.36031200000001,0.00212999007,0.00019456218700000002,0.0032161719999999998,44.502702,0.00212999007,0.00019456218700000002,0.0040589680000000005,3.7335920000000003e-06,1.9861949999999997e-05,0.048219900999999996,1.1144616,0.008482546,-0.0007593652,-0.0015954240000000002,7.983514e-07,1.0968991e-05
73,1608540600,2.6124870000000002,2.612502,-0.0034440264,-1.5223749999999998,2.602879,1.493526,2.3084209999999996,2.0325620000000004,0.06490397,1.1733004999999999,2.2684680000000002e-05,7.1027888e-06,7.3617631e-06,8.6953368e-06,1.1761175e-05,1.4877384999999998e-05,2.2987589000000003e-05,4.6469544999999996e-05,1.0920153,0.2138621,0.0002401753,84.48393,66.93386,8.675404999999999e-05,6.340024999999999,0.024994409999999998,27.54887,0.0023129938599999998,0.00021137992500000003,0.04814763,96.27008000000001,0.0023129938599999998,0.00021137992500000003,0.006380263,52.992563,0.0023129938599999998,0.00021137992500000003,0.003614923,53.117242,0.0023129938599999998,0.00021137992500000003,0.004070335,4.164452e-06,2.0332410000000003e-05,0.035834032,7.732083380000001,0.015944465999999997,-0.0005913617,-0.00147235,1.4992327e-06,1.9542309999999998e-05
73,1608541200,2.392822,2.392837,-0.008767911,-1.4134629999999997,2.598341,1.4119430000000002,2.294883,2.0278370000000003,0.061860570000000004,1.0548402,1.917485e-05,3.5007527999999995e-06,3.4881157299999998e-06,4.2335198e-06,6.1929515e-06,7.9934923e-06,1.25018475e-05,2.7680026e-05,1.006808,0.18930470000000002,0.00022881769999999997,90.03753,66.3385,7.946977000000001e-05,6.1786259999999995,0.02338544,25.1437,0.00390923992,0.000357601725,0.04608764,88.64677,0.00390923992,0.000357601725,0.006983797,75.169596,0.00390923992,0.000357601725,0.004153453,76.237212,0.00390923992,0.000357601725,0.004091119,4.053791e-06,2.036943e-05,0.0292261799,3.6626875000000005,0.011403476000000001,-0.0006909382000000001,-0.001538761,1.0287081999999999e-06,1.2949819e-05
73,1608541800,0.6505954999999999,0.6506126999999999,-0.0058615759999999986,-1.1680436000000003,1.483094,0.6903884,1.2251238,1.0496205,0.029466869999999996,0.3162498,1.707436e-05,1.0466902e-06,1.06038649e-06,1.2596428000000002e-06,1.7315780999999998e-06,2.1495722e-06,3.3165027e-06,6.799008e-06,0.24173630000000004,0.08341371,0.00012977027000000003,94.94303999999998,76.82087,2.1603897e-05,6.226001,0.011548958000000002,6.888508,0.00077645911,7.05869771e-05,0.021871930000000005,21.287219,0.00077645911,7.05869771e-05,0.00547504,17.5289051,0.00077645911,7.05869771e-05,0.00211699,17.269875299999995,0.00077645911,7.05869771e-05,0.004035288000000001,1.6515368999999996e-06,1.782342e-05,0.055890503,25.532402500000003,0.012690220000000002,-0.0020434179999999995,-0.0025912870000000003,1.0770551e-06,1.3491929000000001e-05
73,1608542400,0.48379520000000004,0.48381110000000005,-0.005433192000000001,-1.1715816000000001,1.304554,0.6108677000000001,1.0622203000000001,0.937116,0.022446910000000004,0.239772,1.671745e-05,8.183124800000001e-07,8.607389699999998e-07,1.0950005300000001e-06,1.5888209999999999e-06,2.1507082e-06,3.5976697e-06,7.749949e-06,0.18538475000000001,0.056346890000000004,0.0001472872,96.28375,74.40698,1.6043954e-05,6.560404,0.011047966000000001,5.134510000000001,0.00047169883999999995,4.2731891400000005e-05,0.0196751,16.302191,0.00047169883999999995,4.2731891400000005e-05,0.005135548999999999,11.625762,0.00047169883999999995,4.2731891400000005e-05,0.0017199530000000002,11.223192999999998,0.00047169883999999995,4.2731891400000005e-05,0.0040078349999999995,1.3181610000000001e-06,1.7321620000000002e-05,0.03712609199999999,31.306615000000004,0.009835055999999998,-0.0022219730000000004,-0.0026990630000000002,1.0360895e-06,1.3219103e-05
73,1608543000,0.9999733000000001,0.9999884,-0.008032457,-1.6292540000000002,1.589824,0.9281111,1.334178,1.21005,0.06496521,0.5270556,1.8916720000000003e-05,3.054660000000001e-06,3.1892775999999993e-06,3.8076653999999994e-06,5.1156659999999995e-06,6.69726e-06,1.0450351e-05,2.1254826e-05,0.4408616,0.058904750000000006,0.00016401892,83.44493000000001,62.99237999999999,3.3201430000000006e-05,6.617714000000001,0.015830649999999998,10.22355,0.00076115131,6.923667599999998e-05,0.02994965,38.095240000000004,0.00076115131,6.923667599999998e-05,0.0052535329999999995,16.8468807,0.00076115131,6.923667599999998e-05,0.002079823,16.5804631,0.00076115131,6.923667599999998e-05,0.004032239000000001,2.075455e-06,1.823073e-05,-0.005524665000000001,10.468641799999997,0.010524915,-0.0016869539999999998,-0.0022550010000000004,1.0659688999999999e-06,1.3777287e-05
73,1608543600,1.2892793,1.2892949,-0.006060138499999999,-1.723546,1.6794130000000003,1.0698076,1.469485,1.360015,0.03208929,0.5831419,1.964681e-05,3.7271564999999994e-06,3.8432492000000005e-06,4.5476862999999995e-06,6.1771827e-06,8.000498900000001e-06,1.22500081e-05,2.4724049000000003e-05,0.5781818000000001,0.06614861,0.00024226980000000004,82.57384,60.45784,4.280636e-05,6.425756,0.018368290000000002,13.477408000000002,0.0013882534499999998,0.0001266151416,0.0350185,50.71411,0.0013882534499999998,0.0001266151416,0.005761022,30.976664,0.0013882534499999998,0.0001266151416,0.002670916,30.820305700000006,0.0013882534499999998,0.0001266151416,0.004045797,2.4905349999999996e-06,1.873687e-05,-0.11437253759999999,10.0019756,0.009891544000000002,-0.0014473900000000002,-0.002032695,1.1487136e-06,1.5133201000000002e-05
73,1608544200,1.512286,1.512303,-0.00044423499999999953,-1.69252,1.8408939999999998,1.157029,1.6296130000000002,1.491794,0.05247629,0.7080652,1.861545e-05,3.016356e-06,3.2280133999999997e-06,4.130224e-06,6.287807000000001e-06,8.834332e-06,1.473039e-05,3.2828760000000004e-05,0.6757042,0.07989049,0.0004710026,79.39222,60.59765,5.0174719999999994e-05,6.656969999999999,0.019900599999999997,15.962129999999998,0.0008654316499999998,7.868071300000001e-05,0.03797445,59.55189,0.0008654316499999998,7.868071300000001e-05,0.005490404,23.981815000000005,0.0008654316499999998,7.868071300000001e-05,0.0024723180000000003,23.553210999999997,0.0008654316499999998,7.868071300000001e-05,0.004055062,3.419418e-06,1.958146e-05,0.790997937,35.7117683,0.017997884999999998,-0.0011034991999999998,-0.001766705,1.7157924000000003e-06,2.0135790999999997e-05
73,1608544800,1.887715,1.887731,0.005530601500000001,-1.6897389999999999,2.0101750000000003,1.2722,1.7951039999999998,1.676339,0.09665379999999998,0.8952997,1.897021e-05,3.2113626e-06,3.206123e-06,3.901255800000001e-06,5.6906827e-06,7.223106299999998e-06,1.1598699199999998e-05,2.5002671e-05,0.8719309,0.07149467000000001,0.00036865700000000004,79.2397,58.876,6.275945999999999e-05,6.238122,0.02212128,20.22325,0.00174942454,0.000159667122,0.04255245,77.56812,0.00174942454,0.000159667122,0.006000622,36.81477700000001,0.00174942454,0.000159667122,0.0030403529999999995,36.929588,0.00174942454,0.000159667122,0.0040542749999999995,3.3634090000000003e-06,1.9551860000000002e-05,0.03744552699999999,6.899162500000001,0.013736059,-0.00103944031,-0.001731538,1.2559358e-06,1.5782375999999998e-05
73,1608545400,2.3271019999999996,2.3271159999999997,0.0063455544,-1.722656,2.206606,1.427661,1.9439839999999997,1.8299420000000002,0.05685821,1.0664428000000001,2.3403159999999997e-05,8.127873e-06,8.406912900000001e-06,9.901621299999999e-06,1.3199965e-05,1.6932210999999997e-05,2.596848e-05,5.1791160000000004e-05,1.1030571,0.06005397999999999,0.0002954287,73.95788,55.32505999999999,7.730041e-05,6.4842889999999995,0.02486685,24.632469999999998,0.0018148491600000001,0.00016567708599999996,0.04854418,97.62226000000001,0.0018148491600000001,0.00016567708599999996,0.005963961000000001,39.178264,0.0018148491600000001,0.00016567708599999996,0.003113493,39.257034,0.0018148491600000001,0.00016567708599999996,0.004061792999999999,4.072947e-06,2.025657e-05,0.029096378999999995,11.02434287,0.019643958,-0.0006925216999999999,-0.001439602,1.3309683e-06,1.772028e-05
73,1608546000,2.1318189999999997,2.1318349999999997,-0.003584747,-1.6729860000000003,2.155192,1.364039,1.9530200000000004,1.8073679999999999,0.06817614,0.9777436000000002,2.005317e-05,4.6073359e-06,4.804086199999999e-06,5.97522e-06,8.778262e-06,1.16951006e-05,1.9505957999999998e-05,4.2265761000000004e-05,0.9990089,0.06657713000000001,0.00022004871999999997,73.62089,56.310300000000005,7.08067e-05,6.354117,0.02306994,22.451749999999997,0.0023160441500000004,0.00021155875100000002,0.04619418,88.18913,0.0023160441500000004,0.00021155875100000002,0.006400622999999999,49.226072,0.0023160441500000004,0.00021155875100000002,0.0035570989999999998,49.519168,0.0023160441500000004,0.00021155875100000002,0.004058890999999999,3.641387e-06,1.989159e-05,0.003507945999999998,0.72188634,0.006660416,-0.0007942266999999999,-0.001549907,8.281699999999999e-07,1.1072694e-05
73,1608546600,2.773351,2.7733649999999996,-0.000674799,-1.585683,2.5424279999999997,1.5305250000000001,2.30032,2.112702,0.07838714999999999,1.2428626,2.274994e-05,7.577473399999999e-06,7.7853151e-06,9.2292687e-06,1.2716137e-05,1.6326078999999995e-05,2.5548941e-05,5.2662763e-05,1.3122291000000001,0.07406519,0.00024159454999999998,75.52676,55.872620000000005,9.213668000000001e-05,6.257734000000001,0.0259696,29.241899999999998,0.0015510964,0.0001414566989,0.0526663,115.88928000000001,0.0015510964,0.0001414566989,0.006171082,37.740996,0.0015510964,0.0001414566989,0.00338351,37.5828101,0.0015510964,0.0001414566989,0.004096792,4.710942999999999e-06,2.0950890000000002e-05,0.08265794800000001,3.7527837500000003,0.015164315000000001,-0.0003939076800000001,-0.0012678746999999998,1.2673632999999998e-06,1.7086078e-05
73,1608547200,3.9998600000000004,3.9998749999999994,0.005296892,-1.7110869999999998,2.738296,1.8736840000000001,2.5510150000000005,2.425386,0.10301354,1.7711499999999998,2.428024e-05,9.073979899999999e-06,9.197608960000002e-06,1.0921208900000001e-05,1.5403079e-05,1.90712186e-05,2.9953680400000003e-05,6.2312789e-05,1.9275829999999998,0.07182242,0.00035812089999999995,72.53435,53.63535,0.0001330038,5.79344,0.032255309999999995,42.464459999999995,0.00283473365,0.0002590161409999999,0.06442442,170.81459999999998,0.00283473365,0.0002590161409999999,0.006884678,65.468448,0.00283473365,0.0002590161409999999,0.004153852,65.644742,0.00283473365,0.0002590161409999999,0.004169938,6.41286e-06,2.277443e-05,-0.0015355820000000004,1.8383798579999997,0.012779272,0.0002800128199999999,-0.0007056473,1.2174467e-06,1.6834709999999997e-05
73,1608547800,3.8198529999999997,3.8198680000000005,-0.0020695270000000003,-1.726021,2.689058,1.828933,2.433562,2.334034,0.09798769999999998,1.692903,2.221578e-05,7.0626731e-06,7.005072600000001e-06,8.4416472e-06,1.2329733e-05,1.5595911999999997e-05,2.4951555000000004e-05,5.331425000000001e-05,1.839924,0.06948449999999999,0.0003818103,72.36129,53.706770000000006,0.0001269985,6.1128219999999995,0.03144709,40.225910000000006,0.00510798319,0.0004673582,0.06275386999999999,162.33520000000001,0.00510798319,0.0004673582,0.007403724,98.56088199999999,0.00510798319,0.0004673582,0.004703577,100.14178330000001,0.00510798319,0.0004673582,0.004138337000000001,6.183767999999999e-06,2.2355e-05,0.01586975,0.5409450600000001,0.010076775,0.00024707638000000004,-0.0007182467,9.986027999999998e-07,1.3778510000000001e-05
73,1608548400,4.3455889999999995,4.345603,-0.005761463,-1.702939,2.796761,1.9391089999999997,2.5959790000000003,2.500763,0.10228421000000001,1.931465,2.263957e-05,7.5013991e-06,7.3905812999999995e-06,8.850490299999998e-06,1.323273e-05,1.6173779899999998e-05,2.5826455300000003e-05,5.473934000000001e-05,2.119618,0.05255913000000001,0.00047559109999999996,72.14867999999998,52.63992,0.00014452775,5.719563,0.03313905,45.01729,0.0012171738499999999,0.00011072798500000002,0.06692156999999999,185.592,0.0012171738499999999,0.00011072798500000002,0.0068066889999999994,48.961899,0.0012171738499999999,0.00011072798500000002,0.004095721,47.860949000000005,0.0012171738499999999,0.00011072798500000002,0.004178341,6.72522e-06,2.295075e-05,0.025888346,3.21615293,0.013955519,0.0004761196,-0.0005940336,1.3234393000000002e-06,1.75938e-05
73,1608549000,4.543343,4.543363,-0.0041574108,-1.6872700000000003,2.9357770000000003,1.979009,2.6983949999999997,2.612817,0.08356351,2.022636,2.4837899999999995e-05,9.959686e-06,9.853997799999999e-06,1.1804443799999999e-05,1.6767142e-05,2.1112125e-05,3.3325706e-05,7.023500000000001e-05,2.222931,0.048136570000000004,0.0004215289,71.08597,52.22659000000001,0.0001510403,6.019800999999999,0.03392124,47.26311,0.00631422779,0.000577806247,0.06876610999999999,194.9829,0.00631422779,0.000577806247,0.008149453,117.16190000000002,0.00631422779,0.000577806247,0.0054640800000000005,119.29453000000001,0.00631422779,0.000577806247,0.004228112,7.007686000000001e-06,2.35412e-05,0.016884607000000003,0.8060043047000001,0.010429698,0.0005427371,-0.0005458722399999999,9.400934999999999e-07,1.3688699999999998e-05
73,1608549600,5.308760999999999,5.308777000000001,-0.012163275999999999,-1.6610120000000002,3.248012,2.139892,3.031741,2.873938,0.055125919999999995,2.245375,2.8759530000000003e-05,1.419861e-05,1.4571455780000001e-05,1.72811428e-05,2.3926392999999996e-05,3.0108851100000003e-05,4.7042055899999996e-05,9.650734600000002e-05,2.575286,0.0782862,0.0005504056,70.82004,53.01051,0.00017649,6.061652,0.03655171,55.76887000000001,0.00419674145,0.000383588481,0.0742883,227.05689999999998,0.00419674145,0.000383588481,0.007615873999999999,82.02414999999999,0.00419674145,0.000383588481,0.004915616,82.820043,0.00419674145,0.000383588481,0.004283053,7.954852e-06,2.452354e-05,0.020491872,2.81083397,0.012286202,0.000839562,-0.00033442712,1.2454063e-06,1.7063060000000003e-05
73,1608550200,4.584021,4.584035999999999,-0.009532847,-1.628861,3.1439099999999995,1.9817230000000001,2.9089250000000004,2.7196209999999996,0.08656658,1.984223,2.439382e-05,8.951182299999999e-06,8.81707835e-06,1.05273613e-05,1.5091334999999998e-05,1.85806621e-05,2.9124277499999997e-05,6.2017704e-05,2.1996569999999998,0.09180677,0.00038219169999999995,76.56919,54.09347,0.0001524442,5.800394,0.033900799999999995,48.97742,0.0078854591,0.0007217857500000001,0.06876347000000001,195.6607,0.0078854591,0.0007217857500000001,0.008486852,136.38814000000002,0.0078854591,0.0007217857500000001,0.0057937859999999996,139.56981,0.0078854591,0.0007217857500000001,0.0042418379999999995,6.960389000000001e-06,2.3623360000000002e-05,0.023075734999999997,0.31585051,0.010157963999999998,0.00049205604,-0.0006011255,9.479792e-07,1.3271060000000001e-05
73,1608550800,4.492896,4.492909000000001,-0.008444664999999999,-1.7002669999999998,2.999152,1.98497,2.7480470000000006,2.575129,0.11364361,1.9899299999999998,3.0019950000000004e-05,1.5241688299999999e-05,1.56364458e-05,1.80534364e-05,2.3341351999999995e-05,2.82934835e-05,4.3244496999999994e-05,8.2905273e-05,2.1501429999999995,0.09572734000000001,0.0003347947,72.92351,54.34615000000001,0.000149412,6.020791,0.033651749999999994,46.716969999999996,0.004424056130000001,0.00040457964,0.06759420999999999,188.25000000000003,0.004424056130000001,0.00040457964,0.007422856,86.11185,0.004424056130000001,0.00040457964,0.004735855,87.15174099999999,0.004424056130000001,0.00040457964,0.004223158,7.139696e-06,2.366507e-05,-0.0010469630000000008,4.5940990600000005,0.019894859000000004,0.0005004097999999999,-0.0005163702799999999,1.6567856e-06,2.2975589999999997e-05
73,1608551400,5.689514999999999,5.689534,-0.00829422,-1.7212919999999996,3.289563,2.2375359999999995,3.037629,2.872399,0.06702153000000001,2.4249609999999997,2.492002e-05,1.0003759e-05,1.00646414e-05,1.24624105e-05,1.8999793999999997e-05,2.47914521e-05,4.1037616e-05,9.051158e-05,2.7355120000000004,0.1084666,0.0005607649,74.22481,53.872209999999995,0.0001890868,6.263920000000001,0.03788363,58.72117000000001,0.0054400390400000005,0.000497611583,0.07629073,238.78109999999998,0.0054400390400000005,0.000497611583,0.00822772,107.58218,0.0054400390400000005,0.000497611583,0.0055510030000000005,108.95412999999999,0.0054400390400000005,0.000497611583,0.00431675,8.632332e-06,2.514176e-05,0.019708663000000005,0.07777861999999999,0.00915697,0.0010819934,-8.564765e-05,9.299907999999999e-07,1.348554e-05
73,1608552000,7.028806,7.028822,-0.003395819,-1.7377669999999998,3.4106919999999996,2.487445,3.2267479999999997,3.14901,0.08416990999999999,2.97898,3.2406699999999996e-05,1.8415947e-05,1.8878207320000002e-05,2.240798999e-05,3.1453889000000004e-05,3.99324755e-05,6.33091209e-05,0.00012970487999999997,3.409684,0.10390408,0.00047027829999999997,70.7689,53.01636,0.00023364049999999997,6.016076,0.042744449999999996,73.70185,0.00518809825,0.000474420248,0.08546771,300.3736,0.00518809825,0.000474420248,0.008261556,112.342581,0.00518809825,0.000474420248,0.0055401700000000005,113.35192310000002,0.00518809825,0.000474420248,0.0044116120000000005,1.0077309e-05,2.657403e-05,0.005242995,0.09457622399999999,0.009266769999999999,0.0016122629999999998,0.00034457523,9.040099999999998e-07,1.453502e-05
73,1608552600,5.055868,5.055884000000001,0.0029846245,-1.661093,3.175786,2.084348,2.948377,2.810111,0.12476662000000001,2.21005,2.3442560000000002e-05,8.711763e-06,8.6216136e-06,1.0497732000000002e-05,1.5811329e-05,1.9520730899999997e-05,3.1758458200000006e-05,6.973902999999999e-05,2.451676,0.07570251,0.0003824193,71.76174,53.08197,0.00016812959999999998,6.067043,0.03578944,53.31296999999999,0.0049284423,0.000450682,0.0723567,216.5478,0.0049284423,0.000450682,0.008045622999999998,97.17411000000001,0.0049284423,0.000450682,0.005350183,98.419729,0.0049284423,0.000450682,0.00426616,7.875761e-06,2.4363630000000004e-05,-0.009539953,2.707212887,0.017242489,0.00073719265,-0.00039446365999999997,1.3590270000000001e-06,1.8724199999999996e-05
73,1608553200,4.4694780000000005,4.469497,0.008124740000000002,-1.6716130000000002,3.050681,1.9705560000000002,2.846712,2.68032,0.05249784,1.9067509999999999,1.9671780000000002e-05,4.554782e-06,4.523597399999999e-06,6.3464468e-06,1.1049427000000002e-05,1.5121233199999999e-05,2.73609464e-05,6.5736546e-05,2.147243,0.08680894,0.000546448,74.87716,53.96009,0.0001485088,6.247088,0.033406229999999995,46.75743,0.006416134899999999,0.0005871170299999999,0.06771802000000002,188.7375,0.006416134899999999,0.0005871170299999999,0.008226942,123.22362799999999,0.006416134899999999,0.0005871170299999999,0.005566802,125.35493800000002,0.006416134899999999,0.0005871170299999999,0.004217848,7.326138e-06,2.369783e-05,-0.003246653,0.005434935000000001,0.006918570000000001,0.0005913352,-0.00045802379999999995,8.783796000000001e-07,1.244465e-05
73,1608553800,4.928219,4.928236,0.002958886,-1.691967,3.126732,2.073759,2.8745760000000002,2.72791,0.07960256,2.127457,3.3518e-05,1.9095161e-05,1.979107055e-05,2.30319551e-05,3.0628319e-05,3.81902089e-05,5.763786280000001e-05,0.00011143429399999998,2.3875649999999995,0.07572925999999999,0.0004967578,71.3353,53.12993,0.0001637757,6.375587,0.035246519999999996,51.159040000000005,0.00467947235,0.00042790480600000003,0.07137405,209.04300000000003,0.00467947235,0.00042790480600000003,0.007536991,90.44420799999999,0.00467947235,0.00042790480600000003,0.004850532,91.56842200000001,0.00467947235,0.00042790480600000003,0.004284249,8.469848e-06,2.493871e-05,0.015174273000000002,2.80076194,0.020339487,0.0008379628999999999,-0.0002978445000000001,1.4059717e-06,1.9150400000000002e-05
73,1608554400,4.891768,4.8917839999999995,0.003731368,-1.586147,3.3208379999999997,2.03802,3.089457,2.865012,0.13473193,2.141262,2.7361739999999995e-05,1.2181015000000002e-05,1.23055151e-05,1.4583753999999998e-05,2.0577763e-05,2.5382816000000008e-05,3.9428706e-05,8.004167e-05,2.357266,0.08798222,0.00041901559999999995,75.53975,53.75868999999999,0.0001625819,6.332026,0.03433044,50.59664,0.005649202200000001,0.00051674406,0.07060486,206.01639999999998,0.005649202200000001,0.00051674406,0.008181029000000001,107.37997,0.005649202200000001,0.00051674406,0.005533028000000001,109.15838999999998,0.005649202200000001,0.00051674406,0.004291484,8.207500999999998e-06,2.476989e-05,-0.0001815970000000003,0.90368616,0.012059782,0.0007904235000000001,-0.00037535992000000003,1.2330271e-06,1.740666e-05
73,1608555000,4.928788,4.9288050000000005,0.0033556210000000005,-1.6733280000000001,3.130108,2.063208,2.914065,2.769535,0.07623914000000001,2.097591,2.461768e-05,9.5243158e-06,9.48700605e-06,1.14789216e-05,1.6937197e-05,2.12199197e-05,3.4163631899999995e-05,7.298633699999999e-05,2.393351,0.07041515000000001,0.0004408617,73.41278,52.97353999999999,0.0001638615,5.797275000000001,0.035053509999999996,51.12660999999999,0.00500344744,0.000457774774,0.07131427,209.65,0.00500344744,0.000457774774,0.007903645,104.737706,0.00500344744,0.000457774774,0.005188300000000001,105.73759199999999,0.00500344744,0.000457774774,0.004285299000000001,8.156327999999998e-06,2.4784840000000003e-05,0.310900241,9.3943488014,0.020980243,0.0007192804999999999,-0.0004093778,1.7969816999999998e-06,2.411678e-05
73,1608555600,3.3339489999999996,3.333967,0.0030407719999999997,-1.740999,2.492662,1.718966,2.302607,2.179117,0.07615013000000001,1.462928,1.9748360000000003e-05,4.1404377e-06,3.9990574e-06,5.1667116e-06,8.439854e-06,1.05306521e-05,1.7756768100000003e-05,4.0866660000000004e-05,1.574506,0.09201322999999999,0.0003614493,78.13986,55.63128999999999,0.00011079929,6.168622000000001,0.029234930000000003,34.82455,0.0027040671300000005,0.00024697883699999993,0.05790852,138.2241,0.0027040671300000005,0.00024697883699999993,0.006810518,57.20199,0.0027040671300000005,0.00024697883699999993,0.004076079999999999,57.55969,0.0027040671300000005,0.00024697883699999993,0.004169623000000001,6.035618e-06,2.259471e-05,0.02061309,2.6375627529999996,0.011797966000000002,4.5424483e-05,-0.0008789038,1.2214395e-06,1.4763950000000001e-05
73,1608556200,4.200417,4.200434,0.0020006626,-1.7421929999999999,2.729408,1.9244789999999998,2.546663,2.4353629999999997,0.11563101,1.8420269999999999,2.41018e-05,9.040074000000002e-06,9.251786000000002e-06,1.1339691999999999e-05,1.648824e-05,2.1055513000000004e-05,3.419925e-05,7.314572e-05,2.012719,0.08673212,0.0005763605,74.57622999999998,54.22352000000001,0.00013955699999999998,6.454348999999999,0.032713250000000006,43.436220000000006,0.0036216956600000003,0.00033113467699999997,0.06532255000000001,175.8028,0.0036216956600000003,0.00033113467699999997,0.0070400770000000005,73.16397200000002,0.0036216956600000003,0.00033113467699999997,0.004326724,73.962017,0.0036216956600000003,0.00033113467699999997,0.004221118,7.10976e-06,2.367704e-05,-0.020048243999999996,0.6796611,0.010523227999999999,0.0004375577,-0.0005640280000000001,1.0409780999999998e-06,1.4350220000000002e-05
73,1608556800,2.9992600000000005,2.999275,-0.005892865299999999,-1.6481299999999997,2.551353,1.611626,2.320984,2.1487779999999996,0.06906261,1.324066,2.0986469999999998e-05,5.7048925e-06,5.829971609999999e-06,7.4378658e-06,1.1290275000000001e-05,1.4631936500000001e-05,2.40592029e-05,5.3728122e-05,1.411632,0.08739467000000001,0.0004747672999999999,78.94904999999999,56.01183999999999,9.962225e-05,6.395736000000001,0.027080680000000003,31.029790000000002,0.00464064782,0.000424578049,0.054625610000000005,123.14269000000002,0.00464064782,0.000424578049,0.007385219,87.04067,0.00464064782,0.000424578049,0.004664234,88.42251999999999,0.00464064782,0.000424578049,0.004148972,5.9309860000000005e-06,2.2298100000000003e-05,0.036357282,4.104531540000001,0.01563236,-2.0194041000000006e-05,-0.000952295,1.3885467000000001e-06,1.819642e-05
73,1608557400,3.8478250000000003,3.84784,0.0006573597000000002,-1.764792,2.586792,1.8544330000000002,2.411885,2.310332,0.07756649,1.663357,2.1480729999999998e-05,6.173632599999999e-06,6.1020107e-06,7.5053789e-06,1.166147e-05,1.46983386e-05,2.40743213e-05,5.2768499e-05,1.82192,0.10147286,0.0003904163,77.73864,55.34932,0.00012790409999999998,6.151503,0.031545409999999996,39.904650000000004,0.00344202118,0.000314747742,0.06229414,159.35819999999998,0.00344202118,0.000314747742,0.006998315,78.349812,0.00344202118,0.000314747742,0.004274563,78.76562100000001,0.00344202118,0.000314747742,0.004166329,6.223224e-06,2.2686939999999997e-05,-0.01237365,1.6676282,0.010711755,0.00023181828,-0.0007296264000000001,1.0160501e-06,1.449916e-05
73,1608558000,3.2800259999999994,3.2800409999999998,-0.00018140341999999993,-1.6973939999999998,2.602654,1.6939250000000001,2.381098,2.19738,0.09051667999999999,1.434732,2.424018e-05,8.830393600000002e-06,9.0249486e-06,1.0633888900000002e-05,1.4779590999999999e-05,1.8573508299999998e-05,2.8718605100000005e-05,5.968946e-05,1.546953,0.09249986,0.0004028512999999999,75.06965,55.70759,0.00010899238999999999,6.1983299999999995,0.028901129999999997,34.84853,0.00411826857,0.000376742875,0.057536180000000006,137.141,0.00411826857,0.000376742875,0.007094234,81.02825800000002,0.00411826857,0.000376742875,0.004349042,82.023556,0.00411826857,0.000376742875,0.004142043,5.620558e-06,2.205465e-05,-0.028795355,3.0578792659999996,0.013784621,-5.733425620000001e-05,-0.0009762090000000001,1.2353886999999997e-06,1.719813e-05
73,1608558600,3.989166,3.9891829999999993,-0.0024624877,-1.5422350000000002,3.060356,1.8376480000000002,2.837188,2.627367,0.07300653,1.727138,2.6332629999999998e-05,1.1294342000000001e-05,1.138274e-05,1.3360573e-05,1.8203897999999998e-05,2.2483231e-05,3.3918673000000004e-05,6.758893e-05,1.8917819999999999,0.10228258999999999,0.00032889759999999997,75.85477999999999,55.19328,0.0001326039,6.308844000000001,0.03073707,41.08435,0.00301020603,0.00027506459499999995,0.06335278999999999,164.91,0.00301020603,0.00027506459499999995,0.0068989030000000005,60.55567,0.00301020603,0.00027506459499999995,0.004203647,61.055387999999994,0.00301020603,0.00027506459499999995,0.004204725,6.5931780000000005e-06,2.305918e-05,0.022216665000000003,1.7242788200000003,0.011330805000000001,0.00031987849999999996,-0.0007913511,1.0064158e-06,1.398104e-05
73,1608559200,3.3009010000000005,3.3009189999999995,-0.0004528480999999999,-1.6765029999999999,2.648032,1.696266,2.414848,2.260868,0.06301393000000001,1.436037,2.454165e-05,9.312600100000001e-06,9.6037178e-06,1.1295311399999998e-05,1.5424266e-05,1.9039788900000002e-05,2.9014451799999997e-05,5.8326195e-05,1.5775919999999999,0.07242683,0.0002722746,74.19815,54.470409999999994,0.00010973901000000002,6.256303999999999,0.02830936,33.47306,0.0031259358200000005,0.00028574751600000004,0.05758500999999999,136.2433,0.0031259358200000005,0.00028574751600000004,0.006645014,61.53370799999999,0.0031259358200000005,0.00028574751600000004,0.003945288,62.171219999999984,0.0031259358200000005,0.00028574751600000004,0.004140178,5.722996999999999e-06,2.2091079999999998e-05,0.009811983,2.416775038,0.010469551999999998,1.2021176000000005e-05,-0.0009348429000000001,9.735805999999998e-07,1.348375e-05
73,1608559800,2.919104,2.9191190000000002,-0.00125167918,-1.641186,2.493189,1.582507,2.289783,2.1262389999999995,0.09973082999999999,1.3241010000000002,2.023648e-05,5.0764578e-06,5.0352484e-06,6.244032599999999e-06,9.531894e-06,1.20238154e-05,1.93368278e-05,4.3283832e-05,1.405456,0.05366691,0.00032160319999999996,75.49641000000001,53.85808000000001,9.702412e-05,6.25692,0.02672276,30.08621,0.004447928899999999,0.00040684216200000004,0.05435978,122.5637,0.004447928899999999,0.00040684216200000004,0.007309093,81.21274100000001,0.004447928899999999,0.00040684216200000004,0.004612006,82.582537,0.004447928899999999,0.00040684216200000004,0.00413773,5.944866999999999e-06,2.216471e-05,-0.01649757,5.7832039,0.017170611000000002,-2.6179800000000144e-06,-0.0009433525999999999,1.4972283e-06,1.8732816e-05
73,1608560400,2.8373650000000006,2.837384,-0.005009331,-1.657159,2.418262,1.5663390000000001,2.245495,2.119377,0.06835782999999998,1.230674,2.052096e-05,4.8931035e-06,4.9202368000000004e-06,5.9714705999999996e-06,8.987780000000001e-06,1.1295828700000002e-05,1.8194788999999997e-05,3.9505582e-05,1.368645,0.049660209999999996,0.0002798095,76.04722999999998,53.547450000000005,9.433125999999999e-05,6.280098,0.026565479999999995,29.579610000000002,0.004831941899999999,0.0004420450800000001,0.05403038,120.04839999999999,0.004831941899999999,0.0004420450800000001,0.007442865,86.97534999999999,0.004831941899999999,0.0004420450800000001,0.004706953000000001,88.67582,0.004831941899999999,0.0004420450800000001,0.004103014,4.956664e-06,2.128187e-05,-0.015455451999999998,0.30468953,0.007700687,-0.00027283088999999997,-0.0011453828,8.473212e-07,1.2087549999999999e-05
73,1608561000,2.421357,2.4213750000000003,-0.005341854,-1.631858,2.309883,1.4388830000000001,2.105838,1.9273710000000002,0.07339392,1.0729130999999998,1.8925050000000003e-05,3.3420029000000007e-06,3.1432420999999997e-06,3.8056698999999995e-06,5.905154e-06,6.8156850000000005e-06,1.0676619999999998e-05,2.411333e-05,1.1630366000000003,0.047284099999999996,0.00029875450000000004,77.62897,54.00857,8.051993e-05,6.106096,0.024259750000000004,24.94696,0.00256259431,0.000234076832,0.04948129999999999,101.46137,0.00256259431,0.000234076832,0.0066727259999999995,52.998171,0.00256259431,0.000234076832,0.003887019,53.319202,0.00256259431,0.000234076832,0.004090415,4.48478e-06,2.080506e-05,0.028808610429999992,7.414247087,0.014134276000000001,-0.0005369968000000001,-0.001363845,1.4759108e-06,1.914036e-05
73,1608561600,1.7725950000000001,1.7726099999999998,0.006001176999999999,-1.5700440000000002,2.057163,1.2267689999999998,1.875207,1.7176649999999998,0.068132842,0.8105979,1.8536900000000002e-05,2.9557435e-06,3.0017815999999995e-06,3.897011e-06,6.045814000000001e-06,7.884763e-06,1.3316996e-05,2.9815609999999997e-05,0.8490403000000001,0.03688117,0.00030643639999999997,74.68381000000001,54.24191,5.889461000000002e-05,6.404670999999999,0.020780470000000002,18.59193,0.0018694186499999999,0.00017063033499999997,0.04251705,74.74359,0.0018694186499999999,0.00017063033499999997,0.0061481290000000004,38.25853,0.0018694186499999999,0.00017063033499999997,0.003238505,38.402616,0.0018694186499999999,0.00017063033499999997,0.004051397,3.5107520000000003e-06,1.970341e-05,0.003295545000000003,5.3370482599999995,0.01130597,-0.0009458868,-0.001681408,1.1428676e-06,1.4908750999999998e-05
73,1608562200,1.6807950000000003,1.6808109999999998,6.97598000000001e-05,-1.6569099999999999,1.9115829999999998,1.208885,1.751003,1.636288,0.04047340000000001,0.7468478,1.864731e-05,2.7920241999999994e-06,2.72677956e-06,3.4025024999999994e-06,4.930855e-06,6.2155174e-06,9.982023000000002e-06,2.1764893e-05,0.796308,0.04374089,0.00029438900000000004,77.37206,55.42465,5.5868299999999995e-05,6.209073,0.020484079999999998,17.72641,0.0015840291899999997,0.0001445662424,0.041239929999999994,70.33556000000002,0.0015840291899999997,0.0001445662424,0.005949986,35.126197000000005,0.0015840291899999997,0.0001445662424,0.002971411,35.060908,0.0015840291899999997,0.0001445662424,0.0040684760000000006,3.1062690000000004e-06,1.9518429999999998e-05,0.003923824000000001,1.5403484600000001,0.007343526,-0.0011100848,-0.0018018740000000002,8.131434000000001e-07,1.1313121999999999e-05
73,1608562800,1.4416293999999998,1.441646,0.012183235,-1.3311285,2.053413,1.0764447000000001,1.837106,1.6091749999999998,0.058468549999999994,0.6575430000000001,1.87353e-05,2.6480941000000003e-06,2.7401518e-06,3.3545181999999998e-06,5.038401e-06,6.575009e-06,1.0695171999999999e-05,2.3926636e-05,0.6656392999999999,0.054790439999999996,0.0003275096,79.87016,58.032320000000006,4.787883e-05,6.398893,0.018107630000000003,15.149972,0.0024005831999999996,0.00021931916,0.03742665,58.562799999999996,0.0024005831999999996,0.00021931916,0.006289591999999999,42.633002999999995,0.0024005831999999996,0.00021931916,0.0032497069999999997,43.275538000000005,0.0024005831999999996,0.00021931916,0.004079477,2.947742e-06,1.94036e-05,0.022598926100000003,19.115990699999998,0.017499699,-0.0013144885999999997,-0.002013849,1.2747768e-06,1.6895292999999998e-05
73,1608563400,1.405719,1.4057380000000002,0.007688853999999999,-1.1562046000000001,2.039836,1.0323218,1.8739320000000004,1.6917149999999999,0.037315485999999995,0.6339438000000001,2.0983950000000004e-05,5.1879067e-06,5.444161680000001e-06,6.246910640000001e-06,8.2647785e-06,1.02930939e-05,1.53852859e-05,3.0449310999999997e-05,0.6511077999999999,0.051475169999999994,0.0001909823,78.35042999999999,57.731640000000006,4.6700349999999994e-05,6.285394999999999,0.01737559,14.61205,0.00112318094,0.000102242635,0.03697564,56.96419000000001,0.00112318094,0.000102242635,0.005680078,23.491483000000002,0.00112318094,0.000102242635,0.002666466,23.4218313,0.00112318094,0.000102242635,0.004045698999999999,2.634283e-06,1.8867280000000003e-05,-0.155114103,16.1692424,0.011114312,-0.0013643242000000002,-0.00212286,1.3045818999999997e-06,1.7291030000000003e-05
73,1608564000,1.738326,1.7383409999999997,-0.0037915883,-1.3144769999999997,2.2016180000000003,1.1751318000000002,2.004511,1.8277680000000003,0.039286587000000005,0.771903,1.749015e-05,1.6376009e-06,1.5713642e-06,1.9926828e-06,3.4707433000000004e-06,4.4855696e-06,7.826867e-06,1.9355030999999998e-05,0.815707,0.05323836,0.00017506213999999995,80.55669,56.29579,5.7789090000000005e-05,6.168845,0.019893849999999998,18.311200000000003,0.00070468846,6.384627500000001e-05,0.04171619,71.95899999999999,0.00070468846,6.384627500000001e-05,0.005860295,21.536679999999997,0.00070468846,6.384627500000001e-05,0.002915955,21.101218,0.00070468846,6.384627500000001e-05,0.004061417,2.9576399999999997e-06,1.9289599999999996e-05,-0.019468382999999995,15.5194626,0.014284511,-0.0011779461,-0.0020118490000000004,1.5192736999999999e-06,1.9401517e-05
73,1608564600,2.058039,2.058055,-0.010195795,-1.3987829999999999,2.3926480000000003,1.296989,2.121066,1.917621,0.07548111999999998,0.9417504000000001,2.1632559999999997e-05,5.950897600000001e-06,6.315396299999999e-06,7.5315402e-06,1.03912027e-05,1.3630838899999998e-05,2.16359414e-05,4.4924908e-05,0.968229,0.060407999999999996,0.00026749369999999996,74.08073,55.96063,6.835488e-05,6.390222,0.02166051,21.10685,0.0021562091799999994,0.00019691937599999998,0.04522522,84.19783,0.0021562091799999994,0.00019691937599999998,0.006356973,43.581728,0.0021562091799999994,0.00019691937599999998,0.0035195939999999996,43.968294,0.0021562091799999994,0.00019691937599999998,0.004074937,3.549068e-06,1.9874370000000002e-05,-0.011353530000000004,21.6893101,0.020336598,-0.0009297471,-0.001804545,1.4999128e-06,2.0013492e-05
73,1608565200,2.438,2.438014,-0.012594380000000002,-1.579278,2.3246589999999996,1.444581,2.1814790000000004,2.0135870000000002,0.04176559,1.0466183,2.3742709999999996e-05,8.601972e-06,8.962907699999999e-06,1.057644e-05,1.4116214999999998e-05,1.7986757e-05,2.7717680000000003e-05,5.5284850000000007e-05,1.153468,0.06508844,0.0002900585,72.64094,55.416459999999994,8.09707e-05,6.484297,0.02417685,25.1661,0.0017696764000000001,0.00016139588,0.049502199999999996,100.66642,0.0017696764000000001,0.00016139588,0.0063100429999999996,40.126802,0.0017696764000000001,0.00016139588,0.0035218310000000004,40.143614,0.0017696764000000001,0.00016139588,0.0040499690000000005,3.7461289999999998e-06,1.992327e-05,0.0169232089,0.34843321,0.0045232729999999995,-0.000674149,-0.001507063,7.861951e-07,1.1021887000000001e-05
73,1608565800,2.950654,2.950672,-0.011078163,-1.529391,2.6543319999999997,1.572024,2.422087,2.2475949999999996,0.059964349999999986,1.3134489999999999,2.3255530000000003e-05,8.1030435e-06,8.4020526e-06,1.0021104e-05,1.3849172999999999e-05,1.7920896e-05,2.8570810000000005e-05,5.88001e-05,1.41183,0.06290424000000001,0.0004385358999999999,70.8292,54.41069,9.803658999999998e-05,6.4148380000000005,0.026477709999999998,30.61906,0.00386827372,0.000353718611,0.05467657,123.64059999999999,0.00386827372,0.000353718611,0.007350661999999999,75.70935,0.00386827372,0.000353718611,0.0046429520000000005,76.771336,0.00386827372,0.000353718611,0.004079638000000001,4.503266e-06,2.0650729999999997e-05,0.009702874,1.7187270099999998,0.009786538000000001,-0.0003315356,-0.0013178781,8.949144999999999e-07,1.3240692000000002e-05
73,1608566400,2.664795,2.664811,-0.009453354,-1.540912,2.561553,1.496049,2.290532,2.1280780000000004,0.06483115,1.176256,2.107907e-05,5.533214900000001e-06,5.6401089700000006e-06,6.8628475000000005e-06,9.941039e-06,1.2627184099999998e-05,2.0379660900000002e-05,4.3552631999999995e-05,1.2690679999999999,0.06289093,0.00032978019999999996,73.99154,54.819449999999996,8.855050999999999e-05,6.13752,0.025170170000000002,27.507240000000003,0.0034232531999999994,0.000312980675,0.05184889,110.71783,0.0034232531999999994,0.000312980675,0.006898675,61.88645799999999,0.0034232531999999994,0.000312980675,0.0041668669999999994,62.796771,0.0034232531999999994,0.000312980675,0.004082937,4.178694e-06,2.045587e-05,-0.046917137,11.4123378,0.018114133999999997,-0.0005678755,-0.0014997130000000002,1.3171195e-06,1.809394e-05
73,1608567000,2.8169069999999996,2.8169239999999993,-0.0062835684,-1.636777,2.484601,1.559938,2.28532,2.1248519999999997,0.05613859,1.2351649999999998,2.361571e-05,8.3479515e-06,8.37883291e-06,9.752177729999999e-06,1.3117154000000001e-05,1.60903761e-05,2.44158261e-05,4.8197347e-05,1.3475540000000001,0.06050029999999999,0.000261234,72.08025,54.38284,9.367356000000001e-05,5.970552,0.026119790000000004,28.836100000000005,0.0023155053,0.00021138174999999997,0.05340607000000001,117.20930000000001,0.0023155053,0.00021138174999999997,0.006677037000000001,50.677679999999995,0.0023155053,0.00021138174999999997,0.003927779,50.929452000000005,0.0023155053,0.00021138174999999997,0.004069498,4.100925e-06,2.037937e-05,-0.029685690000000004,0.93371423,0.006499894000000001,-0.0004854625600000001,-0.0013382087,8.631343000000001e-07,1.2934939999999998e-05
73,1608567600,2.6081770000000004,2.6081930000000004,-0.009465657,-1.57471,2.458312,1.487985,2.2526930000000003,2.092564,0.08380418999999999,1.1733099,1.9604169999999996e-05,4.425195300000001e-06,4.31840897e-06,5.2435685599999995e-06,7.758249e-06,9.5960415e-06,1.53265516e-05,3.3812558e-05,1.243433,0.06026224,0.0003065498,75.35242,54.766650000000006,8.672703e-05,6.090065,0.02501222,27.08596,0.0043312066,0.00039618179,0.051310659999999994,108.93424,0.0043312066,0.00039618179,0.007272873000000001,81.733088,0.0043312066,0.00039618179,0.004542806,83.06638699999999,0.0043312066,0.00039618179,0.004047469999999999,4.0598530000000005e-06,2.0111249999999998e-05,-0.01199826,12.617622652,0.018576903,-0.0005973531199999999,-0.0014499159999999999,1.4553281999999999e-06,1.9903112000000002e-05
73,1608568200,1.8443459999999998,1.8443640000000001,-0.010696986,-1.6117810000000001,2.1011130000000002,1.260818,1.8802699999999999,1.720365,0.04585533,0.8282147,1.9508470000000003e-05,4.0264047e-06,4.143090420000001e-06,5.1261708e-06,7.692748e-06,1.0235006399999999e-05,1.68974219e-05,3.6770803000000005e-05,0.8640205,0.05771238999999999,0.0003513257,77.00022,56.41601000000001,6.124183e-05,6.412298,0.02098038,18.889429999999997,0.00237066917,0.00021658934400000003,0.04263038000000001,75.01839,0.00237066917,0.00021658934400000003,0.006341308999999999,43.896646000000004,0.00237066917,0.00021658934400000003,0.0034671809999999997,44.3988575,0.00237066917,0.00021658934400000003,0.0040387339999999996,2.774195e-06,1.900009e-05,0.033976479,3.43232413,0.007980143999999998,-0.0011563895999999998,-0.001852868,8.314007000000001e-07,1.1562620999999999e-05
73,1608568800,2.040454,2.04047,-0.010043831000000001,-1.5377079999999999,2.249018,1.313574,2.030988,1.8516559999999997,0.07513275999999999,0.9356705,2.0991000000000003e-05,5.303932199999999e-06,5.3961856999999995e-06,6.273875000000001e-06,8.597883e-06,1.0737755000000001e-05,1.6461882e-05,3.2979775e-05,0.9682546000000001,0.051680840000000006,0.0001998584,76.16429000000001,55.20669,6.78222e-05,6.280797,0.02209527,21.29394,0.0030372789999999995,0.00027762375000000005,0.04530136,84.95147,0.0030372789999999995,0.00027762375000000005,0.006725562,55.92641000000001,0.0030372789999999995,0.00027762375000000005,0.0038801310000000006,56.78444,0.0030372789999999995,0.00027762375000000005,0.004040642,3.089788e-06,1.9274100000000002e-05,0.0027984399999999967,5.9984658,0.013534688,-0.0010073489,-0.001787095,9.291034000000001e-07,1.3456075e-05
73,1608569400,2.005186,2.005204,-0.008562377000000001,-1.4537930000000001,2.2462799999999996,1.281306,2.074863,1.867707,0.09156148,0.9177918,1.8624749999999998e-05,3.0186814000000003e-06,3.0213965000000004e-06,3.885576800000001e-06,6.05443e-06,8.029241e-06,1.3720790000000002e-05,3.1353300000000004e-05,0.9471422,0.055140869999999995,0.000239027,76.5689,55.83557,6.661800999999999e-05,6.33983,0.02146034,20.74348,0.00235122956,0.00021476207200000005,0.04448861,82.79028999999998,0.00235122956,0.00021476207200000005,0.0064839350000000006,48.407331,0.00235122956,0.00021476207200000005,0.003619357000000001,48.7769142,0.00235122956,0.00021476207200000005,0.004057539000000001,3.1469600000000003e-06,1.940125e-05,0.062330520000000014,18.9005412,0.018165708999999995,-0.0010493596000000001,-0.001881074,1.2745685e-06,1.7656462e-05
73,1608570000,1.187509,1.1875270000000002,-0.0039714088,-1.450462,1.79833,0.9994978,1.6295389999999998,1.443869,0.03415540399999999,0.5392172000000001,1.87213e-05,3.0775402000000003e-06,3.1612977000000003e-06,3.7552366999999998e-06,5.150603000000001e-06,6.4720188e-06,9.99311e-06,2.0952706e-05,0.5398225,0.0536887,0.0001883583,80.34452,59.136999999999986,3.944322e-05,6.3196840000000005,0.016608750000000002,12.37894,0.0010309547299999998,9.39478853e-05,0.03389211999999999,47.32482,0.0010309547299999998,9.39478853e-05,0.005532113,22.313681,0.0010309547299999998,9.39478853e-05,0.002458093,22.145142,0.0010309547299999998,9.39478853e-05,0.004009362,1.8782999999999999e-06,1.7906160000000002e-05,-0.011060678000000001,10.3864375,0.008405377199999998,-0.0017086709999999997,-0.00231182,9.260961e-07,1.2010674999999998e-05
73,1608570600,1.5990160000000002,1.599032,-6.0993440000000136e-05,-1.4967090000000003,2.045912,1.160284,1.835793,1.669814,0.046623993,0.7293679,2.0769650000000002e-05,5.601043999999999e-06,5.7691444000000005e-06,6.7290039e-06,8.988399e-06,1.1453498e-05,1.7418851e-05,3.490195e-05,0.7482827000000001,0.05091348,0.00021578059999999999,73.78845000000001,56.47538999999999,5.312437000000001e-05,6.358598000000001,0.01955071,16.86864,0.0008618746299999999,7.834584119999999e-05,0.03999634999999999,66.02148,0.0008618746299999999,7.834584119999999e-05,0.005657700999999999,23.342148,0.0008618746299999999,7.834584119999999e-05,0.002722322,22.852438,0.0008618746299999999,7.834584119999999e-05,0.00399553,2.570838e-06,1.84293e-05,-0.019596376999999998,13.946795900000001,0.009937548,-0.0013058409999999999,-0.0020029180000000002,1.0787094000000002e-06,1.3944514000000002e-05
73,1608571200,1.6735700000000002,1.6735860000000002,-0.0046061274,-1.4300059999999999,2.139929,1.1738879999999998,1.884433,1.7339769999999999,0.06824502,0.8008227,1.8704519999999998e-05,3.2395515e-06,3.2496439e-06,3.9642802000000005e-06,5.7477870000000005e-06,7.316406999999998e-06,1.1841068799999998e-05,2.5562055e-05,0.7951326000000001,0.041236640000000005,0.0003520319,75.28337,55.060159999999996,5.562134e-05,6.138241,0.01984674,17.56053,0.0017110856,0.00015610345,0.041087030000000004,69.90626,0.0017110856,0.00015610345,0.006281484999999999,36.878169,0.0017110856,0.00015610345,0.0033823889999999995,36.807415000000006,0.0017110856,0.00015610345,0.004020068,2.9594440000000004e-06,1.894265e-05,-0.18236787399999999,41.2063802,0.020486843,-0.0012481799,-0.001992704,1.6750609999999998e-06,2.1479252e-05
73,1608571800,1.2185990999999998,1.2186156000000001,0.0099654082,-1.2551459999999999,1.8698450000000002,0.9746551,1.704727,1.5555489999999998,0.02940918,0.5548388,1.686798e-05,1.1231839999999999e-06,1.0694804e-06,1.4301691e-06,2.5055353999999996e-06,3.3170189e-06,5.9492169999999996e-06,1.4463491e-05,0.5694299,0.039536520000000006,0.00030246170000000004,82.03134,56.77693000000001,4.04893e-05,6.289119,0.016508309999999998,12.864575000000002,0.0013865767,0.000126428162,0.03478445000000001,50.27272,0.0013865767,0.000126428162,0.005824497,27.063493,0.0013865767,0.000126428162,0.0027465199999999997,27.045351,0.0013865767,0.000126428162,0.004010784,1.9010770000000003e-06,1.794353e-05,0.028515113999999998,2.7289792999999998,0.0062601608,-0.001649397,-0.002358776,7.628824e-07,1.0016115e-05
73,1608572400,0.8632329000000001,0.8632484,0.011158654,-1.2454252000000001,1.604936,0.8266555,1.4608189999999999,1.3145259999999999,0.018126178,0.3776724,1.7070760000000003e-05,1.2989826000000002e-06,1.2990961900000001e-06,1.61305512e-06,2.4945184e-06,3.2045728000000002e-06,5.3511284e-06,1.222844e-05,0.39353649999999996,0.03776981,0.0002812341,83.14623,58.85110000000001,2.867987e-05,6.414376,0.013895829999999998,9.120133,0.00128073054,0.000116760254,0.029050310000000003,34.76406,0.00128073054,0.000116760254,0.005660218999999999,24.423392999999997,0.00128073054,0.000116760254,0.002460692,24.477192000000002,0.00128073054,0.000116760254,0.003991064,1.422815e-06,1.733065e-05,0.02766008999999999,1.667362,0.0033104766,-0.001969307,-0.002557622,6.954092e-07,9.153573e-06
73,1608573000,0.8326899999999998,0.8327059,0.014114567,-1.1148658999999999,1.6871390000000002,0.7933935999999999,1.4340046,1.2867763,0.047841381,0.40687749999999995,1.758868e-05,1.9468273e-06,1.9884462999999997e-06,2.3941009e-06,3.3356639e-06,4.2884458e-06,6.7053077999999995e-06,1.413923e-05,0.37938649999999996,0.036695820000000004,0.0002260686,81.63131000000001,59.56235,2.7664249999999995e-05,6.398752,0.01361909,8.932179,0.00061896374,5.6103792e-05,0.02826807,33.7385,0.00061896374,5.6103792e-05,0.005232563,13.364899000000003,0.00061896374,5.6103792e-05,0.002014269,13.046584200000002,0.00061896374,5.6103792e-05,0.003995757999999999,1.7328800000000003e-06,1.757249e-05,-0.0021904090000000086,79.387403,0.018704167,-0.0019947759999999998,-0.002610243,1.4269696e-06,1.8330823e-05
73,1608573600,0.9475909999999999,0.9476065000000002,0.014919559999999998,-1.0887030000000002,1.760191,0.8415286,1.555361,1.3898290000000002,0.05196188799999999,0.4571318,1.940682e-05,3.984418500000001e-06,4.1466121000000005e-06,4.8263496e-06,6.328310000000001e-06,8.110101e-06,1.2337183000000001e-05,2.3880949e-05,0.4369064,0.03653267,0.0002890393,77.79624,57.99086,3.144752e-05,6.5718879999999995,0.01419237,9.841107000000003,0.00086780916,7.890890199999998e-05,0.03023963,38.15631,0.00086780916,7.890890199999998e-05,0.005415489000000001,18.022533,0.00086780916,7.890890199999998e-05,0.002276779,17.820451,0.00086780916,7.890890199999998e-05,0.003986484,1.673725e-06,1.750015e-05,-0.017573162000000007,14.4851791,0.009292536,-0.001849736,-0.002511454,1.056269e-06,1.2994276999999999e-05
73,1608574200,1.0746875,1.0747029000000001,0.008235107,-1.3063795,1.741592,0.9231156000000003,1.57906,1.44417,0.03427605899999999,0.48389819999999995,1.681654e-05,1.4033414e-06,1.32162694e-06,1.58871946e-06,2.4581907999999997e-06,2.9421638e-06,4.7076482e-06,1.0956026e-05,0.5024496999999999,0.03460242,0.0002651037,80.51213,56.71967000000001,3.5738379999999995e-05,5.968659,0.015552629999999998,11.195723000000001,0.00097240118,8.8466679e-05,0.032564289999999996,44.04392,0.00097240118,8.8466679e-05,0.0057195349999999995,22.972851999999996,0.00097240118,8.8466679e-05,0.0026510039999999998,22.701817,0.00097240118,8.8466679e-05,0.003976339000000001,1.8372e-06,1.758533e-05,0.057311502999999986,21.8352969,0.0115546765,-0.001715435,-0.002368166,9.388293e-07,1.2318502e-05
73,1608574800,0.5418798,0.5418953999999999,0.02627326,-0.7907602999999999,1.4151820000000002,0.6054237,1.2037490999999998,1.040433,0.03208087,0.2695803,1.64959e-05,9.013231e-07,9.062821399999999e-07,1.08622322e-06,1.5870874e-06,1.9719547000000003e-06,3.1360759e-06,6.733958e-06,0.23997259999999998,0.030814550000000003,0.00013518544,87.22843999999999,63.043189999999996,1.8005327000000002e-05,6.307595,0.010578606,5.719277,0.000621153306,5.644350860000001e-05,0.021997919999999997,21.094386,0.000621153306,5.644350860000001e-05,0.004989104,11.6564584,0.000621153306,5.644350860000001e-05,0.0016642881000000001,11.4657056,0.000621153306,5.644350860000001e-05,0.003976798,1.3829448e-06,1.707648e-05,-0.131227226,111.16247270000001,0.0165215862,-0.002317133,-0.0028336010000000003,1.8693213000000002e-06,2.1883155e-05
73,1608575400,0.7012299000000001,0.7012454,0.018952994,-1.1211179,1.458982,0.7265387999999999,1.339504,1.205736,0.015160585999999998,0.3115408,1.737153e-05,1.6997914e-06,1.7310894000000001e-06,2.0613158999999997e-06,2.8772103e-06,3.6526926e-06,5.7392789e-06,1.2051092000000002e-05,0.31999239999999995,0.03043881,0.000151903,82.1328,59.15840999999999,2.328975e-05,6.484896000000001,0.01219512,7.309861000000001,0.00037658855000000005,3.3928112e-05,0.025924749999999996,28.050069999999998,0.00037658855000000005,3.3928112e-05,0.005126688,10.324471000000003,0.00037658855000000005,3.3928112e-05,0.0018775279999999998,9.838261,0.00037658855000000005,3.3928112e-05,0.003978699,1.2437981999999999e-06,1.704204e-05,0.006591527,10.979942,0.007051146000000001,-0.002132333,-0.002697186,9.972438999999997e-07,1.1776075999999998e-05
73,1608576000,0.7694661,0.7694814999999999,0.021282591999999996,-1.1429592,1.5711490000000001,0.7642261999999999,1.396429,1.248825,0.039451230000000004,0.379966,1.6734330000000002e-05,1.0703750999999998e-06,1.0537387299999999e-06,1.33764934e-06,2.1030556e-06,2.7298662e-06,4.5833432e-06,1.0468844e-05,0.3547234,0.029815170000000002,0.0001691136,79.95148,57.90619,2.557385e-05,6.330638,0.01300742,8.114407,0.0009826582800000002,8.94628862e-05,0.027448010000000002,31.24284,0.0009826582800000002,8.94628862e-05,0.005469166,18.40262,0.0009826582800000002,8.94628862e-05,0.0022496850000000004,18.321687,0.0009826582800000002,8.94628862e-05,0.003992682,1.515044e-06,1.737655e-05,0.16650806299999998,35.8828653,0.013085661000000002,-0.002034236,-0.002632118,1.0550891e-06,1.3514572000000001e-05
73,1608576600,0.8083715999999999,0.8083874999999999,0.015008708,-1.159126,1.5726869999999997,0.7850717,1.4172040000000001,1.2739149,0.022782250999999996,0.3586057,1.6975820000000002e-05,1.3494556999999998e-06,1.32653265e-06,1.60687866e-06,2.3749810000000002e-06,2.9960167e-06,4.8374772e-06,1.0637901e-05,0.37386210000000003,0.030190680000000004,0.00010666604,79.51991000000001,57.63423,2.6869779999999997e-05,6.190128,0.01330384,8.411235,0.0008927744699999999,8.120420900000001e-05,0.028131750000000004,32.710449999999994,0.0008927744699999999,8.120420900000001e-05,0.005516170999999999,18.5995,0.0008927744699999999,8.120420900000001e-05,0.002318214,18.415809,0.0008927744699999999,8.120420900000001e-05,0.003996003999999999,1.399762e-06,1.733684e-05,0.04647161799999999,31.425327399999997,0.0076142664999999995,-0.002018721,-0.002632688,1.0628457e-06,1.3329166e-05
73,1608577200,1.1352126000000002,1.1352274,0.006175081000000001,-1.34978,1.8235300000000003,0.9471693999999999,1.5768499999999999,1.4120675999999999,0.07058452400000001,0.5757663,1.7225619999999998e-05,1.6396559999999998e-06,1.65582e-06,2.1714239000000004e-06,3.4671061e-06,4.7828535e-06,8.409946e-06,1.9120986e-05,0.5359781000000001,0.03138731,0.00019736885,76.20068,56.22091,3.7714860000000004e-05,6.487988,0.015823820000000002,11.684269,0.00081170511,7.3747336e-05,0.033032019999999995,46.658820000000006,0.00081170511,7.3747336e-05,0.005546562,18.768296,0.00081170511,7.3747336e-05,0.0024720329999999998,18.462656,0.00081170511,7.3747336e-05,0.003998292,2.0444969999999998e-06,1.7915030000000003e-05,0.044539917,52.76068769999999,0.016261063000000003,-0.001690202,-0.0023459070000000004,1.4570455e-06,1.8557702e-05
73,1608577800,0.8882220999999999,0.8882375999999998,0.0077713819999999986,-1.2862129,1.6002109999999998,0.8373866,1.460483,1.2978399999999999,0.023943878,0.3931544,1.757095e-05,1.7980645000000002e-06,1.8293087099999998e-06,2.2044504500000003e-06,3.1533329e-06,4.033754790000001e-06,6.4531882e-06,1.3810008e-05,0.4126901,0.031174920000000002,0.00021087049999999997,78.80301,57.087109999999996,2.9522339999999996e-05,6.232359000000001,0.014321919999999998,9.390105000000002,0.0007339157299999999,6.6643766e-05,0.029755540000000004,36.471799999999995,0.0007339157299999999,6.6643766e-05,0.005246925,14.508959999999998,0.0007339157299999999,6.6643766e-05,0.0020683809999999998,14.287473,0.0007339157299999999,6.6643766e-05,0.004009526000000001,1.716433e-06,1.7699900000000003e-05,-0.013621162999999997,39.5622306,0.014019708,-0.00189964,-0.0025159329999999997,1.3914801e-06,1.7107098999999998e-05
73,1608578400,0.8307081999999999,0.8307242,0.009596249999999999,-1.22993,1.5581739999999997,0.8073591,1.4284940000000002,1.293078,0.019673064,0.37295249999999996,1.7988110000000002e-05,2.2718883000000006e-06,2.3757906e-06,2.8382226e-06,4.001131400000001e-06,5.2220551e-06,8.3055858e-06,1.7423631e-05,0.3823618,0.03275816,0.00018947568000000003,75.80537,57.95844999999999,2.759144e-05,6.444660000000001,0.013533440000000002,8.684694,0.0007750189400000001,7.0408447e-05,0.028570990000000008,33.55084000000001,0.0007750189400000001,7.0408447e-05,0.0053708440000000005,16.143538999999997,0.0007750189400000001,7.0408447e-05,0.0021740020000000004,15.906176000000002,0.0007750189400000001,7.0408447e-05,0.003997819,1.394428e-06,1.735199e-05,-0.009545468,3.0550004,0.005531563000000001,-0.001976911,-0.002580943,7.732034999999998e-07,9.503687000000001e-06
73,1608579000,0.8789427000000002,0.8789581999999999,0.00927971,-1.222852,1.7040140000000001,0.8224043999999999,1.4232425000000002,1.2820143,0.05237152300000001,0.4445176999999999,1.7850009999999998e-05,2.082369e-06,2.1212717e-06,2.5591622e-06,3.659851800000001e-06,4.7117819e-06,7.486273e-06,1.6001635000000002e-05,0.4068754,0.03239138,0.00016395399,78.80611999999999,58.00126,2.9195370000000003e-05,6.464255,0.01381078,9.175214,0.0009815595499999999,8.9318763e-05,0.02896208,35.695679999999996,0.0009815595499999999,8.9318763e-05,0.005670672999999999,21.357918,0.0009815595499999999,8.9318763e-05,0.0024498840000000003,21.147084,0.0009815595499999999,8.9318763e-05,0.004028088000000001,1.6919420000000002e-06,1.782009e-05,0.073568192,42.5581655,0.0144087186,-0.001978891,-0.00258854,1.2913566999999999e-06,1.6301763e-05
73,1608579600,0.7438673,0.7438836999999999,0.005260507100000001,-1.3760154,1.447207,0.7748329,1.2954029999999999,1.1599097999999999,0.020505369,0.3261755,1.770944e-05,1.7039241e-06,1.74654711e-06,2.1012862e-06,2.9442513e-06,3.8025433999999995e-06,6.031737000000001e-06,1.277716e-05,0.3339005,0.03780656,0.00019393080000000004,83.52897,60.49488,2.470373e-05,6.544122,0.013128860000000001,7.829628,0.0014303338,0.00013050170880000002,0.02663529,29.38939,0.0014303338,0.00013050170880000002,0.0055886569999999995,25.450491899999996,0.0014303338,0.00013050170880000002,0.0023136830999999996,25.632423699999997,0.0014303338,0.00013050170880000002,0.004036634,1.5120858e-06,1.772373e-05,0.03852632,65.736072,0.016870344599999997,-0.0021217339999999997,-0.0026513380000000005,1.5282652999999997e-06,1.9557397e-05
73,1608580200,0.8374178000000001,0.8374342,0.006267423000000001,-1.398793,1.5402090000000002,0.8289595999999999,1.370591,1.2354394000000002,0.023460383999999997,0.3838121,1.718981e-05,1.3949324000000002e-06,1.3725752699999999e-06,1.66423968e-06,2.4491201e-06,3.0431990999999996e-06,4.9111661e-06,1.0604315e-05,0.38334809999999997,0.03517387,0.00016016974,80.16918000000001,58.69818,2.78393e-05,6.016235,0.013890610000000001,8.811767,0.0010435893899999999,9.5034449e-05,0.02853949,33.787639999999996,0.0010435893899999999,9.5034449e-05,0.005609719,21.419599,0.0010435893899999999,9.5034449e-05,0.0024004029999999997,21.356414,0.0010435893899999999,9.5034449e-05,0.003993609,1.397823e-06,1.7316719999999998e-05,0.035203983999999994,3.1976458,0.005509686,-0.001981981,-0.0025411599999999998,7.131624999999999e-07,9.015639e-06
73,1608580800,0.6670392,0.6670552,0.015417576999999998,-0.9271830999999999,1.514709,0.6836851,1.332865,1.1810609,0.032493735999999995,0.3231477,1.659326e-05,1.0511863e-06,1.0442119099999999e-06,1.3043742899999999e-06,1.9417901e-06,2.5223584e-06,4.221289500000001e-06,9.238338e-06,0.3028025,0.030613559999999995,8.046498e-05,83.31848,59.96156,2.216422e-05,6.156060000000001,0.011812599,6.982509,0.00105023296,9.56958713e-05,0.02498145,26.545550000000002,0.00105023296,9.56958713e-05,0.0054856010000000005,19.46955,0.00105023296,9.56958713e-05,0.002228772,19.466206000000003,0.00105023296,9.56958713e-05,0.003982597,1.3515276e-06,1.713067e-05,0.14887025999999998,45.8413319,0.0116848166,-0.00216415,-0.002750391,1.2209481e-06,1.4434989000000001e-05
73,1608581400,0.5377009,0.5377168000000001,0.018778670999999997,-0.7752812,1.416344,0.5970310000000001,1.215789,1.0833706999999997,0.027204465,0.26880129999999997,1.7152919999999998e-05,1.3797129999999998e-06,1.4109115200000002e-06,1.6662707e-06,2.2596642000000003e-06,2.8184876e-06,4.4779086e-06,8.92387e-06,0.23920439999999998,0.029547290000000004,7.391385e-05,82.00339,61.55902000000001,1.786262e-05,6.306388,0.010650723,5.651838,0.0006979883599999999,6.34047175e-05,0.02235005,21.00641,0.0006979883599999999,6.34047175e-05,0.005244095,13.746478,0.0006979883599999999,6.34047175e-05,0.0019026039999999998,13.572939,0.0006979883599999999,6.34047175e-05,0.0039973840000000005,1.2915722e-06,1.717373e-05,0.031505306000000004,86.6675036,0.0157294867,-0.0023171610000000003,-0.0028570360000000003,1.5010106000000002e-06,1.8098346999999998e-05
73,1608582000,0.5203490000000001,0.5203646999999999,0.016104438999999998,-0.8275960999999998,1.341715,0.5912544000000001,1.2059615,1.0630072,0.014352321000000001,0.23829430000000001,1.645841e-05,7.433743599999999e-07,7.2029642e-07,8.783782000000001e-07,1.3145709e-06,1.6076614600000003e-06,2.5928274e-06,5.7975057e-06,0.22920820000000003,0.03088338,6.827585000000001e-05,87.76781,63.227689999999996,1.729753e-05,6.140617999999999,0.010215928000000003,5.453660999999999,0.0007417181600000001,6.7395324e-05,0.02173647,20.1577,0.0007417181600000001,6.7395324e-05,0.0052826259999999995,14.70781,0.0007417181600000001,6.7395324e-05,0.001926413,14.517382999999999,0.0007417181600000001,6.7395324e-05,0.003990071,9.526408e-07,1.685373e-05,-0.02434313,3.916594,0.004404532,-0.0023858530000000003,-0.0029028480000000004,7.579010999999999e-07,9.294942999999999e-06
73,1608582600,0.7393956,0.7394118000000001,0.010794382000000002,-0.8740007999999999,1.622561,0.7086897999999999,1.4243299999999999,1.2538122999999997,0.03293111,0.3559837,1.7284519999999998e-05,1.4400924999999999e-06,1.504455e-06,1.8754609999999999e-06,2.7812954e-06,3.6934014e-06,6.1631726e-06,1.3367273e-05,0.3390524,0.03049439,0.00011863715999999998,79.81888000000001,58.5068,2.4555550000000002e-05,6.4861949999999995,0.01261361,7.763234,0.00036061153,3.24823443e-05,0.02669779,29.771440000000002,0.00036061153,3.24823443e-05,0.004946679,8.718014,0.00036061153,3.24823443e-05,0.0016895686000000004,8.3021282,0.00036061153,3.24823443e-05,0.004014935999999999,1.5717960000000002e-06,1.757809e-05,0.0016987350000000011,28.727583000000003,0.0109585778,-0.002109114,-0.00274629,1.1734626e-06,1.3414173999999997e-05
73,1608583200,0.5917385000000002,0.5917544,0.01028209,-0.9636821,1.441882,0.6579014999999999,1.232774,1.0841583,0.031351915,0.2784246,1.7856710000000002e-05,2.0397277000000002e-06,2.1052026e-06,2.4719405000000004e-06,3.2705059999999996e-06,4.2255833e-06,6.4539539999999995e-06,1.2796734000000002e-05,0.263342,0.03230440999999999,0.00018627102,79.3297,61.787450000000014,1.9646088000000002e-05,6.505138,0.011193183999999998,6.2844619999999995,0.000904058594,8.23630801e-05,0.02336261,23.243514,0.000904058594,8.23630801e-05,0.005377214,17.782797,0.000904058594,8.23630801e-05,0.0020269,17.638701000000005,0.000904058594,8.23630801e-05,0.00401578,1.2146013e-06,1.728134e-05,0.15694313,52.672223800000005,0.0112438307,-0.0022727180000000004,-0.002804755,9.798426e-07,1.2669632e-05
73,1608583800,0.47957459999999996,0.4795906,0.011521679000000002,-1.2135603,1.2606379999999997,0.6147905000000001,1.1002463,0.9661038,0.014571541999999998,0.21792150000000002,1.662938e-05,8.049103e-07,8.2168199e-07,1.00234154e-06,1.4764301999999998e-06,1.8939694000000002e-06,3.0617229000000003e-06,6.625644e-06,0.2098401,0.029724590000000006,0.00020576080000000004,85.27897,62.77384000000001,1.592567e-05,6.297793,0.010199179999999999,5.049465,0.0009420010899999999,8.579418279999999e-05,0.021054739999999995,18.42408,0.0009420010899999999,8.579418279999999e-05,0.005433823,17.718509,0.0009420010899999999,8.579418279999999e-05,0.0020552766,17.684681000000005,0.0009420010899999999,8.579418279999999e-05,0.003989583,9.419383000000002e-07,1.683653e-05,-0.039431442,8.320874,0.0046324876000000004,-0.002392482,-0.0028412240000000003,7.374489e-07,8.920353e-06
73,1608584400,0.5325949999999999,0.532611,0.013355467,-0.9969541000000002,1.365118,0.622746,1.177875,1.0217548,0.03314829500000001,0.26386709999999997,1.704839e-05,1.3088178e-06,1.3642217e-06,1.6555062999999998e-06,2.3482467999999997e-06,3.0949879999999997e-06,4.930905999999999e-06,1.0374023999999998e-05,0.2410981,0.02497296,0.00019913930000000003,79.85647,59.726530000000004,1.768792e-05,6.638674,0.010822018,5.655379000000001,0.00076408853,6.942100199999999e-05,0.02246799,21.307180000000002,0.00076408853,6.942100199999999e-05,0.005434691,15.800847,0.00076408853,6.942100199999999e-05,0.0020858480000000004,15.622842000000002,0.00076408853,6.942100199999999e-05,0.003998632,1.3986566999999999e-06,1.7274649999999996e-05,0.172657309,78.73677039999998,0.015218124199999999,-0.002308258,-0.0028046650000000005,1.8282741e-06,2.0474148000000002e-05
73,1608585000,0.8059573999999999,0.8059739,0.011431287,-1.203269,1.5852870000000001,0.7872456000000001,1.397818,1.2083613,0.06205149,0.40179030000000004,1.7453619999999996e-05,1.6611818e-06,1.7349639e-06,2.142016e-06,3.1425939e-06,4.2214679e-06,7.0117886000000005e-06,1.4961055e-05,0.37391620000000003,0.02881053,0.0002154498,78.74079,57.82759,2.676445e-05,6.466728000000001,0.01327356,8.498655,0.00054243041,4.9116114e-05,0.027731120000000005,32.99978,0.00054243041,4.9116114e-05,0.005377913,13.945993000000001,0.00054243041,4.9116114e-05,0.002139002,13.558277999999998,0.00054243041,4.9116114e-05,0.00401136,1.5722309000000002e-06,1.759107e-05,-0.05683424,44.893497100000005,0.014273196999999998,-0.0020206569999999995,-0.0026042469999999996,1.3932044e-06,1.750244e-05
73,1608585600,0.7662673999999999,0.7662831999999999,0.014334614999999998,-0.9925104000000001,1.6074860000000002,0.7435541,1.425418,1.2836640000000001,0.02949484,0.35968269999999997,1.7767199999999998e-05,2.2049348e-06,2.2803536e-06,2.6867403999999996e-06,3.6494367e-06,4.7123411e-06,7.3476140000000006e-06,1.4764554000000002e-05,0.35015070000000004,0.03271549,0.00022585689999999998,79.70483,58.69087999999999,2.5444960000000002e-05,6.535119999999999,0.012811270000000003,8.065431,0.0009455875000000001,8.6040958e-05,0.027289180000000003,30.79085,0.0009455875000000001,8.6040958e-05,0.005471707000000001,18.748054000000003,0.0009455875000000001,8.6040958e-05,0.002251588,18.606979999999997,0.0009455875000000001,8.6040958e-05,0.003975952,1.3976140000000001e-06,1.715126e-05,0.004312949799999999,10.294821500000001,0.0088681609,-0.0019973240000000004,-0.0026467109999999995,8.575145e-07,1.0900937e-05
73,1608586200,0.6447115999999999,0.6447275,0.014912062999999998,-1.0606393,1.4820449999999998,0.6920258,1.2600384999999998,1.1182849999999998,0.03380426,0.3162746,1.7320689999999998e-05,1.6309583e-06,1.70528004e-06,2.0444843799999997e-06,2.8328056e-06,3.7372712000000003e-06,5.9783442e-06,1.2419420000000001e-05,0.28932569999999996,0.032792,0.0002058274,80.15314999999998,61.137879999999996,2.140873e-05,6.437310000000001,0.011798258999999998,6.844092999999999,0.00061980586,5.6213539e-05,0.024492060000000003,25.60802,0.00061980586,5.6213539e-05,0.0053028699999999995,14.329199,0.00061980586,5.6213539e-05,0.0019989730000000002,14.0175098,0.00061980586,5.6213539e-05,0.003994996,1.3445914000000002e-06,1.7230639999999997e-05,-0.15429054,62.214921000000004,0.013506960000000002,-0.0021852269999999997,-0.002729943,1.2631907e-06,1.6351177e-05
73,1608586800,0.41641330000000004,0.4164294,0.024931222999999995,-0.5186255,1.3224040000000001,0.4934895,1.1101825,0.9650917,0.025835484,0.2226076,1.6431569999999998e-05,6.2939817e-07,6.3895629e-07,7.9688205e-07,1.1618558e-06,1.51531449e-06,2.52774424e-06,5.4364994e-06,0.17636756,0.03172611,9.878405e-05,86.60417,66.96321,1.3836438e-05,6.1519390000000005,0.009305747999999999,4.447796,0.00064695664,5.8733511e-05,0.01897865,15.650165000000001,0.00064695664,5.8733511e-05,0.005119119,12.283528,0.00064695664,5.8733511e-05,0.0016810532,12.0775549,0.00064695664,5.8733511e-05,0.003997039,1.0949265e-06,1.698742e-05,0.5158384710000001,116.11418199999999,0.015937521,-0.002510015,-0.002967253,1.1918215e-06,1.5248362e-05
73,1608587400,0.4153127,0.4153287,0.021148344000000003,-0.5521908,1.299153,0.5068196,1.0999091,0.9604044,0.022018708,0.2025646,1.6759539999999997e-05,8.452794399999999e-07,8.7242981e-07,1.02475083e-06,1.4105546e-06,1.7779435500000002e-06,2.8101656e-06,5.7733023e-06,0.17583162,0.03171289000000001,9.517672000000001e-05,85.8022,66.46151,1.3796417000000002e-05,6.213316,0.009339130000000001,4.40995,0.00033012548799999996,2.9790661600000006e-05,0.01907142,15.565113,0.00033012548799999996,2.9790661600000006e-05,0.004812779,6.968509899999999,0.00033012548799999996,2.9790661600000006e-05,0.0013614894999999998,6.605668200000001,0.00033012548799999996,2.9790661600000006e-05,0.004008035000000001,9.244985e-07,1.6937270000000003e-05,-0.040113672,37.451316,0.009327933200000001,-0.002516797,-0.002994248,8.740672e-07,1.1367255e-05
73,1608588000,0.7337225,0.7337387000000002,0.013241903,-0.7590666,1.6429269999999998,0.6845214,1.4357680000000002,1.2586514999999998,0.03798425,0.3574414,1.7194340000000002e-05,1.3722274e-06,1.4044417899999998e-06,1.6440812900000002e-06,2.3277322e-06,2.8859544e-06,4.438797199999999e-06,9.558658e-06,0.33521959999999995,0.03152084,9.551337e-05,81.48712,59.193009999999994,2.439664e-05,6.210376,0.012753619999999998,7.867165999999999,0.0007128828799999999,6.4721076e-05,0.02654977,29.89402,0.0007128828799999999,6.4721076e-05,0.005286597,14.62445,0.0007128828799999999,6.4721076e-05,0.002002198,14.445207,0.0007128828799999999,6.4721076e-05,0.004009993,1.568415e-06,1.754099e-05,-0.039347651000000004,58.767687,0.015736812800000003,-0.00211001,-0.00275658,1.3652464000000003e-06,1.6776374e-05
73,1608588600,0.2080775,0.2080937,0.02161829,-0.44379687000000007,1.0003431,0.35708510000000004,0.7854988,0.6539075000000001,0.019156054,0.11704774,1.645974e-05,3.429071e-07,3.7076459000000005e-07,4.45824e-07,6.3972538e-07,8.679298e-07,1.4254682e-06,2.9577349e-06,0.07233616999999999,0.03161953,7.487649000000001e-05,96.46766,84.25548,6.907962999999999e-06,6.573252999999999,0.006835407,2.223921,0.0006082657999999999,5.5201601900000004e-05,0.011910462,6.416385000000001,0.0006082657999999999,5.5201601900000004e-05,0.005053992,10.76862,0.0006082657999999999,5.5201601900000004e-05,0.0014291849,10.5771109,0.0006082657999999999,5.5201601900000004e-05,0.004031706000000001,7.685958e-07,1.6945919999999998e-05,0.131423721,119.52205000000001,0.01515764,-0.0028494799999999997,-0.0031861859999999997,1.2988199e-06,1.6178075999999998e-05
73,1608589200,0.1797808,0.17979669999999998,0.023821621999999997,-0.31284312000000003,0.9313787,0.3186082,0.7422601999999999,0.6196315,0.009060478,0.0900928,1.6154100000000002e-05,1.9593342999999998e-07,2.2028361e-07,2.8821388e-07,4.1938810000000004e-07,6.004223e-07,1.0445683e-06,2.2564059e-06,0.05431159,0.035401539999999995,0.00017073536,98.58614999999999,94.90691999999999,5.96791e-06,6.557371000000001,0.006272477,1.9603059999999999,0.0006249508799999999,5.6699211e-05,0.010122738000000001,4.889984,0.0006249508799999999,5.6699211e-05,0.005192471,11.529919000000001,0.0006249508799999999,5.6699211e-05,0.001565012,11.347743,0.0006249508799999999,5.6699211e-05,0.004001971,6.130566e-07,1.658001e-05,-0.0018226799999999821,60.756861,0.008308413599999998,-0.0028853310000000005,-0.003202476,9.570455e-07,1.245413e-05
73,1608589800,0.42522020000000005,0.42523619999999995,0.0176908028,-0.577905548,1.2993399999999997,0.5095158,1.0883578000000003,0.946116,0.026391426000000003,0.21595650000000002,1.6629329999999996e-05,5.633721999999999e-07,5.883664e-07,7.1863179e-07,1.0996853999999998e-06,1.4280573e-06,2.3793861000000004e-06,5.2988403e-06,0.17955619,0.03282733,0.0002119396,89.43253000000001,68.03101,1.4128707000000002e-05,6.479532000000001,0.009719545999999999,4.631384,0.00106808466,9.7289131e-05,0.019144760000000004,16.128597000000003,0.00106808466,9.7289131e-05,0.00555194,19.043652,0.00106808466,9.7289131e-05,0.0020784320000000007,19.066421,0.00106808466,9.7289131e-05,0.004036508999999999,1.1923414e-06,1.7377209999999998e-05,0.004486324,92.38565600000001,0.015061943999999999,-0.0025602710000000002,-0.0029902800000000005,1.7067518000000002e-06,2.0547291e-05
73,1608590400,0.454897,0.45491329999999996,-0.015435551,-0.8831053000000001,1.272715,0.5677231,1.1066213,0.963179,0.017474365,0.2146978,1.6962199999999998e-05,8.579614e-07,8.708878999999998e-07,1.051733e-06,1.4767092000000001e-06,1.8682736e-06,3.0050056e-06,6.2574460000000004e-06,0.19478649999999997,0.03241866,0.00022622659000000003,86.73271,65.84236,1.5108182e-05,6.363942,0.010665817,4.814697000000001,0.0011459562700000003,0.000104452693,0.020110010000000005,17.180703,0.0011459562700000003,0.000104452693,0.005521688,21.010597,0.0011459562700000003,0.000104452693,0.0020761009000000003,21.0123546,0.0011459562700000003,0.000104452693,0.004030475,1.0115309e-06,1.7205619999999998e-05,0.02564463000000001,21.049632,0.0075806738999999995,-0.002516763,-0.00295735,9.578498e-07,1.1700457e-05
73,1608591000,0.3267548,0.3267709,0.0002779180000000006,-0.6434013,1.15046,0.44328779999999995,0.9509160999999999,0.8002749999999998,0.026176220000000007,0.17328114,1.72252e-05,1.06203585e-06,1.1942069e-06,4.8300061e-06,1.8213828000000001e-06,2.2208233e-06,3.3040879999999995e-06,6.263781999999999e-06,0.12648347,0.036686180000000006,0.00018534330000000003,92.51638999999999,79.21132999999999,1.0842461e-05,6.664165,0.008372237,3.5786339999999996,0.00027748507,2.4898614e-05,0.015370341000000001,11.118641,0.00027748507,2.4898614e-05,0.0047452300000000005,5.837559799999999,0.00027748507,2.4898614e-05,0.0012130074,5.4619264,0.00027748507,2.4898614e-05,0.004458744000000001,8.731125099999998e-06,2.491991e-05,0.04003724000000001,61.44600809999999,0.022287817999999997,-0.00030260280000000007,-0.0011530450000000001,3.3970274000000005e-06,2.6565034000000004e-05
73,1608591600,0.41759500000000005,0.41761100000000007,0.00423012,-1.0293762,1.1735621,0.528105,0.9936300999999998,0.8750147,0.024432588999999998,0.21490559999999997,1.7307190000000002e-05,1.20955528e-06,1.3063243899999998e-06,4.075803420000001e-06,1.9237933e-06,2.4308011000000003e-06,3.6750444e-06,7.337077999999999e-06,0.17289269000000002,0.03570087,0.00017977542,90.78226,75.84712999999999,1.3861305e-05,6.457629,0.009538458,4.535646,0.00080600549,7.3278932e-05,0.017894472,15.280088000000001,0.00080600549,7.3278932e-05,0.0050640089999999995,13.652232000000003,0.00080600549,7.3278932e-05,0.0015876769,13.562571999999998,0.00080600549,7.3278932e-05,0.004332229,6.521121099999999e-06,2.2708510000000002e-05,-0.037048008,44.571363500000004,0.0103591084,-0.00034522460000000003,-0.0013513940000000001,2.6704836e-06,1.7307065000000003e-05
73,1608592200,0.6744166,0.6744326,0.014026283,-0.7543887,1.524534,0.6457646,1.3747930000000002,1.243162,0.021362899999999997,0.3063434,1.6912139999999996e-05,8.859778000000001e-07,8.766588499999998e-07,1.11569611e-06,1.7696225e-06,2.3149499000000002e-06,3.870960399999999e-06,8.792328e-06,0.30662880000000003,0.030475200000000008,8.315800999999999e-05,80.40928,59.51228,2.240365e-05,6.112386,0.012219209999999998,7.106488000000001,0.0010707333,9.756514809999999e-05,0.025515,27.055239999999998,0.0010707333,9.756514809999999e-05,0.005668394000000001,21.152994,0.0010707333,9.756514809999999e-05,0.0023563079999999997,21.086594,0.0010707333,9.756514809999999e-05,0.004024417999999999,1.2211877999999998e-06,1.739373e-05,0.029725899999999993,2.923152,0.004149193,-0.002154569,-0.002791018,6.980844000000001e-07,8.968763000000002e-06
73,1608592800,1.2276862000000002,1.2277008,0.006183564,-1.0710401999999999,2.002184,0.9305109999999999,1.7286899999999998,1.588212,0.062102080000000004,0.6195465,1.7810800000000002e-05,2.1817515999999998e-06,2.1808054e-06,2.6935089999999997e-06,4.087035899999999e-06,5.348092e-06,8.909458e-06,1.9428775e-05,0.5882304,0.025448779999999997,0.00011623919,75.17001,54.327909999999996,4.079638000000001e-05,6.264422,0.01677075,12.868291,0.0012726519,0.00011595308,0.03525931,51.75466,0.0012726519,0.00011595308,0.005838894,25.179812,0.0012726519,0.00011595308,0.0027675699999999996,25.126325,0.0012726519,0.00011595308,0.004035517000000001,2.411593e-06,1.852673e-05,-0.004941119999999992,42.53704,0.022676575999999997,-0.001520639,-0.0023603340000000004,1.5719317e-06,1.9473808e-05
73,1608593400,1.0080243999999998,1.0080411,0.014317255000000001,-0.8450648,1.8759190000000001,0.8134539000000001,1.655902,1.4929210000000002,0.035746349999999996,0.46564839999999996,1.7636060000000003e-05,1.6285433e-06,1.58918516e-06,1.96578175e-06,2.9331864e-06,3.7082297e-06,6.0362453e-06,1.3160738e-05,0.4634324,0.04045812,8.90539e-05,80.46293,58.57646,3.349408000000001e-05,5.999717,0.014710319999999999,10.509404,0.0012765577399999999,0.000116349381,0.031075239999999997,40.6348,0.0012765577399999999,0.000116349381,0.005744175,25.527217,0.0012765577399999999,0.000116349381,0.0025776329999999997,25.510931000000003,0.0012765577399999999,0.000116349381,0.004039084,1.8953729999999996e-06,1.810581e-05,0.06166126100000001,28.671994000000005,0.014421562999999998,-0.0017930350000000001,-0.00258517,1.1024533e-06,1.4486765e-05
73,1608594000,0.8545385999999999,0.8545553,0.010831532999999999,-0.7631832000000001,1.732516,0.7406886,1.544898,1.379629,0.03266348,0.3933787,1.698605e-05,9.070384e-07,8.421839899999999e-07,1.04010446e-06,1.6741212e-06,1.9769963e-06,3.2640606000000004e-06,7.654402999999999e-06,0.3793118000000001,0.047852490000000004,8.590596e-05,88.06236,61.79896,2.8402880000000004e-05,5.96241,0.01340172,8.948497999999999,0.00082890524,7.5370241e-05,0.02817149,33.34246,0.00082890524,7.5370241e-05,0.005476455999999999,17.802962,0.00082890524,7.5370241e-05,0.0022340503,17.6016112,0.00082890524,7.5370241e-05,0.004043111,1.5762169999999997e-06,1.785615e-05,0.0065578999999999985,6.678934,0.009157964999999999,-0.001960695,-0.0026684060000000003,7.748033999999999e-07,1.0062019e-05
73,1608594600,1.3225047,1.3225229,0.0039892296,-1.4409969999999999,1.9715100000000003,1.0338848999999999,1.6185489999999998,1.4671560000000001,0.08614938,0.6995156,1.7721949999999997e-05,2.0048459e-06,1.99162479e-06,2.50148618e-06,3.7781433000000002e-06,5.2544501e-06,8.2936375e-06,1.8176358e-05,0.6025159,0.05857139,0.00011963356,81.30116999999998,59.93177000000001,4.393593e-05,6.098032999999999,0.01750727,13.934735999999997,0.0011062727,0.00010073743,0.03513612000000001,53.11582,0.0011062727,0.00010073743,0.005936448,27.827103,0.0011062727,0.00010073743,0.0028510329999999998,27.653553,0.0011062727,0.00010073743,0.0040479750000000005,2.753009e-06,1.8907420000000003e-05,-0.067567946,20.4344777,0.017284605,-0.0014215229,-0.0021151129999999996,1.7024211999999998e-06,2.0845276e-05
73,1608595200,0.8165233000000001,0.8165395,-0.0033167672,-1.3151543,1.58731,0.8021364,1.3653040000000003,1.1826736000000002,0.025608609999999997,0.37795999999999996,1.8037470000000003e-05,1.9004672e-06,2.01413858e-06,2.3266526e-06,3.0416376e-06,3.824314999999999e-06,5.7033646e-06,1.1198031e-05,0.27253540000000004,0.13560359,9.036285999999999e-05,93.53982999999998,82.75404,2.711134e-05,6.320274,0.013936559999999997,8.685292,0.0014944785399999998,0.0001363749074,0.024168699999999998,24.2475,0.0014944785399999998,0.0001363749074,0.005813801,29.058639999999997,0.0014944785399999998,0.0001363749074,0.002534698,29.175931000000002,0.0014944785399999998,0.0001363749074,0.004027203,1.6321239999999998e-06,1.776982e-05,-0.03951800900000001,13.861917,0.010070935,-0.0019441069999999998,-0.002529426,9.542100000000002e-07,1.2300279e-05
73,1608595800,1.0778223,1.0778379,0.0024561372000000002,-1.0428248,1.924447,0.8861447,1.6776520000000001,1.420843,0.049062308,0.5167067000000001,1.7178460000000002e-05,1.2645485e-06,1.2896823999999998e-06,1.6387244e-06,2.3030013e-06,2.9247221999999998e-06,4.77142e-06,1.0526674000000001e-05,0.3680312,0.17072009999999999,0.00013385866,98.42468,83.99719999999999,3.578855e-05,6.337558,0.015110160000000001,11.390294,0.0017162659000000001,0.00015665763999999995,0.02734496,32.34765,0.0017162659000000001,0.00015665763999999995,0.0060061509999999995,33.595126,0.0017162659000000001,0.00015665763999999995,0.0028452880000000005,33.7782,0.0017162659000000001,0.00015665763999999995,0.004043748,2.2128989999999998e-06,1.8429119999999997e-05,0.05317075,22.721211899999997,0.013473243000000001,-0.001669325,-0.002344753,1.1500154000000002e-06,1.4308977000000002e-05
73,1608596400,0.9614419999999999,0.9614590999999999,-0.0015155542000000002,-1.1955574999999998,1.7356269999999998,0.8390204000000001,1.4856070000000001,1.3494769999999998,0.037369672,0.46591949999999993,1.883434e-05,2.9805879e-06,3.1384739e-06,3.7033211999999996e-06,4.690262e-06,5.935484e-06,8.901629e-06,1.6949299e-05,0.28267739999999997,0.19788060000000002,0.00011403114999999999,95.91932,93.58671,3.190445e-05,6.43436,0.015035010000000001,10.258649000000002,0.0034362955,0.0003143491,0.024000120000000003,25.06425,0.0034362955,0.0003143491,0.006618871,59.265944000000005,0.0034362955,0.0003143491,0.0034215540000000003,60.53111,0.0034362955,0.0003143491,0.004025294,2.3576910000000003e-06,1.838458e-05,0.032841224999999995,18.524043,0.015992456999999998,-0.001582054,-0.0022481270000000004,1.1259783e-06,1.4159520000000004e-05
73,1608597000,0.8178988,0.8179154000000001,-0.0036012636999999993,-1.2648519999999999,1.6275859999999998,0.7978862,1.371792,1.200186,0.02309062,0.3740406,1.6969290000000003e-05,1.0918346e-06,1.1758879999999997e-06,1.5401977e-06,2.1537135999999996e-06,2.8983620999999994e-06,4.874836499999999e-06,1.0248688e-05,0.26360440000000007,0.1451731,0.00014628850000000001,98.11138,85.90225999999998,2.713339e-05,6.407407000000001,0.014233430000000002,8.726251999999999,0.001097661537,0.00010003821760000001,0.0237032,23.398889999999998,0.001097661537,0.00010003821760000001,0.005688122,21.958334,0.001097661537,0.00010003821760000001,0.002413841,21.905580000000004,0.001097661537,0.00010003821760000001,0.004014716,2.3764379999999996e-06,1.8346470000000003e-05,0.07851769,14.026355199999998,0.013703667,-0.001557916,-0.002188401,1.0596466e-06,1.3751434000000002e-05
73,1608597600,1.957188,1.9572049999999996,0.003199963,-1.4634019999999999,2.34821,1.2774737,2.052325,1.8035419999999998,0.07425388000000001,0.9128002000000001,1.938944e-05,3.7206564e-06,3.8722372e-06,4.6555240999999995e-06,6.6004676e-06,8.478448e-06,1.3659996e-05,2.8829556e-05,0.8081950000000001,0.1701296,0.00019543029999999996,88.81303,68.82934,6.501108e-05,6.367147999999999,0.02134768,20.786229999999996,0.0033989571799999995,0.00031083079499999997,0.04107371,71.60259,0.0033989571799999995,0.00031083079499999997,0.006593534999999999,57.952166999999996,0.0033989571799999995,0.00031083079499999997,0.0037201899999999995,59.135947,0.0033989571799999995,0.00031083079499999997,0.004052320999999999,3.7331730000000004e-06,1.9819489999999998e-05,0.0022184910000000004,12.023132899999998,0.017035256,-0.000888213,-0.00165774,1.2196009e-06,1.5685931e-05
73,1608598200,1.920841,1.9208570000000003,0.0034228275000000004,-1.433144,2.351247,1.2698610000000001,2.069838,1.8203420000000001,0.05835494,0.8571909,1.8193699999999998e-05,2.6704326999999995e-06,2.7206258e-06,3.4508277000000006e-06,5.1644091e-06,6.949910699999999e-06,1.15720339e-05,2.5501656e-05,0.7813548,0.1788271,0.00017725097,88.67164000000001,69.14716,6.380493e-05,6.239005000000001,0.021211199999999996,20.498949999999997,0.0033405676000000002,0.000305502681,0.040846339999999995,69.41726,0.0033405676000000002,0.000305502681,0.0065283020000000015,61.301791,0.0033405676000000002,0.000305502681,0.0036404859999999996,62.186907999999995,0.0033405676000000002,0.000305502681,0.0040365159999999995,3.310083e-06,1.937383e-05,-0.03085557,3.8688279000000003,0.010248512,-0.0009770324,-0.0017559730000000003,9.567892e-07,1.3167537e-05
73,1608598800,1.7368859999999997,1.7369040000000002,0.0060479263,-1.0201331000000002,2.4098619999999995,1.14587,2.159128,1.876407,0.04894238,0.7804225,1.748616e-05,1.7895722e-06,1.7181924e-06,2.2190859e-06,3.4776476999999998e-06,4.4354858e-06,7.4140734e-06,1.6755058000000003e-05,0.6967329,0.1715663,0.00010505915,89.66292,70.19354,5.7737589999999993e-05,5.92882,0.019027159999999998,18.50452,0.00199709611,0.00018234862,0.038575750000000006,61.83567000000001,0.00199709611,0.00018234862,0.00607827,37.97788799999999,0.00199709611,0.00018234862,0.003154651,38.311231,0.00199709611,0.00018234862,0.004047009,3.256416e-06,1.9341710000000002e-05,-0.020013799999999998,4.8076419999999995,0.009968694,-0.0010470345999999998,-0.0019080640000000003,9.976496000000001e-07,1.2489215e-05
73,1608599400,1.9400780000000002,1.940096,0.0056259668,-1.1437541,2.534814,1.2299848,2.2000409999999997,1.948521,0.0795359,0.9229721,1.894873e-05,3.2098621e-06,3.2015261500000004e-06,3.8906155999999995e-06,5.4784352e-06,6.9187921e-06,1.09570521e-05,2.2841127999999997e-05,0.8076867,0.16216609999999998,0.00012701592,89.73486999999999,67.28365,6.445785e-05,6.113787,0.02039305,20.490180000000002,0.00529565319,0.0004847105930000001,0.04129003,71.21454,0.00529565319,0.0004847105930000001,0.0071885379999999995,90.51699500000001,0.00529565319,0.0004847105930000001,0.004323266,92.607652,0.00529565319,0.0004847105930000001,0.004074786999999999,3.7788900000000005e-06,1.9974319999999998e-05,-0.02870015,8.911302,0.016289129,-0.0008712213,-0.0017499539999999997,1.2418512e-06,1.637264e-05
73,1608600000,2.357355,2.357374,0.0036214431799999995,-0.8682567000000001,2.827547,1.3000180000000001,2.590315,2.279583,0.046608149999999994,1.0336356,1.823593e-05,2.7801332e-06,2.6651989100000004e-06,3.2758943e-06,4.9567875000000005e-06,5.960954200000001e-06,9.7618427e-06,2.1520418999999997e-05,0.9947955,0.1836838,0.00014560527999999998,90.99244999999999,65.89772,7.834436e-05,5.877350000000001,0.021670459999999996,24.7396,0.00292354929,0.000267282469,0.045974759999999996,87.53720000000001,0.00292354929,0.000267282469,0.0068351459999999985,59.45267,0.00292354929,0.000267282469,0.004051318,60.15164999999998,0.00292354929,0.000267282469,0.0040852430000000006,3.972971e-06,2.009271e-05,0.011814671999999998,1.3012834,0.005440114,-0.0006736664999999999,-0.001721828,7.719963999999998e-07,1.0442671e-05
73,1608600600,2.9421779999999997,2.9421930000000005,0.0036872333400000006,-0.9171488,3.169335,1.465905,2.8715770000000003,2.5285149999999996,0.08600116,1.3083010000000002,1.8439450000000002e-05,2.84222e-06,2.6226374e-06,3.2451685e-06,5.182886e-06,5.945235399999999e-06,9.748592e-06,2.2627812e-05,1.2724382,0.19842869999999999,0.0001665146,89.63076000000001,63.72466999999999,9.781305e-05,6.049443,0.024452460000000002,30.9275,0.0029367937999999994,0.00026840741099999995,0.052082100000000006,112.18329000000001,0.0029367937999999994,0.00026840741099999995,0.007000549,64.41847600000001,0.0029367937999999994,0.00026840741099999995,0.00427453,64.949075,0.0029367937999999994,0.00026840741099999995,0.004156281,5.264524000000001e-06,2.156855e-05,0.018535959999999997,2.3307068000000006,0.009931362000000003,-0.000195645183,-0.0013453109999999999,9.930691000000002e-07,1.316802e-05
73,1608601200,2.8453120000000003,2.845329,0.005867350999999999,-0.9853616000000001,3.023943,1.448447,2.796873,2.485089,0.04565035,1.229256,1.8862570000000003e-05,2.9870054e-06,2.77354574e-06,3.5543372999999994e-06,5.623455999999999e-06,7.0647909e-06,1.14824495e-05,2.6968982000000003e-05,1.236967,0.1854421,0.00018306226,89.26286,63.23941,9.455129e-05,5.953309,0.02418666,29.8197,0.00338537457,0.00030951228199999997,0.05139817,108.92034000000001,0.00338537457,0.00030951228199999997,0.007269603999999999,72.78157000000002,0.00338537457,0.00030951228199999997,0.0045253509999999995,73.28293,0.00338537457,0.00030951228199999997,0.004165046,5.00331e-06,2.149808e-05,0.011696420400000001,3.876075899999999,0.011371280000000001,-0.00033594113999999996,-0.0014580630000000001,1.1086187e-06,1.4604058000000001e-05
73,1608601800,2.9499229999999996,2.949936,0.00503495,-1.1419179999999998,3.1382079999999997,1.5057310000000002,2.7216839999999998,2.4108739999999997,0.10630166,1.4215092000000003,2.1403730000000002e-05,6.047477e-06,6.151298199999999e-06,7.3932891e-06,1.0805665000000002e-05,1.3615923e-05,2.1765692999999998e-05,4.5869703e-05,1.2900369,0.1845662,0.0002391113,85.90654,63.45333000000001,9.796761e-05,6.443105,0.024875500000000002,30.881859999999996,0.0042201538,0.00038603519499999994,0.051862439999999996,113.22528,0.0042201538,0.00038603519499999994,0.007102587999999998,78.05552700000001,0.0042201538,0.00038603519499999994,0.0043968570000000005,79.45470600000002,0.0042201538,0.00038603519499999994,0.004170060000000001,5.9844589999999995e-06,2.226718e-05,-0.022180084,12.7141632,0.022003881999999995,-0.00014046510999999999,-0.0012149547,2.4035701e-06,2.9487689999999998e-05
73,1608602400,3.7664820000000008,3.7664999999999997,0.0020433262,-1.3699689999999998,3.298077,1.754505,2.94774,2.623244,0.11000424,1.694009,1.7448849999999998e-05,2.09262e-06,1.6395080999999999e-06,2.2724402e-06,4.668044e-06,5.2411949999999995e-06,9.598441500000001e-06,2.4950343e-05,1.678611,0.2043332,0.0002448127,88.14836,61.16330000000001,0.0001252608,5.711007,0.029119829999999996,39.42271,0.0031397294300000004,0.000286918066,0.05958387,147.4008,0.0031397294300000004,0.000286918066,0.007040061,64.424527,0.0031397294300000004,0.000286918066,0.004405923000000001,64.947453,0.0031397294300000004,0.000286918066,0.004187055,6.5955770000000004e-06,2.2832819999999997e-05,-0.009009393999999999,2.5739081,0.01141342,0.00022420147500000004,-0.000878249,1.1236834e-06,1.4944759999999997e-05
73,1608603000,3.6356660000000005,3.635685,0.0024673322,-1.4147319999999999,3.1332950000000004,1.736413,2.882601,2.5957149999999998,0.06697691000000001,1.5802660000000002,2.344417e-05,8.121249e-06,8.1818896e-06,9.623383e-06,1.3529908999999999e-05,1.6692250099999998e-05,2.5700477e-05,5.1817137000000004e-05,1.635697,0.1817243,0.0002696484,83.32119,60.10616,0.00012080419999999999,6.175129,0.028883429999999998,38.09072,0.00847910188,0.000776331509,0.059112330000000005,143.6244,0.00847910188,0.000776331509,0.00856184,146.329954,0.00847910188,0.000776331509,0.005938504,149.960755,0.00847910188,0.000776331509,0.004180541,6.504179e-06,2.276487e-05,0.0049060666999999995,0.45341059999999994,0.007169215,0.00024045577,-0.0008331348000000001,9.501588000000001e-07,1.2266450000000002e-05
73,1608603600,3.6868670000000003,3.6868840000000005,0.00228819,-1.3820160000000001,3.2252490000000003,1.7423000000000002,2.910839,2.612966,0.10397958999999998,1.682265,2.397684e-05,8.948944600000002e-06,9.446627000000001e-06,1.154689e-05,1.6567946e-05,2.2262974000000002e-05,3.6459190000000004e-05,7.510332e-05,1.6663719999999997,0.1764736,0.0003975598,77.44718,59.89187999999999,0.00012238626000000004,6.519672,0.0289964,38.80667,0.0055729107,0.00050992608,0.059459439999999995,146.81019999999998,0.0055729107,0.00050992608,0.00781678,105.018644,0.0055729107,0.00050992608,0.005133248000000001,106.83550299999999,0.0055729107,0.00050992608,0.004212476,6.8325120000000006e-06,2.324987e-05,0.03227143,4.6606596,0.016504873999999996,0.00025817979400000006,-0.0008502541000000001,1.5355774999999999e-06,2.0273920000000004e-05
73,1608604200,3.339544,3.3395610000000007,0.001940484,-1.5245650000000002,2.951677,1.690922,2.6729700000000003,2.39711,0.05386679999999999,1.45957,2.316373e-05,8.053116e-06,8.35634e-06,1.005415e-05,1.4396075000000001e-05,1.8943718999999998e-05,3.0697934e-05,6.405429e-05,1.480756,0.188494,0.000360149,83.00702,61.456810000000004,0.00011088649999999999,6.554411,0.02808327,35.00738,0.0067862372599999995,0.000621297048,0.056227019999999996,130.3855,0.0067862372599999995,0.000621297048,0.007990787000000001,127.85019,0.0067862372599999995,0.000621297048,0.005338516000000001,130.34376,0.0067862372599999995,0.000621297048,0.004135241,5.7499869999999994e-06,2.1983199999999996e-05,-0.023734234,0.7214871,0.007331537000000001,-1.2108303e-05,-0.0009778936999999999,9.524868999999999e-07,1.2684189999999999e-05
73,1608604800,4.428524,4.428542,0.0020017689999999996,-1.606072,3.213998,1.9588489999999996,2.9786779999999995,2.703459,0.07739656,1.9113890000000002,3.0403739999999998e-05,1.5515628999999997e-05,1.61560393e-05,1.9001307699999998e-05,2.5514442000000002e-05,3.28371643e-05,5.0349952e-05,9.794681400000001e-05,2.043437,0.1701653,0.00038812300000000004,76.59661,57.817589999999996,0.0001470998,6.218718999999999,0.03284804000000001,46.408370000000005,0.00425114484,0.00038887221100000004,0.06603189,179.5794,0.00425114484,0.00038887221100000004,0.007438958000000001,89.491817,0.00425114484,0.00038887221100000004,0.004771744999999999,90.298226,0.00425114484,0.00038887221100000004,0.004238351,7.810767e-06,2.410301e-05,0.022937074999999998,1.49246651,0.013667473000000003,0.0006518132000000001,-0.00046891665000000005,1.1569987999999998e-06,1.561302e-05
73,1608605400,3.7734880000000004,3.773507,0.0015977777000000001,-1.629034,3.01558,1.8124369999999999,2.716994,2.435025,0.11097955,1.6928910000000001,2.440904e-05,9.502459e-06,9.928584e-06,1.1978263999999998e-05,1.7002758999999997e-05,2.257355e-05,3.5766656000000004e-05,7.501974999999999e-05,1.712081,0.17405500000000002,0.0004153044,76.49064,59.48304,0.00012532,6.404905000000001,0.03060599,40.14289,0.0055668027400000005,0.00050947684,0.06053344000000001,151.9222,0.0055668027400000005,0.00050947684,0.007482053,102.71674700000001,0.0055668027400000005,0.00050947684,0.004811403,104.742973,0.0055668027400000005,0.00050947684,0.004169040000000001,6.79582e-06,2.292356e-05,0.00500251,1.8885213999999997,0.016386372,0.00032219716900000006,-0.0007037833,1.320708e-06,1.819407e-05
73,1608606000,3.835671,3.8356840000000005,0.002159328,-1.596396,3.04498,1.821062,2.773059,2.516702,0.06580316,1.6730180000000001,1.871241e-05,3.5562513999999996e-06,3.203205409999999e-06,4.103139300000001e-06,7.086794000000001e-06,8.5629636e-06,1.43766663e-05,3.4063095e-05,1.7572400000000001,0.1602174,0.00029887720000000003,81.27176,58.55648,0.0001275689,5.589832,0.03064577,40.67017,0.0050789895599999985,0.00046464105300000007,0.061362280000000005,155.49849999999998,0.0050789895599999985,0.00046464105300000007,0.00734239,94.821662,0.0050789895599999985,0.00046464105300000007,0.0046560230000000005,96.49409899999999,0.0050789895599999985,0.00046464105300000007,0.004182880999999999,6.788778999999999e-06,2.303532e-05,0.009751568,1.0790814,0.013790823999999998,0.00029254552,-0.0007372132,1.1066424000000002e-06,1.5332e-05
73,1608606600,5.339305999999999,5.339320000000001,0.0018601107,-1.661328,3.4241930000000003,2.151682,3.113983,2.8848879999999997,0.10901231999999998,2.363761,2.8250249999999996e-05,1.4062961e-05,1.4470885600000001e-05,1.7281937800000002e-05,2.4076417999999998e-05,3.1059521200000004e-05,4.850861300000001e-05,0.00010046053,2.518481,0.15040290000000003,0.0005056098,76.88816,55.810129999999994,0.00017740730000000003,6.224965,0.03651998,56.31692999999999,0.00468154674,0.000428164924,0.07332119,222.30679999999998,0.00468154674,0.000428164924,0.007558787,100.08865999999999,0.00468154674,0.000428164924,0.004930611,100.9607,0.00468154674,0.000428164924,0.004269058,9.057249e-06,2.4985699999999997e-05,0.0012696049999999996,1.8866010999999996,0.01773642,0.0010525751,-0.00015491175000000002,1.385205e-06,1.84392e-05
73,1608607200,7.935521000000001,7.935534,0.0017736291999999997,-1.6879870000000001,4.070036,2.6266089999999997,3.699187,3.4597059999999997,0.22338434999999998,3.5573580000000007,2.66746e-05,1.2968941e-05,1.2993525999999998e-05,1.6462403999999998e-05,2.5377859e-05,3.3632147e-05,5.6076469999999995e-05,0.00012647537,3.799982,0.1667895,0.0006929081,73.37046000000001,54.30507,0.0002637093,6.320911,0.04458695,82.81085,0.003674992259999999,0.000335708998,0.08988088999999999,333.6495,0.003674992259999999,0.000335708998,0.008652245999999999,102.53302000000001,0.003674992259999999,0.000335708998,0.005975063000000001,102.20464000000001,0.003674992259999999,0.000335708998,0.004510747000000001,1.2693565e-05,2.884587e-05,-0.01728502,0.63622181,0.01596734,0.0020959839999999995,0.00065144334,1.3581843e-06,1.948705e-05
73,1608607800,5.297013000000001,5.297028000000001,0.005281447,-1.599452,3.5249189999999997,2.133628,3.22761,2.993267,0.07973253,2.276135,2.2719960000000003e-05,8.218095e-06,7.8337533e-06,9.2427222e-06,1.3849199e-05,1.6389793e-05,2.527827000000001e-05,5.659800000000001e-05,2.507779,0.1401531,0.00042866319999999993,80.20675,55.35061,0.0001761581,5.923448,0.03586966,55.124880000000005,0.0070280023999999995,0.000643151138,0.0731587,219.7706,0.0070280023999999995,0.000643151138,0.008456449,133.40180000000004,0.0070280023999999995,0.000643151138,0.005871838,135.68442000000002,0.0070280023999999995,0.000643151138,0.004241752,8.404945e-06,2.438002e-05,-0.004420253999999999,0.337183134,0.009432614999999998,0.0009504561,-0.00022653139,9.313104000000001e-07,1.4174750000000002e-05
73,1608608400,5.368411,5.368428,0.004630301,-1.6059329999999998,3.4507799999999995,2.145514,3.2138109999999998,3.0005040000000003,0.09147730000000001,2.3135019999999997,2.228306e-05,7.771664e-06,7.4731728999999986e-06,9.172020500000002e-06,1.4002077e-05,1.7653239300000004e-05,2.9401347e-05,6.533141999999999e-05,2.5704219999999998,0.113138,0.0004876090999999999,75.47165999999999,54.25750000000001,0.0001785022,6.026301,0.0362041,55.89043,0.00146402021,0.000133182927,0.07410238,225.4393,0.00146402021,0.000133182927,0.007382097,59.170956000000004,0.00146402021,0.000133182927,0.00473287,58.155647,0.00146402021,0.000133182927,0.00427631,8.521369000000001e-06,2.4771009999999998e-05,-0.0013002965999999998,0.8532372440000001,0.011386596000000002,0.0009679978,-0.0002380167,1.0524011e-06,1.518111e-05
73,1608609000,5.7827280000000005,5.782745,0.0024775763999999997,-1.6989639999999997,3.4810070000000004,2.249053,3.1329580000000004,2.958279,0.12888987999999998,2.580869,2.7321889999999996e-05,1.2688378e-05,1.287855167e-05,1.5572290000000003e-05,2.2412523000000002e-05,3.0447558900000006e-05,4.63623593e-05,9.809361399999998e-05,2.7758700000000003,0.1147155,0.0005277776000000001,71.71503,54.04100000000001,0.0001922299,6.054199,0.03770028,58.746770000000005,0.0048313455000000005,0.00044170531000000004,0.07647648,240.2738,0.0048313455000000005,0.00044170531000000004,0.008348443,111.74872,0.0048313455000000005,0.00044170531000000004,0.005730420999999999,112.50486999999998,0.0048313455000000005,0.00044170531000000004,0.00444533,1.2299902e-05,2.843574e-05,0.137399852,2.86393326,0.023172321000000003,0.0016108022999999998,0.00025326467000000004,3.3634774000000002e-06,3.1770479999999995e-05
73,1608609600,4.354195,4.354209,0.0017723200999999998,-1.699951,2.912226,1.945064,2.6618679999999997,2.5426899999999995,0.15526492,2.03457,2.190179e-05,7.0754370000000004e-06,7.1156035000000005e-06,8.879855000000001e-06,1.3770355999999999e-05,1.782865e-05,2.9910691999999996e-05,6.587289000000002e-05,2.1150390000000003,0.061464649999999996,0.000435523,71.74602,52.936209999999996,0.0001447585,6.1794959999999985,0.03344041,45.203289999999996,0.0036877961200000005,0.000337087572,0.06689634,185.0079,0.0036877961200000005,0.000337087572,0.00741613,82.276706,0.0036877961200000005,0.000337087572,0.0047514770000000005,82.852142,0.0036877961200000005,0.000337087572,0.004213965,8.304886e-06,2.449027e-05,0.28845582,32.86788158,0.033632083,0.0005950293500000001,-0.0005093736,5.265027e-06,6.222444e-05
73,1608610200,4.2964,4.296415999999999,0.0055029020000000005,-1.726258,2.763534,1.939471,2.57314,2.4934149999999997,0.07680388,1.8680390000000002,1.956406e-05,4.6020650000000005e-06,4.24553637e-06,5.3927424e-06,9.105365e-06,1.10186139e-05,1.8794548499999997e-05,4.507588300000001e-05,2.087024,0.06067447,0.0003999019,74.17186999999998,52.868579999999994,0.0001428747,5.970127,0.033311059999999997,44.91802,0.0038333688899999997,0.000350462304,0.06683946,183.4673,0.0038333688899999997,0.000350462304,0.007196813000000001,75.406173,0.0038333688899999997,0.000350462304,0.0045153649999999995,76.230074,0.0038333688899999997,0.000350462304,0.004174001,7.057768999999999e-06,2.314306e-05,0.0044442787,0.29372206999999995,0.008954144,0.0005686740000000001,-0.0004816724000000001,9.266170000000001e-07,1.2923390000000002e-05
73,1608610800,4.536218,4.536234,0.0021872803,-1.7293600000000002,2.839961,1.9949780000000001,2.635691,2.549216,0.11862355,2.021676,2.984806e-05,1.5537172e-05,1.5912024999999998e-05,1.8335573e-05,2.4347514999999998e-05,2.9930497000000006e-05,4.519615e-05,8.863354e-05,2.1927950000000003,0.07466084999999999,0.0004002131999999999,69.51087999999999,53.28635999999999,0.0001507944,6.3681779999999995,0.034561009999999996,47.68936,0.00423821611,0.00038770373200000004,0.06853419000000001,193.2368,0.00423821611,0.00038770373200000004,0.007148473,82.744473,0.00423821611,0.00038770373200000004,0.004475021,84.0343085,0.00423821611,0.00038770373200000004,0.004166733,7.213781000000001e-06,2.3136769999999996e-05,-0.013750399600000001,1.499399671,0.012189488,0.0006465893,-0.00041197769999999997,1.1405675999999997e-06,1.5471129999999997e-05
73,1608611400,4.614658,4.614676000000001,0.00121763481,-1.7509229999999998,2.8924619999999996,2.021481,2.688271,2.548805,0.10186641,1.987208,3.875227e-05,2.4451393e-05,2.5671430999999998e-05,2.9348894000000003e-05,3.7623479e-05,4.691948900000001e-05,6.985663000000001e-05,0.00012812256000000003,2.18619,0.1203336,0.00041867040000000003,72.77362999999998,55.34787,0.00015321950000000002,6.443258,0.03477995,48.24785,0.00515495619,0.00047174356999999994,0.06818324,192.2063,0.00515495619,0.00047174356999999994,0.007357287999999999,94.898269,0.00515495619,0.00047174356999999994,0.004681622,96.554724,0.00515495619,0.00047174356999999994,0.0041874040000000005,7.182096e-06,2.329781e-05,0.006098280000000001,1.18832199,0.011819821000000001,0.0006167436999999999,-0.00041377242999999993,1.123558e-06,1.59487e-05
73,1608612000,5.6657150000000005,5.665732,0.00040105157,-1.749456,3.194536,2.234953,2.96379,2.82796,0.11028862999999997,2.4243780000000004,3.0390020000000004e-05,1.6346633e-05,1.6749171e-05,1.9592604899999998e-05,2.6723658e-05,3.335125600000001e-05,5.0846123000000004e-05,0.00010309745,2.679644,0.1524473,0.000484325,75.9625,55.69299000000001,0.0001882686,6.279784,0.03847296000000001,59.153,0.007560343950000001,0.000691921753,0.07536193,235.4125,0.007560343950000001,0.000691921753,0.00820271,137.229628,0.007560343950000001,0.000691921753,0.005539548,139.897525,0.007560343950000001,0.000691921753,0.004290527000000001,9.000959e-06,2.515143e-05,-0.009829432700000001,1.36729146,0.014823188000000001,0.0011003898,-4.4066100000000015e-05,1.147236e-06,1.595626e-05
73,1608612600,5.199074444444444,5.199092222222223,0.003580101555555555,-1.7310911111111111,3.1559699999999995,2.144944444444445,2.939964444444444,2.75021,0.0878679111111111,2.213391111111111,2.5353177777777775e-05,1.0666737777777777e-05,1.0533542855555556e-05,1.2396269555555556e-05,1.7512208888888887e-05,2.158632888888889e-05,3.381506333333333e-05,6.82383911111111e-05,2.4364655555555554,0.16247088888888891,0.00041845455555555557,79.69104444444444,56.32935555555555,0.00017282144444444444,5.530675555555556,0.03652651111111112,54.43916666666667,0.0043687816,0.00039946178111111117,0.07219388888888889,214.24111111111108,0.0043687816,0.00039946178111111117,0.007221478888888889,79.82228888888888,0.0043687816,0.00039946178111111117,0.004572716666666667,81.08321777777776,0.0043687816,0.00039946178111111117,0.00425864,8.233685555555555e-06,2.4501344444444448e-05,0.0028182144444444442,2.036128333333333,0.016289876666666665,0.0008705092222222222,-0.00025032757777777783,1.2853952222222223e-06,1.9217766666666664e-05
73,1608613200,5.407117,5.407134,0.006464486,-1.6639030000000001,3.3662899999999993,2.1676409999999997,3.1365589999999997,2.921977,0.06255149,2.278081,2.8404119999999996e-05,1.3835746000000001e-05,1.4205368e-05,1.71001e-05,2.4336307000000002e-05,3.1849434999999996e-05,5.1242952e-05,0.00010567923999999999,2.5673559999999997,0.13533219999999999,0.0005992069999999999,74.72578999999999,55.03862,0.00017962970000000002,6.442649,0.03688855,57.01762,0.0056302711499999995,0.00051520851,0.07429273,226.74989999999997,0.0056302711499999995,0.00051520851,0.008132601,122.09718999999998,0.0056302711499999995,0.00051520851,0.005455816,123.04291000000003,0.0056302711499999995,0.00051520851,0.004293623,8.701711000000002e-06,2.499889e-05,0.001529946999999999,0.1505577,0.0076563299999999985,0.0010151597999999997,-0.000178755327,8.856272e-07,1.3039990000000002e-05
73,1608613800,4.636579,4.636597,0.006417244,-1.5406680000000001,3.40919,1.9827670000000002,3.0905449999999997,2.8348619999999998,0.09326569999999999,2.0025629999999994,2.6749500000000002e-05,1.2075501e-05,1.24494844e-05,1.49325946e-05,2.0919972e-05,2.7018708999999997e-05,4.3169992999999996e-05,8.959287e-05,2.1759150000000007,0.14162260000000002,0.0005212115000000001,73.56377,56.16534,0.00015405160000000003,6.214524,0.03334335,48.545199999999994,0.005285928400000001,0.00048351073400000003,0.06819114000000001,191.2899,0.005285928400000001,0.00048351073400000003,0.007857456,100.18488500000001,0.005285928400000001,0.00048351073400000003,0.005219481,101.75616299999999,0.005285928400000001,0.00048351073400000003,0.004210423999999999,7.4746960000000005e-06,2.358928e-05,-0.0013300380000000015,2.1210387,0.014477434,0.0006073738000000001,-0.0005454621,1.2494556999999999e-06,1.786003e-05
73,1608614400,4.780517,4.780532000000001,0.0033313229999999997,-1.598473,3.385304,2.028925,3.067669,2.788173,0.12553119,2.080921,2.093018e-05,6.374818000000001e-06,6.4722987e-06,8.471355999999998e-06,1.3846833e-05,1.8752883e-05,3.255301e-05,7.290614e-05,2.205155,0.18434979999999998,0.0005891307,79.91954,57.81361,0.0001587988,6.427750999999999,0.03405021,50.049600000000005,0.00607003246,0.000555483443,0.06847373,193.7997,0.00607003246,0.000555483443,0.007916723,117.48851000000002,0.00607003246,0.000555483443,0.0052795889999999995,119.4926,0.00607003246,0.000555483443,0.004234307,8.261747000000001e-06,2.4287749999999998e-05,-0.06854876240000002,3.03919544,0.017239856999999997,0.0007755179000000001,-0.00035757584,1.7071217e-06,2.181209e-05
73,1608615000,4.364605,4.3646210000000005,0.0038596279999999995,-1.640204,3.1067810000000002,1.943207,2.860474,2.645743,0.09052694,1.871605,2.0612870000000002e-05,5.732446e-06,5.600525910000001e-06,7.0346381e-06,1.1379119000000001e-05,1.44957812e-05,2.4631699999999997e-05,5.5688331000000005e-05,2.064493,0.11723999999999998,0.00044078449999999995,77.76315,55.43231000000001,0.0001450776,6.171315000000002,0.03291392,45.88871999999999,0.00276942542,0.00025311258099999995,0.06650305000000001,182.02210000000002,0.00276942542,0.00025311258099999995,0.006608042999999999,58.332252999999994,0.00276942542,0.00025311258099999995,0.003943886000000001,58.62956899999999,0.00276942542,0.00025311258099999995,0.0041889629999999995,6.991673000000001e-06,2.31796e-05,0.006682800000000001,0.66212987,0.010181187,0.00049617912,-0.0005841794999999999,1.001253e-06,1.4254e-05
73,1608615600,4.667688,4.667701,0.005810442,-1.7156600000000002,3.0725819999999997,2.023101,2.8010349999999997,2.616944,0.08603959,2.034064,1.905121e-05,3.887013e-06,3.475723e-06,4.554626000000001e-06,8.091854e-06,9.867119e-06,1.7449613e-05,4.2251927e-05,2.198099,0.1351959,0.00045502860000000005,80.82126000000001,55.902289999999994,0.0001552085,6.028290999999999,0.034370460000000005,48.72618000000001,0.0057066971499999996,0.000522171658,0.06841424999999998,192.89960000000002,0.0057066971499999996,0.000522171658,0.007932745,110.88120899999998,0.0057066971499999996,0.000522171658,0.005256789,112.674226,0.0057066971499999996,0.000522171658,0.00420943,7.4301150000000004e-06,2.362918e-05,-0.015557704,0.605921806,0.009488461,0.0006672121999999999,-0.00040781103999999995,1.0294322000000002e-06,1.438512e-05
73,1608616200,4.514014,4.514031999999999,0.006480695,-1.6952960000000001,3.1449230000000004,1.9943189999999997,2.8391,2.6019029999999996,0.09781031,1.9767629999999996,2.3908100000000002e-05,9.188955e-06,9.412470500000001e-06,1.15649355e-05,1.6485094e-05,2.106134e-05,3.413628300000001e-05,7.304638500000001e-05,2.079446,0.1768308,0.0005481554,80.0044,57.92765999999999,0.0001499644,6.34069,0.03361321,47.052440000000004,0.00447549993,0.000409314553,0.06657204000000001,182.5361,0.00447549993,0.000409314553,0.007896391,102.81857,0.00447549993,0.000409314553,0.005271257999999999,103.55499,0.00447549993,0.000409314553,0.004177196,7.247116e-06,2.324078e-05,0.005713427000000002,2.22359027,0.014573311,0.0005724406,-0.00047967800000000004,1.2894339e-06,1.748033e-05
73,1608616800,3.21451,3.2145236363636367,0.0029009154545454542,-1.7001327272727274,2.6349654545454544,1.6931118181818183,2.4201881818181823,2.1872018181818187,0.04640475454545454,1.3943436363636363,2.0756200000000003e-05,5.653935272727272e-06,5.674250272727272e-06,6.874410090909092e-06,9.819524545454544e-06,1.2271547000000003e-05,1.9567744181818186e-05,4.2157919090909095e-05,1.429599090909091,0.17716,0.00038764281818181814,84.44972727272729,61.13211818181817,0.00010680641818181817,6.163564545454546,0.02861782727272727,34.02533636363636,0.003945393827272728,0.00036089579272727273,0.05543580000000001,126.46290909090908,0.003945393827272728,0.00036089579272727273,0.006729128181818181,71.75198454545453,0.003945393827272728,0.00036089579272727273,0.004045741818181819,73.0007390909091,0.003945393827272728,0.00036089579272727273,0.004068474545454546,5.178861818181819e-06,2.1131936363636366e-05,-0.03617404090909091,1.6651638454545454,0.009633926363636365,-0.00012754922545454544,-0.0010019227272727272,1.148028090909091e-06,1.4450836363636364e-05
73,1608617400,3.749633,3.749651,0.0035078559999999993,-1.731386,2.764622,1.8269469999999999,2.542803,2.3132960000000002,0.07683730999999999,1.6115279999999998,2.3520759999999997e-05,8.741388e-06,8.948969e-06,1.0685831e-05,1.5162549e-05,1.9046568e-05,3.038402e-05,6.390349e-05,1.7079990000000003,0.16618650000000001,0.00046722280000000005,78.98208,58.978229999999996,0.0001245427,6.419901999999999,0.030831439999999998,39.075509999999994,0.00332337437,0.000303858533,0.060322299999999995,149.8456,0.00332337437,0.000303858533,0.006711628,67.66710900000001,0.00332337437,0.000303858533,0.004041901999999999,68.380257,0.00332337437,0.000303858533,0.004115959000000001,5.977909e-06,2.2033760000000003e-05,-0.008053059,0.661851575,0.008230705000000001,0.00017522038199999998,-0.0007657076999999999,1.0099668000000001e-06,1.4056960000000002e-05
73,1608618000,3.6569829999999994,3.6570009999999997,0.004502161,-1.734497,2.7469589999999995,1.8080010000000002,2.4952889999999996,2.26492,0.07332562000000001,1.5737590000000001,2.5596320000000002e-05,1.05908541e-05,1.09084165e-05,1.2802450500000001e-05,1.726475e-05,2.17043893e-05,3.3661566e-05,6.7914237e-05,1.6537250000000001,0.1741169,0.00046509800000000005,79.95815999999999,59.612030000000004,0.0001214806,6.413066000000001,0.0303859,37.85976,0.005031259099999999,0.00046026428,0.05924779,144.35399999999998,0.005031259099999999,0.00046026428,0.007541768,95.684316,0.005031259099999999,0.00046026428,0.004897887,97.322844,0.005031259099999999,0.00046026428,0.0041063409999999995,5.839969999999999e-06,2.188827e-05,0.000867963,1.1759833,0.010491209999999997,0.00011605737,-0.000807712,9.397909e-07,1.382202e-05
73,1608618600,3.998677,3.9986920000000006,0.006939998,-1.6343159999999997,3.0418689999999997,1.8617720000000002,2.74167,2.5024520000000003,0.10435807,1.7430449999999997,2.293773e-05,7.900886999999999e-06,7.8868626e-06,9.305176500000001e-06,1.3028732e-05,1.5787272e-05,2.4490476e-05,5.0606077e-05,1.834018,0.16473739999999998,0.000445187,83.95674,58.592200000000005,0.00013291757000000003,6.283186000000001,0.03137333,41.763169999999995,0.006406498500000001,0.000586311317,0.06228183999999999,160.8382,0.006406498500000001,0.000586311317,0.007889084,112.40675999999999,0.006406498500000001,0.000586311317,0.005240942,114.88480000000001,0.006406498500000001,0.000586311317,0.0041654069999999994,6.901004e-06,2.2985030000000003e-05,0.0005842366000000006,5.5847010699999995,0.022299831,0.00032584460000000003,-0.0006594355999999999,1.6061675e-06,2.1433810000000002e-05
73,1608619200,5.106066,5.106083,0.005045034000000001,-1.67427,3.361567,2.1183319999999997,3.091444,2.8154359999999996,0.07515886,2.1833340000000003,2.442702e-05,9.689225e-06,9.936917e-06,1.2496919000000001e-05,1.845136e-05,2.4659964e-05,4.102089e-05,9.020718000000001e-05,2.354903,0.19730869999999998,0.0006047278,78.1912,57.798170000000006,0.0001695944,6.508722000000001,0.03567427,53.470079999999996,0.0049538628,0.00045319765700000005,0.07100706999999999,207.18799999999996,0.0049538628,0.00045319765700000005,0.007894897000000001,108.40886900000001,0.0049538628,0.00045319765700000005,0.005249933,109.38673399999998,0.0049538628,0.00045319765700000005,0.0042648980000000005,8.407081000000001e-06,2.469358e-05,0.091155338,4.70758576,0.013831134,0.0008578539,-0.00026037356,1.3787022e-06,1.8260959999999997e-05
73,1608619800,5.541831,5.541846,0.0020870837,-1.736353,3.3120249999999998,2.2212370000000004,3.074793,2.824962,0.07121332,2.3434320000000004,2.2652379999999995e-05,8.032177000000001e-06,7.622517200000002e-06,9.0965842e-06,1.4068702000000002e-05,1.6698051499999996e-05,2.6566948000000003e-05,5.8048021e-05,2.563275,0.2070592,0.0004332603000000001,81.01948,57.649699999999996,0.00018430610000000003,5.579045000000001,0.03777502,58.63485000000001,0.00561324503,0.0005134888490000001,0.07412715,226.7122,0.00561324503,0.0005134888490000001,0.007891727,103.600808,0.00561324503,0.0005134888490000001,0.0052519490000000005,105.35671199999999,0.00561324503,0.0005134888490000001,0.0042722260000000005,8.601987e-06,2.4807189999999998e-05,-0.008876923,0.9112618300000002,0.01117549,0.0010093303999999998,-0.0001317299,1.0476159e-06,1.5668e-05
73,1608620400,4.227568,4.227583,0.0015056001,-1.653521,3.10517,1.9215209999999998,2.797172,2.536053,0.09905116,1.8769040000000003,1.903592e-05,3.9768714e-06,3.886091299999999e-06,4.8346846000000005e-06,8.209076e-06,1.00843493e-05,1.7129627299999998e-05,4.1132473e-05,1.9404720000000002,0.1727939,0.0004247308,82.74450999999999,58.38852000000001,0.00014054269999999998,5.853851000000001,0.03221893,43.96528,0.0040089559499999995,0.00036657116700000003,0.06410753,169.79609999999997,0.0040089559499999995,0.00036657116700000003,0.007507888,92.042492,0.0040089559499999995,0.00036657116700000003,0.004862301,92.36093699999999,0.0040089559499999995,0.00036657116700000003,0.004210241,7.620681000000001e-06,2.3733740000000002e-05,0.034090076000000004,3.8154759500000006,0.016744006999999998,0.0005840064,-0.0005042233,1.6752636000000002e-06,2.130175e-05
73,1608621000,3.1684550000000002,3.168472,-0.0028468572,-1.4352729999999998,2.927002,1.6290780000000002,2.674919,2.362611,0.06770975,1.392501,2.198128e-05,6.4566413e-06,6.485513899999999e-06,7.546772399999999e-06,1.0328141e-05,1.26881908e-05,1.9131314900000004e-05,3.9205971e-05,1.3739368000000003,0.20981840000000002,0.00036669519999999996,86.54038,63.71713,0.00010531569000000001,5.973442,0.02692096,33.13596,0.0034117253999999993,0.00031187489,0.053938219999999995,120.48223,0.0034117253999999993,0.00031187489,0.007272338000000001,76.58939000000001,0.0034117253999999993,0.00031187489,0.004574885999999999,77.0125,0.0034117253999999993,0.00031187489,0.004125814,5.2136430000000005e-06,2.1455520000000003e-05,-0.015148762999999996,4.02563,0.014449008,-0.00027420999999999994,-0.0012309166999999999,1.3661742e-06,1.9073731e-05
73,1608621600,4.1206700000000005,4.120684,-0.00081103532,-1.610845,3.160596,1.8954169999999997,2.823722,2.568268,0.10363565999999999,1.8221479999999999,2.139151e-05,6.470394300000001e-06,6.382756500000002e-06,7.9053504e-06,1.1874822e-05,1.5132057000000001e-05,2.4965747e-05,5.5077740000000006e-05,1.825075,0.2346568,0.0004698589999999999,83.2696,61.58153,0.00013693019999999997,6.320074,0.03180887,43.45042,0.00447812803,0.0004096022669999999,0.062496109999999994,161.1704,0.00447812803,0.0004096022669999999,0.007418854000000001,90.310123,0.00447812803,0.0004096022669999999,0.004737793,91.29247899999999,0.00447812803,0.0004096022669999999,0.004175731,6.535027999999999e-06,2.2789289999999998e-05,0.006289520000000002,0.9736054,0.011615888,0.0002996222900000001,-0.0007372177000000001,9.143265000000001e-07,1.385627e-05
73,1608622200,3.7124666666666664,3.712483333333333,-0.00012618723333333328,-1.5627355555555553,3.09118,1.7920233333333333,2.791083333333334,2.4669922222222223,0.08913682222222223,1.623618888888889,2.5832922222222222e-05,1.0649895555555555e-05,1.0813108888888889e-05,1.246362111111111e-05,1.634902888888889e-05,2.002826333333333e-05,3.037644222222222e-05,5.802084444444445e-05,1.627648888888889,0.22801611111111109,0.0003988842222222222,82.0028111111111,62.4467888888889,0.0001233757777777778,6.253447777777778,0.029994133333333332,39.3888,0.0037483439222222225,0.00034274546555555557,0.05905135555555555,143.9978888888889,0.0037483439222222225,0.00034274546555555557,0.007062322222222223,76.09830555555556,0.0037483439222222225,0.00034274546555555557,0.004395633333333333,76.93351111111112,0.0037483439222222225,0.00034274546555555557,0.004150193333333333,6.0448933333333335e-06,2.226588888888889e-05,0.02919784444444444,4.6147719,0.014731494444444444,6.119011666666667e-05,-0.000924009888888889,1.2801314444444443e-06,1.7836444444444447e-05
73,1608622800,4.39469,4.394705,0.0007485677499999999,-1.507436,3.325752,1.9271620000000003,3.0759190000000003,2.7837090000000004,0.07093105,1.8857779999999997,2.1324969999999998e-05,6.207184e-06,6.206853900000001e-06,7.7023066e-06,1.1878861999999998e-05,1.50990891e-05,2.5262206e-05,5.6606961e-05,2.0150379999999997,0.1817046,0.0004688844,80.3031,58.394009999999994,0.0001460427,6.2799640000000005,0.03217086,45.90305000000001,0.00317759618,0.00029036493700000004,0.06559823000000001,177.07670000000002,0.00317759618,0.00029036493700000004,0.0074640520000000005,72.06648,0.00317759618,0.00029036493700000004,0.004827836,72.45819,0.00317759618,0.00029036493700000004,0.004188062,6.740507e-06,2.296623e-05,0.0009741470000000002,1.1189706,0.010758418,0.00040074331,-0.0007309371999999999,8.979316e-07,1.301609e-05
73,1608623400,5.211154,5.21117,0.00138025307,-1.603483,3.454792,2.121428,3.1905229999999998,2.9397889999999998,0.10293808,2.2428560000000006,2.128654e-05,6.330812000000001e-06,5.9574834e-06,7.546387199999999e-06,1.2100924e-05,1.5302317500000002e-05,2.5955772e-05,5.8768317999999994e-05,2.444445,0.1605299,0.0004642680999999999,78.96369,56.22711,0.0001732376,5.836388,0.035570199999999996,54.15072,0.0073298112199999986,0.0006708656870000001,0.07220093000000001,214.07380000000003,0.0073298112199999986,0.0006708656870000001,0.008377208,133.507718,0.0073298112199999986,0.0006708656870000001,0.005743351,136.059775,0.0073298112199999986,0.0006708656870000001,0.004256037999999999,7.914710000000001e-06,2.4237819999999998e-05,0.021153833,1.41669749,0.011811279,0.0007948843,-0.0003675656,1.121968e-06,1.6409279999999997e-05
73,1608624000,4.529909,4.529923999999999,0.0012629249,-1.47417,3.418079,1.9495309999999997,3.127932,2.8585629999999997,0.13519611999999998,2.0082,2.131693e-05,6.4063509999999995e-06,6.3257145e-06,7.9600172e-06,1.2471079999999999e-05,1.58825e-05,2.6533986e-05,6.107671999999999e-05,2.104216,0.1601031,0.0004933269000000001,81.36907,57.21406,0.0001505035,6.294608,0.032595589999999994,47.37293,0.0048242258700000006,0.00044123639500000006,0.06695976,185.0054,0.0048242258700000006,0.00044123639500000006,0.007980399,97.41083,0.0048242258700000006,0.00044123639500000006,0.005350006,98.51328,0.0048242258700000006,0.00044123639500000006,0.004225251,7.102208000000001e-06,2.344286e-05,0.034594567,1.2670932000000001,0.010874292999999998,0.0005069433,-0.0006933154,1.0980576e-06,1.540268e-05
73,1608624600,3.2905899999999995,3.290603,0.0018489717499999996,-1.5962999999999998,2.806774,1.6873609999999999,2.5450899999999996,2.302794,0.07140548,1.4455011,2.083133e-05,5.536336100000001e-06,5.4994722999999995e-06,6.710985599999999e-06,9.899877e-06,1.2809625199999998e-05,2.0512750999999997e-05,4.6120047e-05,1.4953480999999997,0.14942899999999998,0.0004053219,81.91007,59.39779000000001,0.00010934992,6.301967,0.028523520000000004,34.95342000000001,0.0031129971400000005,0.00028466362400000005,0.05652143,132.40718,0.0031129971400000005,0.00028466362400000005,0.006725869,64.242548,0.0031129971400000005,0.00028466362400000005,0.004025031,64.883877,0.0031129971400000005,0.00028466362400000005,0.004114853999999999,5.924877e-06,2.1991679999999997e-05,-0.433143617,22.547460309999998,0.021254391,-6.4464e-05,-0.0009943269,2.1129307e-06,2.5459319999999997e-05
73,1608625200,2.567089,2.567106,0.0060590788,-1.3180957,2.6904450000000004,1.432352,2.437536,2.192691,0.06551554,1.1401244,1.978502e-05,4.3551370999999995e-06,4.383637110000001e-06,5.3439664e-06,7.949855e-06,1.0160276000000001e-05,1.6464188100000003e-05,3.5566043e-05,1.1749627,0.10817038999999999,0.0003220977,80.71806,58.394850000000005,8.529105000000001e-05,6.2769699999999995,0.02428708,27.280620000000006,0.0019007995099999998,0.000173460253,0.05011982,104.16197,0.0019007995099999998,0.000173460253,0.006459239,44.352356,0.0019007995099999998,0.000173460253,0.0036797080000000003,44.325878599999996,0.0019007995099999998,0.000173460253,0.004084488000000001,4.591534e-06,2.0699480000000003e-05,-0.087767829,8.015659629999998,0.011917854,-0.00041362961,-0.0013925537,1.4222352e-06,1.833394e-05
73,1608625800,2.4392249999999995,2.4392420000000006,0.013714994999999999,-1.2425530000000002,2.71602,1.3932930000000001,2.4655120000000004,2.2189799999999997,0.04776848,1.0880390000000002,2.021817e-05,4.9238749999999995e-06,4.959829e-06,6.0102182e-06,8.807208000000001e-06,1.1283417000000001e-05,1.7965702e-05,3.886681499999999e-05,1.0987253,0.12044239999999999,0.0003475784999999999,82.1706,59.93397,8.103469999999999e-05,6.295074,0.02332812,25.91744,0.0033555744299999996,0.000306796453,0.04864429000000001,97.36626,0.0033555744299999996,0.000306796453,0.006939349,67.664646,0.0033555744299999996,0.000306796453,0.004177061000000001,68.386186,0.0033555744299999996,0.000306796453,0.004071054,4.219831e-06,2.0311119999999997e-05,-0.0028353249999999997,2.6761787,0.007794160999999999,-0.0005261840000000001,-0.001520228,8.776085e-07,1.0922164e-05
73,1608626400,2.2723459999999998,2.272364,0.01778308,-1.0000489,2.750597,1.290591,2.4753,2.21478,0.0608476,1.0193374,1.843784e-05,2.8867522e-06,2.79643715e-06,3.5576048000000005e-06,5.544554e-06,7.1479054e-06,1.22841314e-05,2.7436877999999995e-05,1.0186758,0.1171093,0.00032493329999999995,83.21823,60.34416,7.550113e-05,6.146260000000001,0.02202325,24.07801,0.00175890298,0.000160471042,0.04681829,90.18675,0.00175890298,0.000160471042,0.0062106769999999995,38.497695,0.00175890298,0.000160471042,0.003406096,38.600849999999994,0.00175890298,0.000160471042,0.004086208,4.074671e-06,2.024634e-05,-0.0023015580000000013,2.7493054,0.008491736,-0.0005818298,-0.001653434,1.0307728000000002e-06,1.3288272999999997e-05
73,1608627000,2.121813,2.1218289999999995,0.007539382,-0.9147352999999999,2.749472,1.231166,2.415299,2.151103,0.07416176,0.9976241,1.8747759999999998e-05,3.0795646999999996e-06,3.0421371999999995e-06,3.7421095e-06,5.4724097999999995e-06,6.926047400000001e-06,1.1443741999999998e-05,2.4392385000000003e-05,0.9243152,0.1362117,0.0003188349,88.6314,63.18172,7.050217000000001e-05,6.2723379999999995,0.02094293,22.35569,0.00248530291,0.000227055605,0.044265780000000005,81.40982,0.00248530291,0.000227055605,0.006549161,50.203765000000004,0.00248530291,0.000227055605,0.0037064379999999994,50.659307999999996,0.00248530291,0.000227055605,0.004086106,4.072255e-06,2.0273249999999998e-05,-0.55255367,22.675826900000004,0.015110378000000002,-0.0006950436999999999,-0.0017138000000000001,1.7990364999999997e-06,2.3424406e-05
73,1608627600,1.6348580000000001,1.634877,0.04387013999999999,-0.5692862,2.5390900000000003,1.0096572,2.236379,1.94391,0.07033017,0.7613967,1.777903e-05,1.8620060000000003e-06,1.9108992000000003e-06,2.3759831e-06,3.6988605e-06,4.7963912e-06,8.08423e-06,1.8155115e-05,0.6710357,0.14599829999999997,0.00035283659999999997,89.22211,68.55773,5.431159e-05,6.228893000000001,0.01807287,17.187490000000004,0.0025908870899999997,0.000236801242,0.03751243,58.98411,0.0025908870899999997,0.000236801242,0.006406392999999999,48.290482,0.0025908870899999997,0.000236801242,0.0034530480000000002,48.924814000000005,0.0025908870899999997,0.000236801242,0.004053337,3.3695699999999995e-06,1.9468429999999997e-05,-0.015503404999999998,6.031803399999999,0.011017913,-0.0009510755000000001,-0.001874731,1.0596994000000001e-06,1.3942262999999999e-05
73,1608628200,1.3764838999999998,1.3764995,0.05172331,-0.4614764,2.423135,0.9136458000000001,2.1112770000000003,1.8141939999999999,0.04866439,0.644312,1.9551349999999997e-05,3.8769745e-06,4.102465500000001e-06,4.7396109e-06,6.194297800000001e-06,7.8642163e-06,1.19944939e-05,2.2971714e-05,0.5224436000000001,0.16540760000000002,0.000325112,92.29126000000001,74.98688,4.569022e-05,6.391332,0.01678671,14.615612000000002,0.0012674720700000001,0.00011556875120000002,0.03318248,46.12672,0.0012674720700000001,0.00011556875120000002,0.005537358000000001,23.903088699999998,0.0012674720700000001,0.00011556875120000002,0.0024802619999999996,23.943256899999998,0.0012674720700000001,0.00011556875120000002,0.004035907,2.669075e-06,1.8743330000000003e-05,-0.040517547,15.078483,0.014147121000000002,-0.0013391158,-0.0022433010000000005,1.1479519e-06,1.5367678e-05
73,1608628800,1.463696,1.463712,0.032263194,-0.6311984,2.3918229999999996,0.9751833,2.1226779999999996,1.8230430000000002,0.04921903999999999,0.6554867000000001,1.797471e-05,2.3211594e-06,2.3619762000000005e-06,2.920007e-06,4.253322699999999e-06,5.476859199999999e-06,8.93724e-06,1.9389810000000003e-05,0.5582908,0.1732747,0.00023454869999999997,93.41373000000002,73.74206000000001,4.8589359999999997e-05,6.496174999999999,0.017012160000000002,15.42928,0.0030224008000000004,0.00027635278,0.03450816999999999,49.2093,0.0030224008000000004,0.00027635278,0.006654286000000001,56.89896,0.0030224008000000004,0.00027635278,0.0036560349999999998,57.71166999999999,0.0030224008000000004,0.00027635278,0.004031781,2.6875540000000003e-06,1.871399e-05,0.011740832000000007,18.030937,0.013031585000000002,-0.0013187889999999997,-0.0022241460000000006,1.3530590000000002e-06,1.7737307000000003e-05
73,1608629400,1.1318762000000002,1.1318916,0.013912125000000001,-1.2835390000000002,1.891857,0.9433878,1.6197869999999999,1.4242195,0.04029853,0.5528286,1.7276979999999996e-05,1.3854695e-06,1.3623605999999999e-06,1.7244677000000001e-06,2.6776535e-06,3.4338292e-06,5.679839700000001e-06,1.2741789999999998e-05,0.4908886,0.07486318,0.0001561057,87.72722,64.64684000000001,3.761471e-05,6.197384999999999,0.01550407,11.708999000000002,0.00176262888,0.00016095732070000001,0.03154641,42.76916,0.00176262888,0.00016095732070000001,0.005757498999999999,32.025681000000006,0.00176262888,0.00016095732070000001,0.002657462,32.389971,0.00176262888,0.00016095732070000001,0.004027252,2.289495e-06,1.837337e-05,0.036314863999999995,33.2483776,0.014214094,-0.001639024,-0.002285715,1.3233797e-06,1.6955466e-05
73,1608630000,0.6537824999999999,0.6537985,-0.0011160969000000003,-0.9615668000000002,1.552999,0.6910240000000001,1.305604,1.131898,0.031560519999999995,0.3396487,1.829206e-05,2.3359981000000005e-06,2.47170895e-06,2.8397256400000004e-06,3.7755037e-06,4.7713477e-06,7.112154399999999e-06,1.3674972999999998e-05,0.2682466,0.058502130000000006,0.00010265344000000001,88.16282999999999,68.71243000000001,2.169568e-05,6.3197090000000005,0.011805556999999998,6.916905,0.0008956630200000001,8.149902100000001e-05,0.023616980000000003,23.621100000000002,0.0008956630200000001,8.149902100000001e-05,0.005175037,16.3584799,0.0008956630200000001,8.149902100000001e-05,0.0018428949,16.257686,0.0008956630200000001,8.149902100000001e-05,0.004031506,1.882759e-06,1.8010719999999998e-05,-0.12138840999999997,20.893032,0.013051080999999997,-0.0018871699999999999,-0.002505445,1.0717291999999999e-06,1.3277385000000003e-05
73,1608630600,1.2366519999999999,1.2366670000000002,0.006582813,-1.675674,1.8251439999999999,1.0420683,1.482609,1.37303,0.04188531,0.5796799,1.689734e-05,1.2188289999999998e-06,1.2870129999999999e-06,1.9215283000000003e-06,3.472139e-06,4.967474e-06,9.005824e-06,2.0031228999999998e-05,0.5618920999999999,0.056195470000000004,0.000194852,81.83859,59.345029999999994,4.106496e-05,6.371861999999999,0.01760103,13.050149999999999,0.0021440631499999997,0.00019587398540000001,0.03454716,49.41611,0.0021440631499999997,0.00019587398540000001,0.005961792,38.018696999999996,0.0021440631499999997,0.00019587398540000001,0.0029020030000000002,38.54439,0.0021440631499999997,0.00019587398540000001,0.004061355,5.287097e-06,2.138181e-05,-0.9032908569999998,297.2408843,0.050899404,-0.001436719,-0.002029758,9.691415999999999e-06,0.00010609866399999999
73,1608631200,2.179113,2.1791289999999996,0.0046069043999999995,-1.696138,2.1804300000000003,1.3559930000000002,1.9045329999999996,1.779541,0.10329012,1.0476632,1.952945e-05,3.9805113e-06,3.9605907e-06,4.6836691e-06,6.7720242e-06,8.348384800000002e-06,1.27956361e-05,2.7753314e-05,1.0295131,0.059795589999999996,0.00017473217,80.10409999999999,56.324239999999996,7.246943e-05,6.072365,0.02337343,23.338620000000002,0.00412330115,0.000377207113,0.04606412,91.65864,0.00412330115,0.000377207113,0.006820122,71.150695,0.00412330115,0.000377207113,0.003924617,72.51081400000001,0.00412330115,0.000377207113,0.004088639,4.476619e-06,2.0720100000000002e-05,0.15319548999999996,97.08166673999999,0.031559025,-0.0008214762999999998,-0.0015645979000000001,2.690723e-06,3.207878e-05
73,1608631800,4.718822,4.718838,-0.00026337060000000006,-1.710536,3.162508,2.028957,2.708409,2.642518,0.10881658000000001,2.0907069999999996,2.8077259999999997e-05,1.4952588e-05,1.38051682e-05,1.4755631400000001e-05,1.8781814000000002e-05,2.0798946e-05,2.973338e-05,5.9671159999999996e-05,2.303584,0.05535390999999999,0.00028764083,71.30224,52.40603,0.0001569558,5.88451,0.03495952000000001,50.19543,0.0030008649700000002,0.000275217544,0.07022849,203.1734,0.0030008649700000002,0.000275217544,0.007211189,70.119086,0.0030008649700000002,0.000275217544,0.004548013,70.014538,0.0030008649700000002,0.000275217544,0.00436537,5.973845199999999e-05,7.6078e-05,3.625381387699999,210.39780549000002,0.14151272499999998,0.0007871983000000001,-0.0003204093,0.0001500732571,0.00157523045
73,1608632400,4.347778,4.347792999999999,0.00173352978,-1.6923400000000002,2.8826,1.935218,2.6997070000000005,2.548915,0.08652641000000001,1.873046,2.343298e-05,8.630866999999999e-06,8.8471007e-06,1.08665856e-05,1.6184274000000002e-05,2.1137038999999998e-05,3.469751699999999e-05,7.379285e-05,2.1082640000000006,0.06497769,0.0004640463,73.28645000000002,53.15928,0.00014444935,6.328158999999999,0.03310849,45.76236,0.005767058280000001,0.0005276361570000001,0.06683207999999999,186.0265,0.005767058280000001,0.0005276361570000001,0.007917167000000001,107.312831,0.005767058280000001,0.0005276361570000001,0.0052412809999999995,109.23079399999999,0.005767058280000001,0.0005276361570000001,0.004174844,6.664518000000001e-06,2.2824180000000003e-05,0.011096964,0.1266111224,0.007550090000000001,0.0005194278999999999,-0.0005805410000000001,8.342493999999998e-07,1.1751269999999998e-05
73,1608633000,2.50411,2.504123,0.010871547,-1.438927,2.6097779999999995,1.436995,2.349259,2.113263,0.09803523,1.1491345,2.020413e-05,5.3244400000000005e-06,5.431279510000001e-06,6.574252199999999e-06,9.497109999999998e-06,1.2266783100000001e-05,1.98718107e-05,4.213862799999999e-05,1.1640106000000001,0.08766713000000001,0.00027006649999999997,77.57376000000001,57.193859999999994,8.320500999999999e-05,6.2601059999999995,0.024210000000000002,26.503179999999997,0.0032651448,0.00029849201799999996,0.049753200000000004,102.88028000000001,0.0032651448,0.00029849201799999996,0.006602662,59.217924,0.0032651448,0.00029849201799999996,0.00386209,60.24002399999999,0.0032651448,0.00029849201799999996,0.004041841,4.089492e-06,1.999231e-05,0.0333403,6.3238724,0.015115516,-0.0005719835,-0.001518761,1.0134398e-06,1.4052489000000001e-05
73,1608633600,2.947492,2.9475100000000003,0.00468049,-1.5656970000000001,2.657706,1.5831260000000003,2.435512,2.249318,0.06141714,1.2936747,2.025325e-05,5.0438439e-06,5.10119033e-06,6.163865900000001e-06,9.352983599999998e-06,1.18396271e-05,1.9277413700000003e-05,4.1633987999999995e-05,1.397308,0.0760625,0.0002728161,78.24188,55.32542000000001,9.798277000000002e-05,6.145372,0.026646349999999996,30.8003,0.00237892793,0.00021723350199999994,0.054568269999999995,122.81379999999999,0.00237892793,0.00021723350199999994,0.0065290719999999995,49.328092,0.00237892793,0.00021723350199999994,0.003842545,49.591417,0.00237892793,0.00021723350199999994,0.004060037000000001,4.833427e-06,2.0722649999999997e-05,0.016549749,0.3609396,0.006419928,-0.00023046001,-0.0011506026,7.883483e-07,1.056411e-05
73,1608634200,3.093313,3.093331,0.00925159,-1.5578499999999997,2.767096,1.6220620000000001,2.509951,2.312808,0.07059597,1.36642,2.15747e-05,6.7442240999999995e-06,6.85066663e-06,8.377474200000001e-06,1.1971761e-05,1.52814963e-05,2.4857510599999997e-05,5.3033778999999996e-05,1.462739,0.08337571,0.0004064466,74.86566,55.44842,0.00010280553,6.020046,0.027287479999999996,32.29289,0.0013779654,0.00012543895,0.05588746,128.40480000000002,0.0013779654,0.00012543895,0.006413074,38.82669299999999,0.0013779654,0.00012543895,0.0037250020000000003,38.30938100000001,0.0013779654,0.00012543895,0.004070194000000001,5.220104e-06,2.109306e-05,-0.008433978999999998,5.799531099999999,0.01375529,-0.00010368907199999999,-0.0010627196,1.2190547e-06,1.492594e-05
73,1608634800,3.449744,3.449758,0.006965165000000001,-1.655922,2.787311,1.733973,2.5477160000000003,2.356534,0.08765419999999999,1.5235869999999998,2.0240089999999995e-05,5.6121054e-06,5.5966344e-06,6.887058899999998e-06,1.0338527e-05,1.3368408199999999e-05,2.1965176999999998e-05,4.7906994e-05,1.6263949999999998,0.09790409,0.00045386839999999993,78.69682,55.790789999999994,0.00011464262,6.247323,0.029191300000000003,36.08753,0.0033130902699999992,0.00030282566299999995,0.058862439999999995,143.0547,0.0033130902699999992,0.00030282566299999995,0.0072196579999999995,76.55547000000001,0.0033130902699999992,0.00030282566299999995,0.004570065999999999,76.75580000000001,0.0033130902699999992,0.00030282566299999995,0.004071628,5.624504e-06,2.138225e-05,0.0014888689999999984,1.11623176,0.010816353999999999,9.674235000000001e-05,-0.0008331798000000001,9.870214e-07,1.319063e-05
73,1608635400,3.306613,3.306626,0.007361822999999999,-1.665703,2.66847,1.6982430000000002,2.4636,2.294433,0.059265689999999996,1.4262860000000002,2.0623279999999998e-05,5.994286e-06,6.0993437e-06,7.560791900000001e-06,1.1439766000000002e-05,1.4934474999999999e-05,2.4677673000000005e-05,5.495533199999999e-05,1.563292,0.08950707,0.0003765017,75.83424,55.60896,0.0001098569,6.358084,0.02860312,34.38686,0.00269852354,0.00024648588800000004,0.05770655,137.05470000000003,0.00269852354,0.00024648588800000004,0.006907664000000001,64.027008,0.00269852354,0.00024648588800000004,0.00424452,64.14429900000002,0.00269852354,0.00024648588800000004,0.004037767,5.079238e-06,2.0813949999999997e-05,0.01344041,2.737034406,0.009579108,-8.55268197e-05,-0.0009594467999999998,1.0740918e-06,1.3929871000000001e-05
73,1608636000,3.607335,3.607349,0.0030965522,-1.7048099999999997,2.680846,1.7767399999999998,2.4507,2.327658,0.059143619999999994,1.561538,2.4132279999999998e-05,9.408093e-06,9.732068e-06,1.1836265999999999e-05,1.6918181e-05,2.2317811e-05,3.638713e-05,7.652973e-05,1.735754,0.06730038,0.00041822120000000005,72.1202,53.76251,0.00011982659999999999,6.558567000000001,0.030284670000000003,37.85708,0.00420166317,0.00038429125,0.060952709999999986,152.925,0.00420166317,0.00038429125,0.007306585,85.194124,0.00420166317,0.00038429125,0.004636572,86.167674,0.00420166317,0.00038429125,0.004077642000000001,5.524488e-06,2.145067e-05,-0.016012214000000004,1.1936242299999997,0.009281616,9.533917e-05,-0.0008124121,9.956537e-07,1.4086619999999998e-05
73,1608636600,2.991266,2.991281,-0.0007313922,-1.694603,2.4642380000000004,1.611432,2.2330069999999997,2.1230909999999996,0.08132721000000001,1.3551569999999997,1.781109e-05,3.7721621e-06,4.3853308e-06,4.5170132000000006e-06,9.426741e-06,1.3966073000000001e-05,1.6827549000000002e-05,3.9926178000000004e-05,1.442025,0.05316911,0.0003399918,75.03599,53.64941,9.944095000000001e-05,6.30577,0.0274429,31.709989999999998,0.00255917527,0.00023385033499999998,0.0554862,127.4386,0.00255917527,0.00023385033499999998,0.006598992,55.60840900000001,0.00255917527,0.00023385033499999998,0.004024374,55.811883,0.00255917527,0.00023385033499999998,0.005152975,2.5472236e-05,4.13703e-05,-0.005926108999999989,10.059176129999999,0.029555087,0.0031011285,0.0014647713,5.0435631e-06,5.076887600000001e-05
73,1608637200,3.2893630000000003,3.289378,-0.0017773681000000003,-1.7182179999999998,2.434988,1.701094,2.2634580000000004,2.186467,0.03826158,1.386371,1.913543e-05,4.2519514e-06,4.13340067e-06,5.357931e-06,8.664729e-06,1.1120001199999998e-05,1.90715827e-05,4.455323599999999e-05,1.592743,0.05152548999999999,0.0003063156,72.17535,53.17399,0.00010937086000000001,5.9302980000000005,0.029059599999999998,34.42214,0.0016505581299999998,0.00015060266200000002,0.05845471,140.23690000000002,0.0016505581299999998,0.00015060266200000002,0.006277418999999999,45.091989999999996,0.0016505581299999998,0.00015060266200000002,0.0035790080000000003,44.788418,0.0016505581299999998,0.00015060266200000002,0.0040369130000000005,4.9995749999999995e-06,2.0776179999999998e-05,0.02555110766,0.1155824,0.005721470000000001,-5.848500000000001e-05,-0.0009204907,8.399338e-07,1.1076232e-05
73,1608637800,2.9707090000000003,2.9707239999999997,0.0020308229000000006,-1.6767150000000002,2.495626,1.6058279999999996,2.2758700000000003,2.13869,0.055271919999999995,1.2934459999999999,1.8522439999999997e-05,3.6294654000000004e-06,3.5152398999999997e-06,4.5504541e-06,7.255663999999999e-06,9.2446891e-06,1.5775338999999998e-05,3.7047572999999994e-05,1.4269890000000003,0.05796245,0.0003127653,76.55497999999999,54.04102,9.876543e-05,6.0695500000000004,0.027274700000000002,31.08865,0.00316859218,0.00028965666099999997,0.055130519999999995,125.50041000000002,0.00316859218,0.00028965666099999997,0.0067938669999999994,62.63555,0.00316859218,0.00028965666099999997,0.004105003,63.36036,0.00316859218,0.00028965666099999997,0.00402593,4.626917e-06,2.0385809999999998e-05,0.021509760000000003,2.8295445359999998,0.009462044000000001,-0.00024864514999999997,-0.0011082757,9.478273e-07,1.3279277e-05
73,1608638400,3.4286000000000003,3.4286160000000003,0.001022858967,-1.5832700000000002,2.801147,1.7079230000000003,2.572539,2.394636,0.09467254,1.510199,2.119323e-05,6.434581e-06,6.327004e-06,7.6381289e-06,1.1244427e-05,1.4266131999999998e-05,2.2871481e-05,4.9968300000000014e-05,1.644455,0.06943932,0.0002776679,75.65256000000001,54.21721,0.00011396099999999999,6.155438999999999,0.028811620000000003,35.784290000000006,0.0021991732,0.00020071424600000002,0.059088339999999996,144.47469999999998,0.0021991732,0.00020071424600000002,0.006784313,53.90388399999999,0.0021991732,0.00020071424600000002,0.004074698,53.68985,0.0021991732,0.00020071424600000002,0.004097913,5.575164e-06,2.155117e-05,0.0025732349999999958,4.15593394,0.014679314000000002,2.5735629999999987e-05,-0.0009959211000000001,1.5065356e-06,1.897282e-05
73,1608639000,3.1027890000000005,3.102806,0.004056127,-1.5903969999999998,2.7007190000000003,1.6323029999999998,2.4656640000000003,2.297171,0.0616698,1.3484920000000002,2.048845e-05,5.2176789e-06,5.159252879999999e-06,6.308197600000001e-06,9.4387e-06,1.17675711e-05,1.8940860599999997e-05,4.2170589e-05,1.478468,0.07256422,0.0002558179,76.35847,54.73207,0.00010315927,5.992913,0.027347749999999997,32.11983,0.0007435248100000001,6.728180599999999e-05,0.05609423,129.28019999999998,0.0007435248100000001,6.728180599999999e-05,0.006232752,29.89595,0.0007435248100000001,6.728180599999999e-05,0.003516146,28.979076000000003,0.0007435248100000001,6.728180599999999e-05,0.00408883,4.991927e-06,2.11529e-05,-0.0236973358,6.5818393,0.014655600999999999,-0.00025665027000000004,-0.001170873,1.3044931999999999e-06,1.705145e-05
73,1608639600,4.230414000000001,4.230431,0.003967152,-1.640939,2.996678,1.913569,2.78671,2.612182,0.09240044,1.8335089999999998,2.8683339999999993e-05,1.3841911999999998e-05,1.4425719000000002e-05,1.6937035000000003e-05,2.3129519999999997e-05,2.925052e-05,4.537559e-05,9.034908e-05,2.02408,0.09048368999999999,0.0003953231999999999,71.58977,54.32365,0.0001405683,6.479591999999999,0.03231564,44.04362999999999,0.005846476200000001,0.000534920211,0.06569063,177.5376,0.005846476200000001,0.000534920211,0.008132868,111.73428200000001,0.005846476200000001,0.000534920211,0.005483373,113.78142699999998,0.005846476200000001,0.000534920211,0.004154372,6.500508e-06,2.263339e-05,-0.022863858,2.9198480800000004,0.013102290000000003,0.00037372169999999995,-0.0006609612,1.3888416e-06,1.946987e-05
73,1608640200,4.977688,4.977704,-0.0004295939,-1.744725,2.952952,2.0968169999999997,2.7679219999999995,2.6411300000000004,0.11021091000000001,2.1366350000000005,2.1774479999999998e-05,6.983923e-06,6.7625439e-06,8.335367199999998e-06,1.2815490000000002e-05,1.5958013e-05,2.6316211000000004e-05,5.9033209999999997e-05,2.391941,0.09643006,0.00033041529999999997,75.76462,53.94509000000001,0.00016553090000000003,6.058178999999999,0.035855769999999995,52.13457999999999,0.00407161132,0.000372297891,0.07147043,210.4605,0.00407161132,0.000372297891,0.0074702020000000004,85.96985600000001,0.00407161132,0.000372297891,0.00480246,86.7007415,0.00407161132,0.000372297891,0.004205102,7.392818e-06,2.3592530000000004e-05,-0.017382806,1.0290661,0.011124542,0.0007076228,-0.0003251981,1.2331584000000002e-06,1.675143e-05
73,1608640800,4.0235959999999995,4.023611000000001,0.000135828,-1.728014,2.7888479999999998,1.8851779999999998,2.547002,2.4094109999999995,0.08138872,1.7816379999999998,2.758112e-05,1.2843833000000001e-05,1.3277742000000002e-05,1.5512866999999998e-05,2.0855251e-05,2.6095446e-05,3.9643208e-05,7.892835000000001e-05,1.932581,0.07867786,0.0003198795,72.91756000000001,53.94884,0.0001337322,6.237888,0.03219277,42.384460000000004,0.0053272397999999995,0.00048735176,0.06436656,170.5827,0.0053272397999999995,0.00048735176,0.0075554590000000005,92.62609,0.0053272397999999995,0.00048735176,0.004899021999999999,94.62674999999999,0.0053272397999999995,0.00048735176,0.004132905000000001,6.268742999999999e-06,2.235362e-05,0.045352352,2.69656275,0.01327883,0.00030349924,-0.0006548325000000001,1.0535963e-06,1.489572e-05
73,1608641400,4.344690999999999,4.344707,0.00021025729999999998,-1.719003,2.833699,1.9522850000000003,2.6431929999999997,2.536201,0.08849804000000001,1.8797419999999998,2.625818e-05,1.1512524000000001e-05,1.1743551000000001e-05,1.37414592e-05,1.8795359999999997e-05,2.33815938e-05,3.6100524700000005e-05,7.3043048e-05,2.108466,0.06329084,0.0003877155,70.30245,52.99049,0.00014445680000000003,6.150341,0.03322270000000001,45.02668,0.0044935791699999995,0.00041093048199999997,0.06699891999999999,184.4888,0.0044935791699999995,0.00041093048199999997,0.00728791,81.903703,0.0044935791699999995,0.00041093048199999997,0.004619293,83.28890200000001,0.0044935791699999995,0.00041093048199999997,0.004154441,6.484013000000001e-06,2.265094e-05,0.011467278000000001,0.66014629,0.00989935,0.00041565179999999996,-0.0005687106,9.540891000000002e-07,1.4261580000000001e-05
73,1608642000,3.7289250000000003,3.728941,0.0002253426000000001,-1.727532,2.6383560000000004,1.807509,2.407799,2.307333,0.11913842999999999,1.6849330000000002,1.780319e-05,2.7108865e-06,2.3401852e-06,3.1572927000000004e-06,6.058943e-06,7.4373617000000005e-06,1.3409308300000002e-05,3.3681775000000005e-05,1.7966559999999998,0.06737553,0.00035615340000000003,76.07735,53.68949,0.00012401637999999999,5.730093000000001,0.031098920000000002,39.14709,0.005387856139999999,0.0004929410810000001,0.0619067,158.1695,0.005387856139999999,0.0004929410810000001,0.007602467999999999,96.17489099999999,0.005387856139999999,0.0004929410810000001,0.004910235,98.057099,0.005387856139999999,0.0004929410810000001,0.00413445,6.054783e-06,2.2303329999999996e-05,0.007705702999999996,8.214535979999999,0.020309108,0.00012358815,-0.0007917018999999999,1.6043748000000001e-06,2.047055e-05
73,1608642600,4.491383000000001,4.491398,-0.00061874816,-1.738841,2.7749720000000004,1.9845669999999997,2.6139050000000004,2.5247260000000002,0.08046627999999999,1.944969,2.068974e-05,5.688907999999999e-06,5.6024060000000005e-06,7.450322000000001e-06,1.2409266e-05,1.6844589e-05,2.9724838e-05,6.951213999999999e-05,2.1675530000000003,0.07749641,0.0004884318,74.33640999999999,53.49437,0.00014926470000000002,6.444708,0.03432966999999999,47.585750000000004,0.00524159555,0.00047956554399999993,0.06826879,191.9512,0.00524159555,0.00047956554399999993,0.007623233,101.978678,0.00524159555,0.00047956554399999993,0.0049473089999999996,103.497874,0.00524159555,0.00047956554399999993,0.004186459000000001,6.827951e-06,2.314705e-05,0.0163102717,2.73731563,0.014526108,0.0005205966,-0.0004936396000000001,1.0833942e-06,1.540327e-05
73,1608643200,4.520159000000001,4.520174,-0.0012542016,-1.7448030000000003,2.7068319999999995,1.9917659999999997,2.569054,2.514791,0.0542493,1.924426,1.9701939999999998e-05,4.843551e-06,4.33984444e-06,5.3190763999999995e-06,8.634609e-06,9.957438400000001e-06,1.61219259e-05,3.7871956e-05,2.1902790000000003,0.06934908,0.00035812480000000003,75.3351,53.23216000000001,0.000150376,5.612014,0.03403802000000001,46.61923,0.00542497153,0.000496241433,0.06801971,191.11510000000004,0.00542497153,0.000496241433,0.007728610999999999,94.08471799999998,0.00542497153,0.000496241433,0.005081108000000001,96.049927,0.00542497153,0.000496241433,0.004166298000000001,6.7703959999999995e-06,2.2916770000000002e-05,0.008427222,0.28007014999999996,0.009009743,0.0005380428299999999,-0.0004520046,9.245168999999999e-07,1.300943e-05
73,1608643800,3.6343089999999996,3.6343240000000003,-0.003726529,-1.7360220000000002,2.5362400000000003,1.7855539999999999,2.345434,2.2661919999999993,0.09296773,1.6143180000000001,2.7886170000000002e-05,1.329854e-05,1.3943772e-05,1.6491833e-05,2.2077206000000002e-05,2.8840272e-05,4.471712e-05,8.972581e-05,1.752835,0.06361797,0.0004564007,70.6094,53.62519999999999,0.0001207015,6.563086,0.03046024,37.32726,0.005691992999999999,0.000520902918,0.06079658000000001,152.55619999999996,0.005691992999999999,0.000520902918,0.007488396,100.415134,0.005691992999999999,0.000520902918,0.004844387,102.49093329999998,0.005691992999999999,0.000520902918,0.004098644,5.823493e-06,2.180789e-05,0.008155940000000002,5.616297810000001,0.017340822,0.000129960216,-0.0007882237,1.4068410999999998e-06,1.9101839999999997e-05
73,1608644400,3.908223000000001,3.90824,-0.00273521,-1.7464129999999998,2.6031800000000005,1.8547059999999997,2.4054349999999998,2.3345219999999998,0.06820054,1.683852,2.455992e-05,9.798875e-06,1.0112453900000001e-05,1.2195230700000001e-05,1.7323906000000002e-05,2.23540982e-05,3.5956198e-05,7.5381363e-05,1.885961,0.06754996,0.0004087230999999999,71.87372,53.56116999999999,0.0001298474,6.274386,0.03164826,40.59630000000001,0.00476124979,0.000435666458,0.06328016,165.2205,0.00476124979,0.000435666458,0.007493459000000001,95.185824,0.00476124979,0.000435666458,0.004801533999999999,96.37042599999998,0.00476124979,0.000435666458,0.004133115000000001,5.9879479999999995e-06,2.22148e-05,0.0030260399999999994,0.47442324999999996,0.009069081,0.00022086240000000003,-0.0006814273,1.1025122e-06,1.524195e-05
73,1608645000,2.8156120000000002,2.8156290000000004,3.0529319999999994e-05,-1.729187,2.283783,1.5712879999999998,2.1116520000000003,2.0256999999999996,0.044378049999999995,1.2051339999999997,2.1206620000000003e-05,6.0696426e-06,6.1186431899999995e-06,7.3538894000000005e-06,1.0638517e-05,1.36378443e-05,2.18551753e-05,4.5153342e-05,1.3607230000000001,0.04664974,0.0003195673,73.11359999999999,53.42478,9.360218999999999e-05,6.036570000000001,0.02651374,28.72165,0.0004561637999999999,4.1143332000000004e-05,0.05355883,118.03364000000002,0.0004561637999999999,4.1143332000000004e-05,0.005743525,22.241295,0.0004561637999999999,4.1143332000000004e-05,0.0030090340000000003,21.251783999999997,0.0004561637999999999,4.1143332000000004e-05,0.004048569,4.371799999999999e-06,2.044686e-05,0.008962642,0.087828538,0.004806975,-0.00037788358000000004,-0.0011493852,7.624562e-07,1.0561632999999998e-05
73,1608645600,3.522893,3.5229100000000004,-0.0011102347,-1.6873539999999998,2.619568,1.7470109999999999,2.430186,2.286708,0.13385644,1.5809609999999998,2.3444690000000002e-05,8.549615e-06,8.752545e-06,1.0596243e-05,1.5059480000000002e-05,1.9433820999999998e-05,3.128528e-05,6.511120000000001e-05,1.7113040000000002,0.049573019999999995,0.000400761,71.30366000000001,52.95252000000001,0.00011709948000000002,6.449205999999999,0.02953696,36.002359999999996,0.0021269116799999994,0.00019412645399999995,0.05997162,148.7474,0.0021269116799999994,0.00019412645399999995,0.0067625210000000005,55.30699,0.0021269116799999994,0.00019412645399999995,0.004054807,54.91767,0.0021269116799999994,0.00019412645399999995,0.004112647,5.744371e-06,2.1854279999999997e-05,0.0758240779,7.053051100000002,0.020619235999999996,5.442387e-05,-0.0008699682,1.4197143e-06,1.943042e-05
73,1608646200,3.890032,3.890047,-0.0010968586,-1.7228439999999998,2.573742,1.846937,2.434798,2.376036,0.050473449999999996,1.629917,2.2280900000000002e-05,7.695838e-06,7.859054900000001e-06,9.8303304e-06,1.4754822999999998e-05,1.9672565e-05,3.2952578999999996e-05,7.1815991e-05,1.896773,0.04762642,0.0004424273,70.84108999999998,52.514390000000006,0.0001292818,6.335489,0.03132011,39.67229,0.00416239492,0.00038062976200000005,0.06335975,164.55349999999999,0.00416239492,0.00038062976200000005,0.007239926000000001,74.588154,0.00416239492,0.00038062976200000005,0.004596079,75.879435,0.00416239492,0.00038062976200000005,0.004103644000000001,5.823725e-06,2.184404e-05,0.005705794,0.21245403000000004,0.007550252,0.00024002544999999998,-0.0007237227999999999,8.791964e-07,1.241216e-05
73,1608646800,3.4672779999999994,3.4672910000000003,-0.0042015872,-1.7130379999999998,2.53654,1.7431969999999999,2.360138,2.262519,0.051557439999999996,1.486234,2.529087e-05,1.0310979000000001e-05,1.0663861000000001e-05,1.2688607000000002e-05,1.7691684e-05,2.2554218e-05,3.5383496e-05,7.257459999999999e-05,1.676232,0.05684015,0.0003743062,71.44122,53.354380000000006,0.00011523800000000001,6.438714999999999,0.02931015,35.11985,0.0038663417699999992,0.000353510068,0.05944308,144.8345,0.0038663417699999992,0.000353510068,0.0070388130000000005,74.812286,0.0038663417699999992,0.000353510068,0.0043844389999999995,75.786193,0.0038663417699999992,0.000353510068,0.004082005,5.261774e-06,2.133971e-05,0.01739479,0.100096374,0.00659984,-3.501613599999999e-06,-0.0008727618,8.082886e-07,1.1375261000000001e-05
73,1608647400,2.8855340000000003,2.885549,0.000260358,-1.74152,2.3076339999999997,1.5911769999999998,2.09789,2.0129110000000003,0.07251262,1.2896166,1.898961e-05,4.1085021e-06,3.92538309e-06,4.77214235e-06,7.291437e-06,8.74718e-06,1.3995578699999998e-05,3.1663785e-05,1.3772319999999998,0.0651856,0.0002728045,77.76235,54.760450000000006,9.60027e-05,5.841784,0.026708909999999995,28.95947,0.00544010423,0.000497827207,0.05343836999999999,118.31519,0.00544010423,0.000497827207,0.007413474000000001,97.97449300000001,0.00544010423,0.000497827207,0.004735127,99.908928,0.00544010423,0.000497827207,0.00404871,4.646233000000001e-06,2.0612e-05,0.032863993999999994,6.66300791,0.014164783000000004,-0.0003578305,-0.0011309972,1.3713638999999998e-06,1.8537222e-05
73,1608648000,2.582237,2.5822529999999997,-0.002110179,-1.7363589999999998,2.225357,1.512333,2.029561,1.918409,0.05038938,1.135142,2.479898e-05,9.7326766e-06,1.007588819e-05,1.1759687319999997e-05,1.5481594e-05,1.95453906e-05,2.9467626e-05,5.7647608e-05,1.2217850000000001,0.06886359,0.000305225,73.49902,55.40665,8.57843e-05,6.3201979999999995,0.025569179999999997,26.695999999999998,0.00164267705,0.000149966399,0.05095359000000001,106.63033,0.00164267705,0.000149966399,0.006023133,40.724109999999996,0.00164267705,0.000149966399,0.003268506,40.561498,0.00164267705,0.000149966399,0.004031931000000001,4.4003690000000005e-06,2.034705e-05,-0.03865720000000002,10.738912610000002,0.012983336000000002,-0.0005179899,-0.001266829,2.3706892e-06,2.8401540000000002e-05
73,1608648600,2.677041,2.6770589999999994,-0.0022396678999999997,-1.6128,2.411361,1.517022,2.23863,2.089001,0.041114019999999994,1.1484520999999999,2.2952700000000005e-05,7.9949316e-06,8.1141916e-06,9.391048300000002e-06,1.2578045e-05,1.54015065e-05,2.3036324400000004e-05,4.5639036e-05,1.2752285,0.06284228,0.00032222420000000004,75.51028,54.81943,8.900624e-05,6.119343,0.02528827,27.23731,0.00366677537,0.000335290358,0.05181092,110.3534,0.00366677537,0.000335290358,0.006621512,65.32160200000001,0.00366677537,0.000335290358,0.003967114000000001,66.487741,0.00366677537,0.000335290358,0.00400944,4.1007e-06,1.987034e-05,0.048587103,2.63764744,0.007930558,-0.00042566819999999994,-0.0013027800000000001,9.490415999999999e-07,1.2659683e-05
73,1608649200,1.819715,1.819729,-4.789418000000001e-05,-1.3353889999999997,2.2736569999999996,1.2069800000000002,2.039011,1.8543580000000002,0.06366799,0.8462894000000001,1.893567e-05,3.4711e-06,3.5333874e-06,4.3757909e-06,6.489828000000001e-06,8.543864e-06,1.4038592e-05,3.0722542e-05,0.8632782999999999,0.0462133,0.0002910969,76.96316,55.18921,6.045772999999999e-05,6.405657000000001,0.02045439,19.15673,0.0023793458,0.00021735179599999998,0.04292358,76.15822,0.0023793458,0.00021735179599999998,0.006492771999999999,46.93432,0.0023793458,0.00021735179599999998,0.003610543,47.31991,0.0023793458,0.00021735179599999998,0.004018748,3.149963e-06,1.909773e-05,0.028194558,9.6606945,0.011473691,-0.0009428164999999999,-0.001881039,1.0978614e-06,1.4144178999999998e-05
73,1608649800,1.7680779999999998,1.768095,0.011408069,-1.393445,2.135201,1.1989630000000002,2.001924,1.8429200000000001,0.025918389999999996,0.7539535,1.986118e-05,4.6769217000000004e-06,4.8466809e-06,5.8442576000000005e-06,8.257413e-06,1.0609465e-05,1.7128662e-05,3.5333844999999993e-05,0.8382997000000001,0.04525339,0.0003948508,74.40034,55.21659,5.872558999999999e-05,6.401448,0.02012882,18.34511,0.0018126918200000001,0.00016542663999999998,0.04225468,73.38797,0.0018126918200000001,0.00016542663999999998,0.006200215,37.470060000000004,0.0018126918200000001,0.00016542663999999998,0.0033575639999999995,37.607432,0.0018126918200000001,0.00016542663999999998,0.003994678,2.857763e-06,1.870348e-05,0.018806574,0.48054299999999994,0.003998562999999999,-0.0010256122,-0.001864863,7.680807e-07,9.528161e-06
73,1608650400,2.1185359999999998,2.1185540000000005,0.0127083,-1.445149,2.336958,1.3197049999999997,2.1513649999999997,1.9916480000000003,0.04178309,0.9302878000000001,2.0136440000000002e-05,4.7800122e-06,4.9044804e-06,5.8872671e-06,8.52545e-06,1.0946809999999999e-05,1.7671766e-05,3.7339106e-05,1.0095534,0.04924714,0.00037299969999999997,73.90491,54.691779999999994,7.041328999999998e-05,6.357947000000001,0.022257330000000002,22.038140000000002,0.0024854851,0.00022704938399999998,0.046422859999999996,88.4786,0.0024854851,0.00022704938399999998,0.006491178,47.408789,0.0024854851,0.00022704938399999998,0.003703662000000001,47.898388999999995,0.0024854851,0.00022704938399999998,0.004020273,3.4336070000000004e-06,1.9391020000000003e-05,-0.03293169929999999,9.2086829,0.009997357000000002,-0.0008234112,-0.001684244,9.667442e-07,1.2804603000000001e-05
73,1608651000,1.8511790000000001,1.8511970000000002,0.010706278000000001,-1.4618449999999998,2.2277180000000003,1.23374,1.9890599999999998,1.7833289999999997,0.07772180000000001,0.8609129,1.801495e-05,2.5927652e-06,2.52305688e-06,3.10050888e-06,4.7717530999999995e-06,5.841919830000001e-06,9.4369894e-06,2.1220599000000002e-05,0.8659284999999999,0.05931585,0.0002932117,79.14012,56.89576999999999,6.155201999999998e-05,5.803579000000001,0.020704789999999997,19.369690000000002,0.00232052098,0.000211958004,0.04254235,75.99687,0.00232052098,0.000211958004,0.006243341999999999,41.540209,0.00232052098,0.000211958004,0.003369647,42.062084,0.00232052098,0.000211958004,0.004022229,3.1420050000000005e-06,1.911885e-05,-0.070761688,20.122352499999998,0.016552887,-0.0010593873999999999,-0.001834412,1.3389782e-06,1.6579149e-05
73,1608651600,1.750163,1.750178,0.007235697000000001,-1.4237689999999998,2.1454030000000004,1.196259,1.966523,1.7986289999999996,0.034578151999999994,0.7678763,1.906458e-05,3.5364383e-06,3.6574291e-06,4.505822e-06,6.668117e-06,8.721918e-06,1.4335166e-05,3.142472e-05,0.8128949999999999,0.061854429999999995,0.0002547224,78.07039,57.61767,5.812692999999999e-05,6.486146,0.019904420000000003,18.18672,0.0014122578600000001,0.0001287855491,0.041251689999999994,71.18778,0.0014122578600000001,0.0001287855491,0.0059813029999999994,31.679872000000007,0.0014122578600000001,0.0001287855491,0.0030817049999999997,31.601351,0.0014122578600000001,0.0001287855491,0.004025655,2.8182799999999996e-06,1.8905810000000002e-05,-0.012931629999999996,2.5073058,0.007372403699999999,-0.0011173446999999997,-0.001908623,8.023208999999999e-07,1.0566113e-05
73,1608652200,1.8941149999999998,1.8941299999999999,0.00861479,-1.3760970000000001,2.246619,1.2448949999999999,2.099578,1.9102700000000001,0.031718790000000004,0.821305,1.826179e-05,2.6751447e-06,2.6558093000000003e-06,3.3812082e-06,5.237980899999999e-06,6.828703400000001e-06,1.1523232299999999e-05,2.6056281e-05,0.8813726000000001,0.06538682,0.0002369446,77.95989,56.99604000000001,6.295948000000001e-05,6.211335999999999,0.020846250000000004,19.88068,0.00190646584,0.00017403748679999998,0.04341471,77.69435,0.00190646584,0.00017403748679999998,0.006189893,37.928228000000004,0.00190646584,0.00017403748679999998,0.0033322959999999998,38.06438,0.00190646584,0.00017403748679999998,0.0040202860000000005,3.020048e-06,1.903276e-05,0.09578788000000002,7.6924228,0.010293239,-0.0009869435999999999,-0.0018688429999999998,1.0570371000000001e-06,1.3558421999999999e-05
73,1608652800,2.971074,2.9710899999999993,-9.043720000000014e-05,-1.524959,2.665133,1.577868,2.463225,2.267018,0.080809745,1.3313644,2.103969e-05,5.9267192e-06,6.133403800000001e-06,7.575844999999999e-06,1.1183488e-05,1.4721259e-05,2.4387920999999998e-05,5.286177e-05,1.4149079,0.07018303000000001,0.0003170565,74.3096,54.93879999999999,9.871675e-05,6.426394,0.026312029999999997,30.410499999999995,0.004691541400000001,0.00042917134999999996,0.05447859000000001,122.96651,0.004691541400000001,0.00042917134999999996,0.007572797000000001,87.87444,0.004691541400000001,0.00042917134999999996,0.004863959,89.30287999999999,0.004691541400000001,0.00042917134999999996,0.0040735170000000005,4.479927999999999e-06,2.0598469999999997e-05,0.0140974,5.4482326599999995,0.010531686999999998,-0.000323201052,-0.001318662,1.2983182e-06,1.7704611e-05
73,1608653400,2.51148,2.511499,-0.0067924510000000006,-1.559607,2.453438,1.4603120000000003,2.22558,2.05975,0.055068059999999995,1.0991315,2.0882170000000003e-05,5.586953799999999e-06,5.6707548e-06,6.7782752e-06,9.790427e-06,1.2250708999999999e-05,1.9628058999999997e-05,4.1350866000000005e-05,1.1943110000000001,0.06102809,0.0002943107,74.34844999999999,54.92406,8.346251e-05,6.249975,0.02464963,26.35971,0.00147790606,0.000134756031,0.05053649,105.20267999999999,0.00147790606,0.000134756031,0.00601125,35.3424,0.00147790606,0.000134756031,0.0032304889999999996,35.149271,0.00147790606,0.000134756031,0.004039522000000001,3.850291999999999e-06,1.9906889999999997e-05,-0.0014579720000000012,1.9530936,0.008463546999999998,-0.0005811128,-0.0014542160000000001,1.0035234e-06,1.3517306e-05
73,1608654000,1.9603920000000001,1.960406,-0.005919132,-1.4334140000000002,2.249206,1.2699889999999998,2.068188,1.907682,0.035807839999999994,0.8518535,1.943194e-05,4.2189467e-06,4.3170534e-06,5.2377427e-06,7.722704e-06,9.9368363e-06,1.5984141999999996e-05,3.5170295000000004e-05,0.9261380000000001,0.053600779999999994,0.0003701266,77.817,55.530229999999996,6.511174000000002e-05,6.438961000000001,0.021408829999999997,20.55041,0.0015799292,0.00014406015,0.04456191,81.5555,0.0015799292,0.00014406015,0.006180691,36.77033899999999,0.0015799292,0.00014406015,0.00334746,36.611193,0.0015799292,0.00014406015,0.004009864,3.181673e-06,1.9094679999999997e-05,0.037778599,6.096718300000001,0.011254138,-0.0008965937,-0.0017737920000000002,8.962498e-07,1.2169045999999999e-05
73,1608654600,1.589727,1.589742,-0.006457685,-1.474987,2.0275369999999997,1.1512930000000001,1.836468,1.6759619999999997,0.060836155,0.7360721,2.018216e-05,4.8587346e-06,5.0367208e-06,5.9849776999999994e-06,8.313241999999998e-06,1.0675535e-05,1.671384e-05,3.414213e-05,0.7461075000000001,0.048413700000000004,0.0002506353,75.69833000000001,56.212250000000004,5.280251e-05,6.622023,0.01943308,16.87122,0.00253230982,0.000231410265,0.039920599999999994,66.08424,0.00253230982,0.000231410265,0.006198731,45.670865,0.00253230982,0.000231410265,0.003275671,46.2830659,0.00253230982,0.000231410265,0.003986887999999999,2.666467e-06,1.84563e-05,-0.0005453180000000044,7.8478702999999985,0.009141907000000001,-0.0011763431999999997,-0.0019278709999999998,1.1559935999999999e-06,1.4863126999999999e-05
73,1608655200,1.652871,1.6528880000000001,-0.006975022,-1.41561,2.0768139999999997,1.1624519999999998,1.886309,1.7387029999999999,0.043032135,0.7317822000000002,1.732345e-05,1.8329236999999998e-06,1.8728835699999996e-06,2.5966163999999996e-06,4.3853902999999995e-06,6.1521047e-06,1.11579415e-05,2.6557379e-05,0.7892854,0.03675958,0.0003342684,75.69630000000001,54.535439999999994,5.4904679999999995e-05,6.246111,0.01964837,17.291940000000004,0.0013618559899999999,0.00012411623700000002,0.041041640000000004,69.36983000000001,0.0013618559899999999,0.00012411623700000002,0.005871026999999999,28.441456,0.0013618559899999999,0.00012411623700000002,0.002956929,28.383283,0.0013618559899999999,0.00012411623700000002,0.004006298,2.751839e-06,1.8688709999999997e-05,-0.05051955,10.685788,0.011346018,-0.0011238198000000001,-0.00196687,1.1074548e-06,1.4433782000000003e-05
73,1608655800,1.1119329,1.1119492,0.01175237,-1.258441,1.788919,0.9322766,1.6313739999999999,1.4864320000000002,0.027327619999999997,0.49082749999999997,1.9612779999999998e-05,4.085794700000001e-06,4.296856899999999e-06,5.0810705000000005e-06,6.8465303e-06,8.8063885e-06,1.37027661e-05,2.7564707e-05,0.5164969,0.039104200000000006,0.0002904877,74.26231,57.18124,3.692197e-05,6.509753999999999,0.01582191,11.703574999999999,0.0009384310200000001,8.535918e-05,0.03322068,45.49695,0.0009384310200000001,8.535918e-05,0.005431157000000001,19.182113,0.0009384310200000001,8.535918e-05,0.002335849,19.031983000000004,0.0009384310200000001,8.535918e-05,0.004005063,2.0255429999999996e-06,1.8001139999999996e-05,0.048142500399999996,25.4308745,0.011279818,-0.0015721060000000002,-0.00229812,1.2282905e-06,1.5667465e-05
73,1608656400,0.8698795,0.8698957,0.002729113,-1.3137459999999999,1.5860729999999998,0.8377058000000002,1.4315700000000002,1.271627,0.0437542,0.41008769999999994,1.847716e-05,2.7108460000000004e-06,2.78826184e-06,3.22736718e-06,4.3337339e-06,5.385406599999999e-06,8.0346073e-06,1.5886492e-05,0.3960519,0.038592900000000006,0.000249147,79.87789000000001,59.27998,2.8899960000000002e-05,6.19182,0.01387954,9.087808,0.000818245287,7.443877070000002e-05,0.028774140000000004,34.686420000000005,0.000818245287,7.443877070000002e-05,0.0051530529999999995,15.813096499999997,0.000818245287,7.443877070000002e-05,0.0019582431,15.658214599999999,0.000818245287,7.443877070000002e-05,0.00400285,1.703958e-06,1.7673329999999998e-05,-0.11193328,13.844958000000002,0.009021617,-0.001841299,-0.002427768,9.828274e-07,1.2091739e-05
73,1608657000,0.8018916,0.8019075000000001,-0.010280217000000001,-1.264688,1.5615850000000002,0.800296,1.3768924999999999,1.2370132999999999,0.019970822,0.35807200000000006,1.7174859999999998e-05,1.5536533e-06,1.5940618e-06,1.9531917999999997e-06,2.8677124999999997e-06,3.7298649999999997e-06,6.105189199999999e-06,1.3417847e-05,0.36085770000000006,0.03977184000000001,0.0002823115,80.23483000000002,60.307990000000004,2.6635080000000004e-05,6.3449,0.013316900000000001,8.473814,0.0010978798999999998,0.00010005893760000001,0.02765339,31.794599999999996,0.0010978798999999998,0.00010005893760000001,0.005485235,20.5219819,0.0010978798999999998,0.00010005893760000001,0.002274473,20.51577035,0.0010978798999999998,0.00010005893760000001,0.003985831,1.5168110000000001e-06,1.7366920000000003e-05,0.068302137,14.4716715,0.0076361178,-0.0019021340000000002,-0.0024992960000000002,9.797153999999999e-07,1.2846044999999998e-05
73,1608657600,0.7326189000000001,0.7326347,-0.008317309,-1.1250367,1.5406980000000001,0.7487239,1.3654160000000002,1.2295120000000002,0.016280974,0.3352578,1.7528039999999998e-05,1.9199866e-06,1.95429791e-06,2.3199434e-06,3.1276669e-06,3.8664098e-06,5.9204552000000004e-06,1.1982671e-05,0.3287239,0.037394710000000005,0.0001575829,84.69681,60.309569999999994,2.43388e-05,6.472446000000001,0.01254886,7.662585,0.0007850444999999999,7.13903082e-05,0.026463160000000003,28.785020000000003,0.0007850444999999999,7.13903082e-05,0.005434582,17.314746500000002,0.0007850444999999999,7.13903082e-05,0.0022058412999999997,17.081598,0.0007850444999999999,7.13903082e-05,0.003986905,1.518302e-06,1.735813e-05,0.034150882,38.1227912,0.011433737,-0.0019384979999999999,-0.002563104,1.137427e-06,1.4018180999999999e-05
73,1608658200,1.0699087999999999,1.0699248000000001,0.006581559000000001,-1.2222896,1.7617280000000002,0.9067228,1.5999879999999997,1.4496449999999999,0.050689236000000006,0.5092234,1.779367e-05,2.3698865e-06,2.3727552600000003e-06,2.8233259e-06,3.915076e-06,4.871611239999999e-06,7.5389758999999996e-06,1.5770353999999998e-05,0.4994458,0.03531747,0.0001486024,77.63073,57.04818,3.556607e-05,6.044508,0.015259620000000002,11.152815,0.00100413979,9.143903300000001e-05,0.03225997,43.799730000000004,0.00100413979,9.143903300000001e-05,0.005534831,21.384261,0.00100413979,9.143903300000001e-05,0.002436927,21.215306,0.00100413979,9.143903300000001e-05,0.0039847020000000006,1.8472560000000001e-06,1.7675620000000002e-05,-0.036516586,7.3542924,0.0073891575,-0.0016573248999999998,-0.0023581960000000003,1.0009732999999997e-06,1.2948879e-05
73,1608658800,0.7825067000000001,0.7825227,0.02417143,-0.9957255999999999,1.6011110000000002,0.7522059999999999,1.447768,1.308978,0.021388290999999997,0.3550263,1.796271e-05,2.2988936e-06,2.3805401000000005e-06,2.8549692e-06,3.951982699999999e-06,5.1174890999999996e-06,8.022702599999999e-06,1.6406432000000004e-05,0.35692070000000004,0.034129980000000004,0.0001593548,76.60526000000002,58.868970000000004,2.5990059999999998e-05,6.404866,0.012812200000000001,8.102491,0.0014907802000000002,0.000136019537,0.027497930000000004,31.126920000000002,0.0014907802000000002,0.000136019537,0.005933846,28.33773,0.0014907802000000002,0.000136019537,0.002739516,28.496515999999996,0.0014907802000000002,0.000136019537,0.003991117,1.498173e-06,1.738977e-05,0.023897427000000002,27.509493300000003,0.007089446099999999,-0.0019171130000000002,-0.002575637,1.0895566e-06,1.3531322999999997e-05
73,1608659400,0.6212099999999999,0.6212258,0.027959909999999998,-0.8734019999999999,1.483882,0.6564031000000001,1.2932643,1.1637355,0.020577937,0.29004949999999996,1.645174e-05,6.731316e-07,6.2438412e-07,7.488355699999999e-07,1.135309e-06,1.271318e-06,1.9517022999999998e-06,4.514873000000001e-06,0.2755583,0.03491578,0.00011855669,87.80277,62.14932000000001,2.0656405999999997e-05,5.854208000000001,0.011334302000000001,6.486334000000001,0.00033430282000000006,3.0065453000000004e-05,0.023992950000000002,24.147526000000003,0.00033430282000000006,3.0065453000000004e-05,0.004877438,7.715392,0.00033430282000000006,3.0065453000000004e-05,0.0015800701,7.3752102,0.00033430282000000006,3.0065453000000004e-05,0.00399039,1.375241e-06,1.7231160000000003e-05,0.05746177,58.400546,0.013824310400000001,-0.002103364,-0.002701648,1.2221356e-06,1.5980586000000003e-05
73,1608660000,0.9667186000000001,0.9667356999999999,0.022382895,-0.9795976999999999,1.785206,0.8265359999999999,1.581349,1.424481,0.046615491,0.45763319999999996,1.8336200000000002e-05,2.8536869999999997e-06,2.9246125e-06,3.4246632e-06,4.703145700000001e-06,5.9356642999999994e-06,9.225587999999999e-06,1.8854023000000002e-05,0.44604550000000004,0.03701932000000001,0.00024406756,78.42667,58.0776,3.21091e-05,6.393905,0.01435584,10.198288,0.0007121607600000001,6.464849e-05,0.03058256,39.32676,0.0007121607600000001,6.464849e-05,0.0053039129999999995,15.515946,0.0007121607600000001,6.464849e-05,0.002161151,15.272234000000001,0.0007121607600000001,6.464849e-05,0.0039913579999999995,1.834391e-06,1.7695340000000003e-05,-0.064338449,11.7625853,0.0089689993,-0.0017360070000000001,-0.0024362560000000004,9.376774e-07,1.1451515999999999e-05
73,1608660600,0.9165746,0.9165890000000001,-0.004847699,-1.1153591,1.6691000000000003,0.8300732,1.5268589999999997,1.3850669999999998,0.017465577,0.3968418,1.686787e-05,1.0489328e-06,9.9662854e-07,1.2295385999999999e-06,1.9169472000000003e-06,2.2851354e-06,3.7026492000000005e-06,8.737683999999999e-06,0.4213996,0.03658309,0.0002835289,81.97152,58.15788,3.047684e-05,6.055348,0.01404599,9.516774,0.00048792371999999997,4.409746499999999e-05,0.029885189999999996,36.81519,0.00048792371999999997,4.409746499999999e-05,0.005294422,12.845278000000002,0.00048792371999999997,4.409746499999999e-05,0.0021394369999999997,12.502522000000003,0.00048792371999999997,4.409746499999999e-05,0.004003669,1.8179070000000002e-06,1.776271e-05,0.30426919300000005,30.0378259,0.013096017000000001,-0.001768425,-0.0024439280000000006,1.2595499000000001e-06,1.5777446e-05
73,1608661200,0.6230304999999999,0.6230463,0.006274819000000001,-1.1119267000000002,1.4566199999999998,0.6925684000000001,1.2571131000000002,1.1180208,0.0199621,0.2853718,1.6714209999999997e-05,9.897216e-07,9.775574999999997e-07,1.1944673000000001e-06,1.7449471e-06,2.162091e-06,3.5297746e-06,7.665166000000001e-06,0.2750768,0.0362462,0.00017282809999999999,85.37169999999999,62.177099999999996,2.0703719999999998e-05,6.375712999999999,0.01155577,6.584642,0.000719792401,6.539955680000002e-05,0.02411188,24.279919999999997,0.000719792401,6.539955680000002e-05,0.005311445000000001,14.884796500000002,0.000719792401,6.539955680000002e-05,0.0020106558000000004,14.694890699999997,0.000719792401,6.539955680000002e-05,0.003993897,1.423035e-06,1.729449e-05,0.20678076000000006,61.2658672,0.013064120100000002,-0.002104859,-0.0026542629999999996,1.2266526e-06,1.4805823000000001e-05
73,1608661800,0.6369659000000001,0.6369809999999999,-0.005402977000000001,-1.1260389,1.447282,0.6980214,1.268178,1.1245100000000001,0.027548024999999997,0.2990427,1.686044e-05,1.3080693e-06,1.4272770300000002e-06,1.61418384e-06,2.4542033e-06,3.5925659999999996e-06,4.938750199999999e-06,1.1198946000000001e-05,0.2820624,0.03613543,0.0002567995,82.84851,62.11224,2.115225e-05,6.351628,0.011537839,6.729394999999999,0.0008499962349999999,7.74371161e-05,0.02419752,24.6725,0.0008499962349999999,7.74371161e-05,0.005261785,16.5312859,0.0008499962349999999,7.74371161e-05,0.0019897975,16.3738963,0.0008499962349999999,7.74371161e-05,0.00400024,3.231428e-06,1.9061389999999996e-05,0.6593814,90.4658527,0.023901756,-0.0020645129999999996,-0.002622462,9.983939400000001e-06,0.000109075355
73,1608662400,0.8027151,0.802731,-0.0022998779,-1.0559359,1.639325,0.7737107,1.44537,1.298812,0.024279475,0.3752807,1.686336e-05,1.1588735000000003e-06,1.16690381e-06,1.47105072e-06,2.282219e-06,3.0259133e-06,5.0498805000000005e-06,1.1542900000000001e-05,0.3636198,0.03749928,0.00021145310000000002,81.45713,59.468309999999995,2.6670599999999995e-05,6.166947,0.01306427,8.368317999999999,0.00062869098,5.70736067e-05,0.027782590000000003,31.83447,0.00062869098,5.70736067e-05,0.005033142,11.9464254,0.00062869098,5.70736067e-05,0.0018300119999999996,11.7112158,0.00062869098,5.70736067e-05,0.003995677,1.7049329999999998e-06,1.7594909999999997e-05,-0.22115077999999996,42.984943,0.014784387000000001,-0.0018770520000000001,-0.002531409,1.2902063e-06,1.5683650000000004e-05
73,1608663000,0.6494365,0.6494527,0.02556529,-0.755827,1.52607,0.6535822,1.3820679999999999,1.2270759999999998,0.009324888,0.2841538,1.708343e-05,1.1312303e-06,1.1326605099999999e-06,1.3904233799999997e-06,2.0512270000000005e-06,2.5947405700000003e-06,4.187856460000001e-06,9.078314e-06,0.28460549999999996,0.03991782,0.00017214193,83.84274,62.42457999999999,2.1577700000000002e-05,6.030257000000001,0.01159137,6.7902249999999995,0.00099558304,9.063882599999999e-05,0.024649479999999998,24.984599999999997,0.00099558304,9.063882599999999e-05,0.005512474,18.596254999999996,0.00099558304,9.063882599999999e-05,0.002209698,18.543805,0.00099558304,9.063882599999999e-05,0.004018056000000001,1.26211e-06,1.738624e-05,0.017620668,2.17698,0.0033757863,-0.0021002390000000003,-0.002720276,7.270074e-07,9.129469e-06
73,1608663600,0.5605126,0.5605282,0.03578517999999999,-0.6722515,1.4362929999999998,0.5873616,1.2736877,1.1320099000000001,0.012662509000000002,0.2548996,1.6749540000000002e-05,1.0061751199999997e-06,1.01339075e-06,1.20892027e-06,1.7223459e-06,2.0979e-06,3.2758331e-06,7.023791999999999e-06,0.24633370999999998,0.033784629999999996,0.00011931507999999998,85.56988,63.282990000000005,1.862356e-05,6.155296999999999,0.010882738,5.879293,0.000785216952,7.143103120000001e-05,0.02267342,21.643476,0.000785216952,7.143103120000001e-05,0.005312869,15.782058000000001,0.000785216952,7.143103120000001e-05,0.001975863,15.565057000000001,0.000785216952,7.143103120000001e-05,0.003983255999999999,1.230939e-06,1.705552e-05,0.007359699,31.427517,0.006013408900000001,-0.002174548,-0.0027624900000000003,8.835284999999999e-07,1.0708022e-05
73,1608664200,0.6519769000000001,0.6519921,0.016204323,-1.2478577,1.458307,0.7067950000000001,1.240501,1.1079328,0.037882349999999995,0.3342139,1.654575e-05,1.0338324000000002e-06,1.04243923e-06,1.3150678e-06,2.0195312000000004e-06,2.6065313e-06,4.3434836e-06,9.830138e-06,0.2926283,0.033208329999999994,0.00012843694,82.73192999999999,61.27872000000001,2.165821e-05,6.368163,0.011911435000000001,6.860715000000001,0.00124619171,0.000113634327,0.02449507,25.71209,0.00124619171,0.000113634327,0.005522951,22.217910999999997,0.00124619171,0.000113634327,0.0022603500000000004,22.315828,0.00124619171,0.000113634327,0.0039748280000000006,1.498568e-06,1.721611e-05,0.11044999,62.56851329999999,0.015464484299999998,-0.002090229,-0.002617204,1.5824700000000001e-06,1.9897851999999997e-05
73,1608664800,0.7394049,0.7394206,0.008310416,-1.4793549999999998,1.408843,0.7870524,1.269191,1.1494099,0.019129669999999998,0.3294888,1.7312969999999996e-05,1.6684657999999998e-06,1.67328357e-06,1.970555e-06,2.7038872e-06,3.31718244e-06,5.0985928e-06,1.0447431e-05,0.3359995,0.033550390000000006,0.00012370564,83.48470999999999,59.41687999999999,2.4571480000000002e-05,5.9786459999999995,0.01307896,7.721253999999999,0.0009164508199999999,8.3442076e-05,0.026661590000000002,29.46531,0.0009164508199999999,8.3442076e-05,0.005391083,18.273711,0.0009164508199999999,8.3442076e-05,0.0021684411,18.1290626,0.0009164508199999999,8.3442076e-05,0.003978911000000001,1.34605e-06,1.7166869999999998e-05,0.0228393176,1.0121861,0.0028330544800000005,-0.002014131,-0.0025086149999999996,6.838935e-07,8.609746999999998e-06
73,1608665400,0.40226989999999996,0.4022857,0.0099751957,-1.388817,1.1108595,0.5797131999999999,0.9589043000000002,0.8379256999999999,0.018858982,0.194581,1.6632180000000002e-05,8.649282999999999e-07,8.825019999999999e-07,1.0579592999999998e-06,1.4856605e-06,1.9173724000000003e-06,2.9624065e-06,6.238477e-06,0.16846060000000002,0.03247522,0.00018277019,85.83023,66.43307999999999,1.336148e-05,6.442845,0.009693642999999998,4.305560999999999,0.00038884453999999996,3.5077628e-05,0.01890889,14.91595,0.00038884453999999996,3.5077628e-05,0.004834426,7.925102000000001,0.00038884453999999996,3.5077628e-05,0.0014008248,7.613803299999999,0.00038884453999999996,3.5077628e-05,0.0039855509999999995,1.0616522e-06,1.6890699999999997e-05,-0.09215891,45.06755030000001,0.008815554319,-0.002392525,-0.002799296,8.950738e-07,1.1008018e-05
73,1608666000,0.598259,0.5982747,0.020968264000000004,-1.1332179,1.432882,0.6781183000000001,1.23645,1.0877579999999998,0.030446980000000002,0.2990419,1.67433e-05,1.0817571e-06,1.1043031e-06,1.3859130999999998e-06,2.0930774e-06,2.7777202999999996e-06,4.608593600000001e-06,1.011567e-05,0.2678102,0.031027,0.00026757020000000003,83.64917999999999,60.907999999999994,1.9859289999999997e-05,6.485158,0.011336790000000001,6.292443999999999,0.00086596221,7.881047839999999e-05,0.02366009,23.55813,0.00086596221,7.881047839999999e-05,0.005410526000000001,17.363874000000003,0.00086596221,7.881047839999999e-05,0.0021101346000000003,17.193059,0.00086596221,7.881047839999999e-05,0.003985430999999999,1.4464201999999998e-06,1.725774e-05,0.05993768399999998,35.900853999999995,0.0100361826,-0.0021240820000000002,-0.0026347389999999997,1.1217416000000001e-06,1.3274716999999998e-05
73,1608666600,0.7001831999999999,0.7001989999999999,0.01272857,-1.377354,1.4086560000000001,0.7540283000000001,1.268926,1.1523347999999998,0.015263450999999997,0.3163886,1.682656e-05,1.2525486e-06,1.2502473400000001e-06,1.50669349e-06,2.187256e-06,2.7380140999999994e-06,4.3216904999999995e-06,9.321095000000001e-06,0.3185358,0.03131351,0.0002182768,81.77087,59.396350000000005,2.327096e-05,5.945617,0.01262027,7.404213,0.00082237666,7.478424169999999e-05,0.025978380000000002,28.13616,0.00082237666,7.478424169999999e-05,0.005418358999999999,17.855083999999998,0.00082237666,7.478424169999999e-05,0.0021708585,17.619871999999997,0.00082237666,7.478424169999999e-05,0.0039716000000000005,1.338843e-06,1.7090660000000003e-05,0.010038392000000002,2.1069393,0.0037623892000000006,-0.0020194419999999993,-0.002540996,7.192574e-07,9.176588e-06
73,1608667200,0.7311131,0.7311282,0.009007097,-1.469407,1.4765700000000002,0.7800444,1.2529510000000001,1.1379334,0.020491943000000002,0.3426024,1.69014e-05,1.4757586e-06,1.5002132000000003e-06,1.89939659e-06,2.8040702000000003e-06,3.6911594000000004e-06,6.272276599999999e-06,1.3341827e-05,0.33604979999999995,0.0292752,0.00019892630000000003,77.77841,58.31361,2.427769e-05,6.366407,0.0130186,7.595006,0.000564692053,5.1256207499999996e-05,0.026600400000000003,29.362810000000003,0.000564692053,5.1256207499999996e-05,0.004973896,11.423454799999998,0.000564692053,5.1256207499999996e-05,0.0017705186000000002,11.1456933,0.000564692053,5.1256207499999996e-05,0.003962261000000001,1.4727172e-06,1.7120740000000003e-05,0.026427939999999994,17.2961108,0.008181047,-0.001974249,-0.002481197,9.567366e-07,1.1959646999999998e-05
73,1608667800,1.0449168,1.0449338,0.011900094,-1.3493279999999999,1.75959,0.9117630999999999,1.5364229999999999,1.410643,0.036738962,0.49636230000000003,1.812789e-05,2.6981450000000002e-06,2.8233368e-06,3.4095561999999994e-06,4.860577400000001e-06,6.2954022e-06,1.0104783e-05,2.1034322000000003e-05,0.49327160000000003,0.028864259999999996,0.0002688105,75.15151,55.83641,3.471224e-05,6.53146,0.015401199999999999,10.991227,0.0010607261,9.655973e-05,0.03224026,43.45645,0.0010607261,9.655973e-05,0.0056658590000000005,21.677887,0.0010607261,9.655973e-05,0.002565229,21.634364,0.0010607261,9.655973e-05,0.003980677,1.9855690000000003e-06,1.7750930000000002e-05,-0.013833809000000002,21.5028327,0.012500868099999998,-0.0016572524999999999,-0.0022933370000000003,1.1021705e-06,1.4710934999999999e-05
73,1608668400,0.6027056999999999,0.6027213,0.0022135661,-1.6326360000000002,1.219462,0.7206414999999999,1.0727223000000001,0.9818929000000001,0.014769937,0.276698,1.706257e-05,1.49387441e-06,1.51766961e-06,1.8206723600000003e-06,2.5201615000000006e-06,3.2134436e-06,5.0078856e-06,1.0203094e-05,0.27113619999999994,0.03000142,0.00018785759999999997,82.31800000000001,60.47827000000001,2.002209e-05,6.279256999999999,0.012140221999999999,6.358935999999999,0.000857611055,7.80978514e-05,0.023957689999999997,23.896729999999998,0.000857611055,7.80978514e-05,0.00522563,16.1939961,0.000857611055,7.80978514e-05,0.0019291720999999999,16.0873812,0.000857611055,7.80978514e-05,0.00397114,1.2492340000000001e-06,1.699255e-05,0.04833462699999999,4.32353504,0.0050517992,-0.0021245379999999996,-0.0025575350000000005,7.267328999999999e-07,9.336933e-06
73,1608669000,0.5529313,0.5529470000000001,0.009556241,-1.5279880000000001,1.1978239999999998,0.6840149,1.0799184,0.9736422000000001,0.017476108999999997,0.2458253,1.6206769999999997e-05,5.263839999999999e-07,5.1817252e-07,7.324075e-07,1.2855297e-06,1.7538204000000001e-06,3.1623295e-06,7.666291e-06,0.24791449999999998,0.02832359,0.00021042845000000002,82.47905,60.44139,1.8364509999999997e-05,6.325797,0.01147461,5.7872509999999995,0.00071498076,6.4927821e-05,0.022951430000000002,21.75938,0.00071498076,6.4927821e-05,0.005241541000000001,13.814123,0.00071498076,6.4927821e-05,0.0019151629999999999,13.612225,0.00071498076,6.4927821e-05,0.0039840399999999995,1.2167435e-06,1.7053560000000003e-05,0.049608246999999994,40.3884178,0.008052265900000001,-0.002210183,-0.002648704,1.2096047e-06,1.4928388000000001e-05
73,1608669600,0.5862329000000001,0.5862489,0.018410275000000004,-1.35588,1.313402,0.6911787,1.1626490000000003,1.0525809,0.023040052999999998,0.2891861,1.655707e-05,8.878848e-07,8.873289e-07,1.1540800000000002e-06,1.74391e-06,2.2965402e-06,3.988077299999999e-06,8.7335e-06,0.2654281,0.027519599999999998,0.0001480095,83.49079,59.62029,1.9472230000000002e-05,6.423349,0.011587990000000001,6.230819000000001,0.0009277829139999999,8.462490190000002e-05,0.02378286,23.47943,0.0009277829139999999,8.462490190000002e-05,0.005269527,17.53059,0.0009277829139999999,8.462490190000002e-05,0.0019499880000000002,17.471918,0.0009277829139999999,8.462490190000002e-05,0.0039837,1.3415733999999999e-06,1.7151560000000004e-05,-0.051543664000000024,29.8217943,0.0082254341,-0.002154537,-0.0026387299999999997,1.1600616e-06,1.2869967e-05
73,1608670200,0.6334599000000001,0.6334756,0.011756444000000001,-1.503687,1.277515,0.7344375000000001,1.1767859999999999,1.064883,0.014747741999999998,0.28039990000000004,1.7126550000000003e-05,1.730237e-06,1.77402206e-06,2.0486421e-06,2.7354577e-06,3.33601661e-06,4.934853189999999e-06,9.827431e-06,0.2887498,0.02783266,0.00011910756000000002,80.93191,58.87564,2.1049649999999996e-05,5.847264,0.012195750000000002,6.621485,0.00092687247,8.443432979999998e-05,0.0248105,25.330589999999997,0.00092687247,8.443432979999998e-05,0.00525045,18.329949999999997,0.00092687247,8.443432979999998e-05,0.0020009417000000002,18.1894727,0.00092687247,8.443432979999998e-05,0.003945582,1.234983e-06,1.6790989999999998e-05,0.032220819,0.8256858000000001,0.0026146957,-0.002064738,-0.002530957,6.721238e-07,8.541129000000001e-06
73,1608670800,0.48686550000000006,0.4868815000000001,0.013410294,-1.4736875999999999,1.179561,0.6357341,1.0201434999999999,0.9137902999999999,0.015353045000000001,0.22431220000000002,1.696596e-05,1.3504744999999999e-06,1.41259942e-06,1.6784197e-06,2.2813450000000003e-06,2.9743167999999996e-06,4.5495603e-06,9.520121000000001e-06,0.21498499999999998,0.028291439999999994,0.00013052868,82.67033,62.26120000000001,1.616425e-05,6.523211000000001,0.010708278000000002,5.134561,0.00070416881,6.396577899999999e-05,0.021262629999999998,18.949800000000003,0.00070416881,6.396577899999999e-05,0.005214802,14.097446999999999,0.00070416881,6.396577899999999e-05,0.0018527972,13.903100999999998,0.00070416881,6.396577899999999e-05,0.003971135000000001,1.1617625e-06,1.6875610000000002e-05,0.09080434800000001,55.787549,0.01093261452,-0.002289264,-0.0027064899999999998,9.687872999999998e-07,1.2470013000000001e-05
73,1608671400,0.5245235,0.5245393,0.009246270999999997,-1.3901970000000001,1.2815644,0.6511545999999999,1.0891094,0.9550046999999999,0.03981784100000001,0.27115789999999995,1.61018e-05,6.389986e-07,6.2413517e-07,8.072555899999999e-07,1.2808873e-06,1.6648642e-06,2.7387772999999998e-06,6.282565e-06,0.23357289999999997,0.02855974,0.00011413364999999999,84.58763000000002,61.86083000000001,1.7430400000000002e-05,6.293487000000001,0.010970586,5.579542,0.000178412158,1.59039418e-05,0.021940290000000005,20.68175,0.000178412158,1.59039418e-05,0.004805221,6.644682,0.000178412158,1.59039418e-05,0.0014641982000000002,6.1309862,0.000178412158,1.59039418e-05,0.003959252,1.3062711e-06,1.6905170000000003e-05,-0.11730825799999996,44.24641750000001,0.012254201999999999,-0.0021844939999999995,-0.002657129,1.1526336000000001e-06,1.4340839999999998e-05
73,1608672000,0.314573,0.31458860000000005,0.0038900614099999994,-1.518577,0.9507283,0.5176012,0.8063122999999999,0.7133469,0.012808547,0.1493782,1.5888790000000002e-05,4.1045827000000006e-07,4.1468834e-07,5.206961e-07,7.658139000000001e-07,9.952905300000002e-07,1.5872156000000003e-06,3.6453184000000003e-06,0.12612609,0.030918030000000003,0.0002330272,93.14258,70.48042,1.0447391999999999e-05,6.328577,0.008653636999999999,3.3316349999999995,0.000392741496,3.5500262e-05,0.0162717,11.087385000000001,0.000392741496,3.5500262e-05,0.004655805999999999,7.263489799999999,0.000392741496,3.5500262e-05,0.001205107,6.9780146,0.000392741496,3.5500262e-05,0.003939830000000001,8.457229000000001e-07,1.6351240000000003e-05,-0.02067180999999999,5.9244002,0.0039268416000000006,-0.0024455080000000003,-0.0028240240000000005,7.406098e-07,9.124591e-06
73,1608672600,0.35539740000000003,0.3554131,0.016928102999999996,-1.2598797000000002,1.0588453000000002,0.5308413,0.9268775,0.8137753,0.009421959999999998,0.1672771,1.626946e-05,7.417535e-07,7.6913544e-07,9.422130299999999e-07,1.3370724e-06,1.7383974e-06,2.8617506000000002e-06,5.938455399999999e-06,0.14727782,0.03024318,0.00016259,88.41988,68.45479,1.1799271000000001e-05,6.406504,0.008863921,3.752086,0.00048686887999999995,4.4062575000000006e-05,0.017484790000000004,12.953515,0.00048686887999999995,4.4062575000000006e-05,0.005058482,10.669312000000001,0.00048686887999999995,4.4062575000000006e-05,0.0016392372999999999,10.359898000000001,0.00048686887999999995,4.4062575000000006e-05,0.003946849,9.413619e-07,1.648146e-05,0.159139078,31.241326999999995,0.008137377,-0.002420162,-0.002822033,9.334542e-07,1.1924469999999999e-05
73,1608673200,0.6356687,0.6356838,0.0054066361,-1.523993,1.3387149999999999,0.7291000000000001,1.136811,1.025018,0.039145898,0.31729969999999996,1.689519e-05,1.4488013e-06,1.5230377900000001e-06,1.8594512e-06,2.7036850999999998e-06,3.5281389000000002e-06,5.7498595e-06,1.2139338000000001e-05,0.28905719999999996,0.02853926,0.00020686794,80.94125,59.89018000000001,2.110429e-05,6.399013000000001,0.01220633,6.684208999999998,0.0005693780740000001,5.16781927e-05,0.02437445,25.384210000000003,0.0005693780740000001,5.16781927e-05,0.004969483,12.0440014,0.0005693780740000001,5.16781927e-05,0.0016970686,11.736540800000002,0.0005693780740000001,5.16781927e-05,0.003962264,1.4482091e-06,1.707947e-05,-0.003539097999999996,31.8091839,0.0109300852,-0.002067668,-0.0025336959999999998,1.0921131e-06,1.3765066e-05
73,1608673800,0.6521172,0.6521328,0.0073049640000000015,-1.534031,1.298889,0.7441288,1.170487,1.054046,0.022217386,0.2974991,1.739787e-05,1.933362e-06,2.0312714e-06,2.3993061e-06,3.2572879000000003e-06,4.196633000000001e-06,6.4445549999999995e-06,1.3258621e-05,0.2952292,0.030624420000000003,0.0001693353,80.02403999999999,59.57714,2.165575e-05,6.518442,0.01250323,6.878006999999999,0.00104702127,9.54166682e-05,0.025055880000000003,25.973860000000002,0.00104702127,9.54166682e-05,0.005377965,19.61162,0.00104702127,9.54166682e-05,0.0021285614,19.5855608,0.00104702127,9.54166682e-05,0.003964489,1.4023590000000003e-06,1.706187e-05,-1.4279999999999848e-05,41.2099111,0.012376945600000001,-0.002071243,-0.002540563,1.0662716e-06,1.3762866e-05
73,1608674400,0.8454381,0.8454536000000001,0.00194374878,-1.628752,1.4263559999999997,0.8574788,1.2633,1.1635859999999998,0.02017844,0.37862169999999995,1.739815e-05,2.0220857e-06,2.03914987e-06,2.37078432e-06,3.2500606999999998e-06,3.9378334e-06,5.9534187e-06,1.1924729e-05,0.3900407,0.032448500000000005,0.0001961153,80.37218,57.75027,2.810567e-05,6.0269509999999995,0.014500719999999998,8.975221999999999,0.00021227921,1.89292003e-05,0.028951559999999998,34.52253,0.00021227921,1.89292003e-05,0.0047789780000000006,7.306928000000001,0.00021227921,1.89292003e-05,0.0015829203,6.793276800000001,0.00021227921,1.89292003e-05,0.003962614,1.533562e-06,1.721133e-05,0.04885069,1.6820263,0.005076971100000001,-0.0018694249999999999,-0.002358055,7.161406e-07,9.114396000000001e-06
73,1608675000,0.6865496,0.6865657000000001,0.01473679,-1.222504,1.4509180000000002,0.7343354,1.3023030000000002,1.1602860000000002,0.027075105,0.3295795,1.745498e-05,1.9691753000000003e-06,2.05672089e-06,2.4930851e-06,3.3891235e-06,4.497081800000001e-06,7.114095400000001e-06,1.4688171e-05,0.3111645,0.03188302,0.0001890189,79.20615999999998,59.67751,2.2795760000000003e-05,6.459462,0.01231029,7.295854,0.0009468252200000001,8.617861800000001e-05,0.02569318,27.57316,0.0009468252200000001,8.617861800000001e-05,0.005466568999999999,19.684143,0.0009468252200000001,8.617861800000001e-05,0.0022310370000000004,19.551766999999998,0.0009468252200000001,8.617861800000001e-05,0.003959179,1.419476e-06,1.704621e-05,-0.014156894999999985,18.0991967,0.009525851800000002,-0.0020023610000000002,-0.002553065,9.230197e-07,1.1871834e-05
73,1608675600,0.7125833,0.7125983,0.0045249812,-1.574481,1.32,0.7779921,1.1801235,1.0639081,0.03976871,0.3451842,1.646221e-05,1.1679298000000002e-06,1.15898449e-06,1.4257772200000001e-06,2.0470155e-06,2.6152581000000002e-06,4.0700209e-06,8.853248e-06,0.3260803,0.030123819999999996,6.421821999999999e-05,80.65319,58.858309999999996,2.3689849999999998e-05,6.079681,0.0131687,7.535171,0.00086731923,7.8920119e-05,0.02618766,28.78693,0.00086731923,7.8920119e-05,0.0051938719999999996,16.421634,0.00086731923,7.8920119e-05,0.001983046,16.329845100000004,0.00086731923,7.8920119e-05,0.003944148,1.599199e-06,1.70775e-05,0.13507325499999998,49.5531827,0.0155927125,-0.0019515719999999997,-0.002426033,1.2281106e-06,1.5738407999999997e-05
73,1608676200,0.48613059999999997,0.4861461,0.006565451,-1.4987819999999998,1.1334728,0.6386296,0.9922428999999999,0.8965779000000001,0.031149748999999997,0.2469832,1.6688159999999998e-05,1.2867488999999998e-06,1.3417439999999997e-06,1.611223e-06,2.2049716e-06,2.8055124999999997e-06,4.3475907e-06,9.056774000000002e-06,0.2089606,0.03394457,0.0001359765,84.88825,64.5883,1.6147039999999996e-05,6.35281,0.010787531,5.219736,0.0007195408620000001,6.54018766e-05,0.02097837,18.59409,0.0007195408620000001,6.54018766e-05,0.005104381999999999,13.478709,0.0007195408620000001,6.54018766e-05,0.001755249,13.327428900000001,0.0007195408620000001,6.54018766e-05,0.003949445,1.3111315e-06,1.683225e-05,-0.1573526099,44.377363599999995,0.012629002,-0.0021932780000000003,-0.0026241120000000005,1.3798177999999999e-06,1.6962476e-05
73,1608676800,0.1784119,0.1784277,-0.006313521,-0.7104083999999998,0.8727641,0.34562,0.7203222,0.5917304999999999,0.006692805999999998,0.08460072,1.5726470000000004e-05,9.112784e-08,1.0187804999999999e-07,1.9341204000000002e-07,2.1198690000000004e-07,2.6393200000000006e-07,4.4205539999999997e-07,1.1207353000000003e-06,0.040635840000000006,0.04853226,3.495700999999999e-05,111.02689000000001,105.62408,5.923666000000001e-06,6.371017999999999,0.006391703,1.9190289999999997,0.00049468837,4.483794970000001e-05,0.009075021999999999,3.62532,0.00049468837,4.483794970000001e-05,0.004931487,9.297,0.00049468837,4.483794970000001e-05,0.0013455315,9.0358374,0.00049468837,4.483794970000001e-05,0.003959544000000001,7.509918e-07,1.640039e-05,0.1408964674,8.065065999999998,0.00520752,-0.0025812400000000003,-0.002957393,6.803904999999999e-07,9.008111e-06
73,1608677400,0.24750869999999997,0.2475245,-0.0004439938999999997,-0.7964749999999999,1.0276071,0.413912,0.8018872,0.6646703,0.02692763,0.13892529000000003,1.577746e-05,2.6073175000000003e-07,2.9387573e-07,4.0189979999999993e-07,6.00299e-07,8.181415e-07,1.5945366000000001e-06,4.006165e-06,0.08689728999999999,0.03676727,8.102446000000001e-05,95.68190999999999,82.19306,8.213526e-06,6.557404,0.007148241,2.6441100000000004,0.0004929017559999999,4.46507576e-05,0.012805038999999999,7.597226000000001,0.0004929017559999999,4.46507576e-05,0.004871197,9.348495600000001,0.0004929017559999999,4.46507576e-05,0.0013715681000000001,9.10524252,0.0004929017559999999,4.46507576e-05,0.003954527,1.2273466e-06,1.672714e-05,-0.06629885399999999,122.67566200000002,0.019248229,-0.002528592,-0.002949559,1.9767936000000004e-06,2.3829415000000004e-05
73,1608678000,0.6209314000000001,0.6209471,0.003918790900000001,-1.600073,1.249088,0.7298205,1.0912087,0.9942692000000001,0.017414594999999998,0.28362570000000004,1.6542e-05,1.0176888e-06,1.0244147e-06,1.2659427e-06,1.8768871000000004e-06,2.3925966e-06,3.903055e-06,8.681845e-06,0.2743877,0.035952410000000004,0.00010414948,83.27683,62.66232,2.0626740000000003e-05,6.277112000000001,0.012183139999999999,6.470554,0.00105313062,9.601547320000001e-05,0.023919450000000002,24.021390000000004,0.00105313062,9.601547320000001e-05,0.005419704,21.212484999999997,0.00105313062,9.601547320000001e-05,0.0021418415,21.1682117,0.00105313062,9.601547320000001e-05,0.00396294,1.278482e-06,1.696366e-05,0.026144230999999997,1.1269288999999998,0.003068524,-0.0020772939999999995,-0.0025363179999999996,7.268850000000001e-07,8.657966000000001e-06
73,1608678600,0.5634278,0.5634433000000001,0.007686256,-1.2989047,1.314452,0.6740861,1.135796,1.0100926,0.020710761,0.26734080000000005,1.677483e-05,1.2778379000000001e-06,1.31443692e-06,1.5677221999999999e-06,2.1974809000000003e-06,2.7433233e-06,4.331427199999999e-06,8.879515999999997e-06,0.24913529999999998,0.03246666,8.600322e-05,82.89329000000001,62.188700000000004,1.871721e-05,6.3374179999999996,0.011242255999999999,5.949757,0.000651953443,5.925534819999999e-05,0.02289874,21.985459999999996,0.000651953443,5.925534819999999e-05,0.005028645,12.932885000000002,0.000651953443,5.925534819999999e-05,0.0017134763000000001,12.736559999999999,0.000651953443,5.925534819999999e-05,0.0039631150000000006,1.2575676e-06,1.6918979999999997e-05,0.022554879999999992,7.549287100000001,0.006501203,-0.002132325,-0.0026169319999999998,7.870402000000001e-07,1.0087369e-05
73,1608679200,0.9710855,0.9711020000000001,0.00840637655,-1.4492308999999999,1.6516259999999998,0.8961981,1.4173940000000003,1.2643499999999999,0.06104670999999999,0.4813759,1.6021030000000003e-05,7.725373999999999e-07,7.3088644e-07,1.0557797299999999e-06,1.9846351e-06,2.6640709000000004e-06,4.8522259e-06,1.1873531e-05,0.4515173,0.03388821,0.00011174697000000001,80.43724,57.226330000000004,3.226958e-05,6.073679,0.0152695,10.298699000000003,0.00071865739,6.5289868e-05,0.03087091,39.922900000000006,0.00071865739,6.5289868e-05,0.00532131,17.251823,0.00071865739,6.5289868e-05,0.0022028660000000004,16.915702,0.00071865739,6.5289868e-05,0.003957245,2.0942940000000003e-06,1.7620059999999998e-05,0.04354289799999998,29.985027300000002,0.016330946,-0.001656057,-0.00224216,1.2995009999999998e-06,1.7460919e-05
73,1608679800,0.9017157000000001,0.9017316000000001,0.0064918087,-1.2226744,1.643525,0.8286094,1.451782,1.316178,0.02974311,0.41818140000000004,1.784146e-05,2.7162348e-06,2.8023087899999997e-06,3.30751756e-06,4.363919300000001e-06,5.4897329000000005e-06,8.359610900000002e-06,1.6523701000000002e-05,0.41325409999999996,0.03747335,8.318909e-05,79.36487000000001,58.53456,2.995403e-05,6.133379,0.01443807,9.445187,0.00091902553,8.3626779e-05,0.02959309,36.32893,0.00091902553,8.3626779e-05,0.005387492,19.046932899999998,0.00091902553,8.3626779e-05,0.0022769888,18.8492004,0.00091902553,8.3626779e-05,0.003934152000000001,1.832658e-06,1.721875e-05,0.010447950000000001,10.912878000000001,0.009860084000000002,-0.001690641,-0.002333075,9.249957e-07,1.1892369e-05
73,1608680400,0.7396056,0.7396212999999999,-0.0081503217,-0.769497,1.643937,0.7053302,1.417056,1.2573004,0.032679019999999996,0.35338489999999995,1.6655029999999998e-05,1.3899266e-06,1.39046267e-06,1.6646305199999997e-06,2.3131401e-06,2.8477109e-06,4.4743958e-06,9.246152e-06,0.32169570000000003,0.047982750000000005,9.815545000000002e-05,87.71635,63.791230000000006,2.4571609999999998e-05,6.077789,0.013401701999999998,7.759322999999999,0.00112355048,0.000102382211,0.02594286,28.26081,0.00112355048,0.000102382211,0.0053446660000000005,20.030080499999997,0.00112355048,0.000102382211,0.0021352146,20.064261000000002,0.00112355048,0.000102382211,0.003938222,1.475812e-06,1.6929299999999997e-05,-0.0613380371,17.9530431,0.0083760663,-0.001920769,-0.00257852,8.518813000000001e-07,1.0938554999999999e-05
73,1608681000,1.4615458000000001,1.4615614,-0.008378094,-1.1765864000000001,2.0934269999999997,1.0570557,1.8502310000000002,1.6585999999999999,0.06244461,0.6763418999999999,1.737916e-05,2.0910084e-06,2.09896319e-06,2.7090878e-06,4.1576391e-06,5.535666700000001e-06,9.4906964e-06,2.1378402e-05,0.6569779,0.07358601,0.00015923973,81.4419,60.83639999999999,4.855349e-05,6.261664,0.01934021,15.498153000000002,0.0009423111500000001,8.57283664e-05,0.03717885,58.01269,0.0009423111500000001,8.57283664e-05,0.005486895,21.2018179,0.0009423111500000001,8.57283664e-05,0.0025071749999999995,20.90837217,0.0009423111500000001,8.57283664e-05,0.003983018,2.770962e-06,1.843677e-05,0.06783575,21.764693900000005,0.018887944,-0.001216259,-0.002052529,1.3387189e-06,1.6841833999999998e-05
73,1608681600,1.606719,1.6067360000000002,-0.0029441527,-1.542652,2.036874,1.1645472000000001,1.7710649999999997,1.605237,0.06255948,0.7595511,1.714192e-05,2.0395301e-06,2.0885745e-06,2.731355e-06,4.307769e-06,5.867361e-06,1.0239298e-05,2.301265e-05,0.6627368,0.1403948,0.0001764946,86.59152999999999,67.71459,5.333613999999999e-05,6.527507,0.020343120000000003,17.033970000000004,0.0016798843000000005,0.00015334110800000004,0.03739586,58.71159,0.0016798843000000005,0.00015334110800000004,0.005935207999999999,40.002843,0.0016798843000000005,0.00015334110800000004,0.002992401,39.941379,0.0016798843000000005,0.00015334110800000004,0.003955124,2.766254e-06,1.824519e-05,-0.008482471100000001,2.5737986,0.007784345999999999,-0.0011062004,-0.0018697580000000002,8.706339e-07,1.1371205e-05
73,1608682200,1.2199817,1.2199987,-0.0043492705,-1.391469,1.87907,1.0000598,1.630175,1.431006,0.06002805,0.5698909,1.636003e-05,9.760365999999998e-07,9.368791e-07,1.2322884999999998e-06,1.9572296e-06,2.497728e-06,4.1870859e-06,1.0038792e-05,0.4531356000000001,0.15673460000000003,9.900338e-05,93.40321999999999,76.75575,4.0538810000000006e-05,5.820438,0.017670909999999998,12.88801,0.00083468455,7.594241899999999e-05,0.03066435,39.84497,0.00083468455,7.594241899999999e-05,0.005488254,20.804181000000003,0.00083468455,7.594241899999999e-05,0.002415171,20.503365,0.00083468455,7.594241899999999e-05,0.003981579,2.7337410000000003e-06,1.8314690000000002e-05,0.01860764000000001,12.596110300000001,0.013864134,-0.0013385173,-0.002067218,1.4184699000000001e-06,1.6883487000000003e-05
73,1608682800,2.3180880000000004,2.318105,-0.0020629460000000004,-1.6497319999999998,2.3050829999999998,1.420105,2.0162869999999997,1.885107,0.06442354000000002,1.0208121000000001,1.655133e-05,1.3711953e-06,1.2183800999999999e-06,1.7058292e-06,3.337037e-06,4.1289179e-06,7.433619e-06,1.8870603e-05,0.9949711999999998,0.1638712,0.0001626463,89.82181,64.77453,7.706464000000001e-05,6.130874,0.02443772,24.47068,0.0027376124,0.00025017773,0.045819099999999995,87.7048,0.0027376124,0.00025017773,0.006353048000000002,55.813834,0.0027376124,0.00025017773,0.0035765890000000002,56.16692599999999,0.0027376124,0.00025017773,0.004034791,4.486615e-06,2.020381e-05,0.026327318999999995,7.443120410000001,0.0167965,-0.00051631046828,-0.0013688513999999998,1.5812611000000001e-06,1.80677e-05
73,1608683400,2.838197,2.838212,0.0008660505799999999,-1.650931,2.603294,1.5800939999999999,2.3244699999999994,2.09414,0.05636021,1.2408517,2.0790259999999997e-05,5.6627685e-06,5.6329373e-06,6.682472000000001e-06,9.466301999999998e-06,1.15980334e-05,1.8086029999999998e-05,3.7765864e-05,1.2316414,0.1871748,0.0001836656,86.14808000000001,63.44446000000001,9.431889000000001e-05,6.134906000000001,0.026614,30.010790000000004,0.007592152070000001,0.00069513114,0.05131904,108.77261999999999,0.007592152070000001,0.00069513114,0.007796027,134.647722,0.007592152070000001,0.00069513114,0.005100852,137.74512900000002,0.007592152070000001,0.00069513114,0.004063374,4.951263000000001e-06,2.085071e-05,0.15750106999999997,3.4271397299999995,0.012234563,-0.00026580317,-0.0011311234999999999,1.0614352e-06,1.3417104000000002e-05
73,1608684000,2.0992659999999996,2.099282,0.0022867525999999997,-1.534342,2.375023,1.342291,2.065639,1.8433320000000002,0.06836712,0.998142,1.7915680000000004e-05,2.7486210999999997e-06,2.8397633e-06,3.6961466999999996e-06,5.6578953e-06,7.6776808e-06,1.3153459000000002e-05,2.9596120000000004e-05,0.8404357000000001,0.20889220000000003,0.00023742160000000002,89.85230999999999,70.3287,6.968119000000001e-05,6.25592,0.02242467,22.176390000000005,0.00531113649,0.000486123015,0.04224273,74.08179,0.00531113649,0.000486123015,0.007243443,90.41493799999999,0.00531113649,0.000486123015,0.0044657889999999995,92.68374100000001,0.00531113649,0.000486123015,0.004058469,4.726413999999999e-06,2.056555e-05,0.0351791119,10.5290381,0.018426796,-0.0005193251600000001,-0.0013777759999999998,1.7941102000000003e-06,2.0031897e-05
73,1608684600,1.6731659999999997,1.67318,0.0027627797999999998,-1.3706070000000001,2.3617099999999995,1.175965,1.9767230000000002,1.6956510000000002,0.04745369000000001,0.7524477999999999,1.95843e-05,4.2120253999999995e-06,4.544074100000001e-06,5.2902692e-06,7.377812e-06,1.0218627000000001e-05,1.5070035000000002e-05,3.0785036e-05,0.6428301000000001,0.1934646,0.00020643609999999998,89.45108,73.64937,5.5530390000000006e-05,6.505112,0.019520669999999997,17.794069999999998,0.0043701482,0.00039988634,0.03687998,56.495050000000006,0.0043701482,0.00039988634,0.0068583839999999995,73.99292999999999,0.0043701482,0.00039988634,0.003968126,75.6925,0.0043701482,0.00039988634,0.004044707,5.944487e-06,2.1717250000000003e-05,0.05147793000000002,79.78199099999998,0.03275154400000001,-0.0008383133000000001,-0.001684932,8.5669894e-06,9.297497399999999e-05
73,1608685200,1.8125499999999999,1.812567,0.0031139167000000002,-1.347254,2.31697,1.2183894,2.0495500000000004,1.76949,0.04828129999999999,0.8108126,1.967996e-05,4.4799869e-06,4.6119202e-06,5.434631700000001e-06,7.059833000000002e-06,9.0959212e-06,1.34122833e-05,2.662303e-05,0.7047652,0.2012371,0.00019750889999999998,94.28,73.20526,6.0183579999999996e-05,6.305207,0.02022793,19.233520000000002,0.0018412610200000002,0.00016807240099999998,0.03854455,62.274540000000016,0.0018412610200000002,0.00016807240099999998,0.006129708,38.17298100000001,0.0018412610200000002,0.00016807240099999998,0.003241133,38.245315,0.0018412610200000002,0.00016807240099999998,0.004022617000000001,3.9436840000000004e-06,1.9713689999999997e-05,0.0031407570000000023,3.2632144,0.011482286,-0.0007115503,-0.0015444859999999999,1.031193e-06,1.3272493e-05
73,1608685800,3.322441,3.322455,0.002330027,-1.57599,2.8527869999999997,1.667059,2.522215,2.260458,0.10960145000000002,1.4975398000000002,2.078513e-05,5.902617999999999e-06,5.877683000000001e-06,7.2959730000000004e-06,1.0671241999999999e-05,1.3736577e-05,2.2354882000000003e-05,4.86859e-05,1.473247,0.18756730000000002,0.0002853274,83.44187000000001,63.23154999999999,0.00011035053999999998,6.380566,0.028036909999999998,35.053399999999996,0.0038454208999999994,0.00035161139999999997,0.05488427,130.06883,0.0038454208999999994,0.00035161139999999997,0.007378365999999999,75.78127,0.0038454208999999994,0.00035161139999999997,0.004669743,76.76149000000001,0.0038454208999999994,0.00035161139999999997,0.0040994080000000006,5.738064e-06,2.1579760000000004e-05,0.011646869999999998,7.74439514,0.016681403,-4.3626199999999986e-05,-0.0009682376999999999,1.3055625e-06,1.666663e-05
73,1608686400,2.4108259999999997,2.41084,0.0038921636000000003,-1.4022860000000001,2.594815,1.423389,2.397298,2.088475,0.03466464,1.0332542999999998,2.039902e-05,5.345358899999999e-06,5.589152e-06,6.798894e-06,9.496764e-06,1.2541232e-05,2.0172196000000002e-05,4.209998999999999e-05,0.9929006999999999,0.21213120000000002,0.0002743005,84.51697,67.92347000000001,8.003795999999999e-05,6.497506,0.023523869999999995,25.52627,0.0035476854999999994,0.00032442896000000004,0.046093049999999997,87.88291000000001,0.0035476854999999994,0.00032442896000000004,0.006836564000000001,68.31429,0.0035476854999999994,0.00032442896000000004,0.004122057,69.260781,0.0035476854999999994,0.00032442896000000004,0.004030435000000001,4.244957e-06,1.997318e-05,0.0056361350000000005,0.929439,0.0060778180000000005,-0.0005382191000000001,-0.0014101379999999998,8.155647e-07,1.115471e-05
73,1608687000,2.291364,2.2913819999999996,0.006940299999999999,-1.443216,2.5152390000000002,1.389166,2.2929310000000003,1.981674,0.03655579,0.981888,1.737178e-05,2.2349937999999997e-06,2.2044505e-06,2.8694390999999995e-06,4.652134e-06,6.035029e-06,1.0423807999999999e-05,2.4254894999999997e-05,0.9246398000000001,0.22068980000000002,0.0002983451,93.89149,69.81246999999999,7.608341999999999e-05,6.529089999999999,0.02290868,24.04482,0.00457772567,0.000418919628,0.044192,81.23886999999999,0.00457772567,0.000418919628,0.007046035000000001,84.01874799999999,0.00457772567,0.000418919628,0.004296240999999999,85.509581,0.00457772567,0.000418919628,0.00402446,4.0301269999999994e-06,1.980285e-05,0.0050784709999999985,0.9597133,0.0066176410000000005,-0.0005987995000000001,-0.001454725,8.164234e-07,1.0364865e-05
73,1608687600,3.585111,3.585126,0.003975337,-1.5000959999999999,3.099394,1.7444469999999999,2.7899730000000003,2.46705,0.08834460000000001,1.6098779999999997,2.535376e-05,1.0524115899999999e-05,1.08458059e-05,1.26562815e-05,1.70574e-05,2.1481393e-05,3.2661364e-05,6.527986e-05,1.557981,0.234091,0.0003042594,84.18856000000001,63.552260000000004,0.00011904159999999999,6.459825,0.02876715,37.11439,0.0050421738999999995,0.00046131047300000005,0.05719679,135.9462,0.0050421738999999995,0.00046131047300000005,0.007695699,100.2593,0.0050421738999999995,0.00046131047300000005,0.005118379,101.75460999999999,0.0050421738999999995,0.00046131047300000005,0.004119955,6.1261559999999995e-06,2.2004859999999997e-05,0.032257713,6.50039033,0.014327261999999999,7.25572174e-05,-0.0009172493999999998,1.4825597999999999e-06,1.877418e-05
73,1608688200,4.646659,4.646678,0.0031755000000000004,-1.543639,3.4154539999999995,1.9903520000000001,3.118595,2.8199349999999996,0.107088,2.024619,1.9977169999999997e-05,5.7507209e-06,5.6287348e-06,7.3288442e-06,1.1662758000000001e-05,1.5323216900000004e-05,2.6363909900000003e-05,6.0738293e-05,2.1016489999999997,0.22117520000000002,0.00036954139999999995,82.37504000000001,59.75553,0.00015438559999999998,6.024221,0.03320592,48.47652,0.00127634244,0.00011616674999999998,0.06681102000000001,184.3736,0.00127634244,0.00011616674999999998,0.007092591,53.14398,0.00127634244,0.00011616674999999998,0.004482364,52.059678,0.00127634244,0.00011616674999999998,0.004165425,7.277041e-06,2.3042e-05,-0.004738684,0.8398222999999998,0.010649076,0.0005643706,-0.0005159906,1.0131307e-06,1.372947e-05
73,1608688800,5.498292000000001,5.4983070000000005,0.0024422278000000006,-1.487995,3.7387880000000004,2.153419,3.4538179999999996,3.130821,0.10573949,2.40163,2.399391e-05,9.530629000000001e-06,9.7879161e-06,1.2210705500000002e-05,1.8766231e-05,2.47200341e-05,4.1796644e-05,9.205714e-05,2.51861,0.22982249999999999,0.0004973113,77.81539,58.42962,0.0001826408,6.270041,0.03605385999999999,57.84827,0.0040428199,0.00036950381,0.07349842,222.32049999999998,0.0040428199,0.00036950381,0.008335669,99.29069000000001,0.0040428199,0.00036950381,0.005754116,99.6546,0.0040428199,0.00036950381,0.004251660000000001,8.606617999999999e-06,2.449739e-05,0.023948138,2.2781924000000005,0.017071966,0.0009455179999999999,-0.00027506696,1.4537387e-06,2.015009e-05
73,1608689400,5.170315,5.170332,0.0024120006,-1.545234,3.633486,2.107047,3.2846490000000004,2.9707280000000003,0.11148144,2.228305,2.714981e-05,1.3046233e-05,1.3393030000000004e-05,1.59651173e-05,2.1962378e-05,2.8189402e-05,4.4481339e-05,9.087931999999999e-05,2.364822,0.21966999999999998,0.0004263505,77.04414,58.592969999999994,0.0001717381,6.261833,0.03520505,54.22533,0.0033605161200000004,0.000307110281,0.07116449999999999,208.4269,0.0033605161200000004,0.000307110281,0.007491346,76.34794,0.0033605161200000004,0.000307110281,0.0048840229999999995,76.74923,0.0033605161200000004,0.000307110281,0.004233199,8.481904e-06,2.437761e-05,-0.021355924000000002,6.403702099999999,0.020952919,0.0008524344000000001,-0.00030977333,2.1650703e-06,2.8847610000000006e-05
73,1608690000,3.904811,3.904827,-0.0032123158999999997,-1.375764,3.239687,1.79469,3.0030159999999997,2.666518,0.05822653,1.6646519999999998,2.253165e-05,7.651721299999999e-06,7.6381638e-06,9.0602778e-06,1.2985261000000003e-05,1.6189485100000002e-05,2.5605755699999996e-05,5.177684199999999e-05,1.7298460000000002,0.22210429999999998,0.0003163502,83.40199,61.849900000000005,0.00012973312000000002,5.964430000000001,0.02968558,40.863119999999995,0.0036964540500000003,0.000338024885,0.060415050000000005,151.95910000000003,0.0036964540500000003,0.000338024885,0.007333468,82.31803500000001,0.0036964540500000003,0.000338024885,0.0047208449999999996,82.985735,0.0036964540500000003,0.000338024885,0.00413525,6.414793999999999e-06,2.221562e-05,0.014772792000000002,1.0069010999999999,0.009615685,0.0002535463,-0.0008220482000000001,9.946716999999998e-07,1.4033080000000002e-05
73,1608690600,2.261755,2.2617709999999995,-0.001950037,-1.226842,2.673005,1.343262,2.359159,2.057575,0.05924379,1.0061278000000002,1.8597089999999998e-05,3.0610035000000004e-06,2.9949053e-06,3.6716825000000004e-06,5.411235e-06,6.7379961e-06,1.0996465e-05,2.3208717e-05,0.9135755,0.21697059999999996,0.0002724455,92.94868,69.71297999999999,7.513403e-05,6.334368,0.02205015,23.56047,0.00389858083,0.00035661870900000005,0.04385925,79.80456000000001,0.00389858083,0.00035661870900000005,0.007293542,79.57904,0.00389858083,0.00035661870900000005,0.004520738000000001,80.69168599999999,0.00389858083,0.00035661870900000005,0.004080505999999999,4.600431e-06,2.061146e-05,0.029253086000000005,5.80555,0.014181334999999998,-0.0005151325,-0.0014112,1.2665693e-06,1.6369667000000003e-05
73,1608691200,2.3152150000000002,2.3152299999999997,-0.0025552831,-1.626306,2.338572,1.4227520000000002,2.077486,1.9171719999999997,0.07505986,1.0438287,1.821069e-05,2.9035904000000004e-06,3.0359232e-06,3.9134710000000006e-06,6.096899999999999e-06,8.092595e-06,1.3871152999999998e-05,3.073804e-05,0.9545989,0.20261,0.0003278241,87.65439,67.80531,7.687824e-05,6.459525000000001,0.024458689999999998,24.61825,0.0037725991999999994,0.00034505736999999994,0.045164880000000004,84.48185,0.0037725991999999994,0.00034505736999999994,0.006665801000000001,69.00747999999999,0.0037725991999999994,0.00034505736999999994,0.0038953160000000002,70.211601,0.0037725991999999994,0.00034505736999999994,0.0040386369999999994,4.806741e-06,2.053876e-05,-0.0340469385,3.0082865399999994,0.013831598,-0.00035517035999999995,-0.0012263614999999998,1.0991024e-06,1.4251670999999998e-05
73,1608691800,2.296732,2.296748,-0.0042542265000000004,-1.6812199999999997,2.245756,1.424808,2.0202629999999995,1.870707,0.05786542,1.0090036,1.671766e-05,1.5673667999999999e-06,1.4946948e-06,2.1788644e-06,4.1654888e-06,5.5672034e-06,1.0334725300000001e-05,2.5345092e-05,0.9861568000000001,0.16183309999999998,0.00032305720000000003,85.92132000000001,64.41982,7.631511e-05,6.083961,0.02457124,24.33935,0.0048910375,0.00044757553,0.04591226,87.25215,0.0048910375,0.00044757553,0.007030306,88.94284,0.0048910375,0.00044757553,0.004262212,90.70140799999999,0.0048910375,0.00044757553,0.00403248,4.739109e-06,2.0475119999999998e-05,0.021045862999999998,2.4674588,0.011056231,-0.0003733301,-0.0011973619,1.1112095000000002e-06,1.4511286999999999e-05
73,1608692400,2.002476,2.002492,-0.0008572298999999998,-1.623151,2.224943,1.323204,1.9391459999999998,1.7615050000000003,0.06987632,0.9400327,2.091675e-05,5.3706313999999994e-06,5.5709625999999995e-06,6.6447047e-06,8.894692999999999e-06,1.1522159e-05,1.7801897e-05,3.6111393e-05,0.8236068,0.177236,0.0002972471,84.16002,68.14706,6.647636e-05,6.342532,0.022465400000000003,21.20803,0.0025644952999999996,0.00023433169,0.04181822,72.66793000000001,0.0025644952999999996,0.00023433169,0.006311285,49.50983599999999,0.0025644952999999996,0.00023433169,0.0034725650000000004,50.166975,0.0025644952999999996,0.00023433169,0.004045913,4.332552e-06,2.0250120000000003e-05,0.028031438,2.3644825000000003,0.01305577,-0.0005637316,-0.001379835,1.064852e-06,1.3999267999999999e-05
73,1608693000,2.224233,2.2242480000000002,-0.0024310854,-1.628378,2.2829580000000003,1.395575,2.0245750000000005,1.8522939999999999,0.07168234999999999,1.0079440000000002,1.796613e-05,2.7524039000000003e-06,2.7017081e-06,3.3338805e-06,5.069089e-06,6.371367900000001e-06,1.0509478000000001e-05,2.2689347e-05,0.9397289999999998,0.1720731,0.0002584637,90.1402,65.65872999999999,7.391148000000001e-05,6.115728,0.02423326,23.74358,0.0033769728400000003,0.000308873412,0.04487654,83.32648999999999,0.0033769728400000003,0.000308873412,0.006431657,61.689775,0.0033769728400000003,0.000308873412,0.003650394,62.602137600000006,0.0033769728400000003,0.000308873412,0.004034576,4.672034e-06,2.0427550000000004e-05,0.05518914899999999,4.883687517,0.01264978,-0.00041753163999999995,-0.0012598103,1.2263843e-06,1.4739615999999997e-05
73,1608693600,1.9745859999999997,1.9746040000000005,-0.0002631399000000001,-1.6770070000000001,2.135877,1.3213179999999998,1.8821819999999998,1.7283149999999998,0.04852451,0.8928981,1.86996e-05,3.3668149e-06,3.3773771999999995e-06,4.083655000000001e-06,5.820464e-06,7.317018099999999e-06,1.1458842599999999e-05,2.475569e-05,0.8365741,0.1503913,0.0002645896,87.17713,65.45376,6.560419e-05,6.1284,0.02254035,20.632830000000002,0.00090213715,8.2064588e-05,0.04214901,73.26735,0.00090213715,8.2064588e-05,0.005916413000000001,32.1122074,0.00090213715,8.2064588e-05,0.0030682020000000003,31.3909737,0.00090213715,8.2064588e-05,0.004020603,4.110364e-06,1.991696e-05,0.030631911,0.8924141000000001,0.009607026,-0.0005874634000000001,-0.001371934,8.924328999999999e-07,1.1712538e-05
73,1608694200,2.1380920000000003,2.1381069999999998,0.00041836601999999996,-1.651843,2.263044,1.364435,1.953998,1.790192,0.10452734999999999,1.0704574,2.046318e-05,5.222311099999999e-06,5.32119748e-06,6.2992407999999995e-06,8.662297e-06,1.08739101e-05,1.69396486e-05,3.469686e-05,0.9600804000000001,0.10858603,0.0002867774,78.56172999999998,60.7167,7.106758e-05,6.167207,0.022804829999999998,21.807280000000002,0.00064784092,5.8672507000000004e-05,0.04452093,82.8066,0.00064784092,5.8672507000000004e-05,0.005658846,23.044317,0.00064784092,5.8672507000000004e-05,0.0028466160000000006,22.249977,0.00064784092,5.8672507000000004e-05,0.004039884,4.241893e-06,2.015745e-05,0.031089487000000006,5.665258572,0.015257743,-0.0006067208,-0.0013937247999999999,1.2049721999999999e-06,1.6280799e-05
73,1608694800,3.5991619999999998,3.5991769999999996,0.00435449,-1.5830629999999999,2.952202,1.7566169999999999,2.682345,2.4534759999999998,0.08416216000000001,1.6125570000000002,2.630663e-05,1.1386823e-05,1.1797593999999999e-05,1.4061070999999997e-05,1.8949801999999998e-05,2.4352203000000002e-05,3.8170266e-05,7.691812000000002e-05,1.6756040000000003,0.1233601,0.0004107735,72.83901999999999,57.021249999999995,0.00011956121,6.440487,0.029173909999999997,36.894189999999995,0.00190096104,0.000173433019,0.05941337,145.41500000000002,0.00190096104,0.000173433019,0.006845283000000001,54.18871399999999,0.00190096104,0.000173433019,0.0041869939999999994,53.644525099999996,0.00190096104,0.000173433019,0.004121543,6.099156e-06,2.2071659999999998e-05,-0.0019080849999999997,0.79719385,0.009045174999999999,0.00017066237999999997,-0.0008195432999999998,1.0197727e-06,1.3356390000000002e-05
73,1608695400,3.444993,3.445008,0.002190814,-1.637128,2.8532379999999997,1.7306620000000001,2.571041,2.3447970000000002,0.06771158,1.501867,2.7431550000000003e-05,1.25809495e-05,1.313550486e-05,1.5311179499999997e-05,1.9960310000000003e-05,2.5368821599999997e-05,3.8558672300000006e-05,7.615098700000001e-05,1.589049,0.13286819,0.00036650819999999994,77.04434999999998,57.84836,0.00011445754,6.336747,0.02861725,35.014089999999996,0.00515932043,0.00047206565800000006,0.057719929999999996,137.36860000000001,0.00515932043,0.00047206565800000006,0.007667547999999999,93.81611000000001,0.00515932043,0.00047206565800000006,0.005052144,95.64502999999999,0.00515932043,0.00047206565800000006,0.004091941,5.688239e-06,2.158568e-05,0.038937026,1.36373313,0.010023675,6.085715999999998e-05,-0.0008679676000000001,9.024851999999999e-07,1.2870110000000001e-05
73,1608696000,3.49165,3.4916650000000002,0.0019918211,-1.671865,2.733158,1.7346039999999998,2.4394509999999996,2.297358,0.13806458,1.627815,1.836803e-05,3.4597951000000003e-06,3.2470678e-06,4.344420400000001e-06,7.802036e-06,1.0104264699999999e-05,1.7738541e-05,4.3395271e-05,1.687592,0.057784749999999996,0.00035533570000000005,76.77193,53.49682,0.00011608415,6.212061,0.02951433,36.14959,0.00251482782,0.00022961693499999998,0.05954405,147.25994,0.00251482782,0.00022961693499999998,0.006846249,54.44199999999999,0.00251482782,0.00022961693499999998,0.004162104,54.61993,0.00251482782,0.00022961693499999998,0.00414364,6.880344999999999e-06,2.270673e-05,0.021598480999999996,5.442245,0.01965432,0.0003118513,-0.0006880943000000001,1.9062549999999999e-06,2.2416839999999998e-05
73,1608696600,2.277597,2.277611,0.004052129999999999,-1.748048,2.0523640000000003,1.414088,1.8405939999999998,1.776317,0.05005536000000001,1.0193754,1.8698659999999998e-05,3.6430921e-06,3.5258826e-06,4.3064234e-06,6.368804000000001e-06,7.9211742e-06,1.26268433e-05,2.7157665e-05,1.0933465,0.04510074000000001,0.00028117859999999997,76.26179,54.04994000000001,7.572906e-05,5.967019,0.02439404,23.964279999999995,0.0010656514700000002,9.7098082e-05,0.048230920000000004,96.35373,0.0010656514700000002,9.7098082e-05,0.0055614900000000005,26.7740926,0.0010656514700000002,9.7098082e-05,0.0027759649999999996,26.402772900000002,0.0010656514700000002,9.7098082e-05,0.004005137000000001,4.248393000000001e-06,1.9922e-05,-0.0024124029999999996,1.3801161900000003,0.009356039,-0.0005088596500000001,-0.0012770180999999998,9.072645999999999e-07,1.1032183e-05
73,1608697200,2.3668229999999997,2.3668380000000004,0.003891592,-1.724186,2.12939,1.436002,1.925083,1.8414929999999998,0.06749856000000001,1.0766419,2.041363e-05,5.745193e-06,5.807270000000001e-06,6.925670999999999e-06,9.619112e-06,1.223873e-05,1.911987e-05,3.901362e-05,1.1412293999999998,0.04178031,0.0002972012,72.65485,53.69957000000001,7.865028000000001e-05,6.3200270000000005,0.02475645,24.786119999999997,0.00229066215,0.00020920824800000002,0.04920279,100.30452,0.00229066215,0.00020920824800000002,0.00621036,43.746061000000005,0.00229066215,0.00020920824800000002,0.003476652,44.07857,0.00229066215,0.00020920824800000002,0.0040143850000000005,5.093809e-06,2.055846e-05,0.010443774000000003,3.8392077299999996,0.013254993999999997,-0.00022807290000000004,-0.0010632462999999998,1.1348446e-06,1.359055e-05
73,1608697800,4.079626,4.079638999999999,0.0026413057000000003,-1.667593,2.969115,1.858382,2.6155920000000004,2.4703869999999997,0.14698309999999998,1.8955540000000002,2.0161000000000002e-05,5.853283e-06,5.5132298e-06,6.552013000000001e-06,1.0089598000000002e-05,1.2386745000000001e-05,1.9787045e-05,4.3783217000000004e-05,1.9786279999999998,0.06077995999999999,0.0002946402,72.23648,53.186659999999996,0.00013571278,5.782594999999999,0.031997689999999995,42.999919999999996,0.0015550824200000004,0.00014174380199999997,0.06434698,174.3829,0.0015550824200000004,0.00014174380199999997,0.006600156,44.528257999999994,0.0015550824200000004,0.00014174380199999997,0.003936156,43.955619,0.0015550824200000004,0.00014174380199999997,0.004195478000000001,8.34722e-06,2.3890779999999997e-05,-0.014666349,2.1704284,0.015672445,0.00077805471,-0.00033405960000000004,1.7017679e-06,1.870741e-05
73,1608698400,2.9064299999999994,2.9064439999999996,0.002395897,-1.7329640000000002,2.4473239999999996,1.6047630000000002,2.176154,2.036911,0.06775321,1.2854370000000002,2.2933090000000002e-05,8.5047516e-06,8.723452e-06,1.04248707e-05,1.4440974999999998e-05,1.8611577300000002e-05,2.9304106e-05,6.022055599999999e-05,1.3623560000000001,0.09036029,0.00033967199999999996,74.83672,56.32773999999999,9.655321e-05,6.363257,0.02744722,30.85061,0.00387862539,0.000354751527,0.05405671000000001,120.57201,0.00387862539,0.000354751527,0.006805969,70.58065100000002,0.00387862539,0.000354751527,0.004148268,71.81006,0.00387862539,0.000354751527,0.004074891,6.080214999999999e-06,2.1647949999999997e-05,0.03310779999999999,1.9634947,0.014604419999999998,9.212926e-05,-0.0008121612999999999,1.3180990000000001e-06,1.603024e-05
73,1608699000,3.637175,3.6371889999999993,0.001437136,-1.673816,2.812288,1.779317,2.567328,2.3903600000000003,0.07039066000000001,1.575448,2.7868769999999998e-05,1.5764878999999998e-05,1.4980102400000001e-05,1.6134922e-05,1.9409203000000002e-05,2.2597304e-05,3.2824786999999996e-05,6.5179667e-05,1.7186999999999997,0.09930196999999999,0.00038611220000000005,75.8684,55.556039999999996,0.00012086259,6.363422999999999,0.03024119,38.75945,0.00673864962,0.00061795334,0.06066798000000001,152.59179999999998,0.00673864962,0.00061795334,0.007870024,114.99782,0.00673864962,0.00061795334,0.0053125690000000005,118.244025,0.00673864962,0.00061795334,0.004302102,7.9409626e-05,9.498937e-05,3.7312319799999996,199.0644035,0.16515936999999997,0.00063513512,-0.0004384626,0.000344498955,0.00369603363
73,1608699600,3.427784,3.4277990000000003,0.002168444,-1.7002510000000002,2.764133,1.7355430000000003,2.455051,2.26657,0.07322696999999999,1.5344710000000001,2.1240749999999998e-05,6.4111056e-06,6.349703900000001e-06,7.6084516e-06,1.0851892e-05,1.32805695e-05,2.0641391999999997e-05,4.3526811e-05,1.6020309999999998,0.11144502,0.00029997289999999995,78.94419,56.716930000000005,0.00011393806,6.001745999999999,0.02944853,36.07772,0.0032483659499999997,0.0002969305,0.058485510000000004,141.2506,0.0032483659499999997,0.0002969305,0.007021827,68.746895,0.0032483659499999997,0.0002969305,0.004378292000000001,69.315478,0.0032483659499999997,0.0002969305,0.004099668,6.424139000000001e-06,2.2131379999999998e-05,-0.030287271000000004,4.220088,0.013638041,0.00022044345700000003,-0.0007251358000000001,1.5859591000000002e-06,1.9681e-05
73,1608700200,3.7121319999999995,3.712149,0.0018209269,-1.738315,2.713959,1.8125889999999998,2.472712,2.305834,0.09056613,1.6625109999999999,2.000922e-05,5.137758e-06,5.097662799999999e-06,6.4417883e-06,1.0346566e-05,1.3495730399999999e-05,2.3207506999999997e-05,5.2171428e-05,1.7279710000000001,0.1275782,0.0003975279,78.07530000000001,57.0139,0.000123366,6.17639,0.03092044,39.15291,0.004613886270000001,0.0004220578730000001,0.060750290000000005,152.4358,0.004613886270000001,0.0004220578730000001,0.007250779000000001,86.410609,0.004613886270000001,0.0004220578730000001,0.004636060000000001,87.802819,0.004613886270000001,0.0004220578730000001,0.004141143,7.06828e-06,2.289199e-05,0.016104010999999994,4.4589167000000005,0.017246268,0.0003961090999999999,-0.0006192910999999999,1.6342828999999998e-06,1.9122299999999998e-05
73,1608700800,3.085655,3.0856710000000005,0.0023385892000000004,-1.732159,2.648442,1.6504549999999998,2.250107,2.099203,0.08968543000000001,1.393361,1.851761e-05,3.5885818999999994e-06,3.4912538999999996e-06,4.7753186e-06,7.737381e-06,1.0130867799999999e-05,1.742239e-05,4.0427997000000005e-05,1.420758,0.12160431999999999,0.0003739938,81.65626999999999,58.09598,0.00010253309000000002,6.189931,0.028074699999999998,32.367470000000004,0.0038234897899999997,0.00034963036500000003,0.054843699999999995,124.85890000000002,0.0038234897899999997,0.00034963036500000003,0.007128733000000001,78.68833,0.0038234897899999997,0.00034963036500000003,0.004455321,79.462387,0.0038234897899999997,0.00034963036500000003,0.004117857,8.616740999999999e-06,2.4475969999999995e-05,0.030480659999999993,99.7519733,0.039783174,1.3275850000000008e-05,-0.0008994776,1.3023577e-06,1.6139649999999997e-05
73,1608701400,2.794206,2.7942210000000003,0.0071559629999999996,-1.7128419999999998,2.3814729999999997,1.570887,2.190178,2.048911,0.06500815000000001,1.236562,1.8236480000000003e-05,3.1657010000000007e-06,3.1055985e-06,3.9309628e-06,6.819228000000001e-06,8.976912e-06,1.4376918e-05,3.3783775e-05,1.3066239999999998,0.09000055000000001,0.0004005773999999999,80.4915,56.50843,9.287204e-05,6.224130000000001,0.026640570000000002,29.392600000000005,0.0015260374,0.000139082985,0.05285227,114.9878,0.0015260374,0.000139082985,0.006015492,34.451414,0.0015260374,0.000139082985,0.003330072,34.301327,0.0015260374,0.000139082985,0.0041106599999999995,6.340508e-06,2.2067399999999998e-05,-9.61110000000015e-05,4.1805867999999995,0.014025555,7.744897000000002e-05,-0.0008912301,2.0244912e-06,1.9490167e-05
73,1608702000,3.3164070000000003,3.316422,0.003024498,-1.7424130000000002,2.5738920000000003,1.714443,2.30291,2.180841,0.0732898,1.481836,2.312935e-05,8.4826706e-06,8.602532999999998e-06,1.0159302e-05,1.4243810999999999e-05,1.80198961e-05,2.8290944e-05,5.801421e-05,1.5497830000000001,0.10785680000000002,0.0004092343,78.03032999999999,56.73625,0.00011018026,6.290484,0.029544930000000004,34.78189999999999,0.0017206186300000002,0.00015692172199999999,0.05743856000000001,136.3835,0.0017206186300000002,0.00015692172199999999,0.006411011000000001,45.385973,0.0017206186300000002,0.00015692172199999999,0.0037125439999999995,44.963751,0.0017206186300000002,0.00015692172199999999,0.004086661,5.681323e-06,2.155126e-05,0.027101334000000005,2.21701739,0.014033195000000002,3.855518000000001e-05,-0.000870522,1.0902548999999998e-06,1.4646583e-05
73,1608702600,4.745686,4.7457009999999995,0.003636464,-1.720551,3.070556,2.0424270000000004,2.803773,2.61949,0.10767935000000002,2.0571539999999997,2.0741889999999998e-05,6.035418999999999e-06,5.8709802e-06,7.4484184999999995e-06,1.194812e-05,1.5378872e-05,2.6106984000000002e-05,5.913454800000001e-05,2.237212,0.13501645,0.00047648099999999995,78.04200999999999,55.73785,0.00015774579999999996,6.193172,0.03496912,49.43616,0.00432793218,0.000395707911,0.06905644999999999,196.11849999999998,0.00432793218,0.000395707911,0.007558233,87.84029,0.00432793218,0.000395707911,0.0049210600000000005,89.015638,0.00432793218,0.000395707911,0.0042135340000000005,8.103661e-06,2.400579e-05,-0.013498330000000003,1.20215326,0.014616091000000001,0.0008296295000000001,-0.00034989392999999996,1.2146222e-06,1.7594790000000002e-05
73,1608703200,4.371682,4.371696999999999,0.0035709360000000002,-1.744775,2.9293649999999998,1.974766,2.681445,2.51074,0.08702944,1.9096160000000002,2.5873170000000003e-05,1.1571374999999999e-05,1.20679751e-05,1.4510937799999996e-05,1.9978834999999998e-05,2.6287984600000002e-05,4.1549262299999996e-05,8.5568986e-05,2.0218239999999996,0.16329169999999998,0.0005009130000000001,78.15626999999999,57.52619,0.00014517349999999997,6.302047999999999,0.03362521,45.82436,0.00224108482,0.00020466313799999994,0.06579768999999999,178.0446,0.00224108482,0.00020466313799999994,0.006700035,60.53581200000001,0.00224108482,0.00020466313799999994,0.004060355,60.079648,0.00224108482,0.00020466313799999994,0.004164554000000001,7.669504e-06,2.342316e-05,-0.044202378,1.6183308699999999,0.012524455,0.0006481903000000001,-0.00045840870000000007,1.2770482e-06,1.679729e-05
73,1608703800,4.525052,4.525068999999999,0.0011051247,-1.7639040000000001,2.8577769999999996,2.010586,2.655568,2.538678,0.06805615,1.919802,2.418144e-05,9.666653e-06,9.825189e-06,1.1850171000000001e-05,1.696151e-05,2.2123411e-05,3.5279905e-05,7.416962e-05,2.075542,0.1863415,0.0004545556000000001,78.16824,58.30447,0.000150316,6.294941999999999,0.03449604,47.72194,0.0027128851000000004,0.00024769689,0.06674759,183.32239999999996,0.0027128851000000004,0.00024769689,0.0071034539999999995,65.88103,0.0027128851000000004,0.00024769689,0.004482626,65.982782,0.0027128851000000004,0.00024769689,0.004175271999999999,7.677754e-06,2.3486110000000003e-05,0.004547213999999999,0.39008015,0.010205826,0.0006946799,-0.00041180005,9.352794e-07,1.293925e-05
73,1608704400,4.819878,4.819893,0.0019909214000000002,-1.7594920000000003,3.026155,2.074741,2.7487589999999997,2.5994669999999998,0.06886951999999999,2.04461,2.5022769999999998e-05,1.0404775e-05,1.0991319e-05,1.3807749e-05,2.0878293e-05,2.7795104e-05,4.6659669999999994e-05,9.995335000000001e-05,2.2426980000000003,0.1663959,0.000604795,75.61908000000001,56.968929999999986,0.000160061,6.607887,0.03519714,50.33885,0.0032609129300000005,0.000297944691,0.06908064,196.4031,0.0032609129300000005,0.000297944691,0.0075486419999999995,86.193197,0.0032609129300000005,0.000297944691,0.004916669,86.005438,0.0032609129300000005,0.000297944691,0.004249067,1.1037381e-05,2.7144970000000003e-05,0.9466183359999999,81.99730758,0.034696573999999994,0.0007851798000000001,-0.00033473574000000004,1.60992996e-05,0.00017647717
73,1608705000,4.204083,4.204099,0.004426414000000001,-1.731061,2.913501,1.9294689999999999,2.6542559999999997,2.442638,0.14430727000000002,1.869301,2.3031399999999998e-05,8.665007800000001e-06,8.482396699999999e-06,9.8343889e-06,1.3524692000000001e-05,1.6414787799999998e-05,2.4342480999999997e-05,4.9475044e-05,1.972862,0.1287013,0.0003401927,77.16864000000001,56.27786999999999,0.0001398113,5.770945,0.03275072,44.1151,0.00580635985,0.00053135958,0.06480657,173.6257,0.00580635985,0.00053135958,0.007566455999999999,106.745371,0.00580635985,0.00053135958,0.004938757,108.84302299999999,0.00580635985,0.00053135958,0.004155933000000001,7.616702000000001e-06,2.331286e-05,-0.058683395000000006,3.3210360999999997,0.020637924,0.0005859281,-0.0005054507699999999,1.6727338999999998e-06,2.232065e-05
73,1608705600,3.199869,3.1998869999999995,0.0031398592,-1.6771360000000002,2.6551549999999997,1.673827,2.3658710000000003,2.1971160000000003,0.08695043,1.416076,2.161358e-05,6.6028932e-06,6.5906825e-06,7.848309500000002e-06,1.1342223e-05,1.4552890999999996e-05,2.2469992000000005e-05,4.7355632e-05,1.480842,0.11856420000000001,0.00040526860000000007,78.15478,57.6947,0.00010635116000000001,6.065791000000001,0.028416829999999997,33.46267,0.0032745907800000003,0.00029943614300000006,0.055988819999999995,129.92267999999999,0.0032745907800000003,0.00029943614300000006,0.006641096000000001,65.775727,0.0032745907800000003,0.00029943614300000006,0.003968365,66.51243500000001,0.0032745907800000003,0.00029943614300000006,0.00408944,6.120305999999999e-06,2.187138e-05,-0.0067398119999999995,2.59419267,0.014139473999999999,7.393737999999999e-05,-0.0008943563999999999,1.2792543e-06,1.7215739999999998e-05
73,1608706200,3.2980869999999998,3.2981050000000005,0.005423186,-1.7006410000000003,2.667568,1.7046010000000003,2.40161,2.235256,0.059113589999999994,1.444093,1.7861970000000004e-05,2.9815894e-06,2.7624788899999997e-06,3.7190465999999995e-06,6.6919749999999996e-06,8.5581257e-06,1.5016428299999997e-05,3.681163500000001e-05,1.5520749999999999,0.09648516,0.00040699080000000003,79.50473000000001,55.90518999999999,0.00010964389,5.786043000000001,0.028780170000000004,34.38488,0.00576550391,0.000527637949,0.057571149999999995,136.1392,0.00576550391,0.000527637949,0.007698303999999999,101.35787,0.00576550391,0.000527637949,0.005057918,103.53476,0.00576550391,0.000527637949,0.004094369999999999,5.925371000000001e-06,2.179784e-05,0.008526420000000002,2.03298945,0.014776781999999999,9.195279999999999e-05,-0.0008591779999999998,1.1579988e-06,1.652491e-05
73,1608706800,3.144442,3.144457,0.004795671,-1.7206,2.5732539999999995,1.6688669999999999,2.315995,2.142854,0.058976890000000004,1.3547280000000002,1.997681e-05,4.7215181e-06,4.7501985e-06,5.8711738e-06,9.095032000000001e-06,1.17065513e-05,1.9709824e-05,4.3168422000000005e-05,1.4478370000000003,0.12383426999999998,0.00044589409999999994,80.14425000000001,58.08016,0.00010447832,6.280471,0.0281266,32.59087000000001,0.00194957743,0.000177884963,0.055426909999999996,126.54474,0.00194957743,0.000177884963,0.006334152,44.225202,0.00194957743,0.000177884963,0.0036565230000000005,44.19884900000001,0.00194957743,0.000177884963,0.004082456,5.391382e-06,2.1369890000000003e-05,0.016769992,2.15360902,0.012103515,-6.815735099999998e-05,-0.0009600807999999999,1.0235961e-06,1.3956409999999998e-05
73,1608707400,2.6003169999999995,2.600335,0.006668905,-1.5926519999999997,2.503726,1.502497,2.3099199999999995,2.08004,0.040954569999999996,1.1246645,2.128806e-05,6.3145799e-06,6.4899171e-06,7.703362799999999e-06,1.0556695999999999e-05,1.3472534e-05,2.1421695999999998e-05,4.2921590000000005e-05,1.1677970000000002,0.13181749999999998,0.0004302279,82.67062000000001,60.243449999999996,8.635737999999999e-05,6.335673,0.02511888,27.336420000000004,0.0038966402,0.00035637023999999997,0.04998913000000001,102.78914,0.0038966402,0.00035637023999999997,0.0069216899999999994,72.06414500000001,0.0038966402,0.00035637023999999997,0.0042063380000000004,73.26788099999999,0.0038966402,0.00035637023999999997,0.004060975999999999,5.172902e-06,2.108613e-05,1.3778541156,61.41760809,0.025103279,-0.00036009299999999997,-0.001219959,3.1219109999999994e-06,3.7425240000000005e-05
73,1608708000,3.0764899999999997,3.0765059999999997,0.003597194,-1.7389759999999999,2.4965640000000002,1.6500880000000002,2.215604,2.08574,0.09617171,1.388737,1.938806e-05,3.987958999999999e-06,3.9191943e-06,4.838153e-06,7.5460220000000004e-06,9.232869999999999e-06,1.5218475999999998e-05,3.4254675e-05,1.4211040000000001,0.1166625,0.0003935076,80.49421,57.84862999999999,0.00010226802,6.1146460000000005,0.02814845,32.37409,0.0034107362099999997,0.000311988103,0.054982430000000006,125.23098999999999,0.0034107362099999997,0.000311988103,0.006585532999999999,67.449863,0.0034107362099999997,0.000311988103,0.0038689349999999996,68.36416100000001,0.0034107362099999997,0.000311988103,0.004104263000000001,5.828928e-06,2.183457e-05,0.011222046000000001,2.0576038599999995,0.014204089999999999,-4.538699999999995e-06,-0.0008818836,1.2841329e-06,1.7458289999999998e-05
73,1608708600,2.2812599999999996,2.281278,0.0012009443,-1.688532,2.242306,1.4197099999999998,1.993037,1.826794,0.05888057,1.0243343000000003,1.9764980000000003e-05,4.3630911e-06,4.4617585e-06,5.4440395999999995e-06,7.824643999999998e-06,9.9700475e-06,1.6119506000000004e-05,3.4111828e-05,1.0165315,0.12365949999999999,0.0003540867,81.02779,61.17990999999999,7.578656000000001e-05,6.264067,0.0242006,23.970800000000004,0.003977177110000001,0.000363835892,0.04647951,89.40516,0.003977177110000001,0.000363835892,0.006710253999999999,69.82256500000001,0.003977177110000001,0.000363835892,0.003906341,71.26995300000002,0.003977177110000001,0.000363835892,0.004070810999999999,4.793443e-06,2.0835939999999998e-05,0.021774230999999998,6.12725822,0.013781104999999998,-0.00042445009999999997,-0.0012334244999999998,1.1298711000000002e-06,1.4593087e-05
73,1608709200,2.0692700000000004,2.069285,0.0024700200000000003,-1.692574,2.1199389999999996,1.351695,1.92677,1.743916,0.03709435,0.8923969000000002,2.0758620000000003e-05,5.725294099999999e-06,5.880299980000001e-06,7.026153e-06,9.540565e-06,1.2325643600000002e-05,1.9250773399999998e-05,3.8986634e-05,0.8989608,0.1352188,0.0003511011,83.25951,63.697720000000004,6.871818e-05,6.316574,0.0227838,21.76455,0.0030510324,0.000278925104,0.04362938,79.16639,0.0030510324,0.000278925104,0.006545924999999999,60.214183000000006,0.0030510324,0.000278925104,0.0037221520000000003,60.844702000000005,0.0030510324,0.000278925104,0.004020803000000001,4.087207e-06,1.988742e-05,0.016056429000000004,0.9275848,0.008659169000000001,-0.0005888204,-0.001379404,8.763685000000001e-07,1.1733387e-05
73,1608709800,1.9473139999999998,1.947332,-0.00134802751,-1.504817,2.311158,1.286682,2.0219500000000004,1.8043669999999998,0.06902978000000001,0.8983671000000001,1.9937250000000003e-05,4.775771999999999e-06,4.8845364e-06,5.768778399999999e-06,7.6928845e-06,9.8872455e-06,1.5226906999999997e-05,3.0529770000000005e-05,0.8198006000000001,0.15347910000000003,0.0002940089,87.39436,66.15413,6.468033000000001e-05,6.2383690000000005,0.02143122,20.55306,0.0018093643999999999,0.00016511511000000002,0.0416457,72.25371000000001,0.0018093643999999999,0.00016511511000000002,0.006273882,39.960679000000006,0.0018093643999999999,0.00016511511000000002,0.003464793,39.967389000000004,0.0018093643999999999,0.00016511511000000002,0.00401201,3.901883e-06,1.961526e-05,-0.005250096999999998,2.8495454000000007,0.011951582999999998,-0.000731509,-0.001520137,1.0239292e-06,1.3748801999999998e-05
73,1608710400,1.856799,1.8568149999999999,0.0035074414999999998,-1.612512,2.1034759999999997,1.2695982000000001,1.87757,1.6923530000000002,0.038618219999999995,0.8293279,1.9239470000000002e-05,3.9835602e-06,4.0643075e-06,4.9358447e-06,7.059433000000001e-06,9.452365600000002e-06,1.5375066e-05,3.1843261e-05,0.8101609,0.11781320000000002,0.00034514130000000003,85.15782,63.200300000000006,6.164406e-05,6.491041,0.021380520000000004,19.540100000000002,0.00306820779,0.000280549309,0.041383569999999995,71.17426,0.00306820779,0.000280549309,0.006276022000000001,59.208361000000004,0.00306820779,0.000280549309,0.003430014,59.937698999999995,0.00306820779,0.000280549309,0.004004362,3.90958e-06,1.960076e-05,-0.0008068039999999998,4.260696999999999,0.011765388,-0.0007319036,-0.001491175,1.1216944000000002e-06,1.4397917e-05
73,1608711000,1.687689,1.687707,0.006845512999999999,-1.4213531000000001,2.246957,1.187845,1.926695,1.6983519999999999,0.07265013000000001,0.8127269,1.7668860000000003e-05,2.5584838000000003e-06,2.5824184000000003e-06,3.1654791000000004e-06,4.767735e-06,6.0391318000000005e-06,9.843722000000002e-06,2.1493059999999996e-05,0.7106650000000001,0.13281230000000002,0.0003151252,88.76160999999999,66.09299000000001,5.603346e-05,6.374274,0.01981598,17.900740000000003,0.0017694088199999996,0.000161511765,0.03886575,62.77138000000001,0.0017694088199999996,0.000161511765,0.0060393009999999995,38.582368,0.0017694088199999996,0.000161511765,0.003161804,38.55746,0.0017694088199999996,0.000161511765,0.004008765,3.892791e-06,1.9564880000000005e-05,-0.039600091,18.028989399999997,0.019948562000000003,-0.0008186716,-0.0015987190000000002,1.9755924999999997e-06,2.5239529999999997e-05
73,1608711600,1.775903,1.7759190000000005,0.006073502,-1.3813,2.284456,1.2077966,1.996222,1.749804,0.05751531,0.8282827999999999,1.872787e-05,3.2807382e-06,3.4113789999999997e-06,4.1333638e-06,5.8165718e-06,7.5936738000000005e-06,1.19223454e-05,2.5108439999999998e-05,0.7307151000000001,0.1568677,0.000303404,89.81674,69.12805000000002,5.898972000000001e-05,6.272017,0.0200906,18.66696,0.00109967042,0.00010029132630000003,0.0389828,64.19396,0.00109967042,0.00010029132630000003,0.00546373,26.621471000000003,0.00109967042,0.00010029132630000003,0.0025810319999999996,26.444062600000002,0.00109967042,0.00010029132630000003,0.004027494,4.496616e-06,2.012352e-05,0.027168084999999998,19.8290565,0.018685674,-0.00069606789,-0.0014976128,2.1315174e-06,2.2953261000000003e-05
73,1608712200,3.467933,3.4679510000000002,0.0032646420000000003,-1.631592,2.836437,1.7264469999999998,2.575315,2.3271330000000003,0.07661718,1.5326549999999999,2.092841e-05,6.2292985e-06,6.1540351000000006e-06,7.5492172e-06,1.0914304999999998e-05,1.3835533e-05,2.227439e-05,4.7201841999999994e-05,1.573635,0.1598711,0.0003405155,82.25872999999999,60.007889999999996,0.00011525138,6.093577000000001,0.02912978,36.84034,0.00093808602,8.529755200000001e-05,0.057550689999999995,139.52269,0.00093808602,8.529755200000001e-05,0.006221938000000001,36.695325000000004,0.00093808602,8.529755200000001e-05,0.0035394850000000006,35.782521,0.00093808602,8.529755200000001e-05,0.004085031,5.856193e-06,2.1576730000000002e-05,-0.003745649000000001,0.69119433,0.008926524,0.0001088961,-0.0008513148000000002,9.13319e-07,1.2801973e-05
73,1608712800,4.005245,4.00526,0.0013164714,-1.6694480000000003,3.008454,1.872626,2.715983,2.4713249999999998,0.10402297,1.7744199999999999,2.52597e-05,1.0934968e-05,1.12125592e-05,1.31564897e-05,1.7856939e-05,2.2459666999999997e-05,3.4382604e-05,6.940983e-05,1.8546070000000001,0.1474849,0.00034193849999999997,78.17959,57.510149999999996,0.00013307389999999997,6.330672,0.03142251,41.74220999999999,0.00541576929,0.000495601197,0.06268963000000001,162.54759999999996,0.00541576929,0.000495601197,0.007526705,100.204807,0.00541576929,0.000495601197,0.004910092,101.85032919999999,0.00541576929,0.000495601197,0.004129545,7.061726999999999e-06,2.2714169999999998e-05,-0.016667687000000004,3.232096207,0.014496135000000002,0.0005057924,-0.0005489565,1.3257213e-06,1.681579e-05
73,1608713400,5.3813450000000005,5.381362,-1.2237391000000011e-05,-1.676186,3.35429,2.161507,3.0759199999999995,2.8674500000000007,0.13675357,2.352816,2.4776269999999996e-05,1.0598303e-05,1.0616329e-05,1.2719006099999998e-05,1.8329146e-05,2.23765644e-05,3.5538118e-05,7.6014026e-05,2.567488,0.12261839999999999,0.00037049800000000003,75.53943999999998,54.682089999999995,0.0001789287,5.859416,0.03671965,56.60803000000001,0.006840926709999999,0.000626111911,0.07393486,226.3533,0.006840926709999999,0.000626111911,0.008445908999999998,135.60305200000002,0.006840926709999999,0.000626111911,0.005833512000000001,137.750618,0.006840926709999999,0.000626111911,0.00422061,8.669981000000001e-06,2.4287e-05,-0.00023327100000000053,1.48288203,0.015895814,0.0010835611,-0.0001078397,1.3025954e-06,1.813758e-05
73,1608714000,3.9911790000000003,3.991194,-0.0005722273,-1.7259540000000002,2.817085,1.8801189999999999,2.554766,2.402211,0.08789415999999999,1.7719849999999997,2.346778e-05,9.051633e-06,9.323576399999999e-06,1.1250642000000002e-05,1.5928516e-05,2.0431845e-05,3.2839666e-05,6.922008000000001e-05,1.8761189999999999,0.1188949,0.0003997959000000001,78.23347999999999,56.04269999999999,0.0001325896,6.370934999999999,0.0321343,41.898489999999995,0.0031099658099999995,0.00028434489800000006,0.06340029999999999,165.3295,0.0031099658099999995,0.00028434489800000006,0.006706103999999999,67.150457,0.0031099658099999995,0.00028434489800000006,0.0040769199999999995,67.4775259,0.0031099658099999995,0.00028434489800000006,0.004091786,6.477128e-06,2.204448e-05,0.036722257,2.48846406,0.015266832999999999,0.0004048541,-0.0006075738,1.2120496e-06,1.693555e-05
73,1608714600,3.2296360000000006,3.2296500000000004,-0.0021559908000000003,-1.572829,2.758058,1.651893,2.4996400000000003,2.2856940000000003,0.08727702999999999,1.4544647999999998,1.803103e-05,3.6135878999999997e-06,3.6161987e-06,4.934483e-06,8.314123e-06,1.1284508999999998e-05,2.0415675000000003e-05,4.7430850000000003e-05,1.517104,0.09723566000000002,0.0003746562,77.15347,56.247550000000004,0.00010729334,6.368473,0.028321560000000003,34.069069999999996,0.00289085582,0.0002641894860000001,0.05674059,133.94700000000003,0.00289085582,0.0002641894860000001,0.006653615,59.80537200000001,0.00289085582,0.0002641894860000001,0.004025256,60.47638499999999,0.00289085582,0.0002641894860000001,0.004048403,5.903126000000001e-06,2.127214e-05,-0.094268303,10.099380136,0.019984398,9.6693067e-05,-0.0009192202,1.6045657999999999e-06,2.0644899999999996e-05
73,1608715200,2.712997,2.7130140000000003,-0.0030033407999999996,-1.683173,2.430747,1.539319,2.149454,2.003462,0.08955957,1.2493383000000002,1.940401e-05,4.5479748e-06,4.360577e-06,5.2087469e-06,7.485582000000001e-06,8.921577600000001e-06,1.3891797800000001e-05,2.9271612e-05,1.2638462000000001,0.09232641999999999,0.000248906,81.63291,56.990959999999994,9.02285e-05,5.946809,0.026731700000000004,28.431079999999998,0.00324049463,0.000296291297,0.05175166,111.07779000000001,0.00324049463,0.000296291297,0.006466365,59.68709700000001,0.00324049463,0.000296291297,0.003767834,60.49160400000001,0.00324049463,0.000296291297,0.004007393,4.886571e-06,2.033235e-05,-0.19825831,5.4823502,0.010834640000000001,-0.00021127994,-0.0011054704000000002,1.2707538e-06,1.7156136999999998e-05
73,1608715800,1.1117116,1.1117269,-0.020442234,-1.410028,1.8147559999999998,0.9271472000000001,1.5058209999999999,1.3282165000000001,0.06423702,0.5550081,1.913517e-05,4.0885706e-06,4.296673e-06,5.1136112999999995e-06,6.8220300000000005e-06,8.739651999999999e-06,1.3336628999999998e-05,2.5814588e-05,0.5100889,0.04545081,0.0002433419,81.39344,59.992689999999996,3.691084e-05,6.608239,0.016549190000000002,11.748954000000001,0.0022493585,0.00020552038600000003,0.0317111,44.91627999999999,0.0022493585,0.00020552038600000003,0.006038326,41.347867,0.0022493585,0.00020552038600000003,0.002968736,41.835627,0.0022493585,0.00020552038600000003,0.004011262,4.819106000000001e-06,2.0357529999999998e-05,-0.11268813999999998,60.5656418,0.02778808,-0.0009483689999999999,-0.001690788,5.0840646e-06,5.5793506e-05
73,1608716400,0.6828877,0.6829042000000001,-0.033386210000000006,-1.1449006,1.5045089999999999,0.7102658,1.2722639999999998,1.1489225,0.02560088,0.3327835,1.6624200000000003e-05,1.1570813e-06,1.1962324999999998e-06,1.5334546999999998e-06,2.2910301e-06,2.8023713999999996e-06,4.509070099999999e-06,1.0084116000000001e-05,0.31430870000000005,0.02692866,0.0001815386,82.30699999999999,58.679689999999994,2.268971e-05,6.423104,0.01303639,7.195303,0.0009881629200000001,8.998374740000001e-05,0.025569149999999995,27.587349999999997,0.0009881629200000001,8.998374740000001e-05,0.0053369409999999996,17.8663216,0.0009881629200000001,8.998374740000001e-05,0.0021003133,17.8250111,0.0009881629200000001,8.998374740000001e-05,0.00396698,2.5107289999999997e-06,1.8101230000000004e-05,0.03438385,4.4131687,0.009145684,-0.0013444860000000002,-0.002037606,8.843287e-07,1.1966978e-05
73,1608717000,1.402428,1.4024440000000002,-0.02321808,-1.350768,2.007624,1.0553723,1.751941,1.608011,0.05437356,0.65723,1.668721e-05,1.5829413e-06,1.4940113000000001e-06,1.9044480000000002e-06,3.120114e-06,3.8714444e-06,6.373971999999999e-06,1.4961122000000003e-05,0.6686523,0.032325599999999996,0.0002016745,78.55802999999999,54.68533,4.663121e-05,6.190511000000001,0.018994959999999998,14.69125,0.0009417721,8.563135e-05,0.03769353,58.694370000000006,0.0009417721,8.563135e-05,0.005735857,24.922000000000004,0.0009417721,8.563135e-05,0.0027906840000000003,24.530487,0.0009417721,8.563135e-05,0.00397828,3.4439370000000006e-06,1.8947499999999998e-05,0.03766368299999999,4.8023161,0.011273992,-0.0008997015999999998,-0.0016797659999999999,1.0552996000000001e-06,1.3467621e-05
73,1608717600,0.9509103,0.9509253,-0.013895319,-1.372757,1.709301,0.8724837000000001,1.4283450000000002,1.2946524,0.04803370999999999,0.47034190000000003,1.7078959999999994e-05,1.8553912000000001e-06,1.9114888e-06,2.5052494999999997e-06,3.646979e-06,4.845720999999999e-06,8.100155000000001e-06,1.7655192e-05,0.4446255,0.03056089,0.00022588479999999996,79.58623,56.69829,3.15834e-05,6.685795000000001,0.01579278,10.229002000000001,0.0008280199899999999,7.529988980000001e-05,0.030677569999999998,39.54337,0.0008280199899999999,7.529988980000001e-05,0.005301243999999999,16.787505999999997,0.0008280199899999999,7.529988980000001e-05,0.002170143,16.598267999999997,0.0008280199899999999,7.529988980000001e-05,0.0039830690000000005,3.352349e-06,1.8915289999999998e-05,0.081280732,15.127134800000002,0.016406889,-0.0010726566,-0.0017785659999999999,1.4832971000000001e-06,1.8357263e-05
73,1608718200,1.6053749,1.6053915,-0.006739305000000001,-1.663802,1.85953,1.1456792999999998,1.6033632999999998,1.5228096,0.05723254999999999,0.7279876,1.754899e-05,2.4744971e-06,2.4230537e-06,2.953342e-06,4.531917e-06,5.4951867e-06,8.823321000000002e-06,1.9811325e-05,0.7842998999999999,0.018180339999999996,0.00015814336999999998,73.724,53.04689,5.33987e-05,6.138471999999999,0.019753319999999998,17.07449,0.0014095315300000002,0.00012850798900000001,0.03990857,69.54603999999999,0.0014095315300000002,0.00012850798900000001,0.005807589,30.743132999999993,0.0014095315300000002,0.00012850798900000001,0.002877698,30.655583,0.0014095315300000002,0.00012850798900000001,0.003971897,3.465888e-06,1.89579e-05,0.110943714,6.9036144,0.007646719000000001,-0.0008614636,-0.001601101,8.513802999999999e-07,1.1012822000000001e-05
73,1608718800,2.3344259999999997,2.33444,-0.0030653828000000004,-1.578914,2.2844950000000006,1.396416,2.0738140000000005,1.971474,0.059631500000000004,1.044048,1.921259e-05,4.2003593e-06,4.17536287e-06,5.0860898e-06,7.588658000000001e-06,9.267229000000001e-06,1.50255586e-05,3.1912086e-05,1.1413252,0.02558551,0.00021738420000000006,72.71910000000001,52.369330000000005,7.762122e-05,6.013923,0.024102580000000002,24.875819999999997,0.00224840887,0.00020535649029999997,0.04941695,101.28450000000001,0.00224840887,0.00020535649029999997,0.006367447,42.713583,0.00224840887,0.00020535649029999997,0.0036039009999999996,43.104822,0.00224840887,0.00020535649029999997,0.004015858,4.367305e-06,2.00279e-05,0.017072378,2.6921168,0.007945304,-0.0004209903,-0.0012913310000000002,8.745480999999999e-07,1.1508772e-05
73,1608719400,1.9087489999999998,1.9087649999999996,0.0043800117,-1.6238419999999998,2.156766,1.2837450000000001,1.879031,1.7328540000000001,0.059593570000000005,0.8935704,1.716376e-05,2.1529133e-06,2.0238405e-06,2.5232466000000003e-06,4.005768000000001e-06,4.6724813e-06,7.6704e-06,1.7973934e-05,0.9109273,0.043143310000000004,0.0002600252,80.02558,54.588589999999996,6.348439999999999e-05,6.1114299999999995,0.02193279,20.34543,0.00176077411,0.000160741025,0.044290380000000004,80.88969999999999,0.00176077411,0.000160741025,0.005954582000000001,37.681667999999995,0.00176077411,0.000160741025,0.003122811,37.665368,0.00176077411,0.000160741025,0.003990372,3.8806100000000004e-06,1.9437050000000004e-05,0.004739907000000001,4.0432743,0.012586910999999998,-0.0007049962999999999,-0.0014757779999999999,1.0695977e-06,1.4195520999999997e-05
73,1608720000,2.8809560000000003,2.880973,0.006074624000000001,-1.6223079999999999,2.5407780000000004,1.5701820000000002,2.33557,2.184968,0.05535968,1.252507,2.065051e-05,5.868729000000001e-06,5.8935601e-06,7.083699400000001e-06,1.0294796e-05,1.2847078099999999e-05,2.0378870000000004e-05,4.3410226999999994e-05,1.383714,0.056336989999999997,0.00031684669999999994,74.93878000000001,54.020410000000005,9.576092e-05,6.183984,0.02667722,30.26259,0.0027251788,0.000248993958,0.05437202,121.94124000000002,0.0027251788,0.000248993958,0.006583968,53.61353799999999,0.0027251788,0.000248993958,0.003901656,54.13055199999999,0.0027251788,0.000248993958,0.004011396,4.597101e-06,2.017914e-05,0.009045465999999999,0.8871163,0.008360645000000002,-0.00029125376,-0.001134211,8.523087000000001e-07,1.2043991e-05
73,1608720600,3.3167389999999997,3.316757,0.007609560999999999,-1.6487829999999999,2.6248180000000003,1.690878,2.45145,2.30752,0.051671480000000006,1.435178,2.8392419999999997e-05,1.4423953e-05,1.5146477500000002e-05,1.7901373000000004e-05,2.3063004000000004e-05,2.9447162000000004e-05,4.4772015999999995e-05,8.633141e-05,1.604383,0.053351840000000005,0.0003860517,69.4879,53.253060000000005,0.00011014317999999998,6.3784790000000005,0.028950769999999997,35.15841999999999,0.0035803086999999997,0.00032731841,0.05875045000000001,142.09919999999997,0.0035803086999999997,0.00032731841,0.007012698,73.07556600000001,0.0035803086999999997,0.00032731841,0.004375152,73.955047,0.0035803086999999997,0.00032731841,0.004053323,6.419284999999999e-06,2.184155e-05,-0.041136392,42.26977933,0.017605420000000004,0.00012481689,-0.0007505349,2.6410703999999998e-06,3.0746039999999996e-05
73,1608721200,2.814448,2.814464,0.010824763999999999,-1.649719,2.526751,1.5598699999999999,2.279884,2.119341,0.06708841,1.2469423,1.901597e-05,4.3412165e-06,4.160999600000001e-06,7.105245000000002e-06,7.364483999999999e-06,8.7402189e-06,1.37725676e-05,3.0179074e-05,1.3475899999999998,0.05932025,0.00023426939999999998,74.82548,54.33943000000001,9.362614e-05,5.760838000000001,0.02622872,29.022220000000004,0.00227513068,0.000207736548,0.053371590000000003,117.47792,0.00227513068,0.000207736548,0.006619691999999999,54.082821,0.00227513068,0.000207736548,0.00394046,54.053233,0.00227513068,0.000207736548,0.004194634,8.939385e-06,2.458798e-05,-0.017564044999999997,0.7994814000000001,0.009907911,0.0006721683,-0.00016653961,1.5980045e-06,1.564611e-05
73,1608721800,3.339595,3.339612,0.014091360000000002,-1.5360359999999997,2.836549,1.6734149999999999,2.6110909999999996,2.4326250000000003,0.061811859999999996,1.450655,2.3317919999999997e-05,8.9332032e-06,9.12562878e-06,1.2793900600000001e-05,1.5129151e-05,1.90694682e-05,2.9432813799999996e-05,6.0491662999999994e-05,1.609594,0.05965467,0.000384779,73.70693,53.651970000000006,0.00011100232999999997,6.0580549999999995,0.028270530000000006,34.626689999999996,0.0028202058300000007,0.00025766269100000003,0.05850221,140.6988,0.0028202058300000007,0.00025766269100000003,0.006997925,62.982063,0.0028202058300000007,0.00025766269100000003,0.004368459999999999,63.274797,0.0028202058300000007,0.00025766269100000003,0.004218058,9.480525e-06,2.5019369999999998e-05,-0.2927990880000001,7.48308883,0.013404471000000001,0.0008702741,-4.24108e-05,1.8898317000000001e-06,1.8268089999999998e-05
73,1608722400,3.3174119999999996,3.3174289999999997,0.018634809999999998,-1.2842,3.017642,1.602672,2.783747,2.572541,0.07337463,1.4433289999999999,1.7559620000000002e-05,2.6931215999999997e-06,2.4363118e-06,5.0256915e-06,6.1158450000000006e-06,7.685641400000002e-06,1.3880987e-05,3.3887852999999996e-05,1.6031959999999998,0.055095929999999994,0.00034226920000000004,75.21835000000002,53.4029,0.00011029967,5.893709,0.02761939,34.74822,0.00357901198,0.0003272210859999999,0.058524339999999994,140.92569999999998,0.00357901198,0.0003272210859999999,0.007226944000000001,70.30893,0.00357901198,0.0003272210859999999,0.004580827000000001,71.24737999999999,0.00357901198,0.0003272210859999999,0.004229377,8.83743e-06,2.4589100000000005e-05,-0.535994447,16.196499359999997,0.013642837,0.0007782043799999999,-0.000294856854,1.9720016000000002e-06,1.8282540000000003e-05
73,1608723000,4.383946,4.383961,0.007570838000000001,-1.536769,3.2387120000000005,1.9070829999999996,2.916691,2.7418970000000003,0.05832872,1.854355,2.27132e-05,8.171782000000001e-06,8.251124800000002e-06,1.0273677e-05,1.5786357e-05,2.0386282000000002e-05,3.3025942e-05,7.28504e-05,2.13781,0.05361251,0.00037407779999999995,71.42224,52.6102,0.00014569700000000002,6.423900999999999,0.03260048,45.993779999999994,0.0027398812999999997,0.00025024318099999996,0.06738685999999999,188.3238,0.0027398812999999997,0.00025024318099999996,0.007117666,63.240219,0.0027398812999999997,0.00025024318099999996,0.004461992999999999,63.243261,0.0027398812999999997,0.00025024318099999996,0.004169618,8.497793999999999e-06,2.438568e-05,-0.00013588690000000022,62.25337510000001,0.028022062000000004,0.00043685124999999996,-0.0006949653,1.08786468e-05,0.00012159458500000001
73,1608723600,4.710054,4.710068999999999,0.0014112971299999999,-1.572681,3.2267470000000005,1.9943319999999995,3.0291170000000003,2.843749,0.07265363,2.00766,2.659852e-05,1.2469835e-05,1.27246151e-05,1.49672586e-05,2.0538198e-05,2.56974311e-05,3.99506578e-05,8.035279300000001e-05,2.292312,0.062144750000000006,0.00035050472,70.68402,52.6896,0.0001566175,5.871174000000001,0.03385718,48.91994000000001,0.00192693668,0.000175654541,0.06996820000000001,200.91310000000001,0.00192693668,0.000175654541,0.007171817,52.30065800000001,0.00192693668,0.000175654541,0.00451005,51.84054,0.00192693668,0.000175654541,0.004180744,7.096468e-06,2.306156e-05,0.005370194900000001,1.1413134,0.012693271,0.0005787664,-0.0005493691,1.0742648999999998e-06,1.618182e-05
73,1608724200,4.391714,4.391729,0.0034454256000000004,-1.5813830000000002,3.142821,1.9310380000000003,2.94039,2.7362330000000004,0.07809669,1.884969,2.634692e-05,1.2177533e-05,1.2428239499999999e-05,1.4929882200000001e-05,2.113369e-05,2.7501585e-05,4.4118652e-05,9.189489e-05,2.1239099999999995,0.07110395,0.0006058515,72.74837,53.30486,0.0001459037,6.413473999999999,0.03284386,46.15337,0.006152546,0.00056297121,0.0674244,187.1051,0.006152546,0.00056297121,0.008307259,119.40839000000001,0.006152546,0.00056297121,0.005702176999999999,121.41134000000002,0.006152546,0.00056297121,0.0041395979999999995,6.850220000000001e-06,2.259091e-05,0.090638583,5.229058100000001,0.015324982000000001,0.00045911903999999997,-0.0006263300999999998,1.8654157000000004e-06,2.308287e-05
73,1608724800,3.765577999999999,3.765593,0.009550162,-1.570915,3.0016290000000003,1.7863300000000002,2.732633,2.549589,0.06331665,1.63536,2.1836530000000002e-05,7.398608499999999e-06,7.382294679999999e-06,8.807534e-06,1.2898324e-05,1.60690925e-05,2.5426116900000002e-05,5.4669047e-05,1.80595,0.07627367,0.0004248218000000001,74.367,54.12584,0.00012516239999999998,6.037364999999999,0.03046758,39.94363,0.00552290723,0.0005054044650000001,0.06232711,159.8579,0.00552290723,0.0005054044650000001,0.007865067,103.47384,0.00552290723,0.0005054044650000001,0.005250681,105.26746,0.00552290723,0.0005054044650000001,0.004073944,6.024302e-06,2.15705e-05,0.0008491600000000016,5.8678172,0.015296727999999999,0.000163221265,-0.0008334347000000001,1.0762255000000001e-06,1.4461809999999998e-05
73,1608725400,3.8383639999999994,3.8383820000000006,0.004390212,-1.5161849999999997,3.017942,1.792446,2.817723,2.625041,0.03919137,1.6059990000000002,2.164339e-05,7.11927e-06,7.0740974999999996e-06,8.495714e-06,1.2336252e-05,1.5303813e-05,2.4401638e-05,5.2690056999999995e-05,1.847736,0.07095145,0.0003618769,75.07556,53.74099,0.0001276298,6.111541999999999,0.03031334,40.09196000000001,0.00440097255,0.000402512937,0.06290649000000001,162.4362,0.00440097255,0.000402512937,0.007676718000000001,89.60117999999997,0.00440097255,0.000402512937,0.005066301,90.59356,0.00440097255,0.000402512937,0.004086561,5.823005e-06,2.1494509999999996e-05,0.0095718248,0.4418329,0.0072792510000000005,0.0001967183,-0.0008745252,8.195818e-07,1.1291989999999999e-05
73,1608726000,3.5438940000000003,3.5439080000000005,0.002968777,-1.500257,2.96293,1.715633,2.7047689999999998,2.5164400000000002,0.06926416999999999,1.541558,2.069135e-05,6.2458577e-06,6.201876e-06,7.604635999999999e-06,1.1117262e-05,1.40861827e-05,2.27921532e-05,4.9988636000000017e-05,1.7004819999999998,0.07102734000000001,0.0003145919,74.66432999999999,54.04434,0.00011780240000000002,6.055829999999999,0.029212669999999996,37.42118,0.0053257573,0.00048728074,0.0604229,150.2822,0.0053257573,0.00048728074,0.007781015,101.515524,0.0053257573,0.00048728074,0.0051564819999999996,103.20263600000001,0.0053257573,0.00048728074,0.004057975,5.565519e-06,2.1088480000000002e-05,-0.027449394999999998,2.428502,0.011724891999999999,0.00011261189900000001,-0.0009672903999999999,1.0810332e-06,1.4815200000000003e-05
73,1608726600,3.4901809999999998,3.4901979999999995,0.00047076953,-1.4778419999999999,2.9172889999999994,1.7019189999999997,2.710246,2.516815,0.04631672999999999,1.479124,2.2654320000000002e-05,8.2271599e-06,8.410523600000001e-06,9.984127900000002e-06,1.4464741000000001e-05,1.8163247599999997e-05,2.8942743700000002e-05,6.0519299999999995e-05,1.671849,0.07277196,0.00031226349999999997,74.09738,54.217099999999995,0.0001159932,6.2030009999999995,0.028880430000000002,36.78986,0.0032136142999999997,0.0002936742,0.059887499999999996,147.4665,0.0032136142999999997,0.0002936742,0.007074729,63.75591999999999,0.0032136142999999997,0.0002936742,0.00444525,64.38386,0.0032136142999999997,0.0002936742,0.004056677,5.396412e-06,2.096065e-05,0.017056151999999998,0.702998,0.008432497,4.153952e-05,-0.0010238349,8.183805e-07,1.1610894000000001e-05
73,1608727200,4.183109999999999,4.183125,-0.0016869266999999996,-1.6142969999999999,2.981339,1.8878580000000003,2.779924,2.632731,0.06352497000000001,1.787649,2.1235480000000002e-05,7.282322000000001e-06,7.290427000000001e-06,8.937041e-06,1.3434308e-05,1.7195131999999998e-05,2.8296293000000003e-05,6.20486e-05,2.030688,0.06037940000000001,0.00033655990000000004,72.20268000000002,52.92929,0.00013902750000000002,6.18133,0.032129609999999996,43.68642,0.0044548437599999996,0.00040741534799999997,0.06589835000000001,178.42469999999997,0.0044548437599999996,0.00040741534799999997,0.007549454,86.066544,0.0044548437599999996,0.00040741534799999997,0.004964855999999999,87.215023,0.0044548437599999996,0.00040741534799999997,0.0040724459999999995,6.339552999999999e-06,2.17195e-05,0.028642975999999997,0.9227531000000001,0.009431704999999999,0.00044261499999999994,-0.0006284836,9.013346999999999e-07,1.2663780000000001e-05
73,1608727800,3.442265999999999,3.442282,0.0008893939599999999,-1.652745,2.678069,1.721962,2.468851,2.336359,0.05757131,1.4763560000000002,2.2655680000000003e-05,8.0013322e-06,8.14782161e-06,9.746490300000001e-06,1.3843332000000001e-05,1.7501133399999998e-05,2.7587388099999998e-05,5.768367900000001e-05,1.6734490000000002,0.0472703,0.00026184336,71.90047999999999,52.78358000000001,0.00011442559999999999,5.943064000000001,0.029414879999999997,36.05321,0.0023528497100000004,0.000214852004,0.05991479000000001,147.362,0.0023528497100000004,0.000214852004,0.006555503,50.74982000000001,0.0023528497100000004,0.000214852004,0.0038991209999999998,50.83571500000001,0.0023528497100000004,0.000214852004,0.004047091,5.563927000000001e-06,2.116413e-05,-0.055667970673,5.3221339,0.016843299,2.8194120000000003e-05,-0.0008786173000000002,1.4924024000000001e-06,1.9480030000000002e-05
73,1608728400,2.9034349999999995,2.903453,-0.0015145455,-1.746492,2.247704,1.59935,2.0889270000000004,2.0206360000000005,0.04196267,1.2287059999999999,2.314767e-05,8.637704300000001e-06,8.907406e-06,1.0541127e-05,1.4374044e-05,1.8524138999999994e-05,2.8826144e-05,5.887493e-05,1.395139,0.05613348,0.00028707229999999997,70.51392999999999,53.9261,9.644451e-05,6.320495000000001,0.02750671,30.36166,0.0027636392600000003,0.000252559344,0.05463330999999999,122.6048,0.0027636392600000003,0.000252559344,0.0064649,55.217105000000004,0.0027636392600000003,0.000252559344,0.0037811480000000002,55.62218040000001,0.0027636392600000003,0.000252559344,0.003993761,4.524655e-06,2.0105640000000002e-05,0.026028055,0.8874149560000001,0.008013175,-0.00024102794,-0.0010456988,9.452808000000001e-07,1.2598461999999997e-05
73,1608729000,2.3746029999999996,2.374617,-0.0025870026,-1.731983,2.108089,1.443106,1.9427840000000003,1.8391680000000001,0.06665304999999999,1.0635829,1.7197340000000005e-05,2.3931428999999998e-06,2.37589061e-06,3.3302092e-06,5.8784526000000006e-06,8.186669999999999e-06,1.4924808399999998e-05,3.5171133e-05,1.1284669999999999,0.05844250000000001,0.0003160713,76.45264,55.23152,7.889803999999999e-05,6.363522000000001,0.02493621,24.95548,0.00311141416,0.00028446680200000003,0.04891331,99.42383,0.00311141416,0.00028446680200000003,0.006527055000000001,57.724605,0.00311141416,0.00028446680200000003,0.003769078,58.514265,0.00311141416,0.00028446680200000003,0.003987755,3.949207e-06,1.9557530000000002e-05,0.077792865,7.07365624,0.013901845,-0.0005904878,-0.0013355720000000001,1.1562821000000001e-06,1.5340467e-05
73,1608729600,2.329662,2.329678,-0.00141021862,-1.7661120000000001,1.9979490000000002,1.437465,1.8536439999999998,1.7854299999999999,0.027798669999999998,0.9875170000000001,1.945998e-05,4.6093283e-06,4.5571174999999995e-06,5.402574600000001e-06,7.641624999999998e-06,9.294877100000002e-06,1.4468474800000004e-05,3.0299077e-05,1.1058562,0.05868317000000001,0.00021087942000000003,78.08018,55.169740000000004,7.744036999999999e-05,6.060098000000001,0.024675040000000002,24.45619,0.0009112835,8.2921654e-05,0.04859436,97.48383,0.0009112835,8.2921654e-05,0.005758182,29.637376,0.0009112835,8.2921654e-05,0.0029847980000000003,29.089003099999996,0.0009112835,8.2921654e-05,0.003962935,3.73223e-06,1.924842e-05,0.019141799999999997,0.396707315,0.0067931779999999995,-0.0006077811000000001,-0.001311389,7.684808e-07,1.0543312e-05
73,1608730200,2.665388,2.665403,-0.0022928927999999998,-1.748387,2.167417,1.5366379999999997,2.0081110000000004,1.9313449999999999,0.04979662,1.1459740000000003,2.17815e-05,7.313482100000001e-06,7.468041670000001e-06,8.9699945e-06,1.2540677e-05,1.60663788e-05,2.5595813600000002e-05,5.228036800000001e-05,1.275893,0.05634834,0.00031448170000000005,73.72089,54.28779000000001,8.856033000000002e-05,6.262713000000001,0.02625077,27.74711,0.00273162446,0.00024979796099999996,0.05219443,111.90242,0.00273162446,0.00024979796099999996,0.006248729,53.462498999999994,0.00273162446,0.00024979796099999996,0.0035525670000000004,53.909485000000004,0.00273162446,0.00024979796099999996,0.003981271,4.226092e-06,1.977675e-05,0.0004390469000000017,4.556900739999999,0.010855779999999999,-0.00040562180000000005,-0.0011543038,1.0948792e-06,1.4796793000000001e-05
73,1608730800,2.746049,2.746066,0.0005824103000000001,-1.702008,2.3068839999999997,1.553004,2.141764,2.0297870000000002,0.05747321,1.207694,1.949392e-05,4.763249800000001e-06,4.7602929e-06,5.8383235e-06,8.703367000000002e-06,1.0950877e-05,1.7837597e-05,3.7939107e-05,1.317,0.05557445,0.0003535554,75.73414,54.10068,9.128231999999999e-05,6.193892,0.02662217,29.10841,0.0032808633899999995,0.000299984678,0.05321266,116.5943,0.0032808633899999995,0.000299984678,0.0066805400000000004,66.60696899999999,0.0032808633899999995,0.000299984678,0.003990004,67.301433,0.0032808633899999995,0.000299984678,0.0039974220000000005,5.535681e-06,2.1050080000000002e-05,0.058770657999999996,91.62826743999999,0.027496759000000003,-0.00033554120000000003,-0.0011472214999999999,4.742790100000001e-06,5.4252186000000004e-05
73,1608731400,1.8611440000000001,1.8611609999999998,0.004353865300000001,-1.6043599999999998,2.0867139999999997,1.26637,1.9117340000000003,1.7600419999999999,0.04329204,0.8140322,2.242955e-05,7.759011e-06,8.040978e-06,9.355739e-06,1.2356654e-05,1.5676748e-05,2.3665361000000002e-05,4.613047e-05,0.8777131,0.052519109999999994,0.00020917410000000002,72.27626000000001,55.7346,6.18138e-05,6.450101000000001,0.02125617,19.38166,0.0016665213700000005,0.00015207178000000002,0.043234879999999996,76.91244,0.0016665213700000005,0.00015207178000000002,0.005890292,35.070721,0.0016665213700000005,0.00015207178000000002,0.003093407,35.09083600000001,0.0016665213700000005,0.00015207178000000002,0.003951685,3.2165209999999996e-06,1.8654619999999997e-05,-0.0086985778,7.615486530000001,0.010472412,-0.0008963888,-0.0016392999999999998,1.1101653e-06,1.3843571e-05
73,1608732000,1.344967,1.3449814999999998,-0.00037842419999999983,-1.7299099999999998,1.6655749999999998,1.0950267999999999,1.509384,1.3922310000000002,0.029380800000000002,0.6046967000000001,1.8252049999999997e-05,3.2229069e-06,3.3051909000000006e-06,3.9880485e-06,5.567146e-06,7.086594e-06,1.1299020999999999e-05,2.3503226e-05,0.6070697,0.0650172,0.0003324016,81.98765,60.04512999999999,4.466541e-05,6.460315,0.018496750000000006,14.025429999999997,0.0022215407,0.00020295379,0.035829570000000005,53.15267,0.0022215407,0.00020295379,0.0059308239999999995,39.676893,0.0022215407,0.00020295379,0.002980138,40.190751,0.0022215407,0.00020295379,0.003947934,2.561737e-06,1.803975e-05,-1.114339125,46.579454610000006,0.011234366999999999,-0.001338705,-0.0019180660000000002,1.3895343e-06,1.7859473e-05
73,1608732600,1.376532,1.376547,0.010425018,-1.6730330000000002,1.788281,1.0984887,1.61285,1.4673070000000001,0.03289599,0.6035343,1.6732310000000003e-05,1.8256658000000002e-06,1.778884e-06,2.2524571e-06,3.5368660000000003e-06,4.467228e-06,7.453364e-06,1.7110174000000003e-05,0.6246334,0.06309334,0.0004990098000000001,84.56627,59.49738000000001,4.5738910000000004e-05,6.437513,0.01853363,14.53392,0.0022122103800000003,0.00020215759639999998,0.03646734,55.12299,0.0022122103800000003,0.00020215759639999998,0.006077806,44.37313,0.0022122103800000003,0.00020215759639999998,0.003143626,44.707587,0.0022122103800000003,0.00020215759639999998,0.003925165999999999,2.300874e-06,1.763914e-05,0.005804077999999999,0.6082913999999999,0.004030575999999999,-0.0013430080000000001,-0.0019197519999999998,7.012527e-07,8.999209e-06
73,1608733200,1.2186737,1.2186907999999999,0.012925384000000002,-1.6800570000000001,1.639961,1.0287624,1.493183,1.3743059999999998,0.035414003,0.5609093999999999,1.761153e-05,2.550859e-06,2.5392801900000003e-06,2.9925324599999997e-06,4.0799019e-06,4.9792875e-06,7.542215700000001e-06,1.5548253e-05,0.5654652,0.04331901,0.0005103531000000001,81.01118999999998,57.52936,4.052563e-05,5.843061999999999,0.017267909999999997,12.632398,0.0013571613,0.00012373727,0.0344435,49.368689999999994,0.0013571613,0.00012373727,0.005656764999999999,28.412054,0.0013571613,0.00012373727,0.0026859100000000006,28.357537999999998,0.0013571613,0.00012373727,0.003934237,2.434843e-06,1.7793439999999997e-05,0.051722185,8.205571950000001,0.008207637,-0.0013540344,-0.001953969,9.399024000000001e-07,1.2025461e-05
73,1608733800,1.0615434000000001,1.061557,-0.0029079385000000003,-1.7366699999999997,1.494494,0.9739920999999999,1.337215,1.2407250000000003,0.02352775,0.4718215999999999,1.7089849999999997e-05,2.2174868000000003e-06,2.22688996e-06,2.7148593299999997e-06,3.8514155e-06,4.9030831e-06,7.79952e-06,1.6520602e-05,0.4866555,0.04354578,0.0005273093,80.12489000000001,58.32525,3.5273740000000004e-05,6.153904,0.01643611,10.966892000000001,0.0012013890799999999,0.00010952766999999999,0.03213079,42.396930000000005,0.0012013890799999999,0.00010952766999999999,0.005376586,24.124887,0.0012013890799999999,0.00010952766999999999,0.002370753,24.097417999999998,0.0012013890799999999,0.00010952766999999999,0.003911674,2.104356e-06,1.732457e-05,-0.04126201900000002,18.903095330000003,0.013492682,-0.001533496,-0.0020700339999999997,1.1665652000000002e-06,1.5099079e-05
73,1608734400,1.323947,1.323961,-0.00014288071,-1.7289179999999997,1.645551,1.0839528,1.486057,1.385366,0.036882149999999995,0.5861375,1.7529829999999998e-05,2.7147985000000003e-06,2.7565118700000003e-06,3.3792205e-06,4.864682e-06,6.2363461000000015e-06,9.9787364e-06,2.1602436e-05,0.6075636,0.054174749999999994,0.00018066246,78.33303,58.31586,4.399777e-05,6.327379,0.01818677,13.60648,0.00190151637,0.000173644666,0.03582655,52.86241,0.00190151637,0.000173644666,0.0060400409999999995,39.699605999999996,0.00190151637,0.000173644666,0.0031202390000000003,39.911988,0.00190151637,0.000173644666,0.003915521999999999,2.467024e-06,1.768806e-05,-0.04519947,21.253721739999996,0.013443823999999998,-0.001327742,-0.001898592,1.4332496e-06,1.8174013999999997e-05
73,1608735000,0.8316015999999999,0.8316172,-0.0032207449999999997,-1.742511,1.3380420000000002,0.8584316,1.155071,1.081233,0.018862402,0.37892410000000004,1.6247709999999998e-05,1.1073326999999998e-06,1.1163715e-06,1.3864475e-06,2.2011749e-06,2.8396349000000003e-06,4.6150754e-06,1.0583753e-05,0.37659149999999997,0.03904424,0.00014034058,83.23522000000001,59.76342000000001,2.7636319999999996e-05,6.239508,0.0144999,8.669184,0.0008863858799999999,8.0652222e-05,0.028118410000000003,32.97952,0.0008863858799999999,8.0652222e-05,0.0051953120000000005,18.366713999999998,0.0008863858799999999,8.0652222e-05,0.002066364,18.287235,0.0008863858799999999,8.0652222e-05,0.003914029,1.609971e-06,1.6883009999999998e-05,0.07144255899999999,5.939320199999999,0.005217501899999999,-0.001810798,-0.00228957,8.164418e-07,1.0357084e-05
73,1608735600,0.7902267999999999,0.7902427000000001,-0.018267695,-1.4633559999999999,1.499221,0.8145650999999999,1.2864015,1.1145721000000002,0.049314077,0.37906680000000004,1.645564e-05,1.4440518e-06,1.45887689e-06,1.8542976000000004e-06,2.5805198e-06,3.2882715e-06,5.3665465e-06,1.190821e-05,0.3539516,0.04092073,0.00021189932,82.55726999999999,60.798770000000005,2.625598e-05,6.167782999999999,0.0143197,8.300450999999999,0.001437808,0.00013117242,0.02720785,31.01218,0.001437808,0.00013117242,0.005499528,24.645018,0.001437808,0.00013117242,0.0023542550000000004,24.888039999999997,0.001437808,0.00013117242,0.003923626,2.0726909999999996e-06,1.7295040000000002e-05,0.03268417,44.357784599999995,0.018583647000000002,-0.0018147880000000001,-0.002340822,2.1773674000000004e-06,2.5939329e-05
73,1608736200,0.6600138,0.6600290999999999,-0.007214656,-1.5604530000000003,1.3367679999999997,0.753319,1.132685,1.0083315000000002,0.033146550000000004,0.3233585,1.6194980000000002e-05,9.881911e-07,1.0142585e-06,1.28123732e-06,1.8767803999999998e-06,2.4228303999999996e-06,3.9942651e-06,9.030159e-06,0.288244,0.04151286,0.00022851590000000003,85.87296,63.037369999999996,2.19202e-05,6.301783,0.01282594,6.940698,0.0010758675200000002,9.802478400000002e-05,0.02458374,25.33431,0.0010758675200000002,9.802478400000002e-05,0.005317627,19.990262899999998,0.0010758675200000002,9.802478400000002e-05,0.0020944618,20.0092633,0.0010758675200000002,9.802478400000002e-05,0.003927405,1.458821e-06,1.6796640000000004e-05,0.04610731800000001,34.499548100000005,0.0145822468,-0.002024103,-0.0024989750000000005,1.0381396000000001e-06,1.3512532e-05
73,1608736800,0.783972,0.7839866000000001,0.0044972467000000006,-1.6015679999999999,1.435919,0.8222863,1.242711,1.1249975,0.023607000000000003,0.36081890000000005,1.748109e-05,2.3349314000000003e-06,2.40616601e-06,2.9252637e-06,3.8989149e-06,4.976869e-06,7.712335500000001e-06,1.5382153e-05,0.35674609999999995,0.034955080000000006,0.00024280956,81.05458000000002,59.314179999999986,2.60328e-05,6.291030999999999,0.01368991,8.149113000000002,0.001279574499,0.00011679486629999998,0.027367469999999998,31.15025,0.001279574499,0.00011679486629999998,0.005406088,23.005333999999998,0.001279574499,0.00011679486629999998,0.002260861,23.132356,0.001279574499,0.00011679486629999998,0.003918386,1.570913e-06,1.689261e-05,-0.038364349,5.0684357,0.006839664999999999,-0.00182902,-0.002339512,7.685108e-07,9.789437999999999e-06
73,1608737400,0.6130692999999999,0.6130848,-0.0030430222,-1.5539619999999998,1.2266629999999998,0.7200593,1.091883,1.0003432,0.026246894,0.29218390000000005,1.6241459999999997e-05,1.1057442e-06,1.12575763e-06,1.4828413999999998e-06,2.1011545e-06,2.7519743e-06,4.542982700000001e-06,9.878938e-06,0.2756835,0.030735560000000002,9.161295e-05,81.01782999999999,60.16525999999999,2.0359000000000003e-05,6.271875,0.0122405,6.430617,0.000641081254,5.830652099999999e-05,0.024213520000000002,24.23422,0.000641081254,5.830652099999999e-05,0.004837928,11.5778748,0.000641081254,5.830652099999999e-05,0.0016029365999999999,11.418917389999999,0.000641081254,5.830652099999999e-05,0.0039357920000000005,1.6611069999999998e-06,1.702089e-05,0.017856814690000004,63.977484399999994,0.019765287,-0.002014461,-0.002492407,1.4774122e-06,1.935503e-05
73,1608738000,0.5440820000000001,0.544097111111111,0.01408185888888889,-1.3789888888888888,1.2632477777777777,0.6708114444444445,1.123911111111111,1.0012812222222223,0.016113804444444445,0.25238122222222226,1.5865788888888888e-05,7.043578888888888e-07,6.964358444444445e-07,8.876390777777777e-07,1.3874802222222224e-06,1.7975218333333333e-06,3.0016023333333334e-06,6.764801111111112e-06,0.23628355555555552,0.035639755555555555,0.00010188218888888888,83.8940111111111,63.32787777777777,1.8073833333333333e-05,6.141258888888888,0.011111699999999999,5.689251111111111,0.0009399247111111109,8.561389644444445e-05,0.022416766666666664,20.720166666666664,0.0009399247111111109,8.561389644444445e-05,0.005241674444444445,17.31937888888889,0.0009399247111111109,8.561389644444445e-05,0.001990953333333333,17.2735,0.0009399247111111109,8.561389644444445e-05,0.003903761111111111,1.0832443333333331e-06,1.6305088888888892e-05,0.040845305666666665,3.5273250000000003,0.0034986843000000007,-0.002174558888888889,-0.0026345166666666667,6.783887777777778e-07,8.370764444444443e-06
73,1608738600,0.997297,0.9973105,0.013490608499999997,-1.4380070000000003,1.6274359999999999,0.9082627999999999,1.4836950000000002,1.3488779999999998,0.02040169,0.432517,1.764324e-05,2.6659021999999997e-06,2.753582e-06,3.3189490000000004e-06,4.573872e-06,6.010757e-06,9.624874e-06,1.9942661999999997e-05,0.4618409,0.03659696,0.00015909919,78.12064,57.69172,3.311881e-05,6.634803,0.015019240000000003,10.230265,0.0011196418799999997,0.00010204109070000001,0.031081969999999997,40.130649999999996,0.0011196418799999997,0.00010204109070000001,0.005455988,21.236188999999996,0.0011196418799999997,0.00010204109070000001,0.002409232,21.246930999999996,0.0011196418799999997,0.00010204109070000001,0.003930508000000001,1.747807e-06,1.7164909999999996e-05,-0.030077118000000003,2.0254526000000004,0.0040414899,-0.0016962829999999998,-0.0022640079999999996,7.267622e-07,9.293690000000001e-06
73,1608739200,0.9564669,0.9564819,0.0045906037,-1.3513249999999999,1.6723239999999997,0.8778792,1.4656200000000001,1.33238,0.025688670000000004,0.43699199999999994,1.738249e-05,2.3767355e-06,2.39866985e-06,2.8368266999999995e-06,3.9280732e-06,4.9054172e-06,7.5733091e-06,1.5700546e-05,0.44308559999999997,0.03498672,0.00011923374999999999,80.10364000000001,57.54849,3.178023e-05,6.196455,0.01480758,9.980292,0.000439649375,3.973235130000001e-05,0.030654570000000003,38.86596,0.000439649375,3.973235130000001e-05,0.004976779,10.7488494,0.000439649375,3.973235130000001e-05,0.0019098936,10.3510813,0.000439649375,3.973235130000001e-05,0.0039111729999999996,1.8967600000000002e-06,1.7093589999999998e-05,-0.07974281999999999,38.7396978,0.016940109000000002,-0.0016983289999999997,-0.002306469,1.2901157999999999e-06,1.7099212000000003e-05
73,1608739800,0.7912301,0.7912449,-0.0008902850000000002,-1.6746729999999999,1.3434769999999998,0.8320354,1.208212,1.1029829,0.018270877999999997,0.34740279999999996,1.689564e-05,1.8678540999999999e-06,1.8901306999999997e-06,2.2507346999999996e-06,3.0728641999999996e-06,3.8123699999999997e-06,5.8725216000000005e-06,1.2216575e-05,0.36658949999999996,0.028711169999999998,0.0002814992,78.96987,57.5524,2.6288599999999998e-05,6.267899,0.013981170000000001,8.280021000000001,0.00093402574,8.50705545e-05,0.027844810000000005,32.137539999999994,0.00093402574,8.50705545e-05,0.005162662,17.2344437,0.00093402574,8.50705545e-05,0.0020147689000000004,17.1356415,0.00093402574,8.50705545e-05,0.003920717999999999,1.4361219999999999e-06,1.6791859999999995e-05,0.009993439,0.9446398100000002,0.002910853,-0.001903678,-0.002371255,6.739985e-07,8.442551999999998e-06
73,1608740400,0.5798406999999999,0.5798561,0.00516303649,-1.645053,1.201988,0.7112796,1.0523945000000001,0.9469047000000002,0.016875797,0.26572439999999997,1.632029e-05,1.1248236e-06,1.1395046e-06,1.41241495e-06,2.0968119000000004e-06,2.7736445100000003e-06,4.566445999999999e-06,9.973065e-06,0.25870030000000005,0.0309102,0.00028572399999999995,82.40576,61.18497,1.924498e-05,6.376795,0.01194506,6.1047189999999985,0.00106088611,9.670315249999999e-05,0.023391959999999996,22.73184,0.00106088611,9.670315249999999e-05,0.005417578000000001,20.413809000000004,0.00106088611,9.670315249999999e-05,0.002168596,20.374851,0.00106088611,9.670315249999999e-05,0.003920812000000001,1.2213497999999999e-06,1.6572209999999998e-05,0.007469597000000001,7.403852900000001,0.0053374488,-0.002091827,-0.0025318479999999997,7.133777e-07,8.839677e-06
73,1608741000,0.7606928,0.7607083000000001,0.0014635527999999997,-1.5783770000000001,1.39733,0.8084644000000001,1.2279000000000002,1.1254102000000001,0.027528739999999996,0.3551817,1.6802820000000003e-05,1.6323924e-06,1.69349592e-06,2.09842115e-06,2.9970942e-06,3.95827423e-06,6.3492575e-06,1.3575869999999998e-05,0.3512656,0.028774900000000003,0.00027227269999999997,79.63615,57.86499000000001,2.526715e-05,6.29689,0.01354717,7.992568,0.0010192715800000003,9.289961469999999e-05,0.027209689999999998,30.849429999999995,0.0010192715800000003,9.289961469999999e-05,0.005345519,19.96385,0.0010192715800000003,9.289961469999999e-05,0.002188049,19.940671000000002,0.0010192715800000003,9.289961469999999e-05,0.003930032,2.0068339999999997e-06,1.7322690000000002e-05,-0.077515346,49.9365705,0.0128047968,-0.001883584,-0.002377435,2.1124574e-06,2.2937533999999998e-05
73,1608741600,0.7536311,0.7536469000000001,0.0057022997999999995,-1.515082,1.447619,0.7967997,1.257828,1.143747,0.021974528,0.3556736,1.68605e-05,1.7406195999999999e-06,1.78587691e-06,2.1890822e-06,3.1299718000000003e-06,4.1219205000000005e-06,6.672828700000001e-06,1.4127209e-05,0.34907960000000005,0.027480529999999996,0.0002203964,78.06490000000001,57.51255999999999,2.5027799999999998e-05,6.3889890000000005,0.0133141,7.843412000000001,0.00037505071,3.38629533e-05,0.027177249999999997,30.549110000000002,0.00037505071,3.38629533e-05,0.005044423,11.697379,0.00037505071,3.38629533e-05,0.0018942169999999997,11.177837,0.00037505071,3.38629533e-05,0.003914851999999999,1.5712059999999998e-06,1.684409e-05,0.005246320000000001,7.0942521,0.0067333167,-0.0018496480000000002,-0.002359086,8.098063e-07,1.0644055e-05
73,1608742200,1.0665181999999997,1.0665337,0.009945692,-1.393341,1.6957650000000002,0.9281214,1.541934,1.422081,0.024236346,0.4664257,1.7987199999999996e-05,3.0401209e-06,3.1218888e-06,3.7050869999999998e-06,5.065076000000001e-06,6.4345439999999995e-06,9.963021e-06,2.0763253e-05,0.5083647,0.02454084,0.00029885750000000004,74.37567,54.682460000000006,3.543509000000001e-05,6.5125079999999995,0.01573021,11.166677,0.0014207119999999998,0.00012956878000000002,0.03293276999999999,44.635720000000006,0.0014207119999999998,0.00012956878000000002,0.005767561,26.633544,0.0014207119999999998,0.00012956878000000002,0.0027544639999999994,26.775045,0.0014207119999999998,0.00012956878000000002,0.003923519,1.9137539999999998e-06,1.7273490000000003e-05,0.040331578400000005,1.0911928000000002,0.004364632,-0.001547852,-0.00218994,7.400491e-07,9.444083000000002e-06
73,1608742800,0.7049125,0.7049278,0.015884515,-1.2557504,1.456394,0.7425246000000001,1.300839,1.1495211,0.024289004,0.3208829,1.6186220000000002e-05,1.0511321e-06,1.02388314e-06,1.2192500700000003e-06,1.8711489e-06,2.2673652999999996e-06,3.5562374e-06,7.998211000000001e-06,0.33018369999999997,0.02200831,0.0002442598,80.47452000000001,56.62910000000001,2.343687e-05,6.059234,0.012577519999999998,7.326311999999999,0.0008689962200000001,7.908032940000002e-05,0.026272540000000004,28.831980000000005,0.0008689962200000001,7.908032940000002e-05,0.005242917,16.310995999999996,0.0008689962200000001,7.908032940000002e-05,0.0020760849999999996,16.249861000000003,0.0008689962200000001,7.908032940000002e-05,0.003926288,1.6894090000000001e-06,1.70195e-05,-0.033093900999999995,67.0093126,0.01314844,-0.0019193529999999997,-0.0024594589999999998,1.2666535e-06,1.4935996000000001e-05
73,1608743400,0.7166398999999999,0.7166554,-0.00284612,-1.384181,1.3882550000000002,0.7645443,1.2707639999999998,1.1669969999999998,0.011282845999999997,0.3094815,1.6388559999999998e-05,1.0011169e-06,9.6728921e-07,1.2501225500000002e-06,2.0149343e-06,2.6649878000000005e-06,4.550007100000001e-06,1.0473107e-05,0.3373407,0.02077717,0.00017835592,77.09299999999999,55.88255,2.381803e-05,6.254135,0.01272899,7.374239,0.0007695285300000001,6.991448500000001e-05,0.026745780000000004,29.358410000000003,0.0007695285300000001,6.991448500000001e-05,0.0053263450000000006,15.539086999999999,0.0007695285300000001,6.991448500000001e-05,0.002140129,15.333187,0.0007695285300000001,6.991448500000001e-05,0.003946451000000001,1.479054e-06,1.701057e-05,0.10074971000000002,18.903646099999996,0.0066492567,-0.001958547,-0.002484729,9.907716e-07,1.2037825e-05
73,1608744000,1.0181645,1.0181795,-0.01397177,-1.6204589999999999,1.511746,0.9332884,1.360657,1.271063,0.030828593999999997,0.46889699999999995,1.80256e-05,2.7403841e-06,2.7944688e-06,3.3115143e-06,4.552967e-06,5.6935583e-06,8.70619e-06,1.8001735e-05,0.48959920000000007,0.01929846,0.00013588215,73.71858,53.978790000000004,3.38455e-05,6.360411000000001,0.01575245,10.597332999999999,0.00068364826,6.201650699999999e-05,0.032153049999999996,42.936139999999995,0.00068364826,6.201650699999999e-05,0.0052980200000000005,15.524021999999999,0.00068364826,6.201650699999999e-05,0.002223768,15.242005,0.00068364826,6.201650699999999e-05,0.003952473,1.7954479999999998e-06,1.7388789999999998e-05,0.036963938300000006,0.7381810799999999,0.004282538000000001,-0.0016740560000000002,-0.002219858,6.924617e-07,9.072348999999999e-06
73,1608744600,0.4318218000000001,0.4318376,-0.014145861599999998,-1.35368,1.1241352,0.5856587,0.9722173,0.8747144,0.01579881,0.20954069999999997,1.5715890000000002e-05,4.0104970000000003e-07,4.1687692e-07,5.404610299999999e-07,9.377039e-07,1.2149061e-06,2.1480756999999998e-06,5.2132529999999995e-06,0.1967478,0.01903202,0.00011987213000000002,85.15478999999999,59.943960000000004,1.4350355999999997e-05,6.377307,0.009816188,4.571842,0.0008832524899999999,8.0378067e-05,0.020152899999999998,17.356572999999997,0.0008832524899999999,8.0378067e-05,0.005304993,15.857014000000001,0.0008832524899999999,8.0378067e-05,0.0019631414,15.817164,0.0008832524899999999,8.0378067e-05,0.003928815,1.1822734000000002e-06,1.6561899999999998e-05,-0.04306354999999999,38.6270947,0.0110642503,-0.002246411,-0.002674406,1.0200605000000003e-06,1.2447404e-05
73,1608745200,0.35753070000000003,0.35754610000000003,0.012508123,-1.2834379999999999,1.0766946,0.5382067,0.9317538000000001,0.8269377,0.011874916000000001,0.1683264,1.5941480000000002e-05,6.478515800000001e-07,6.7060067e-07,7.7896439e-07,1.1086522e-06,1.3684044499999997e-06,2.0977532e-06,4.4876378e-06,0.1599791,0.018621569999999997,0.00015280533,84.55072,60.59738,1.1880789999999999e-05,5.9939800000000005,0.008927584999999998,3.725047,0.00020838567,1.85830413e-05,0.01840255,13.9874,0.00020838567,1.85830413e-05,0.0046966,5.4889452,0.00020838567,1.85830413e-05,0.0013000995,5.059436100000001,0.00020838567,1.85830413e-05,0.003930741000000001,9.908675e-07,1.640912e-05,-0.268752156,30.7653017,0.0069507747,-0.00234795,-0.0027541199999999997,9.836046999999999e-07,1.2335454000000002e-05
73,1608745800,0.465807,0.46582239999999997,-0.008442005999999998,-1.278621,1.1954599,0.6056012,1.0443324,0.9445033,0.014453711,0.2135253,1.6506070000000002e-05,1.2452987999999998e-06,1.3041826000000001e-06,1.5402909999999999e-06,2.1133358e-06,2.6643448000000004e-06,4.1682512e-06,8.590326e-06,0.2146286,0.01806981,0.00018229859,80.46394,58.181270000000005,1.547163e-05,6.501551999999999,0.010189647999999999,4.933194,0.00053428112,4.8393881e-05,0.02127332,18.901019999999995,0.00053428112,4.8393881e-05,0.005078891,11.09692,0.00053428112,4.8393881e-05,0.0017645999999999998,10.831325099999999,0.00053428112,4.8393881e-05,0.003921843999999999,1.1645856e-06,1.6507069999999994e-05,-0.03703961,33.449753699999995,0.00844047698,-0.002201053,-0.002649504,1.1370688e-06,1.4452637e-05
73,1608746400,0.3085206,0.3085356,0.05158165,-0.8632081000000001,1.0798468,0.4549982,0.9152909000000001,0.8241628000000001,0.010819245,0.14964950999999999,1.5999610000000002e-05,7.918378699999999e-07,8.590232099999999e-07,1.02562368e-06,1.4185704e-06,1.8906312999999998e-06,2.9556945e-06,6.3360032e-06,0.13721632,0.016730230000000002,0.00029746309999999996,81.75572,61.622710000000005,1.0239901e-05,6.549369999999999,0.00817446,3.233824,0.0004264986999999999,3.8526639e-05,0.016946129999999997,11.987635000000001,0.0004264986999999999,3.8526639e-05,0.004860863000000001,8.182585999999999,0.0004264986999999999,3.8526639e-05,0.0014605331999999998,7.9030173,0.0004264986999999999,3.8526639e-05,0.0039089020000000006,9.200389000000001e-07,1.6172149999999997e-05,0.015919917,31.591003999999998,0.006542605700000001,-0.00239618,-0.0028041210000000006,9.297778000000001e-07,1.1361173e-05
73,1608747000,0.42306040000000006,0.42307570000000005,0.04789195,-0.8927033999999999,1.233338,0.5336443,1.0663076,0.9353528000000001,0.018927814,0.20306680000000005,1.6189589999999998e-05,1.0177963299999998e-06,1.08478191e-06,1.2946040800000003e-06,1.8088802000000001e-06,2.3314259999999997e-06,3.6535799999999995e-06,7.648456e-06,0.1924666,0.01879592,0.0002476184,81.77497000000001,59.73721999999999,1.4054853e-05,6.440741,0.009584431999999999,4.441511,0.000787249354,7.16230596e-05,0.0199683,16.81628,0.000787249354,7.16230596e-05,0.005152385,14.284725,0.000787249354,7.16230596e-05,0.0018270595000000004,14.165323999999998,0.000787249354,7.16230596e-05,0.003909762999999999,1.136879e-06,1.6370990000000002e-05,-0.04276294,38.370942,0.011049541999999999,-0.002222783,-0.0026945410000000004,1.1268295e-06,1.4389322000000001e-05
73,1608747600,0.6466791,0.6466942,0.03847024,-1.022135,1.458943,0.6720875,1.2939770000000004,1.1811,0.022468238999999997,0.30078479999999996,1.611417e-05,1.2410899e-06,1.2644374e-06,1.5720304e-06,2.2529389e-06,2.8990832e-06,4.73554e-06,1.0099867000000001e-05,0.3069874,0.01609265,0.00023439880000000003,78.19008000000001,55.17473,2.148932e-05,6.416564000000001,0.01209986,6.797472000000001,0.00064142354,5.8231336400000004e-05,0.025541030000000003,27.01221,0.00064142354,5.8231336400000004e-05,0.005197086000000001,13.265806000000001,0.00064142354,5.8231336400000004e-05,0.0020148539999999995,13.023631,0.00064142354,5.8231336400000004e-05,0.0038953880000000005,1.507852e-06,1.660538e-05,-0.20884752999999995,29.197778,0.010704126,-0.0019414209999999998,-0.002507053,1.2351249000000002e-06,1.5550237e-05
73,1608748200,0.45114719999999997,0.4511622999999999,0.005503770999999999,-1.177892,1.1906991999999998,0.5833103000000001,1.0360083,0.9436793,0.016615762,0.21293449999999997,1.5603309999999997e-05,5.590876200000001e-07,5.8217694e-07,8.3013486e-07,1.3304626999999998e-06,1.8726884100000004e-06,3.3267949e-06,7.7717999e-06,0.20899654,0.01632972,0.00023018019999999998,79.88783000000001,58.03568,1.4982643999999998e-05,6.444576,0.009862392000000001,4.712349,0.00039740529,3.5848618000000004e-05,0.020850299999999995,18.310257,0.00039740529,3.5848618000000004e-05,0.004952301000000001,8.770827999999998,0.00039740529,3.5848618000000004e-05,0.001656579,8.451629999999998,0.00039740529,3.5848618000000004e-05,0.0038975949999999994,1.0737604999999999e-06,1.624151e-05,-0.007356932000000002,3.6075078999999994,0.003910829980000001,-0.0021899119999999996,-0.00264319,7.129203e-07,8.894795e-06
73,1608748800,0.3147341,0.3147493,0.0297562628,-1.2044300000000003,1.0210447999999999,0.4978410999999999,0.8926770999999999,0.7806237,0.015051495000000002,0.14957540000000003,1.5542820000000004e-05,4.2937883000000004e-07,4.2573202e-07,5.717123999999999e-07,7.818028000000001e-07,9.737043799999999e-07,1.58525803e-06,3.6063153999999996e-06,0.13968453,0.017469420000000003,0.0002041158,85.07389,61.679719999999996,1.0459624000000001e-05,6.131701999999999,0.008246983,3.2962200000000004,0.000330073347,2.97523257e-05,0.01708891,12.223493,0.000330073347,2.97523257e-05,0.004659584999999999,6.313628,0.000330073347,2.97523257e-05,0.0012794981,5.9962376,0.000330073347,2.97523257e-05,0.0038931059999999995,8.987932999999999e-07,1.602891e-05,0.01111517999999998,16.510139900000002,0.00613327511,-0.002370882,-0.0027705930000000004,7.76351e-07,1.0042751999999998e-05
73,1608749400,0.40408869999999997,0.40410389999999996,0.005940348,-0.9413219999999999,1.193811,0.5276629999999999,1.0217190999999999,0.9087281,0.016942362,0.19947089999999998,1.6180650000000002e-05,1.09598032e-06,1.1314325599999998e-06,1.3541703999999999e-06,1.8042604e-06,2.2661161999999997e-06,3.4498467e-06,6.975378000000001e-06,0.1863391,0.01557203,0.00011408947000000002,79.09300999999999,58.6888,1.3428039000000001e-05,6.370049,0.009295924,4.254014,0.00032117906,2.8897908999999998e-05,0.01957239,16.327924,0.00032117906,2.8897908999999998e-05,0.0048254280000000005,7.236504000000001,0.00032117906,2.8897908999999998e-05,0.0014815762,6.905700999999999,0.00032117906,2.8897908999999998e-05,0.00390747,1.2465846e-06,1.6429029999999997e-05,0.03744358999999999,84.997953,0.0161867956,-0.002248418,-0.00271215,1.5127618e-06,1.8720989e-05
73,1608750000,0.3841481,0.3841633,-0.014327389,-1.251971,1.0702454,0.5489200000000001,0.9544041,0.8642891,0.010498205,0.1772549,1.6291589999999998e-05,1.2773985e-06,1.32973029e-06,1.5879807e-06,2.0694708e-06,2.6268900000000004e-06,4.0051847e-06,7.815323999999998e-06,0.176775,0.015213059999999997,6.419085e-05,79.14093,58.131730000000005,1.2758674999999999e-05,6.400558999999999,0.009229374000000002,4.023406,0.000441479181,3.9935415499999996e-05,0.019363,15.495619999999999,0.000441479181,3.9935415499999996e-05,0.004958133,9.4241903,0.000441479181,3.9935415499999996e-05,0.0016179633,9.1233915,0.000441479181,3.9935415499999996e-05,0.0038953100000000004,1.0304047e-06,1.6186170000000002e-05,-0.015426629999999997,7.7212291,0.0044033766,-0.002231206,-0.0026657409999999997,7.476265e-07,9.461883e-06
73,1608750600,0.342554,0.3425694,-0.01898108,-1.3012359999999998,1.0285445,0.5248932,0.89129,0.8036495,0.011156332000000001,0.1585227,1.5732189999999998e-05,3.1943543999999993e-07,3.1997525e-07,4.5354185000000006e-07,7.359425e-07,9.577300000000001e-07,1.6865703999999999e-06,4.1507094e-06,0.15603733,0.015156250000000001,7.462735e-05,84.14198999999999,59.27305,1.1383329e-05,6.086226,0.008712859,3.586625,0.00042269519200000005,3.82494024e-05,0.01813722,13.682912999999996,0.00042269519200000005,3.82494024e-05,0.0048974249999999995,8.201215999999999,0.00042269519200000005,3.82494024e-05,0.0014978863,7.8793926,0.00042269519200000005,3.82494024e-05,0.003933098999999999,9.189816999999999e-07,1.6371080000000002e-05,0.04194576,3.0990581,0.003838657,-0.002355409,-0.0027628099999999997,6.740557e-07,8.382843e-06
73,1608751200,0.1736116,0.17362680000000003,0.026634360000000003,-0.8419019999999999,0.8019996,0.34232720000000005,0.6978586999999999,0.6095812,0.008898453,0.08407962999999999,1.572306e-05,3.7405588e-07,4.0430422e-07,5.3375477e-07,7.114113e-07,9.578118000000002e-07,1.5383077e-06,3.3650282e-06,0.07266369999999998,0.014089449999999998,4.42774e-05,86.01811000000001,66.58423,5.76112e-06,6.667741000000001,0.006227283,1.8501720000000001,0.000294560604,2.6588126900000006e-05,0.01233263,6.376557,0.000294560604,2.6588126900000006e-05,0.004613326,5.716952999999999,0.000294560604,2.6588126900000006e-05,0.0010746865999999998,5.3896001,0.000294560604,2.6588126900000006e-05,0.003929932999999999,8.949863000000001e-07,1.628051e-05,-0.11642186899999998,60.27246799999998,0.007637472500000001,-0.002582022,-0.002931117,1.1744502000000001e-06,1.310161e-05
73,1608751800,0.23044439999999997,0.23045999999999997,0.007114558000000003,-0.9832267,0.908427,0.4088763,0.7739860000000001,0.6857834,0.006119506999999999,0.10798795000000001,1.5851590000000002e-05,3.5858011e-07,3.8866085e-07,5.0367827e-07,7.412821000000001e-07,9.783005e-07,1.6197864000000002e-06,3.5877348999999995e-06,0.10001932,0.01509764,9.672956e-05,85.35106999999999,64.31819,7.652660000000001e-06,6.381950999999999,0.006894125000000001,2.426773,0.00041586030000000004,3.7582126e-05,0.014393149999999999,8.79687,0.00041586030000000004,3.7582126e-05,0.004915629,8.442007,0.00041586030000000004,3.7582126e-05,0.0014108099999999998,8.1239417,0.00041586030000000004,3.7582126e-05,0.003949321,8.32515e-07,1.639981e-05,-0.764503163,44.1426355,0.0056087244,-0.002520037,-0.002893056,8.79608e-07,1.0992682999999999e-05
73,1608752400,0.33162339999999996,0.33163869999999995,-0.004298549999999999,-1.2602605,1.0330804,0.5150592999999999,0.8913647000000001,0.7968244,0.010543303,0.15686490000000003,1.574714e-05,4.6061159000000004e-07,4.4806146999999994e-07,5.6257544e-07,8.177476999999999e-07,9.706769999999999e-07,1.5570706e-06,3.5030021999999997e-06,0.14774250000000003,0.0178308,0.00022938239999999998,87.03829,61.086149999999996,1.1024367000000002e-05,6.251574,0.008609236,3.5216210000000006,0.000304690347,2.7483683699999994e-05,0.01772734,13.002075999999999,0.000304690347,2.7483683699999994e-05,0.004707804,6.661377,0.000304690347,2.7483683699999994e-05,0.0013142902000000001,6.3086109,0.000304690347,2.7483683699999994e-05,0.003913953,9.390503e-07,1.624173e-05,0.030754049999999998,2.7289569999999994,0.003573164,-0.0023207640000000003,-0.0027309219999999998,7.328176e-07,8.495922e-06
73,1608753000,0.19634941,0.19636483999999998,0.034359353999999995,-0.8058198000000001,0.8759523,0.3649694,0.6989464000000002,0.6030559999999999,0.012716271000000001,0.09959036,1.5673299999999998e-05,2.8291737999999997e-07,3.1109674e-07,4.227154e-07,6.2505e-07,8.794882e-07,1.480139e-06,3.3843250000000004e-06,0.0823407,0.01570027,0.00012604448999999998,88.65719,69.66583,6.5161860000000004e-06,6.714117999999999,0.006431982,2.0915589,0.00024175697599999996,2.1771753599999998e-05,0.012634130000000002,7.242293999999999,0.00024175697599999996,2.1771753599999998e-05,0.0045544240000000005,5.3284724,0.00024175697599999996,2.1771753599999998e-05,0.0010204494,4.94198142,0.00024175697599999996,2.1771753599999998e-05,0.003936778,1.0061531999999998e-06,1.6418389999999998e-05,-0.226109252,129.96079930000002,0.015735032700000002,-0.002543681,-0.0029100589999999996,1.3681808e-06,1.7413306e-05
73,1608753600,0.32481109999999996,0.32482639999999996,-1.6332800000000055e-05,-1.686474,0.8631641,0.5348042000000001,0.7558732,0.6971841,0.010255100999999999,0.15229710000000002,1.604861e-05,7.5016299e-07,7.678856800000001e-07,9.176921000000001e-07,1.2284457e-06,1.49449947e-06,2.2104283000000002e-06,4.6590145e-06,0.1453092,0.01690799,0.00017570562,86.00461,60.68168000000001,1.0794779e-05,6.143078,0.009070671999999998,3.4304360000000003,0.00029010581000000004,2.6053369000000002e-05,0.017586209999999998,12.787773,0.00029010581000000004,2.6053369000000002e-05,0.004590716999999999,5.5656273,0.00029010581000000004,2.6053369000000002e-05,0.0011775374000000001,5.2330894,0.00029010581000000004,2.6053369000000002e-05,0.003919107,9.448389000000001e-07,1.628213e-05,-0.38349604699999995,15.2142727,0.0041623242,-0.002363399,-0.002739228,7.265456e-07,9.577496e-06
73,1608754200,0.31434239999999997,0.3143577,8.289829999999982e-05,-1.649727,0.9201280000000001,0.5221121,0.7378724999999999,0.6824084,0.015184806,0.1618804,1.585565e-05,6.552873e-07,6.909239599999999e-07,8.723374e-07,1.1959589e-06,1.5255067e-06,2.4258075999999998e-06,5.168551e-06,0.14043899999999998,0.01658178,0.00013715135000000003,81.69275,60.99059999999999,1.0440793e-05,6.4289060000000005,0.008862723999999999,3.324784,0.00039797658700000007,3.5976196899999996e-05,0.017176829999999997,12.343274,0.00039797658700000007,3.5976196899999996e-05,0.004821697000000001,8.208568699999999,0.00039797658700000007,3.5976196899999996e-05,0.0014123999999999999,7.8562625,0.00039797658700000007,3.5976196899999996e-05,0.003929658000000001,1.1951873999999998e-06,1.6547500000000004e-05,0.08109006999999999,83.6262073,0.01398554901,-0.002340798,-0.0027254,1.4651753000000002e-06,1.727116e-05
73,1608754800,0.3587472,0.35876230000000003,-0.0036322114000000003,-1.728069,0.8707018999999999,0.5616452,0.7598108000000001,0.7081717,0.009377275,0.1629122,1.5598369999999997e-05,5.163201499999999e-07,5.3243684e-07,6.695005e-07,1.0279272e-06,1.3695640999999998e-06,2.2982966000000005e-06,5.1611366e-06,0.1656983,0.01344905,0.0002141618,81.16196,57.7777,1.1918677e-05,6.430618,0.009512933,3.783416,0.00021255896999999995,1.89752882e-05,0.018675030000000002,14.554048999999997,0.00021255896999999995,1.89752882e-05,0.004579999,4.6955328,0.00021255896999999995,1.89752882e-05,0.0012173398,4.3064942,0.00021255896999999995,1.89752882e-05,0.0038888450000000006,9.49118e-07,1.606061e-05,0.029271833999999997,2.1644503100000003,0.0031368915,-0.0022926889999999997,-0.002666934,7.113971e-07,8.297167e-06
73,1608755400,0.3153669,0.315382,-0.007031045999999999,-1.5374770000000002,0.9092528,0.5164125,0.7912741999999999,0.7090716,0.008820199999999999,0.14592973000000004,1.563048e-05,5.0642527e-07,5.1905505e-07,6.4742478e-07,9.263152999999999e-07,1.1600678e-06,1.8614649e-06,4.257716e-06,0.1423735,0.01515793,0.00014155686,83.80815,60.141510000000004,1.0479072e-05,6.348072999999999,0.008744377,3.338914,0.000568404391,5.15854064e-05,0.017334679999999998,12.540509,0.000568404391,5.15854064e-05,0.0049688829999999995,10.784778,0.000568404391,5.15854064e-05,0.0015786918,10.5695842,0.000568404391,5.15854064e-05,0.0038937119999999997,9.761281999999999e-07,1.610342e-05,-0.0027202230000000034,58.493667900000005,0.008614221,-0.002355046,-0.0027332650000000003,9.961028e-07,1.2019886000000002e-05
73,1608756000,0.3921323,0.3921475,-0.00976274,-1.487967,1.0312806,0.56996,0.8990525,0.8175998,0.012775504999999998,0.1858012,1.608514e-05,9.603808000000002e-07,9.886194e-07,1.2123627999999998e-06,1.6500104e-06,2.1267954e-06,3.320406e-06,6.952721000000001e-06,0.18120534000000002,0.014737140000000001,0.00010517548,77.57504,57.993849999999995,1.3026212e-05,6.399072,0.009608473000000001,4.118904000000001,0.00039392453099999997,3.5688551799999995e-05,0.01954359,15.926120000000001,0.00039392453099999997,3.5688551799999995e-05,0.004814143,8.269826,0.00039392453099999997,3.5688551799999995e-05,0.0014576505,7.938366400000001,0.00039392453099999997,3.5688551799999995e-05,0.003912728999999999,1.1251674999999999e-06,1.637328e-05,0.03618571,47.612565700000005,0.012983097199999998,-0.0022832060000000003,-0.002681838,1.1155219e-06,1.4347371000000002e-05
73,1608756600,0.341603,0.3416182,0.024336829999999997,-1.1045487999999999,1.0653333,0.5013145999999999,0.9284912999999999,0.8305387,0.010996628,0.15999850000000002,1.58898e-05,6.934496e-07,7.0801291e-07,8.895680500000001e-07,1.2331375e-06,1.5580659e-06,2.4424507999999997e-06,5.233274e-06,0.1564836,0.014255069999999998,4.895031e-05,81.22238000000002,59.36044,1.1352224e-05,6.287688000000001,0.008499258,3.615016,0.00044520736999999997,4.02992634e-05,0.01796576,13.804927999999999,0.00044520736999999997,4.02992634e-05,0.004866087999999999,8.658844,0.00044520736999999997,4.02992634e-05,0.0014694071,8.379461899999999,0.00044520736999999997,4.02992634e-05,0.003917032,9.474861e-07,1.626618e-05,0.014716845599999997,8.910653,0.00572596282,-0.002340756,-0.002754878,7.719937999999999e-07,9.918038999999999e-06
73,1608757200,0.47534969999999993,0.47536500000000004,0.01807032,-1.265214,1.2181866000000001,0.6069295,1.0444826,0.9464165,0.020488415,0.2329485,1.6155449999999998e-05,1.0165397e-06,1.065669e-06,1.2974646e-06,1.8495808999999998e-06,2.341457e-06,3.7637080000000003e-06,8.070645e-06,0.22460660000000005,0.01299198,5.587470000000001e-05,77.03988999999999,55.870909999999995,1.5793905e-05,6.468331999999999,0.010342122999999998,5.000111,0.0004903857399999999,4.44106909e-05,0.02166328,19.746959999999998,0.0004903857399999999,4.44106909e-05,0.004940176,9.481868000000002,0.0004903857399999999,4.44106909e-05,0.001643967,9.243731,0.0004903857399999999,4.44106909e-05,0.003911446000000001,1.2890578999999998e-06,1.653092e-05,0.017409882,37.2749132,0.0110282357,-0.002119182,-0.0025863850000000005,1.0028981e-06,1.2624320000000002e-05
73,1608757800,0.3150702,0.3150855,0.01900117,-1.2381820000000001,0.9821544,0.4984381,0.8806018,0.7918368000000001,0.010451016999999998,0.14832030000000002,1.578207e-05,6.9894063e-07,7.185259e-07,8.425128799999998e-07,1.1904349e-06,1.43976551e-06,2.1773590000000005e-06,4.527646900000001e-06,0.14385069999999997,0.013634180000000001,3.7830599999999997e-05,79.37903,58.93748000000001,1.0476234e-05,6.0461920000000005,0.008441663,3.369765,0.000244785048,2.1995612800000002e-05,0.01750988,12.750784,0.000244785048,2.1995612800000002e-05,0.004569389,5.2769084,0.000244785048,2.1995612800000002e-05,0.0011633729,4.87741454,0.000244785048,2.1995612800000002e-05,0.0039056310000000006,1.0704185000000001e-06,1.627953e-05,0.029265536999999998,64.6355741,0.0095490945,-0.0023199939999999997,-0.00271666,1.0599517000000001e-06,1.2467556999999998e-05
73,1608758400,0.40488289999999993,0.40489810000000004,0.01943434,-1.226593,1.1317480000000004,0.5562746,0.9856436000000001,0.8803015999999999,0.012121677,0.1912716,1.566155e-05,5.9035659e-07,6.0180284e-07,7.3524588e-07,1.1038627999999999e-06,1.29672661e-06,2.1184219999999997e-06,4.6227666e-06,0.1881156,0.01424222,7.187695e-05,82.65827,57.88427,1.345932e-05,6.140576000000001,0.009373192,4.275043000000001,0.00037309101000000005,3.3632375999999994e-05,0.019723050000000002,16.57589,0.00037309101000000005,3.3632375999999994e-05,0.004894298,8.487554999999999,0.00037309101000000005,3.3632375999999994e-05,0.0015689789999999999,8.164501,0.00037309101000000005,3.3632375999999994e-05,0.003890356,1.0412418e-06,1.615288e-05,0.027360360000000007,3.3828237000000003,0.003964615499999999,-0.002219582,-0.0026542400000000004,6.833361e-07,8.697321999999999e-06
73,1608759000,0.28123869999999995,0.2812537,0.012817180000000001,-1.4355339999999999,0.9178406000000001,0.48370089999999993,0.7881617000000001,0.7038213000000001,0.011214827,0.1371177,1.550266e-05,5.1199439e-07,5.3246795e-07,6.817627900000001e-07,1.0057262000000001e-06,1.2678876200000002e-06,2.0689444e-06,4.475347e-06,0.12624578000000003,0.014141270000000001,0.0002214742,83.1791,60.496489999999994,9.340342e-06,6.47043,0.008164491999999999,3.00884,0.00037308717,3.3655892e-05,0.01633777,11.150245000000002,0.00037308717,3.3655892e-05,0.00475817,7.4430250000000004,0.00037308717,3.3655892e-05,0.0013566441,7.152689,0.00037308717,3.3655892e-05,0.0038795290000000005,9.510929999999999e-07,1.5970780000000005e-05,0.050644541,34.82393630000001,0.0070473509400000005,-0.0023537500000000004,-0.002719063,8.369782e-07,9.545637e-06
73,1608759600,0.2223786,0.22239360000000002,0.021713519999999997,-1.2627633999999999,0.8705137000000001,0.4216407999999999,0.7301474000000001,0.6458073,0.010581022,0.11387267999999999,1.58262e-05,7.5978371e-07,8.092731999999999e-07,9.676756e-07,1.2893988000000002e-06,1.6366408e-06,2.4866526999999998e-06,4.96843e-06,0.09743271,0.013618990000000001,0.00012384881,81.80481999999999,63.15608999999999,7.381604e-06,6.591664,0.007063815000000001,2.379389,0.000187630271,1.67753354e-05,0.0142631,8.591593999999999,0.000187630271,1.67753354e-05,0.004515747,4.2626266,0.000187630271,1.67753354e-05,0.0010440064,3.8914537000000005,0.000187630271,1.67753354e-05,0.003897233,8.997883000000001e-07,1.605089e-05,0.160761676,39.5297068,0.007959127580000001,-0.0024347559999999997,-0.0028099180000000002,1.0149737000000001e-06,1.2738495e-05
73,1608760200,0.3929088,0.3929239,0.009245031,-1.5968559999999998,1.0099820000000002,0.5770608,0.8671760000000001,0.7929242999999999,0.014418206,0.18148000000000003,1.5578469999999998e-05,5.297566999999999e-07,5.395932200000001e-07,6.8030512e-07,1.0761881e-06,1.3446537200000003e-06,2.2489012000000003e-06,5.1412505e-06,0.1819966,0.01426363,0.000182088,81.20755,57.80954999999999,1.3055790999999997e-05,6.054316999999999,0.009743257,4.159218,0.000202287141,1.8035176300000002e-05,0.019543330000000005,16.040553,0.000202287141,1.8035176300000002e-05,0.004779572000000001,6.661464,0.000202287141,1.8035176300000002e-05,0.0014288035,6.2021699,0.000202287141,1.8035176300000002e-05,0.003902099,1.0709815e-06,1.6269290000000003e-05,0.025471536,4.760894599999999,0.0046505185999999995,-0.0022220269999999997,-0.002629276,7.456299e-07,9.286442000000001e-06
73,1608760800,0.3936003,0.39361559999999995,0.012787861000000001,-1.579305,1.0379579,0.5804372,0.8857023999999999,0.8099873000000001,0.012547425000000001,0.18393589999999999,1.6040999999999998e-05,9.915314999999999e-07,1.0425528e-06,1.2482107e-06,1.7579137e-06,2.2364003e-06,3.5110816e-06,7.2191230000000005e-06,0.1825278,0.014153450000000001,9.975343e-05,76.98394,57.37435999999999,1.3078119999999999e-05,6.4415309999999995,0.00985401,4.238189,0.000501702419,4.551114519999999e-05,0.019792559999999997,16.24964,0.000501702419,4.551114519999999e-05,0.004828837000000001,9.6149816,0.000501702419,4.551114519999999e-05,0.0014797649,9.3653053,0.000501702419,4.551114519999999e-05,0.0039007690000000005,1.1412025999999999e-06,1.6306e-05,0.13732101200000002,20.3672057,0.008550489,-0.0022178709999999997,-0.0026181360000000005,9.784861e-07,1.2549466e-05
73,1608761400,0.4233936,0.4234089,0.015009058,-1.3822953999999998,1.1188849,0.5814923999999999,0.9658415,0.8818776999999999,0.013918993999999999,0.19705939999999997,1.6743279999999998e-05,1.5040893999999998e-06,1.5577211e-06,1.8181068000000001e-06,2.3327045000000004e-06,2.9588841e-06,4.4662522e-06,9.113643000000001e-06,0.1966119,0.01485955,0.00019991800000000002,76.16379,57.699020000000004,1.4062128999999998e-05,6.5330379999999995,0.009907181,4.477746000000001,0.000348921217,3.14489276e-05,0.020271829999999998,17.311396,0.000348921217,3.14489276e-05,0.004783483999999999,7.710255999999999,0.000348921217,3.14489276e-05,0.001425985,7.399437999999999,0.000348921217,3.14489276e-05,0.003931967999999999,1.3175538e-06,1.670447e-05,-0.11153206,48.3638984,0.010388688999999998,-0.00220833,-0.002634559,1.2607798999999998e-06,1.4770600999999998e-05
73,1608762000,0.7523664999999999,0.7523824,0.010013397,-1.56747,1.3660919999999999,0.7966692,1.201049,1.111421,0.024263673000000003,0.3504263,1.6242389999999998e-05,9.7469e-07,9.535292600000001e-07,1.18304658e-06,1.9006536e-06,2.325592e-06,3.7908228399999988e-06,8.940802999999999e-06,0.35855990000000004,0.017480719999999998,0.00012160568000000002,77.16909,54.81427,2.501359e-05,6.025814,0.013459740000000001,7.853517999999999,0.00129302466,0.00011789838299999999,0.02747467,31.454269999999998,0.00129302466,0.00011789838299999999,0.005517614999999999,22.781455,0.00129302466,0.00011789838299999999,0.002354696,22.900857000000002,0.00129302466,0.00011789838299999999,0.003929876,1.486061e-06,1.691051e-05,0.019974733,1.04154858,0.0037862977,-0.001888498,-0.0023805379999999998,6.780536e-07,8.789470999999998e-06
73,1608762600,0.34590970000000004,0.345925,0.016036954,-1.4913973,0.9669658999999999,0.5271749000000001,0.8309505999999999,0.7385477999999999,0.013554704,0.162842,1.577254e-05,5.076184399999999e-07,5.133985100000001e-07,6.313044e-07,9.789206e-07,1.1577436000000001e-06,1.8868127e-06,4.2109215e-06,0.15478193999999998,0.01803016,0.00013230989,86.05445,61.45881000000001,1.1494386999999999e-05,6.412356,0.009019077999999998,3.734525,0.00038394367100000006,3.47206085e-05,0.01778193,13.796078,0.00038394367100000006,3.47206085e-05,0.004817511000000001,7.8707837,0.00038394367100000006,3.47206085e-05,0.0013887784,7.576620699999999,0.00038394367100000006,3.47206085e-05,0.003926638,1.0665202999999998e-06,1.644757e-05,-0.024246129999999998,37.569018799999995,0.007091249999999999,-0.002305389,-0.002711473,9.271626000000001e-07,1.143705e-05
73,1608763200,0.1733816,0.17339680000000002,0.0033052487,-1.4043647,0.7532105000000001,0.3754673,0.5977683,0.5292537,0.011550978,0.09241539,1.548561e-05,1.9771895999999999e-07,2.1458668999999998e-07,2.9186786e-07,4.625317e-07,5.565054399999999e-07,9.139540100000001e-07,2.1582487e-06,0.07122566999999999,0.015414649999999997,4.474743e-05,90.00692000000001,68.48696,5.760109e-06,6.380287,0.0065028360000000006,1.873644,0.000278954885,2.50596479e-05,0.01223515,6.319751,0.000278954885,2.50596479e-05,0.00471833,5.75573,0.000278954885,2.50596479e-05,0.001187222,5.382074000000001,0.000278954885,2.50596479e-05,0.00392318,1.0055832e-06,1.6316020000000002e-05,0.008515285000000003,72.8017801,0.0128669101,-0.002499068,-0.002852296,1.3281401e-06,1.6919239000000002e-05
73,1608763800,0.3324186,0.3324337,0.0201733815,-1.5673780000000002,1.0027046999999998,0.5288063000000001,0.7944242000000001,0.7258722,0.012251937000000001,0.1605365,1.5408829999999996e-05,3.5406590000000005e-07,3.6253642e-07,5.307914999999999e-07,9.251828999999997e-07,1.1500202e-06,2.0787231999999996e-06,5.099806e-06,0.14981979999999998,0.016175770000000003,0.00020296173999999998,84.45367,60.10149,1.1039673e-05,6.538638000000001,0.009067153999999997,3.5367400000000004,0.00038031349,3.4293307999999994e-05,0.01779154,13.15807,0.00038031349,3.4293307999999994e-05,0.0048849010000000005,8.533121,0.00038031349,3.4293307999999994e-05,0.0015070015000000002,8.173138,0.00038031349,3.4293307999999994e-05,0.003906806,1.4612354999999997e-06,1.6595409999999998e-05,-0.360594073,128.88941300000002,0.02104811,-0.002269863,-0.0026602180000000002,2.0759322999999997e-06,2.5743234000000004e-05
73,1608764400,0.9951741999999999,0.9951893,0.008417964,-1.662144,1.4775459999999998,0.9225774000000001,1.324653,1.2389264,0.035600400000000004,0.46815560000000006,1.680123e-05,1.9570665e-06,2.017621e-06,2.4697009e-06,3.7441778999999995e-06,4.7899503e-06,7.821367599999999e-06,1.7091463000000003e-05,0.4774711,0.019966069999999995,0.00010825814999999999,74.66829,54.26016,3.306643e-05,6.353702,0.01572039,10.488803,0.0012109845200000001,0.00011037393300000001,0.031763379999999994,42.13597000000001,0.0012109845200000001,0.00011037393300000001,0.005473223,23.099822999999997,0.0012109845200000001,0.00011037393300000001,0.002428186,23.121195000000004,0.0012109845200000001,0.00011037393300000001,0.003900629,1.99151e-06,1.7141139999999997e-05,-0.06090850600000001,8.026510930000002,0.007131165300000001,-0.001574368,-0.0021294729999999998,8.525978999999999e-07,1.0444113999999999e-05
73,1608765000,1.1625185,1.1625321000000002,0.008549459700000001,-1.6150069999999999,1.633624,0.9935732000000002,1.4556810000000002,1.377043,0.02233062,0.5145204999999999,1.680844e-05,2.0201624999999997e-06,2.06918093e-06,2.55290312e-06,3.8836133e-06,5.0349569e-06,8.0503977e-06,1.8485013000000002e-05,0.5636769,0.01742601,0.00011177506,73.02340000000001,53.12848,3.864363999999999e-05,6.264976,0.01683695,12.016878000000002,0.00089865882,8.1736093e-05,0.03452787,49.22948,0.00089865882,8.1736093e-05,0.005455255,20.226067999999998,0.00089865882,8.1736093e-05,0.0025017019999999997,19.969285000000003,0.00089865882,8.1736093e-05,0.003900501,2.173124e-06,1.731569e-05,0.04989445199999999,4.6151328,0.006574505999999999,-0.001410161,-0.0020209050000000004,7.760998999999999e-07,1.0205689999999999e-05
73,1608765600,1.0381429,1.0381579,0.007256392,-1.6368649999999998,1.4892079999999999,0.9288892000000001,1.3455042,1.2541872,0.035661330000000005,0.48529330000000004,1.5832519999999996e-05,9.297542000000001e-07,8.173901800000001e-07,1.0660928e-06,1.8206975000000002e-06,2.0687972e-06,3.5001000999999997e-06,8.649123e-06,0.5065504000000001,0.012427821,7.355621e-05,74.63228,52.740840000000006,3.453858e-05,5.703904,0.01585566,10.823272,0.000819704322,7.45522438e-05,0.03230324,44.43999,0.000819704322,7.45522438e-05,0.005319015,18.087424,0.000819704322,7.45522438e-05,0.002291413,17.832037,0.000819704322,7.45522438e-05,0.0038964739999999996,1.985951e-06,1.711746e-05,0.0473736492,6.07901437,0.006246345800000001,-0.001549353,-0.002110524,7.648589e-07,9.469373e-06
73,1608766200,0.6173285000000001,0.6173436999999999,0.0068435152,-1.578539,1.251338,0.720034,1.0707324,0.9787057999999998,0.021076651,0.30232709999999996,1.596425e-05,8.420923000000001e-07,8.395745799999999e-07,1.0655076e-06,1.6224164000000001e-06,2.0396351999999997e-06,3.3427550999999998e-06,7.517728999999999e-06,0.2785594,0.03001513,7.167177999999999e-05,82.47817,60.27398999999999,2.0517270000000002e-05,6.222223,0.012286618999999999,6.501130000000001,0.00020666253,1.8403696500000002e-05,0.024132930000000004,24.51271,0.00020666253,1.8403696500000002e-05,0.004818517,7.459129000000002,0.00020666253,1.8403696500000002e-05,0.001567354,6.963862000000001,0.00020666253,1.8403696500000002e-05,0.003917314999999999,1.507878e-06,1.678713e-05,0.014730150000000003,27.9902761,0.009521871000000001,-0.001976438,-0.002431498,9.362833e-07,1.1511965e-05
73,1608766800,1.0015794999999998,1.0015958,0.0050082220000000005,-1.601866,1.551121,0.9293647999999999,1.387355,1.2792740000000002,0.025934640000000002,0.44932170000000005,1.843595e-05,3.3896137999999998e-06,3.5159461e-06,4.131347300000001e-06,5.440182300000001e-06,6.8250715e-06,1.0412818599999999e-05,2.0319052000000002e-05,0.47167639999999994,0.028957470000000003,9.883314e-05,72.86989000000001,55.82340999999999,3.327751e-05,6.127042,0.015775,10.500129,0.0005242170900000001,4.74664711e-05,0.031765930000000005,41.50321,0.0005242170900000001,4.74664711e-05,0.005184096,13.448774999999998,0.0005242170900000001,4.74664711e-05,0.0021171840000000003,13.0646875,0.0005242170900000001,4.74664711e-05,0.00392763,2.021856e-06,1.737282e-05,0.040479791,25.660080200000003,0.012668413,-0.0016199399999999998,-0.002175606,1.1424609000000001e-06,1.5049985e-05
73,1608767400,1.8444240000000005,1.84444,0.009962585,-1.491616,2.1464149999999997,1.2366219999999999,1.9673120000000002,1.808081,0.06728061,0.8272012,2.233692e-05,7.715393000000002e-06,7.964723000000001e-06,9.205683e-06,1.1792455e-05,1.4712610000000001e-05,2.1857293000000002e-05,4.1505394e-05,0.8842846,0.03765808,0.00014797849000000002,72.43113000000001,54.15758000000001,6.129154999999999e-05,6.3414980000000005,0.02103207,19.48549,0.0012993847,0.00011838215999999998,0.04345632000000001,78.21481,0.0012993847,0.00011838215999999998,0.005668074,26.812068999999997,0.0012993847,0.00011838215999999998,0.0028754379999999997,26.838799,0.0012993847,0.00011838215999999998,0.003934982,3.255191e-06,1.852524e-05,0.037477504999999994,12.296511099999998,0.014718275999999997,-0.0008898141,-0.001662555,1.0868480000000002e-06,1.4871874000000001e-05
73,1608768000,1.860942,1.86096,0.006444111000000001,-1.3380876,2.351546,1.22983,2.061549,1.824843,0.04659963,0.8381152999999999,1.629395e-05,1.4400098e-06,1.3473893000000002e-06,1.7710074e-06,3.0473345e-06,3.7512757999999994e-06,6.4612433e-06,1.5879265000000003e-05,0.7686309,0.16165176,0.00015476193,88.66690000000001,68.80422,6.184726000000001e-05,6.010101,0.020687999999999998,19.75095,0.0032277617499999996,0.00029517270199999997,0.04033383,68.14513000000001,0.0032277617499999996,0.00029517270199999997,0.006893854,64.50011,0.0032277617499999996,0.00029517270199999997,0.004076501000000001,65.32723999999999,0.0032277617499999996,0.00029517270199999997,0.003957706,3.573023e-06,1.888519e-05,-0.030037821,9.1186699,0.015273040000000002,-0.0008205385000000001,-0.0016278650000000003,1.0952637e-06,1.4407173e-05
73,1608768600,1.7765849999999996,1.7766009999999999,0.008546673000000001,-1.0328412999999999,2.462402,1.1580826000000002,2.2002300000000004,1.8940709999999998,0.05416302999999999,0.8138808000000001,1.6668109999999998e-05,1.7532728999999997e-06,1.77558854e-06,2.3831986e-06,3.9561177e-06,5.3101832000000005e-06,9.2352364e-06,2.1706802e-05,0.6984637,0.18959680000000004,0.00018487723999999997,91.13721000000001,72.12699,5.901019e-05,6.335588999999999,0.01925541,18.83571,0.0047096081,0.00043100668,0.03854578,61.882709999999996,0.0047096081,0.00043100668,0.0071596889999999995,81.34233,0.0047096081,0.00043100668,0.004341021,83.17301,0.0047096081,0.00043100668,0.003966786,3.402643e-06,1.875447e-05,-0.01794313099999999,11.885717500000002,0.014785587,-0.0009304646,-0.001786989,1.1628322e-06,1.4604848999999999e-05
73,1608769200,2.116038,2.116056,0.0049649606,-1.2883395000000002,2.505114,1.3009270000000002,2.232069,1.9672349999999998,0.06385233,0.9683714999999999,1.96127e-05,4.510722e-06,4.7588336e-06,5.8159223e-06,8.367802000000002e-06,1.1054519999999999e-05,1.7778325999999997e-05,3.81711e-05,0.8928397,0.16487110000000002,0.00021353376,85.05814000000001,66.94294,7.024135e-05,6.491906,0.02173193,22.51311,0.005628119199999999,0.0005151723079999999,0.04320585,79.18266000000001,0.005628119199999999,0.0005151723079999999,0.007404922999999999,98.10721900000001,0.005628119199999999,0.0005151723079999999,0.004630704999999999,100.32644300000001,0.005628119199999999,0.0005151723079999999,0.004008132,3.836083000000001e-06,1.9425239999999998e-05,0.011232085999999997,7.772881100000001,0.012017209000000001,-0.0007417398199999999,-0.0016144653000000001,1.1555852999999998e-06,1.4756892e-05
73,1608769800,2.08861,2.088626,0.004534864,-1.460555,2.424899,1.3204889999999998,2.132316,1.8558569999999999,0.07695196000000001,0.9671512999999999,1.878955e-05,3.9971002e-06,4.1625885e-06,5.051799800000001e-06,7.175969000000001e-06,9.311306e-06,1.4711731e-05,3.076034e-05,0.8703202000000001,0.17370670000000002,0.00019933279999999998,85.79681000000001,67.87604999999999,6.934511999999999e-05,6.375159,0.022159699999999997,22.316809999999997,0.0037458486999999998,0.00034262846,0.04285068,77.40447999999999,0.0037458486999999998,0.00034262846,0.006713798,64.8199,0.0037458486999999998,0.00034262846,0.003935168,66.04799999999999,0.0037458486999999998,0.00034262846,0.003996239,4.152392e-06,1.9614729999999996e-05,0.17569739,6.612785199999999,0.016122445,-0.0006462093999999999,-0.001479799,1.3605586000000001e-06,1.6895790999999997e-05
73,1608770400,2.298665,2.29868,0.0015426397000000002,-1.6625050000000001,2.312919,1.423062,2.0618869999999996,1.8860829999999997,0.04437586,0.9938115999999999,2.0103020000000002e-05,5.1299111e-06,5.157040700000001e-06,6.0332358e-06,8.168152e-06,9.8697931e-06,1.5225128000000003e-05,2.9982248000000004e-05,0.9929065000000004,0.1561318,0.00021020769999999998,88.46635,63.72988,7.637567e-05,6.161428999999999,0.02404946,24.235310000000002,0.00539126549,0.000493465046,0.04608528,87.49665999999999,0.00539126549,0.000493465046,0.006958401,88.803709,0.00539126549,0.000493465046,0.004237665999999999,91.115811,0.00539126549,0.000493465046,0.004001752,4.745720000000001e-06,2.021067e-05,0.09929113199999999,9.808875599999999,0.018544767,-0.00040909399999999993,-0.0012390260999999999,1.6943857e-06,1.9808725000000004e-05
73,1608771000,2.281383,2.281395,0.006213647000000001,-1.540333,2.451975,1.397571,2.195917,1.935209,0.06375008,1.0093069,1.9673199999999997e-05,4.652152599999999e-06,4.8008966000000004e-06,5.8531784e-06,8.185983000000001e-06,1.0496194700000001e-05,1.6693209000000003e-05,3.5154720999999995e-05,0.970127,0.1702214,0.00025283549999999993,82.95095999999998,65.43731,7.577174999999999e-05,6.305878000000001,0.02310236,23.64342,0.00445044919,0.000407194258,0.04513239,84.5592,0.00445044919,0.000407194258,0.007033331999999999,79.544937,0.00445044919,0.000407194258,0.0043130700000000004,81.174775,0.00445044919,0.000407194258,0.0040026390000000005,4.244607e-06,1.9820649999999998e-05,0.016524179,2.5249147000000005,0.010475068,-0.0005133919999999999,-0.001350178,1.1120035e-06,1.3652439e-05
73,1608771600,2.144742,2.144757,0.003987287000000001,-1.5920679999999998,2.3436339999999998,1.366629,2.0684500000000003,1.836694,0.038799650000000005,0.9284038000000001,1.772977e-05,2.9830631999999998e-06,2.8862118e-06,3.5259080999999997e-06,5.256474e-06,6.439099e-06,1.0442201e-05,2.2635695e-05,0.9029882,0.1691039,0.00022174709999999998,88.34936,66.02959000000001,7.126163e-05,6.233176,0.022934259999999998,22.76219,0.00393556687,0.000360028322,0.04398462,79.9359,0.00393556687,0.000360028322,0.006566589,68.679632,0.00393556687,0.000360028322,0.003815626,70.113801,0.00393556687,0.000360028322,0.003985889000000001,4.439713e-06,1.987047e-05,1.10644624,37.26014049999999,0.019544377,-0.0005360367000000001,-0.0013569420000000003,2.2865574999999994e-06,2.7341984e-05
73,1608772200,3.539237,3.5392509999999993,0.002166228,-1.5928140000000002,2.9570039999999995,1.748837,2.67653,2.4021730000000003,0.09748872,1.557052,2.5947329999999997e-05,1.1550831e-05,1.19371014e-05,1.3803302199999999e-05,1.8370716e-05,2.2847831e-05,3.4431334e-05,6.659431599999999e-05,1.5976000000000004,0.17157480000000003,0.0002530233,80.41283999999999,59.89582,0.00011759622999999999,6.243091,0.029394609999999998,37.00975,0.0056926293,0.00052093619,0.058226049999999994,140.26191,0.0056926293,0.00052093619,0.007444818000000001,102.14996800000002,0.0056926293,0.00052093619,0.004824469999999999,104.023179,0.0056926293,0.00052093619,0.004100286,6.442423000000001e-06,2.2072770000000004e-05,-0.0030740299999999997,5.781996100000001,0.018701172,0.00024362995999999997,-0.0007530961999999999,1.5901296000000003e-06,1.9650603e-05
73,1608772800,4.145804,4.145818,0.0034481166,-1.578228,3.186622,1.894613,2.939977,2.640119,0.05016002000000001,1.757228,2.0713499999999997e-05,6.102944000000001e-06,5.9672785e-06,7.3180089000000014e-06,1.1051473e-05,1.37756158e-05,2.2375561e-05,4.8324448999999995e-05,1.849611,0.22289190000000003,0.00027760420000000005,82.09812,60.84348,0.000137764,6.1058509999999995,0.03151247,43.28584,0.00652422554,0.000597105267,0.06284648000000001,162.4304,0.00652422554,0.000597105267,0.008057440999999999,127.59818,0.00652422554,0.000597105267,0.005472237,129.80957,0.00652422554,0.000597105267,0.004107686000000001,6.568351e-06,2.2188699999999996e-05,-0.006018549,0.2744697,0.006184698000000001,0.0003891689,-0.0006346315,9.001081e-07,1.140657e-05
73,1608773400,3.5803220000000002,3.5803360000000004,-0.00023927584999999997,-1.704959,2.7520189999999998,1.785999,2.5350020000000004,2.297208,0.04779161999999999,1.530969,2.208293e-05,7.2308923e-06,7.173631699999999e-06,8.535051300000001e-06,1.1730103000000001e-05,1.42039808e-05,2.18180572e-05,4.4777513000000005e-05,1.557773,0.23200499999999996,0.0002607746,87.64858000000001,63.04923999999998,0.00011893909999999999,6.174996999999999,0.03016661,37.46368,0.0008733426399999999,7.9355117e-05,0.057705379999999994,136.75799999999998,0.0008733426399999999,7.9355117e-05,0.005971575000000001,31.959983,0.0008733426399999999,7.9355117e-05,0.003319387,31.0648799,0.0008733426399999999,7.9355117e-05,0.0041001959999999995,6.266699e-06,2.199499e-05,0.010758090000000001,0.5106513899999999,0.007981205,0.0002732671,-0.0007183302,9.570106e-07,1.2642559999999999e-05
73,1608774000,4.37942,4.379437000000001,0.00166802444,-1.6677089999999999,3.0980060000000007,1.9523769999999998,2.834299,2.572766,0.13562989,1.952026,2.219471e-05,7.682355e-06,7.578895e-06,9.025734e-06,1.3223078e-05,1.6208795e-05,2.5500302e-05,5.4265430000000006e-05,2.002506,0.18677580000000002,0.0002886639,81.79697,59.03751,0.00014553460000000002,6.28609,0.032819219999999996,45.79106,0.004183461750000001,0.00038261332000000004,0.06491040000000001,175.9022,0.004183461750000001,0.00038261332000000004,0.007190664000000001,86.69572000000001,0.004183461750000001,0.00038261332000000004,0.004557617,87.60414,0.004183461750000001,0.00038261332000000004,0.0041646420000000005,7.521025e-06,2.324665e-05,-0.0112289942,1.43516356,0.014629685,0.00065063872,-0.00041585123,1.3216337e-06,1.776207e-05
73,1608774600,4.305521000000001,4.305536999999999,0.001015673512,-1.7049210000000001,3.0609930000000003,1.9503030000000003,2.766121,2.521953,0.08114819,1.872284,2.065405e-05,6.150377999999999e-06,6.3519825e-06,8.1481782e-06,1.3034167e-05,1.74378765e-05,2.9913104e-05,6.6721725e-05,1.9773910000000001,0.1747981,0.0004184202999999999,79.38776,58.25088000000001,0.00014301549999999998,6.258967,0.03292192000000001,44.93803,0.00806750107,0.000738550646,0.06489069,173.41729999999998,0.00806750107,0.000738550646,0.008442808,144.311856,0.00806750107,0.000738550646,0.00585164,147.6770376,0.00806750107,0.000738550646,0.004167987999999999,7.506237999999999e-06,2.3324380000000002e-05,-0.029413177000000002,0.98873754,0.011951024000000001,0.0006463227000000001,-0.0004283646,1.2118031e-06,1.6274610000000002e-05
73,1608775200,4.287231,4.287249,-0.0023532645999999996,-1.7484790000000001,2.8631,1.9579039999999999,2.6532810000000002,2.478751,0.07258572999999999,1.851919,2.8889170000000002e-05,1.4680187499999998e-05,1.51990391e-05,1.76541975e-05,2.3427251e-05,2.9430125800000003e-05,4.4513763e-05,8.6008235e-05,1.9499880000000005,0.19309389999999998,0.00028854899,78.30298,59.02139,0.00014244739999999997,6.133979,0.03357848,45.13837,0.00490674588,0.00044888830800000006,0.0646888,172.06130000000002,0.00490674588,0.00044888830800000006,0.0073554480000000005,93.086416,0.00490674588,0.00044888830800000006,0.004729164,94.5906557,0.00490674588,0.00044888830800000006,0.004170306,7.522101000000001e-06,2.333597e-05,0.033719498,2.1822312150000003,0.014807508000000002,0.0006715887,-0.0004091871,1.3810121999999998e-06,1.867424e-05
73,1608775800,6.038020000000001,6.038038,-0.004620137999999999,-1.763727,3.266838,2.316137,3.024317,2.904989,0.10801208,2.633189,2.8365730000000004e-05,1.4274343999999997e-05,1.44249797e-05,1.72950942e-05,2.4231285999999998e-05,3.070403e-05,4.8352889e-05,9.987548e-05,2.820965,0.19735010000000003,0.0004327683,76.76375,56.73598,0.00020065949999999999,6.199026000000001,0.03990022000000001,63.52044000000001,0.0096660433,0.0008848920100000003,0.07757405,248.6293,0.0096660433,0.0008848920100000003,0.008769367,169.190188,0.0096660433,0.0008848920100000003,0.006149553,173.08311700000002,0.0096660433,0.0008848920100000003,0.004328055,9.809515000000001e-06,2.577498e-05,0.028022085000000002,0.22164232099999998,0.010561416,0.0014088509999999998,0.00018320086,1.0541702000000001e-06,1.359515e-05
73,1608776400,6.194128999999999,6.194145999999999,-0.004010724,-1.7675340000000002,3.3046010000000003,2.352194,3.0824059999999998,2.920139,0.08798686,2.6162039999999998,2.7277309999999994e-05,1.3308486000000001e-05,1.3531847100000002e-05,1.6470836e-05,2.3775321e-05,3.0687682999999994e-05,4.9720588e-05,0.00010459612000000001,2.9039910000000004,0.1922724,0.0005377218000000001,78.02397999999998,56.28830000000001,0.00020577060000000002,6.359214,0.04011580999999999,64.80384000000001,0.0014634841800000003,0.000133190337,0.07884899,255.454,0.0014634841800000003,0.000133190337,0.007336458,67.276261,0.0014634841800000003,0.000133190337,0.004671623000000001,65.65759999999999,0.0014634841800000003,0.000133190337,0.004333828,1.0151365e-05,2.6079e-05,-0.045309696999999996,4.341185619999999,0.014262196,0.001472288,0.00022582941000000002,1.4765698999999998e-06,1.9153839999999995e-05
73,1608777000,5.477588,5.477605,-0.0038858289999999995,-1.765857,3.1740579999999996,2.2164119999999996,2.921301,2.782585,0.08309287,2.3731050000000002,2.368806e-05,9.55752e-06,9.5500052e-06,1.16116769e-05,1.7340549999999998e-05,2.1921140900000003e-05,3.5649511e-05,7.74159e-05,2.529453,0.208703,0.0004472359,78.48075,57.743399999999994,0.0001820518,6.175976,0.0378171,57.54505,0.00404659791,0.00036992362100000004,0.07354260000000001,222.86790000000002,0.00404659791,0.00036992362100000004,0.007668052,94.776839,0.00404659791,0.00036992362100000004,0.005031615,95.350432,0.00404659791,0.00036992362100000004,0.004281842,9.302154e-06,2.5238260000000003e-05,-0.012576963000000002,1.9661014699999995,0.016785426,0.00116899,1.5062799999999997e-05,1.5480909e-06,2.0979290000000004e-05
73,1608777600,5.682454999999999,5.68247,-0.003862395,-1.764039,3.192434,2.254554,2.961091,2.828976,0.10880346999999999,2.43147,2.7122490000000003e-05,1.2546327999999999e-05,1.25752443e-05,1.4706757900000003e-05,2.0686962999999996e-05,2.5160284399999996e-05,3.76345511e-05,7.7595713e-05,2.636807,0.20382570000000003,0.00038383159999999994,78.35513,57.20936999999999,0.00018894000000000002,6.101465999999999,0.03892487,60.65516,0.00652344354,0.000596896307,0.07550162,234.53440000000006,0.00652344354,0.000596896307,0.008243686,128.007036,0.00652344354,0.000596896307,0.0056036820000000005,130.13837800000002,0.00652344354,0.000596896307,0.004301918,9.470579e-06,2.5507999999999997e-05,-0.001684722000000001,0.86715743,0.015934353,0.0012542319999999999,6.2457692e-05,1.4306724e-06,1.928845e-05
73,1608778200,4.592786,4.592803,-0.0034595894,-1.7680559999999996,2.8501980000000002,2.029552,2.645743,2.5521760000000002,0.08198654000000001,1.9960460000000002,1.9367840000000004e-05,4.775067e-06,4.8173075e-06,6.6846089e-06,1.1482817000000001e-05,1.5709678e-05,2.8392491999999998e-05,6.678443e-05,2.1334419999999996,0.16227560000000002,0.0005341619,79.15812,57.13667,0.0001525834,6.292158,0.03504141,49.055369999999996,0.00674488697,0.000617311666,0.06788256,189.72899999999998,0.00674488697,0.000617311666,0.007827692,122.995814,0.00674488697,0.000617311666,0.005186694,125.569416,0.00674488697,0.000617311666,0.004193473,7.632814e-06,2.36044e-05,0.022090107,2.08420248,0.012948476,0.0007392434,-0.000336101,1.1692718999999999e-06,1.541973e-05
73,1608778800,4.898784,4.8988000000000005,-1.3495000000000036e-05,-1.752272,3.054468,2.087069,2.797135,2.6300669999999995,0.0910569,2.1298970000000006,2.129905e-05,7.0252219999999994e-06,6.998197059999999e-06,8.8808146e-06,1.3868753999999998e-05,1.8100257300000004e-05,3.06658407e-05,6.929958500000001e-05,2.2921970000000003,0.156579,0.00045592949999999995,76.86431,56.43625000000001,0.0001628161,6.146827,0.03579475,51.853359999999995,0.0034259561300000003,0.000313425344,0.07022466000000001,202.8145,0.0034259561300000003,0.000313425344,0.007110148000000001,82.23923699999999,0.0034259561300000003,0.000313425344,0.004453331,82.4513388,0.0034259561300000003,0.000313425344,0.00418329,7.670521e-06,2.3550989999999998e-05,-0.004212366299999999,1.19163953,0.014728724999999998,0.0007665695999999999,-0.00025313956,1.0809351e-06,1.564926e-05
73,1608779400,4.209545,4.209560999999999,-0.00036009779999999987,-1.7350249999999998,2.819748,1.9245,2.582593,2.4592140000000002,0.12321019,1.860353,2.8769819999999998e-05,1.4526675200000003e-05,1.50479183e-05,1.7559025999999997e-05,2.3210399e-05,2.95694357e-05,4.4777741e-05,8.9264393e-05,1.9694439999999998,0.1346847,0.0003952117,77.30026999999998,56.6564,0.0001398436,6.324566,0.03316455000000001,44.72643,0.0024972828,0.000228162864,0.06481245,174.53379999999999,0.0024972828,0.000228162864,0.006675876999999999,54.966500999999994,0.0024972828,0.000228162864,0.004010710999999999,55.1360079,0.0024972828,0.000228162864,0.004115638,6.777609000000001e-06,2.242292e-05,0.016547310000000003,3.0180496,0.014989701999999999,0.00049305506,-0.0005213314,1.2451068e-06,1.661535e-05
73,1608780000,2.972881,2.972898,-0.0003518198599999999,-1.670413,2.6311169999999997,1.619445,2.339733,2.097401,0.09013604,1.3221000000000003,2.0437319999999996e-05,5.5207204e-06,5.49835056e-06,6.5892289e-06,9.343559e-06,1.1418506399999999e-05,1.80930106e-05,3.780534299999999e-05,1.3071008,0.1789158,0.0003237694,84.82078999999999,62.19496,9.877324e-05,6.021877,0.027431219999999996,31.36978,0.0038471652,0.00035183501000000006,0.052823739999999994,115.36825999999999,0.0038471652,0.00035183501000000006,0.006747009,69.709081,0.0038471652,0.00035183501000000006,0.004086165,71.03827100000001,0.0038471652,0.00035183501000000006,0.004032408999999999,4.9285529999999995e-06,2.0591339999999997e-05,0.017922432000000002,2.45530661,0.01264288,-0.00021127693799999998,-0.0010941452,1.0263154e-06,1.3821668e-05
73,1608780600,3.0831089999999994,3.083127,0.003533488400000001,-1.542578,2.8033230000000002,1.627609,2.5659409999999996,2.3147580000000003,0.04305508,1.3118319999999999,2.097247e-05,6.286784e-06,6.3476343999999994e-06,7.607167200000001e-06,1.101564e-05,1.3876680599999997e-05,2.2218493400000005e-05,4.7507003e-05,1.387108,0.15395879999999998,0.00036914940000000007,81.97656,60.03342,0.00010242521000000001,6.214423,0.02698676,32.012989999999995,0.00154966116,0.000141263952,0.05434092,121.1827,0.00154966116,0.000141263952,0.006286336000000001,39.001947,0.00154966116,0.000141263952,0.00364667,38.801747,0.00154966116,0.000141263952,0.004036306,5.253593999999999e-06,2.0789880000000004e-05,-0.0018399380000000004,1.424258,0.008617724,-8.342566000000001e-05,-0.001019037,9.01217e-07,1.2167529e-05
73,1608781200,2.8332,2.8332159999999997,0.006318631,-1.3501949999999998,2.878738,1.5170479999999997,2.567291,2.3123960000000006,0.07892895,1.2710522,2.059048e-05,5.833377399999999e-06,5.9190897e-06,7.1158681000000015e-06,1.0347455999999998e-05,1.32942636e-05,2.11501832e-05,4.5385089e-05,1.2879498999999999,0.12822830000000002,0.0003065377,77.51721,59.375580000000014,9.414749e-05,6.144163,0.02507394,29.27749,0.00467910696,0.0004280854869999999,0.052042920000000006,112.32167,0.00467910696,0.0004280854869999999,0.007597711,91.10424,0.00467910696,0.0004280854869999999,0.004954392,92.41582,0.00467910696,0.0004280854869999999,0.004050877,5.1714609999999995e-06,2.07845e-05,0.060721235,6.741112200000001,0.018237294999999997,-0.00020015034699999998,-0.001167524,1.442695e-06,2.0161360000000004e-05
73,1608781800,2.970654,2.9706710000000003,0.005974251000000001,-1.314646,2.931878,1.550843,2.674694,2.3959490000000003,0.06196784000000001,1.2970260000000002,2.26765e-05,7.806507999999999e-06,8.1302057e-06,9.5202596e-06,1.3185469e-05,1.6483495000000002e-05,2.5325425000000005e-05,5.122869e-05,1.349162,0.13570733,0.0003182585,79.36947999999998,59.2549,9.871893e-05,6.469651000000001,0.02544498,30.364150000000002,0.0023186429599999997,0.00021174509700000005,0.05326537,116.76439,0.0023186429599999997,0.00021174509700000005,0.006395243,45.894514,0.0023186429599999997,0.00021174509700000005,0.0037489869999999996,46.247889,0.0023186429599999997,0.00021174509700000005,0.004086365999999999,5.797374e-06,2.1480640000000002e-05,-0.023912004,3.7161920000000004,0.011495195,6.8827892e-05,-0.0009967151,1.2553622e-06,1.5361850000000003e-05
73,1608782400,3.062329,3.0623449999999997,0.0033171875,-1.6060120000000002,2.666742,1.606791,2.3758100000000004,2.2022919999999995,0.12093187000000001,1.3971323999999998,2.362948e-05,9.482135000000001e-06,9.715901899999998e-06,1.13639612e-05,1.5700620999999997e-05,1.9821948e-05,2.9985871e-05,6.107186e-05,1.4776654999999999,0.053045560000000005,0.0002884821,72.16326,53.89076,0.00010175551000000001,6.285107999999999,0.0272082,31.776720000000005,0.0013689439,0.0001246363,0.055621199999999996,129.34359999999998,0.0013689439,0.0001246363,0.006442167,40.03063,0.0013689439,0.0001246363,0.003756962,39.42412,0.0013689439,0.0001246363,0.00407637,6.230814e-06,2.175133e-05,0.0023830699999999997,8.549493700000001,0.023425266,0.00017062682,-0.0008233774,1.8234652e-06,2.306482e-05
73,1608783000,3.3596470000000003,3.3596610000000005,0.0022718553000000002,-1.6620079999999997,2.6177669999999997,1.693938,2.412298,2.2830690000000002,0.08243803999999999,1.4989520000000003,2.4720230000000003e-05,1.0128740999999999e-05,1.0516663000000001e-05,1.2665677000000002e-05,1.7525491000000002e-05,2.3059795e-05,3.689853e-05,7.575848e-05,1.6356179999999998,0.043644470000000005,0.00036547,67.81505999999999,52.67749,0.00011162042000000001,6.499435,0.02901053,35.185629999999996,0.00117598484,0.00010697327500000002,0.05888055999999999,143.88240000000002,0.00117598484,0.00010697327500000002,0.006216721999999999,37.13078899999999,0.00117598484,0.00010697327500000002,0.003515687000000001,36.489521,0.00117598484,0.00010697327500000002,0.004081082,5.871611e-06,2.156267e-05,0.025870999,2.11010674,0.013386036999999998,0.00014427013,-0.000849223,1.1441443000000002e-06,1.4911649999999998e-05
73,1608783600,3.234283,3.234299,0.0023412098,-1.68508,2.49964,1.6679550000000003,2.296533,2.201505,0.11226923,1.459425,2.2756750000000002e-05,8.4450601e-06,8.581413499999999e-06,1.01096079e-05,1.4124864999999998e-05,1.7701418999999998e-05,2.7472656e-05,5.5656854e-05,1.578743,0.037983119999999995,0.0002656761,69.30258,52.46577,0.00010751379999999997,6.005516,0.028768580000000005,34.12047999999999,0.0028045081,0.000256368896,0.0579137,139.4869,0.0028045081,0.000256368896,0.006730913,61.889785,0.0028045081,0.000256368896,0.004047372,62.200894000000005,0.0028045081,0.000256368896,0.004048566000000001,5.805983e-06,2.1317709999999998e-05,-0.32102814900000004,12.53278995,0.012803638,9.311514e-05,-0.0008535496,1.8669665999999998e-06,2.2639895e-05
73,1608784200,2.511413,2.511432,0.002648877,-1.6236350000000002,2.2977319999999994,1.4578969999999998,2.0951890000000004,1.9583860000000002,0.08322572999999998,1.1163048999999998,1.792287e-05,3.1343292e-06,3.026006e-06,3.8126011000000003e-06,6.123235999999999e-06,7.594936600000001e-06,1.29029157e-05,3.0095016999999995e-05,1.2020481,0.053346269999999994,0.00024435900000000004,75.16316,54.349810000000005,8.352456e-05,5.940791,0.025175120000000002,26.984180000000002,0.00183122148,0.000167147484,0.05055179,107.15686000000001,0.00183122148,0.000167147484,0.0061020300000000005,42.103868999999996,0.00183122148,0.000167147484,0.0033623510000000004,42.055603,0.00183122148,0.000167147484,0.004001706,4.849109e-06,2.0247759999999997e-05,-0.012445679999999997,3.7033484000000008,0.012431231000000001,-0.00027573552,-0.0011360620999999998,1.0963025e-06,1.3879754000000003e-05
73,1608784800,3.380737,3.38075,0.004238998999999999,-1.735924,2.60273,1.730978,2.37221,2.203266,0.08671517999999999,1.4861080000000002,1.991364e-05,5.5106451e-06,5.3592952e-06,6.2727792e-06,9.162102e-06,1.0926611100000001e-05,1.6913029999999998e-05,3.5885224e-05,1.5773949999999997,0.11259869,0.0002797663,77.80042,56.66993,0.00011245413,5.781493,0.029620809999999997,35.77210000000001,0.0047699644999999995,0.00043641948300000003,0.058076739999999995,139.2991,0.0047699644999999995,0.00043641948300000003,0.00703942,86.09025999999999,0.0047699644999999995,0.00043641948300000003,0.004400935999999999,87.771531,0.0047699644999999995,0.00043641948300000003,0.004064301000000001,6.274240999999999e-06,2.174497e-05,-0.01295656,3.3424039,0.016591419,0.00022681272999999997,-0.0007178782000000001,1.2755620999999999e-06,1.71412e-05
73,1608785400,3.8579539999999994,3.8579679999999996,0.0013191349,-1.7620390000000001,2.660219,1.8587090000000004,2.462777,2.3299469999999998,0.05479531,1.640538,2.1604580000000002e-05,7.064103399999999e-06,7.0003577e-06,8.6486915e-06,1.2417092000000002e-05,1.58894985e-05,2.5184168700000002e-05,5.3073595000000006e-05,1.783286,0.1451279,0.0004269122,76.72471,57.548930000000006,0.00012826019999999998,6.0445020000000005,0.032285400000000006,41.31349,0.005556925400000001,0.00050846188,0.062118099999999996,158.65769999999998,0.005556925400000001,0.00050846188,0.0073000849999999996,98.87662300000001,0.005556925400000001,0.00050846188,0.004669269,100.84932999999998,0.005556925400000001,0.00050846188,0.004119598,7.140411e-06,2.27015e-05,0.009994550799999998,0.05038802,0.007545957000000001,0.0005705143,-0.00046384979999999996,8.832009000000001e-07,1.1814510000000003e-05
73,1608786000,3.6027560000000003,3.6027699999999996,0.005560674,-1.665736,2.880802,1.7822399999999998,2.613831,2.3595720000000004,0.05692836,1.535153,1.996268e-05,5.413713e-06,5.482132e-06,6.775852000000001e-06,1.0587032999999999e-05,1.3727528e-05,2.2374113e-05,4.887652e-05,1.626575,0.1742622,0.0004204004,82.57612,59.716469999999994,0.0001197284,6.450508000000001,0.030326870000000006,38.73461999999999,0.00333106445,0.00030453278599999994,0.05942367,145.2473,0.00333106445,0.00030453278599999994,0.006957505,71.16297,0.00333106445,0.00030453278599999994,0.004333192,71.71128999999999,0.00333106445,0.00030453278599999994,0.004114894,7.247812e-06,2.274796e-05,-0.019242228,1.331994382,0.012233416,0.0005271772,-0.0005077401,1.2644822e-06,1.665821e-05
73,1608786600,3.5483260000000003,3.5483419999999994,0.0031148938,-1.708906,2.8141610000000004,1.7715450000000001,2.506613,2.276545,0.10046908000000002,1.603385,2.004009e-05,5.8798719999999995e-06,5.918054500000001e-06,7.398031e-06,1.1387712999999998e-05,1.4607928000000001e-05,2.3949645e-05,5.171722000000001e-05,1.6146740000000002,0.1589108,0.00045078690000000004,81.86648,59.17653,0.00011787355,6.411376,0.0298651,37.102549999999994,0.006035222179999999,0.0005523465299999999,0.0585509,141.7151,0.006035222179999999,0.0005523465299999999,0.007666608,109.086381,0.006035222179999999,0.0005523465299999999,0.005078030999999999,111.28678299999999,0.006035222179999999,0.0005523465299999999,0.004110933,7.346836000000001e-06,2.2724279999999997e-05,0.0214257431,1.5374872,0.015035148000000002,0.0005751348000000001,-0.0004685055800000001,1.23261e-06,1.498903e-05
73,1608787200,3.881319,3.881334,0.003918392,-1.6859840000000001,2.9659649999999997,1.8491389999999999,2.662019,2.445149,0.08827861999999999,1.7081020000000002,2.8100329999999998e-05,1.3786166900000002e-05,1.4284578099999997e-05,1.64182046e-05,2.1727988e-05,2.6962848000000003e-05,3.9756072999999996e-05,7.683636699999999e-05,1.7878450000000001,0.15222391000000002,0.0003681667,77.88275999999999,57.92517,0.00012895620000000002,6.187873,0.03119184,40.7955,0.00264978473,0.000242059798,0.06179808,157.45739999999998,0.00264978473,0.000242059798,0.006442178,54.959803,0.00264978473,0.000242059798,0.0038270020000000004,55.230377999999995,0.00264978473,0.000242059798,0.004132515000000001,7.710651e-06,2.3143840000000003e-05,-0.011749180000000001,0.8388315179999999,0.011320698,0.0007049485,-0.00035760418999999997,1.1937234999999998e-06,1.5543469999999996e-05
73,1608787800,3.900394000000001,3.900408,0.0035549800000000006,-1.699117,2.864788,1.8526,2.626505,2.438735,0.07117346,1.6897579999999999,2.6865529999999998e-05,1.2613563e-05,1.3199548999999999e-05,1.5622522999999998e-05,2.0683986e-05,2.5858626999999994e-05,3.827586000000001e-05,7.601285000000001e-05,1.8528710000000004,0.09675416999999999,0.0003567794,75.27411,55.027300000000004,0.00012958940000000002,6.392813,0.03151296,41.32394,0.0033481578499999997,0.00030603626099999997,0.06304456,163.6576,0.0033481578499999997,0.00030603626099999997,0.007006688,68.27271400000001,0.0033481578499999997,0.00030603626099999997,0.004395362,68.92493499999999,0.0033481578499999997,0.00030603626099999997,0.004274582999999999,1.0176032000000001e-05,2.5690840000000004e-05,-0.049676405,3.696382377,0.01665755,0.0011033686999999998,-0.00015742368,2.9687265e-06,2.2974500000000002e-05
73,1608788400,3.6188789999999997,3.6188960000000003,0.0035616573,-1.687021,2.857774,1.775836,2.5249499999999996,2.310334,0.13160953999999997,1.6412200000000001,1.928422e-05,5.079343999999999e-06,5.668047e-06,7.636476e-06,1.1148252000000002e-05,1.4409697e-05,2.3073619999999997e-05,5.101013999999999e-05,1.709806,0.0991062,0.000404866,76.77652,55.61462,0.00012026883,6.429641999999999,0.030425020000000004,38.843270000000004,0.0030940451099999997,0.000282953802,0.060498949999999996,151.8777,0.0030940451099999997,0.000282953802,0.006750244,64.414946,0.0030940451099999997,0.000282953802,0.004120566000000001,64.91813800000001,0.0030940451099999997,0.000282953802,0.004588872999999999,1.5721858e-05,3.127163e-05,0.029525270000000003,3.8716226000000007,0.023863870000000002,0.0020839782000000003,0.00026601091,7.19626e-06,4.157211e-05
73,1608789000,3.1773490000000004,3.177366,0.007935823,-1.485538,2.875551,1.6406909999999997,2.650919,2.3849229999999997,0.06760624,1.4072259999999999,2.37447e-05,9.435331999999998e-06,9.949388e-06,1.1963143999999998e-05,1.5986869e-05,2.0654264999999997e-05,3.166704599999999e-05,6.380042000000001e-05,1.431021,0.1570621,0.0004209967,80.45687999999998,60.129810000000006,0.00010550555999999999,6.551368999999999,0.02727822,33.23035,0.00383478321,0.000350800792,0.05523046,125.57130000000002,0.00383478321,0.000350800792,0.006776882,71.419985,0.00383478321,0.000350800792,0.004193419,72.642854,0.00383478321,0.000350800792,0.004164257,8.044082999999998e-06,2.341938e-05,-0.010952765,2.6338111,0.014092415,0.0004990123800000001,-0.0006803145000000001,2.7535826e-06,2.1790610000000002e-05
73,1608789600,3.326782,3.3267990000000003,0.0035866022999999996,-1.4189960000000001,3.0884080000000003,1.6616809999999997,2.7240840000000004,2.430525,0.10707230000000001,1.512241,2.3368080000000003e-05,9.149903e-06,1.0115229e-05,1.2253774e-05,1.6573725000000002e-05,2.0575892000000006e-05,3.1266847999999995e-05,6.358186799999999e-05,1.47604,0.1867462,0.00043261800000000006,81.64021,61.64871000000001,0.0001104638,6.490143000000001,0.02767831,35.26963000000001,0.00446671545,0.000408660154,0.05591119,130.19670000000002,0.00446671545,0.000408660154,0.007237176,81.04141,0.00446671545,0.000408660154,0.004666526999999999,82.38928,0.00446671545,0.000408660154,0.004425324,1.2800784000000002e-05,2.8148609999999997e-05,-0.019184142999999997,7.601991,0.022880156,0.0017917990999999998,-0.0001664739,5.4587980000000005e-06,3.1585970000000003e-05
73,1608790200,3.1688330000000002,3.16885,0.0029695801000000003,-1.524783,2.8388359999999997,1.643551,2.60374,2.355785,0.03646225,1.3281319999999996,1.9542099999999997e-05,5.2196020000000004e-06,5.1838662e-06,6.2544560000000005e-06,9.324435e-06,1.15833183e-05,1.8690998000000002e-05,3.9818147999999995e-05,1.4375579999999997,0.14640930000000002,0.00034953800000000004,80.91819,59.33761,0.00010533017,6.1428270000000005,0.0275361,33.49252,0.00537139572,0.000491562427,0.05558232,127.03979999999999,0.00537139572,0.000491562427,0.007491440999999999,98.791617,0.00537139572,0.000491562427,0.0048794120000000005,100.711602,0.00537139572,0.000491562427,0.004027968,5.280131e-06,2.0714139999999998e-05,0.013590028,1.1471623,0.009240723,-5.542333e-05,-0.0010260913,8.758524e-07,1.150815e-05
73,1608790800,2.7892059999999996,2.7892219999999996,0.00084796626,-1.493414,2.6953570000000004,1.5364140000000002,2.464838,2.213879,0.06281925499999999,1.2079607000000003,1.830207e-05,3.514960000000001e-06,3.4969414999999997e-06,4.4966821e-06,7.148555999999999e-06,9.459049200000001e-06,1.6338924000000003e-05,3.6764973e-05,1.2514710000000002,0.1426832,0.000365743,83.7257,60.400800000000004,9.267395e-05,6.427110000000001,0.025577789999999996,29.240289999999998,0.0023773635899999998,0.00021713761899999997,0.05164949,110.03289,0.0023773635899999998,0.00021713761899999997,0.006336004000000001,46.965378,0.0023773635899999998,0.00021713761899999997,0.003672153,47.419495,0.0023773635899999998,0.00021713761899999997,0.00401587,4.844965e-06,2.029984e-05,0.043514646,5.975950299999999,0.013472988,-0.00024010541000000002,-0.0011986131,1.1658943e-06,1.5122098000000002e-05
73,1608791400,2.8325579999999997,2.832572,-0.0007392620000000003,-1.6007759999999998,2.7090819999999995,1.5587149999999999,2.33407,2.109703,0.088847441,1.293547,2.02966e-05,5.7966138e-06,6.121349299999999e-06,7.6019406e-06,1.0853789e-05,1.4438638600000001e-05,2.3600430699999995e-05,5.1244767999999993e-05,1.2873736999999998,0.1284248,0.0003549381999999999,78.99233000000001,59.53596,9.410057e-05,6.350814000000001,0.026250629999999997,29.898509999999998,0.0020227974199999994,0.000184612131,0.05215986,113.65889,0.0020227974199999994,0.000184612131,0.006423202,43.683664,0.0020227974199999994,0.000184612131,0.0037450659999999996,43.74225800000001,0.0020227974199999994,0.000184612131,0.004082784000000001,6.314422e-06,2.171883e-05,0.03877039,7.5135729,0.018241979,2.2384502399999977e-05,-0.0010115686,2.2470999999999996e-06,2.0375058e-05
73,1608792000,2.5099289999999996,2.5099449999999996,-0.0010211755000000002,-1.689572,2.37806,1.486664,2.1082750000000003,1.931347,0.057277159999999994,1.1024367000000002,2.026706e-05,5.570653e-06,5.6461662e-06,6.8238173e-06,9.585529e-06,1.2274597000000001e-05,1.9817388999999998e-05,4.0368825e-05,1.1465946,0.10796734,0.00029740560000000003,78.74530999999999,58.67614,8.339452e-05,6.316763,0.02509338,26.16115,0.0017920243100000004,0.000163527788,0.049398830000000005,100.44734000000001,0.0017920243100000004,0.000163527788,0.006129267,39.995137,0.0017920243100000004,0.000163527788,0.003432813,39.95244799999999,0.0017920243100000004,0.000163527788,0.004011744,4.716713999999998e-06,2.025653e-05,-0.022607608,5.4530394,0.016952258,-0.0003731268,-0.001224582,1.3108945e-06,1.6901938e-05
73,1608792600,2.7254940000000003,2.72551,0.0028970229999999994,-1.4331850000000002,2.6973829999999994,1.5125199999999999,2.496865,2.2285069999999996,0.05022219,1.1887769999999998,2.006599e-05,5.246412e-06,5.3197434e-06,6.306516600000001e-06,9.086033999999999e-06,1.1328139599999999e-05,1.7699984099999998e-05,3.6863030999999994e-05,1.2220399999999998,0.14033400000000001,0.00027645670000000003,84.11474000000001,60.40647,9.057992000000001e-05,6.1477260000000005,0.025097650000000006,28.53551,0.00389330117,0.000356090751,0.051060799999999996,107.27034,0.00389330117,0.000356090751,0.0070641919999999995,73.81878199999998,0.00389330117,0.000356090751,0.0044072420000000005,75.00564399999999,0.00389330117,0.000356090751,0.004034035,5.245515000000001e-06,2.0729189999999997e-05,-0.13965828,6.16044546,0.014236351999999999,-0.00018948817800000002,-0.0011572941,1.3985026999999999e-06,1.685445e-05
73,1608793200,3.2735600000000007,3.2735730000000003,-0.0033170659999999996,-1.6563130000000001,2.70852,1.694031,2.477739,2.263231,0.057091579999999996,1.4210999999999998,2.033463e-05,5.811959200000001e-06,5.911628170000001e-06,7.257059399999999e-06,1.0427588e-05,1.3692945699999998e-05,2.17620609e-05,4.6473457000000004e-05,1.5118070000000001,0.124538,0.0003200197,79.53396,57.726189999999995,0.00010879210999999999,6.067353000000001,0.028414509999999997,34.2021,0.001249189,0.000113698419,0.05680256,132.83210000000003,0.001249189,0.000113698419,0.006397451,38.655209,0.001249189,0.000113698419,0.003756665,38.138023000000004,0.001249189,0.000113698419,0.004080011999999999,6.286697999999999e-06,2.1775710000000003e-05,0.012585446,1.14447529,0.010565017000000001,0.00015872559999999998,-0.0008494637000000001,1.529624e-06,1.5007968e-05
73,1608793800,2.97145,2.971465,-0.0014775953999999999,-1.62542,2.6475820000000003,1.5995599999999999,2.324248,2.151591,0.10102113000000001,1.377187,2.248498e-05,7.8775459e-06,8.017144800000001e-06,9.444859e-06,1.2888438e-05,1.64955657e-05,2.5526018e-05,5.1240517000000005e-05,1.3867019999999999,0.09860380999999999,0.0002798401,76.9392,56.81974,9.875293000000002e-05,6.026249000000001,0.027293050000000003,31.68224,0.00065659079,5.9432076000000004e-05,0.054461270000000006,123.07388,0.00065659079,5.9432076000000004e-05,0.005612356000000001,20.34492,0.00065659079,5.9432076000000004e-05,0.002916274,19.679890999999998,0.00065659079,5.9432076000000004e-05,0.004057733,5.954837e-06,2.148913e-05,0.06609185180000002,10.983039999999999,0.023765019999999998,1.106315000000001e-05,-0.0009335757999999999,2.1098909e-06,2.560765e-05
73,1608794400,3.037526,3.0375419999999997,-0.001805329,-1.6344249999999998,2.6693299999999995,1.6228950000000002,2.392685,2.1710920000000002,0.07732411,1.354623,1.9168719999999996e-05,4.545038900000001e-06,4.5538615e-06,5.773656e-06,8.883298999999999e-06,1.1888304e-05,1.9969093e-05,4.4233775e-05,1.3838279999999998,0.13448980000000002,0.00034214470000000003,82.00091,59.05426,0.00010092311,6.351799999999999,0.02734484,31.972379999999998,0.0035357253999999997,0.000323339456,0.05425181,121.96447,0.0035357253999999997,0.000323339456,0.006828999999999999,70.65188,0.0035357253999999997,0.000323339456,0.004147711,71.51586,0.0035357253999999997,0.000323339456,0.004035806,5.354618e-06,2.0873239999999998e-05,1.736099999999972e-05,2.0586740000000003,0.014699334,-6.355938e-05,-0.0010008378,1.1404128000000002e-06,1.6409411e-05
73,1608795000,3.711728,3.7117440000000004,-0.004908348,-1.6320139999999999,2.958464,1.789884,2.6633319999999996,2.4082870000000005,0.11981886,1.6436769999999998,2.195589e-05,7.342475999999999e-06,7.392055000000001e-06,8.945256e-06,1.2834191999999998e-05,1.6508981999999998e-05,2.6101610999999998e-05,5.407458e-05,1.699294,0.15606440000000002,0.0003646359,80.62942000000001,58.69238,0.00012334995,6.401815000000001,0.030083689999999996,38.99154,0.00252622626,0.00023074480699999999,0.059943329999999996,149.5986,0.00252622626,0.00023074480699999999,0.0066319280000000005,54.251769,0.00252622626,0.00023074480699999999,0.004011415,54.45607,0.00252622626,0.00023074480699999999,0.004093963,6.377131e-06,2.199282e-05,-0.0026083090000000005,2.5786813100000003,0.014299390999999998,0.0002808515,-0.0007287044000000001,1.3547202999999999e-06,1.803956e-05
73,1608795600,3.457354,3.457369000000001,-0.005673021,-1.6837799999999998,2.7240460000000004,1.7435180000000003,2.483663,2.268744,0.05858202,1.4907679999999999,2.7008099999999996e-05,1.2739630200000001e-05,1.31061521e-05,1.52016729e-05,1.9678478e-05,2.4754430000000003e-05,3.6829931e-05,6.8887114e-05,1.57884,0.1492982,0.00033632219999999997,80.99112,58.74072000000001,0.00011481462000000002,6.160864,0.02936049,36.06793,0.00252462696,0.00023060782599999998,0.058015529999999996,138.4576,0.00252462696,0.00023060782599999998,0.006431441,54.17356900000001,0.00252462696,0.00023060782599999998,0.003803194,54.47000799999999,0.00252462696,0.00023060782599999998,0.0040713189999999995,6.172419000000001e-06,2.174317e-05,-0.010666885000000001,5.093624950000001,0.014509571000000002,0.00021174243999999998,-0.0007581678000000001,1.2372769e-06,1.699746e-05
73,1608796200,2.9699780000000002,2.969992,-0.0027725993000000003,-1.7363850000000003,2.4750769999999997,1.630566,2.2509310000000005,2.061025,0.028069260000000002,1.243204,2.283745e-05,8.0433656e-06,8.3219322e-06,9.7891068e-06,1.3372341e-05,1.7193634e-05,2.6130070000000004e-05,5.3003275e-05,1.338033,0.14647159999999998,0.00034025889999999995,80.62550999999999,59.919039999999995,9.868586e-05,6.428698,0.027568179999999998,30.86312,0.0024170446300000002,0.00022073172,0.05337927,116.9648,0.0024170446300000002,0.00022073172,0.0063219850000000005,53.429912,0.0024170446300000002,0.00022073172,0.0036344990000000002,53.63064700000001,0.0024170446300000002,0.00022073172,0.004071613,5.784932e-06,2.1508679999999998e-05,0.030418819999999996,1.7594166340000001,0.010563747000000002,6.093758200000001e-05,-0.0008549825000000001,1.0900822000000002e-06,1.3517870000000001e-05
73,1608796800,2.7076339999999997,2.707649,-0.0041495690000000005,-1.7127090000000003,2.8022359999999997,1.5513420000000002,2.1512529999999996,1.982087,0.06860238999999999,1.310184,2.046171e-05,5.8555942e-06,5.99223698e-06,7.3321897e-06,1.0409281e-05,1.35596171e-05,2.19651563e-05,4.5454711e-05,1.2238767,0.1283384,0.0014857464,81.30744,59.77834999999999,8.989793e-05,6.284391,0.02627365,28.83473,0.0026342056000000003,0.00024069656999999999,0.051059929999999996,107.68913,0.0026342056000000003,0.00024069656999999999,0.006579676,55.413616000000005,0.0026342056000000003,0.00024069656999999999,0.003892577,55.802717900000005,0.0026342056000000003,0.00024069656999999999,0.0040473539999999995,8.827046e-06,2.439202e-05,2.918406293,176.311730204,0.049861849,-0.00022085230000000005,-0.0010783359,1.00207554e-05,9.860605100000001e-05
73,1608797400,1.881839,1.881854,-0.003339836,-1.65467,2.0918110000000003,1.2862909999999999,1.8611440000000001,1.681738,0.06941718,0.8696503,1.7162570000000002e-05,2.0163346e-06,1.8354131e-06,2.1945678000000002e-06,3.3049421e-06,3.7318608e-06,5.7848358999999994e-06,1.2583021e-05,0.8109385,0.12974100000000002,0.0002060368,93.31751,64.2883,6.255975000000001e-05,5.824726,0.021744749999999997,19.919810000000002,0.0017657642600000002,0.00016118474699999998,0.04146065,71.63955,0.0017657642600000002,0.00016118474699999998,0.005924346,38.119237,0.0017657642600000002,0.00016118474699999998,0.0031043710000000003,38.138083,0.0017657642600000002,0.00016118474699999998,0.003966289999999999,3.837108e-06,1.923807e-05,0.0119424998,11.933954230000001,0.015685893,-0.0007554133,-0.001488277,1.4482889999999999e-06,1.8120612e-05
73,1608798000,2.093757,2.093775,-0.0021787817,-1.453402,2.423699,1.321119,2.0897509999999997,1.881733,0.057163759999999994,0.9605193,1.955435e-05,4.9141888e-06,4.98168647e-06,5.786156799999999e-06,7.6943839e-06,9.5381224e-06,1.3925339700000003e-05,2.8158154999999994e-05,0.9175956,0.129005,0.000198701,86.89145999999998,63.069410000000005,6.958909000000001e-05,6.120823,0.02205837,22.09013,0.0035802396899999997,0.000327490205,0.0439086,80.88971000000001,0.0035802396899999997,0.000327490205,0.0065444299999999995,63.09333200000001,0.0035802396899999997,0.000327490205,0.0037897589999999993,64.286586,0.0035802396899999997,0.000327490205,0.003977652,4.206520000000001e-06,1.951701e-05,0.0052923599999999986,4.9219626000000005,0.012185752,-0.00055554689,-0.0013965486999999999,1.1429107999999999e-06,1.4413157e-05
73,1608798600,1.762924,1.762939,-0.0008003911,-1.0671917,2.3829730000000002,1.1635468999999998,2.1740150000000003,1.912934,0.03065853,0.7597245,1.8201459999999996e-05,3.1848288e-06,3.3933987000000004e-06,4.1117069e-06,6.014151999999999e-06,7.942783e-06,1.3065751e-05,2.7609470999999998e-05,0.7487089,0.1324498,0.00023548750000000003,86.18892,65.34360999999998,5.852275e-05,6.510561,0.01915216,18.53178,0.0026950928299999998,0.000246379551,0.03990062,65.78293,0.0026950928299999998,0.000246379551,0.0064475290000000005,51.516137,0.0026950928299999998,0.000246379551,0.0036461919999999995,52.197016000000005,0.0026950928299999998,0.000246379551,0.003974803999999999,3.6234170000000006e-06,1.9008759999999997e-05,-0.013178229,8.1303187,0.010394884000000002,-0.0007762979999999999,-0.0016702509999999998,1.1359669e-06,1.4106229e-05
73,1608799200,1.4437669999999998,1.443781,-0.0030926868999999997,-0.891748,2.286895,1.0215193,2.033424,1.745829,0.033047740000000006,0.650024,1.6560650000000002e-05,1.6508201000000002e-06,1.6663215e-06,2.1382869999999998e-06,3.2810630999999998e-06,4.2828119e-06,7.1853321e-06,1.5967569e-05,0.5553543000000001,0.16626939999999998,0.00022148950000000001,95.13090000000001,73.32026,4.795152e-05,6.274549,0.01711578,15.295419999999998,0.0027894317,0.00025510089300000003,0.034472130000000004,49.04417,0.0027894317,0.00025510089300000003,0.006212513,49.80827700000001,0.0027894317,0.00025510089300000003,0.0033226930000000003,50.645382,0.0027894317,0.00025510089300000003,0.003947928000000001,3.1642610000000003e-06,1.842488e-05,0.02761910099999999,6.9078520999999995,0.009889674999999999,-0.0010266694,-0.001855441,1.1607763e-06,1.4202422000000002e-05
73,1608799800,1.531966,1.531978,-0.004170402000000001,-1.212837,2.271219,1.1044858000000002,1.942672,1.6981279999999999,0.05471855,0.7422798,1.85225e-05,3.5309060999999996e-06,3.6558182e-06,4.3708461e-06,6.0131440000000004e-06,7.7559429e-06,1.2390409e-05,2.4822038999999997e-05,0.6204319999999999,0.145239,0.000245896,88.64331,69.94726,5.086625000000001e-05,6.423635,0.018035739999999998,15.97056,0.002197925959,0.00020090077810000002,0.03590998,54.15951,0.002197925959,0.00020090077810000002,0.006032694,44.0905213,0.002197925959,0.00020090077810000002,0.0031258830000000003,44.4365264,0.002197925959,0.00020090077810000002,0.003971558,3.193385e-06,1.867895e-05,0.032433579000000004,10.190693999999999,0.014290327,-0.0010646136000000003,-0.0018180100000000001,1.2526410999999999e-06,1.5945484e-05
73,1608800400,1.3766954,1.3767109999999998,-0.006146877,-1.331194,2.0385999999999997,1.0560588000000002,1.770841,1.569461,0.04261285,0.6341295,1.85765e-05,3.2745091999999996e-06,3.3805866700000004e-06,4.0251053e-06,5.3483883e-06,6.792098e-06,1.03633653e-05,2.1026853e-05,0.5355928999999999,0.1524954,0.00020212089999999995,88.43547000000001,73.18906,4.5717230000000005e-05,6.305142999999999,0.01752668,14.456174999999998,0.0013764994,0.000125498,0.03341052,46.8789,0.0013764994,0.000125498,0.00578269,26.40153,0.0013764994,0.000125498,0.0028236379999999994,26.459989999999998,0.0013764994,0.000125498,0.0039749170000000006,2.901767e-06,1.848553e-05,0.09539805800000001,23.4845339,0.01339831,-0.0012383675,-0.0019494459999999999,1.3325589999999999e-06,1.6061148000000002e-05
73,1608801000,1.6058299999999999,1.605844,-0.0016640894999999998,-1.626678,1.9741360000000001,1.1840541,1.723178,1.5826600000000002,0.0548153,0.7407057,1.763448e-05,2.5029841e-06,2.5621522e-06,3.2009057e-06,4.8298208e-06,6.403935e-06,1.0675523e-05,2.3367413e-05,0.6786501,0.12398580000000001,0.00022153489999999996,85.22554,65.87405,5.333353e-05,6.365087,0.020158989999999998,16.85996,0.00239213328,0.00021857172199999997,0.03785144,59.64403,0.00239213328,0.00021857172199999997,0.006128376,43.755630000000004,0.00239213328,0.00021857172199999997,0.0032189469999999998,44.365596,0.00239213328,0.00021857172199999997,0.003968655,3.0026879999999993e-06,1.8572389999999998e-05,0.010520614000000001,4.8253243,0.01083721,-0.0010823130000000001,-0.0017901240000000001,9.555447999999999e-07,1.2772427999999998e-05
73,1608801600,1.6135304000000001,1.6135469999999998,-0.0054860840000000004,-1.4346001000000002,2.147354,1.1413008000000002,1.782918,1.60445,0.08994293,0.8390393999999999,1.9464880000000003e-05,4.4564631e-06,4.671637699999999e-06,5.6632499e-06,7.869601999999999e-06,1.0590588e-05,1.6980429e-05,3.4867189999999996e-05,0.7250463,0.08143817,0.00019158239999999998,80.74982,62.18849,5.356905999999999e-05,6.6250990000000005,0.01914917,16.950263,0.00258953928,0.000236740444,0.03829893,63.740970000000004,0.00258953928,0.000236740444,0.005976609999999999,45.315479999999994,0.00258953928,0.000236740444,0.003065661,46.057603,0.00258953928,0.000236740444,0.003973032,3.1449619999999998e-06,1.8669780000000004e-05,-0.035462649,10.6046686,0.015693490999999997,-0.00107922131,-0.0018150674000000002,1.0995494e-06,1.5150028000000002e-05
73,1608802200,0.9313928999999999,0.9314073,-0.0053313788,-1.466324,1.6001370000000001,0.8766676999999999,1.3803420000000002,1.249576,0.041723949999999996,0.44317979999999996,1.6748660000000005e-05,1.3384266000000001e-06,1.2597302099999999e-06,1.4782215e-06,2.186729e-06,2.588545e-06,3.9662784e-06,8.632818999999998e-06,0.428982,0.036629039999999995,6.202795999999998e-05,84.11910999999999,58.29792,3.097449e-05,5.949497,0.01471576,9.713781999999998,0.0008960754169999999,8.15555409e-05,0.029953739999999996,37.580149999999996,0.0008960754169999999,8.15555409e-05,0.005448443,18.504566,0.0008960754169999999,8.15555409e-05,0.0023326199999999997,18.382239,0.0008960754169999999,8.15555409e-05,0.003962217999999999,2.1324980000000003e-06,1.7714529999999997e-05,0.01899174,15.1741795,0.010840292,-0.0016258700000000002,-0.002215438,1.0639246e-06,1.3832739e-05
73,1608802800,1.1162733,1.1162906,0.003586760600000001,-1.4232269999999998,1.768629,0.9533989,1.545534,1.368605,0.037149749999999995,0.5221992,1.778507e-05,2.5610049e-06,2.65614662e-06,3.1611164000000003e-06,4.4866395e-06,5.699377900000001e-06,9.102778600000001e-06,1.8963741e-05,0.48876030000000004,0.06922064000000001,0.00010691505,85.61739000000001,63.415589999999995,3.7067199999999996e-05,6.09651,0.01581543,11.761427999999999,0.00148279778,0.000135266444,0.031565249999999996,43.06322,0.00148279778,0.000135266444,0.005787346,27.430187,0.00148279778,0.000135266444,0.002709364,27.536106999999998,0.00148279778,0.000135266444,0.003969304,2.1283810000000003e-06,1.779843e-05,-0.06710363,2.5647778000000003,0.005723461,-0.0015720379,-0.00218045,7.607235e-07,9.771697999999998e-06
73,1608803400,2.669081,2.6690970000000003,-0.002234713,-1.7282730000000002,2.3098460000000003,1.534789,2.060501,1.957035,0.055761660000000005,1.1797282,2.1856089999999998e-05,7.2418423999999995e-06,7.3188719000000005e-06,8.658611830000001e-06,1.2052167899999997e-05,1.5258603500000001e-05,2.38573699e-05,4.8851747999999996e-05,1.264302,0.06990665,0.00020197074000000002,74.71602999999999,55.51888,8.870594999999998e-05,6.160304000000001,0.025976100000000002,27.637220000000003,0.00146425619,0.000133610634,0.05173598,110.55730999999999,0.00146425619,0.000133610634,0.005797030999999999,34.801454,0.00146425619,0.000133610634,0.003070092,34.5386933,0.00146425619,0.000133610634,0.004005956,4.436094e-06,2.0099079999999997e-05,0.051147756,3.9101402839999997,0.009531877999999999,-0.00035185585000000006,-0.0011612794,1.0060754e-06,1.3353215e-05
73,1608804000,2.1623919999999996,2.1624069999999995,-0.0019436699999999998,-1.70777,2.118101,1.3684550000000002,1.858181,1.763567,0.08305757999999999,1.0114117999999999,2.0431899999999997e-05,5.470201e-06,5.680703800000001e-06,6.925983e-06,9.678225e-06,1.2749556e-05,2.0569672e-05,4.3527609999999994e-05,1.0355789999999998,0.04526526999999999,0.00024114059999999997,73.32359,54.29211,7.183735000000001e-05,6.493464999999999,0.02360338,22.85409,0.0017024950400000003,0.00015539942,0.04680445,91.4641,0.0017024950400000003,0.00015539942,0.005941633,38.111482,0.0017024950400000003,0.00015539942,0.0031309450000000004,38.158315099999996,0.0017024950400000003,0.00015539942,0.004008938000000001,4.204312e-06,1.9879090000000004e-05,0.005431994500000004,10.866917,0.018993865,-0.0006053066,-0.001373245,1.5243911e-06,1.982285e-05
73,1608804600,2.6030779999999996,2.603096,-0.0022324998,-1.699097,2.1997430000000002,1.4988869999999999,2.033387,1.9613470000000004,0.06866384,1.1503564,1.9386700000000002e-05,4.731704e-06,4.6567923999999996e-06,5.744783e-06,8.568621e-06,1.1078461999999998e-05,1.785145e-05,3.8647234000000005e-05,1.2726051999999999,0.028599580000000003,0.00023827840000000003,72.05142000000001,52.30449,8.653673e-05,6.1708739999999995,0.026023499999999998,27.367319999999996,0.00326811205,0.00029875546200000005,0.052024150000000005,112.14945,0.00326811205,0.00029875546200000005,0.006725449,60.832845,0.00326811205,0.00029875546200000005,0.004016677000000001,61.744005,0.00326811205,0.00029875546200000005,0.004009868000000001,4.919345e-06,2.0396770000000002e-05,0.017984220000000002,0.28090836,0.006975647,-0.00019098487999999995,-0.0010519106999999999,8.611122000000001e-07,1.0668132e-05
73,1608805200,3.531971,3.531987000000001,-0.007572751,-1.6645530000000002,2.586041,1.740244,2.406373,2.330846,0.06731501000000001,1.5414020000000002,2.118925e-05,6.838089799999999e-06,6.7605051e-06,8.1485715e-06,1.1929821000000003e-05,1.4795657599999998e-05,2.3892279100000002e-05,4.995503399999999e-05,1.7406469999999998,0.024939620000000003,0.0002646037,68.21244999999999,51.437760000000004,0.00011745577999999999,5.864059,0.03009154,37.26341000000001,0.00198093601,0.00018076882999999998,0.06112399999999999,153.83810000000003,0.00198093601,0.00018076882999999998,0.006566909,47.057504,0.00198093601,0.00018076882999999998,0.003909168,46.980653000000004,0.00198093601,0.00018076882999999998,0.004055699,5.941419e-06,2.1422380000000002e-05,0.027476023999999998,1.16651561,0.010013655,0.00026908537999999996,-0.0007242468000000001,1.0025458999999998e-06,1.4307361e-05
73,1608805800,2.887337,2.88735,-0.009932355,-1.7087759999999999,2.295369,1.5899069999999997,2.142029,2.0643249999999997,0.057867079999999994,1.254111,1.8483050000000003e-05,3.762039200000001e-06,3.8143131e-06,5.0500623e-06,8.38039e-06,1.12352958e-05,1.96986046e-05,4.5811629e-05,1.391171,0.05202787999999999,0.0003663523,74.49681,53.68371,9.596548999999999e-05,6.232355999999999,0.027382819999999995,30.635640000000002,0.00306731732,0.000280412533,0.05470437,123.2443,0.00306731732,0.000280412533,0.006709737,61.966265,0.00306731732,0.000280412533,0.004008004,62.577021,0.00306731732,0.000280412533,0.004020236999999999,4.796493e-06,2.044568e-05,0.014490702,0.17381687,0.006049579,-0.00018736723,-0.001049776,8.200380000000001e-07,1.0696158e-05
73,1608806400,4.718,4.718018,-0.004495545,-1.7255369999999999,2.81806,2.0270140000000003,2.6549310000000004,2.590841,0.08608730999999999,2.036915,2.363091e-05,9.756478799999998e-06,9.665262079999998e-06,1.16433112e-05,1.6749310000000003e-05,2.1360540299999997e-05,3.408679420000001e-05,7.2012125e-05,2.298774,0.059700149999999993,0.0003400157,71.47595,52.62233,0.0001568668,5.885819000000001,0.03518381999999999,49.836000000000006,0.005506409130000001,0.00050384786,0.07015650000000001,203.29940000000002,0.005506409130000001,0.00050384786,0.007492525999999999,102.52762600000001,0.005506409130000001,0.00050384786,0.004857866000000001,104.3582737,0.005506409130000001,0.00050384786,0.0041313339999999995,7.228165999999998e-06,2.271565e-05,0.0190891657,0.00996408,0.007366588,0.0008203686999999999,-0.00028243295999999995,8.24495e-07,1.1654219999999999e-05
73,1608807000,4.759970000000001,4.759985,-0.0022964269,-1.711167,2.9235149999999996,2.036,2.732558,2.643269,0.09859490000000001,2.0743219999999996,2.297004e-05,8.778519e-06,8.674556550000002e-06,1.0392494e-05,1.5314146000000002e-05,1.91389876e-05,3.02759283e-05,6.586807e-05,2.326198,0.053326870000000005,0.0002945375,70.29312999999999,52.28607999999999,0.00015824079999999998,5.725709,0.035097840000000005,50.02301,0.00500662824,0.00045804979800000004,0.07060438999999999,205.1208,0.00500662824,0.00045804979800000004,0.0078010100000000015,98.75139,0.00500662824,0.00045804979800000004,0.00518773,100.1736,0.00500662824,0.00045804979800000004,0.0041189980000000005,7.015003e-06,2.252285e-05,0.012286666000000002,-0.037752113999999996,0.0065788109999999995,0.0007466303999999999,-0.0003215246,7.790074e-07,1.103827e-05
73,1608807600,4.4025240000000005,4.40254,0.0033227051,-1.6984650000000001,2.8766749999999996,1.9578780000000002,2.67683,2.5713030000000003,0.05130622,1.847516,1.770485e-05,3.463398e-06,3.1714000999999998e-06,4.3925482e-06,8.316781999999999e-06,1.06916582e-05,1.94780457e-05,4.7613335e-05,2.148817,0.0520111,0.0003327028,72.50246,52.39581999999999,0.00014641349999999998,5.70012,0.033561,46.06714000000001,0.0017230279500000001,0.000157099407,0.06789204,189.17980000000003,0.0017230279500000001,0.000157099407,0.007028622,57.61722999999999,0.0017230279500000001,0.000157099407,0.004392933,56.88400999999999,0.0017230279500000001,0.000157099407,0.004091732999999999,6.686657999999999e-06,2.212299e-05,0.02083717,0.060197902000000005,0.007961240999999999,0.0006081055999999999,-0.00044321699999999993,8.242739999999999e-07,1.1341250000000001e-05
73,1608808200,4.7138100000000005,4.713827,0.006872497000000001,-1.634124,3.054768,2.0018719999999997,2.8905140000000005,2.771147,0.06055335999999999,1.998276,2.0818910000000006e-05,6.682221600000001e-06,6.301971770000001e-06,7.63213071e-06,1.1712180000000001e-05,1.4029270999999999e-05,2.26500882e-05,4.9927549999999996e-05,2.3245169999999997,0.03196676,0.0002964265,69.56337,51.374480000000005,0.00015684380000000002,5.8059330000000005,0.03429174,48.87319,0.0066136891,0.0006052010399999998,0.07036361999999999,203.3758,0.0066136891,0.0006052010399999998,0.008179018,116.461679,0.0066136891,0.0006052010399999998,0.005573385,119.013068,0.0066136891,0.0006052010399999998,0.004134260000000001,7.067378000000001e-06,2.2668900000000002e-05,-0.004039968,0.078656911,0.0062859249999999995,0.000685682,-0.00043889349999999994,8.259556999999998e-07,1.126842e-05
73,1608808800,4.909537,4.909553,0.004709337,-1.6328559999999999,3.133934,2.041786,2.919726,2.826161,0.06241895999999999,2.126733,2.589577e-05,1.1939304e-05,1.20413297e-05,1.4370148e-05,1.9911088999999996e-05,2.5223924299999998e-05,3.9747314e-05,8.181893099999999e-05,2.4307659999999998,0.023339480000000003,0.0004466330000000001,66.15469999999999,50.98128,0.0001632464,6.080813999999999,0.035373020000000005,51.74666,0.00269155631,0.00024575195,0.07229522000000001,214.67530000000002,0.00269155631,0.00024575195,0.007319212,65.158643,0.00269155631,0.00024575195,0.0046534720000000005,64.916197,0.00269155631,0.00024575195,0.004173008000000001,7.543655e-06,2.333459e-05,-0.07872319959999999,10.743374800000002,0.012675933,0.0007821807,-0.00038602069999999996,1.8536423e-06,2.32596e-05
73,1608809400,5.198207999999999,5.198227000000001,-0.0007094924,-1.641695,3.1226840000000005,2.1037870000000005,2.963789,2.882565,0.050698410000000006,2.1674249999999997,3.186563e-05,1.7980164000000003e-05,1.85723236e-05,2.19490928e-05,2.9571624e-05,3.75655763e-05,5.7682299999999995e-05,0.00011573695,2.5769450000000003,0.02134961,0.000493797,63.59862,50.85163,0.00017278519999999997,6.2367989999999995,0.036499000000000004,54.66364,0.00727582841,0.000665889439,0.0744109,227.2654,0.00727582841,0.000665889439,0.008447037000000001,130.29987599999998,0.00727582841,0.000665889439,0.005836495,133.08354500000002,0.00727582841,0.000665889439,0.004215663999999999,8.33355e-06,2.402119e-05,0.006877428200000001,0.07392127600000001,0.007492878,0.0010573766000000003,-0.00013917877000000001,1.0063305999999998e-06,1.275712e-05
73,1608810000,4.016088,4.016102,-0.004993823,-1.6987700000000001,2.7051819999999998,1.861017,2.5044009999999997,2.427035,0.07559547999999999,1.764863,2.7426400000000002e-05,1.32866679e-05,1.36514091e-05,1.8421054e-05,2.1106684e-05,2.6147306e-05,3.9749128e-05,7.754576e-05,1.96982,0.03766244,0.0003386779,69.26674999999999,51.974329999999995,0.0001334883,6.167617999999999,0.03201727,41.98103,0.00540113924,0.000494155652,0.06465967,173.0272,0.00540113924,0.000494155652,0.0075486369999999995,99.831362,0.00540113924,0.000494155652,0.004930166000000001,101.63010700000001,0.00540113924,0.000494155652,0.004316944,1.1203087999999998e-05,2.676666e-05,0.010598034000000001,-0.14040793999999998,0.009849672,0.0013089919,0.0003866420000000001,1.6817317e-06,1.536316e-05
73,1608810600,5.237695,5.23771,-0.003565948,-1.692033,3.075131,2.128315,2.8840259999999995,2.8131119999999994,0.06543468,2.2306630000000003,2.705321e-05,1.3230327000000002e-05,1.3590883e-05,1.8064943e-05,2.2819065000000004e-05,2.9370526e-05,4.7058083e-05,9.764702e-05,2.575225,0.04282612,0.0005421049,67.23906000000001,51.666399999999996,0.0001740764,6.279711,0.036768449999999994,55.138009999999994,0.004197909099999999,0.000383738848,0.07435526,227.25010000000003,0.004197909099999999,0.000383738848,0.007772055999999999,88.692436,0.004197909099999999,0.000383738848,0.005129872,89.39346700000002,0.004197909099999999,0.000383738848,0.004365931,1.1555184e-05,2.717201e-05,0.012345031900000001,0.015378529999999996,0.009984374,0.0015137932,0.0004914071299999999,1.7223946999999999e-06,1.593733e-05
73,1608811200,5.686330000000001,5.686342999999999,0.0012897860600000002,-1.67496,3.268375,2.216237,3.0772690000000003,2.9817530000000003,0.05261692,2.3661230000000004,2.925884e-05,1.5834458e-05,1.63436248e-05,1.99499809e-05,2.6395417999999997e-05,3.36130528e-05,5.258632699999999e-05,0.00010847177,2.794809,0.04752564,0.0005397659,68.37998,51.68895,0.00018903049999999998,6.190572,0.038281369999999995,60.26662000000001,0.006332068100000002,0.00057931877,0.0776244,247.4937,0.006332068100000002,0.00057931877,0.008268604,117.77831099999999,0.006332068100000002,0.00057931877,0.005630643,119.849183,0.006332068100000002,0.00057931877,0.004286526000000001,9.689246999999999e-06,2.535412e-05,-0.0045712959,0.027722110000000005,0.0076903449999999995,0.0013516623,0.00020242574700000005,1.1666951e-06,1.329096e-05
73,1608811800,5.0686219999999995,5.068637000000001,-0.002779528,-1.7016040000000001,3.008791,2.09465,2.834748,2.7501100000000003,0.06127203999999999,2.1228629999999997,3.101052e-05,1.6724209e-05,1.739506476e-05,2.024585586e-05,2.7454633e-05,3.43559153e-05,5.25619508e-05,0.00010480634799999999,2.482247,0.05108352000000001,0.0006915338,68.03195,52.049620000000004,0.00016847510000000002,6.0481240000000005,0.03621865,53.420500000000004,0.0032855231899999995,0.00030013223500000003,0.07304634,219.2848,0.0032855231899999995,0.00030013223500000003,0.007511334999999999,77.080745,0.0032855231899999995,0.00030013223500000003,0.004834923999999999,77.16724500000001,0.0032855231899999995,0.00030013223500000003,0.004186355,7.525136e-06,2.345649e-05,-0.35431268299999996,8.11592089,0.007061159,0.0008288163999999999,-0.00026557121,1.287823e-06,1.7636480000000005e-05
73,1608812400,5.422524999999999,5.422541000000001,-0.005794822000000001,-1.701083,3.1131580000000003,2.168079,2.918637,2.843937,0.06769758000000001,2.268638,2.563854e-05,1.1594505999999999e-05,1.1767235800000002e-05,1.45444e-05,2.1280367e-05,2.7723374000000002e-05,4.5519912e-05,9.896e-05,2.656857,0.053510630000000003,0.0006534062000000001,70.35069000000001,52.00612000000001,0.00018018270000000003,6.373361999999999,0.037445219999999994,57.09904,0.00221760287,0.00020241243700000003,0.07551704000000001,234.50480000000002,0.00221760287,0.00020241243700000003,0.007208561999999999,68.204203,0.00221760287,0.00020241243700000003,0.004536,67.49927299999999,0.00221760287,0.00020241243700000003,0.0041998040000000006,7.792646e-06,2.359636e-05,0.006793697,-0.04658742,0.006625541,0.0009929165,-0.00017346166999999998,7.676623e-07,1.182069e-05
73,1608813000,4.585849,4.585864,-0.006810221,-1.6593399999999998,2.942039,1.9861549999999997,2.786822,2.687933,0.08870862,1.9952659999999998,2.545486e-05,1.1605034e-05,1.1833661410000001e-05,1.414540138e-05,2.008918e-05,2.5315417500000003e-05,4.02927264e-05,8.408203100000001e-05,2.253043,0.03907678,0.00058515,68.46750999999999,51.73581,0.0001524586,6.034376,0.034138789999999995,48.13489,0.003792084,0.00034660914,0.06954947,198.5991,0.003792084,0.00034660914,0.007478069999999999,82.51420499999999,0.003792084,0.00034660914,0.004851606,83.044631,0.003792084,0.00034660914,0.004143067,7.150918e-06,2.2832350000000002e-05,0.014227803999999997,4.026080626000001,0.016967098,0.000646859,-0.000469096,1.6388424999999999e-06,1.955313e-05
73,1608813600,3.496212,3.4962239999999993,-0.007513779,-1.680237,2.6030290000000003,1.741122,2.427861,2.324395,0.041962,1.478777,2.170467e-05,7.145728199999999e-06,7.112864900000001e-06,8.5661061e-06,1.2347654000000001e-05,1.5434802999999998e-05,2.4597144000000002e-05,5.252382e-05,1.702921,0.044599309999999996,0.00045017019999999997,71.66248,52.59896,0.0001162532,6.185086,0.02986333,36.861180000000004,0.0035963744900000005,0.00032880929900000005,0.06050053,150.44830000000002,0.0035963744900000005,0.00032880929900000005,0.007028568000000001,72.48393999999999,0.0035963744900000005,0.00032880929900000005,0.004384249999999999,73.34047000000001,0.0035963744900000005,0.00032880929900000005,0.0040245030000000005,5.225705e-06,2.0743969999999998e-05,0.012504614399999999,0.3024142016,0.006496029,7.289845100000002e-05,-0.0008596569,7.876843e-07,1.1021464999999999e-05
73,1608814200,3.3569140000000006,3.3569299999999997,-0.003808143,-1.6520050000000002,2.6073790000000003,1.701617,2.4354000000000005,2.3129210000000002,0.04304679,1.417818,2.2174649999999996e-05,7.733423999999998e-06,7.846027999999999e-06,9.283810200000001e-06,1.3172915e-05,1.64643078e-05,2.57976277e-05,5.3106391000000006e-05,1.633278,0.04465851,0.0003783283,72.13528,52.71431,0.00011159498,5.853199999999999,0.02909303,35.39404999999999,0.0054292145000000005,0.00049677313,0.059192009999999996,144.2336,0.0054292145000000005,0.00049677313,0.007587953,94.48061000000001,0.0054292145000000005,0.00049677313,0.0049715969999999995,96.48120100000001,0.0054292145000000005,0.00049677313,0.004023874999999999,5.076276e-06,2.0630190000000004e-05,0.014643543,0.23230334100000002,0.006585443000000001,-1.4591210000000001e-05,-0.0009417127000000001,7.761441000000001e-07,1.0901399e-05
73,1608814800,3.0565350000000002,3.056552,-0.002503353,-1.6898039999999999,2.4527989999999997,1.6281999999999996,2.2822839999999998,2.157742,0.036716292000000005,1.2950499999999998,2.068893e-05,6.264619e-06,6.363825999999999e-06,7.753712999999999e-06,1.1415324999999999e-05,1.4714618e-05,2.3842619e-05,5.157707e-05,1.4802009999999999,0.04762426,0.0003153208,71.98989,53.210029999999996,0.00010158582,6.387803000000001,0.027915879999999994,32.430820000000004,0.00368273357,0.00033674344899999997,0.056337789999999985,131.1778,0.00368273357,0.00033674344899999997,0.006912209999999999,69.476849,0.00368273357,0.00033674344899999997,0.004249813,70.469592,0.00368273357,0.00033674344899999997,0.003998862000000001,4.621624e-06,2.013149e-05,0.016652035000000003,0.14506962,0.006124937999999999,-0.00017839543999999995,-0.0010659392000000002,7.468322e-07,1.0717850999999999e-05
73,1608815400,2.903658,2.903675,-0.0038833865,-1.7269710000000003,2.2043150000000002,1.5960230000000002,2.089452,2.042576,0.032654100000000005,1.222338,2.4096129999999997e-05,9.709301200000001e-06,1.0066712799999999e-05,1.19840886e-05,1.6417864e-05,2.1147819e-05,3.3677154e-05,6.8463637e-05,1.4131449999999999,0.03816266,0.0003399656,69.30613000000001,52.66224999999999,9.642934999999999e-05,6.387188999999999,0.027495759999999998,30.4698,0.00281055787,0.000256869014,0.05507624999999999,124.49179999999998,0.00281055787,0.000256869014,0.006590501,56.114221,0.00281055787,0.000256869014,0.0039131800000000005,56.59059,0.00281055787,0.000256869014,0.003976019,4.45399e-06,1.988734e-05,0.004955358,1.249689759,0.007685526000000001,-0.000218297624,-0.0010758801000000002,8.234548999999999e-07,1.1727617000000001e-05
73,1608816000,3.393712,3.3937289999999996,-0.0013230849999999999,-1.747412,2.341946,1.732393,2.2247910000000006,2.179528,0.028219170000000005,1.402598,2.0962789999999998e-05,6.715808699999999e-06,6.486350529999999e-06,7.606190399999999e-06,1.0769501e-05,1.29240643e-05,1.97035296e-05,4.1872411e-05,1.6420559999999997,0.05444818,0.0002391074,73.47119,53.22995999999999,0.00011288530000000002,5.649651,0.02987247,35.74953,0.001032393,9.400887299999999e-05,0.05943638,144.98359999999997,0.001032393,9.400887299999999e-05,0.0060268629999999995,35.22050600000001,0.001032393,9.400887299999999e-05,0.0033503080000000006,34.39264920000001,0.001032393,9.400887299999999e-05,0.00399944,5.086201e-06,2.051853e-05,0.023159334,0.20494416000000001,0.007424926,6.711818999999999e-05,-0.0008383433,7.710632000000001e-07,1.1089698e-05
73,1608816600,2.982019,2.9820349999999998,-0.0037109530000000003,-1.7493070000000004,2.277782,1.6247519999999998,2.1248519999999997,2.0310610000000002,0.04459737,1.271289,2.2045670000000003e-05,7.498622000000001e-06,7.6226684000000004e-06,9.0527217e-06,1.2466571000000003e-05,1.5749851299999997e-05,2.46934959e-05,5.1031686e-05,1.429631,0.06095356999999999,0.0002885341,73.83581000000001,54.12996,9.910999000000002e-05,6.232702999999999,0.02809029,31.262400000000003,0.0016170814,0.000147585584,0.055372160000000004,125.95670000000003,0.0016170814,0.000147585584,0.0058971349999999995,40.212962999999995,0.0016170814,0.000147585584,0.003203808,40.024802699999995,0.0016170814,0.000147585584,0.003988176,4.562158e-06,2.007883e-05,0.013512413800000001,0.051370941,0.005186225000000001,-0.0001838124,-0.0010197263,7.191002000000001e-07,9.835052999999998e-06
73,1608817200,2.791322,2.79134,0.0005969055,-1.726237,2.3091720000000002,1.5537230000000002,2.107638,2.006611,0.055883419999999996,1.2121672000000001,1.927099e-05,4.581942099999999e-06,4.554321470000001e-06,5.59633363e-06,8.513750700000001e-06,1.0813716800000001e-05,1.7735388e-05,3.858741e-05,1.3387772999999998,0.05653055,0.0002567672,75.48391,54.48521000000001,9.279883999999999e-05,5.982830000000001,0.026655190000000002,29.43791,0.00331299483,0.000302866391,0.053128129999999996,118.26372999999998,0.00331299483,0.000302866391,0.006764336,65.01994599999999,0.00331299483,0.000302866391,0.004064142,65.740589,0.00331299483,0.000302866391,0.003990168,4.354665e-06,1.984406e-05,0.014936013000000001,0.28239702,0.0071410910000000005,-0.00032832729000000004,-0.0011432671,7.790144e-07,1.0247225e-05
73,1608817800,3.4367039999999998,3.4367219999999996,0.00820159,-1.6063039999999997,2.7087450000000004,1.705834,2.529341,2.393659,0.055389259999999996,1.469712,1.769233e-05,3.5106812e-06,3.3209617e-06,4.4503891000000005e-06,7.911102000000002e-06,1.05886919e-05,1.8374934999999998e-05,4.4439164e-05,1.673207,0.04469814,0.00035259681000000007,74.18721,52.66609,0.00011425927999999998,6.148418,0.028963990000000002,35.61619,0.00338138464,0.000309152049,0.05958529,146.38670000000002,0.00338138464,0.000309152049,0.006803798999999999,65.677054,0.00338138464,0.000309152049,0.004194279,66.544739,0.00338138464,0.000309152049,0.0040298,5.536818e-06,2.087639e-05,0.012413852,0.28928885,0.006256532,0.00022340357000000003,-0.0008225309999999999,8.372254000000002e-07,1.1046964e-05
73,1608818400,3.477367,3.477384,0.0065492097,-1.641263,2.686545,1.73064,2.528438,2.3884100000000004,0.04694973,1.4604819999999998,2.371551e-05,9.3173304e-06,9.4315067e-06,1.10796675e-05,1.5267470999999996e-05,1.9180024e-05,2.9700008000000002e-05,6.123427499999999e-05,1.684815,0.05329842,0.0004067481999999999,74.19668999999999,53.09173,0.00011558450000000002,6.257351999999999,0.029577799999999998,36.71154,0.0042444859,0.00038817264999999995,0.0602106,148.8787,0.0042444859,0.00038817264999999995,0.007222606000000001,77.74803,0.0042444859,0.00038817264999999995,0.004587611,79.00834,0.0042444859,0.00038817264999999995,0.0040214249999999995,5.465137e-06,2.088626e-05,-0.5812818599999999,17.237817460000002,0.008924776,0.00013742570999999997,-0.0008616094,1.1211434e-06,1.4476798999999999e-05
73,1608819000,3.729444,3.729457,-0.0032531618,-1.705687,2.6393669999999996,1.8029670000000002,2.452199,2.352485,0.043245439999999996,1.582089,2.6778480000000003e-05,1.2441319999999999e-05,1.27854522e-05,1.4843191999999999e-05,2.0074427e-05,2.4881612000000002e-05,3.774720999999999e-05,7.427955000000001e-05,1.8184200000000001,0.045707330000000004,0.0003814411,70.47377,52.493089999999995,0.0001239333,6.298564,0.03094092,39.20112,0.00426991897,0.00039053071299999996,0.06244372,160.2799,0.00426991897,0.00039053071299999996,0.007212426000000001,83.302248,0.00426991897,0.00039053071299999996,0.004562356,84.462852,0.00426991897,0.00039053071299999996,0.004069940999999999,5.839858e-06,2.152005e-05,-0.012491418,0.4344836959999999,0.006972901000000001,0.00024936396,-0.0007637179,9.183714e-07,1.2794011000000002e-05
73,1608819600,3.081909,3.081921,-0.006597261,-1.7138090000000001,2.343259,1.641592,2.196255,2.119001,0.04208146,1.2958219999999998,1.761135e-05,3.2224497e-06,2.8912444199999997e-06,3.60855498e-06,6.015539000000001e-06,7.148682599999999e-06,1.1750749e-05,2.7968364000000003e-05,1.502751,0.037709129999999993,0.00042834190000000003,74.49776999999999,52.51176999999999,0.00010253022000000001,5.520896,0.02797454,31.858430000000006,0.0032026330200000002,0.000292807673,0.056551620000000004,131.31610000000003,0.0032026330200000002,0.000292807673,0.006577988,61.260941,0.0032026330200000002,0.000292807673,0.003954042,62.000894,0.0032026330200000002,0.000292807673,0.0039618710000000005,4.725944e-06,1.992978e-05,0.009432221000000001,0.10178039000000001,0.0062542249999999995,-8.588857000000001e-05,-0.0009765053999999998,7.705618e-07,1.0150084999999999e-05
73,1608820200,2.754661,2.7546749999999998,-0.008601242,-1.701867,2.2205560000000006,1.5473390000000002,2.0745239999999994,2.017112,0.03491155,1.172209,2.073305e-05,6.407548999999999e-06,6.524880499999999e-06,7.8993491e-06,1.140531e-05,1.4809406e-05,2.3888944e-05,5.1450059999999994e-05,1.349413,0.0273318,0.0004585306,70.79102,52.071220000000004,9.156315e-05,6.343985000000001,0.026273739999999997,28.074990000000003,0.004275035700000001,0.00039102992999999996,0.05339188,116.96090000000001,0.004275035700000001,0.00039102992999999996,0.007051760999999999,72.598504,0.004275035700000001,0.00039102992999999996,0.004429771,74.231101,0.004275035700000001,0.00039102992999999996,0.0039506770000000005,4.193238e-06,1.947638e-05,0.001717262,0.2969552502,0.005655065999999999,-0.00029470799999999997,-0.001161905,7.285529e-07,9.902117e-06
73,1608820800,2.9290480000000003,2.929066,-0.008439777,-1.6987770000000002,2.2690069999999998,1.5940220000000003,2.1508030000000002,2.082739,0.04683535999999999,1.2471219999999998,1.953223e-05,5.4072024e-06,5.3618803999999995e-06,6.477451800000001e-06,9.566915e-06,1.19578823e-05,1.90311773e-05,4.1081766e-05,1.43329,0.030730589999999995,0.0004002531,70.96338,52.185249999999996,9.741376e-05,6.1034310000000005,0.02715849,30.052039999999998,0.0009862127800000001,8.9653456e-05,0.05510164999999999,124.69239999999999,0.0009862127800000001,8.9653456e-05,0.006017003,28.540034000000002,0.0009862127800000001,8.9653456e-05,0.003365975,27.899299000000003,0.0009862127800000001,8.9653456e-05,0.0039451420000000004,4.3824449999999995e-06,1.955377e-05,0.014478711000000002,0.060100171,0.004973696,-0.00018330539000000002,-0.0010717508,7.107423000000001e-07,9.737075e-06
73,1608821400,2.521019,2.5210340000000007,-0.004932767,-1.650714,2.256481,1.4690889999999999,2.1042259999999997,2.003686,0.034980849999999994,1.0736546,2.0903379999999996e-05,6.59048e-06,6.801815000000001e-06,8.248744e-06,1.1843299999999999e-05,1.5542366000000002e-05,2.5127704e-05,5.3196313999999996e-05,1.227443,0.0324985,0.00043622219999999996,72.17254,52.68361,8.374676e-05,6.483037,0.0249112,25.969569999999997,0.0032885660000000006,0.00030064589,0.050993220000000006,107.06293000000001,0.0032885660000000006,0.00030064589,0.006781927,63.959218,0.0032885660000000006,0.00030064589,0.0041350250000000005,64.66968,0.0032885660000000006,0.00030064589,0.003938925,3.935718e-06,1.91313e-05,0.01500433,1.17222403,0.006649347999999999,-0.0004461117,-0.0012929789999999999,8.032435e-07,1.0792325e-05
73,1608822000,1.6696370000000003,1.6696489999999997,0.005416756,-1.564524,1.981411,1.187837,1.8300170000000002,1.689765,0.0382566,0.7381249999999999,2.013954e-05,5.5042763e-06,5.7062475000000005e-06,6.728944900000001e-06,9.071549e-06,1.1468682600000001e-05,1.7706645e-05,3.5418656e-05,0.7998282000000001,0.03446346,0.00042850379999999995,72.2251,54.22816,5.547109999999999e-05,6.398375,0.020175710000000003,17.630249999999997,0.0016619249999999999,0.00015167475,0.041399200000000004,70.69411,0.0016619249999999999,0.00015167475,0.005770193,33.966557,0.0016619249999999999,0.00015167475,0.002935189,34.069226,0.0016619249999999999,0.00015167475,0.00391716,2.702602e-06,1.794823e-05,0.021838871000000003,0.9947030800000001,0.005869907999999999,-0.0010773434999999999,-0.0017878689999999999,7.072699e-07,9.270808000000001e-06
73,1608822600,1.555772,1.555787,0.014038810000000002,-1.5305270000000002,1.9536230000000003,1.14282,1.7920660000000002,1.6703759999999999,0.027288240000000002,0.6911527,1.880642e-05,3.8793567000000006e-06,3.88443101e-06,4.561595450000001e-06,6.3723661000000004e-06,7.92085991e-06,1.21056482e-05,2.5353725e-05,0.7507875,0.02642596,0.0006047787000000001,73.45968,53.4981,5.170494e-05,5.950973,0.01928667,16.133180000000003,0.0013310359000000003,0.00012130848900000001,0.03996917,65.64646000000002,0.0013310359000000003,0.00012130848900000001,0.005652735999999999,26.676831,0.0013310359000000003,0.00012130848900000001,0.00277975,26.717293,0.0013310359000000003,0.00012130848900000001,0.003929444,2.588762e-06,1.7953299999999996e-05,-0.170032668,5.449984500000001,0.006876784999999999,-0.0011690009,-0.001876049,9.361932000000001e-07,1.2230335e-05
73,1608823200,1.3137590000000003,1.313774,0.007295098199999998,-1.5633400000000002,1.7730529999999998,1.0510568,1.6097740000000003,1.492659,0.024573968999999998,0.5694950000000001,1.72696e-05,2.325446e-06,2.3823163e-06,2.966022e-06,4.558825e-06,5.798384e-06,9.725553e-06,2.1467912999999997e-05,0.6330704,0.02316256,0.0005944946,74.12096,53.69039,4.3659310000000005e-05,6.510208,0.01773237,13.493179999999999,0.0013843396,0.00012620992100000002,0.03658013,54.97748999999999,0.0013843396,0.00012620992100000002,0.005819255,28.328785000000003,0.0013843396,0.00012620992100000002,0.0029168609999999998,28.315231,0.0013843396,0.00012620992100000002,0.003933982,2.6708499999999996e-06,1.801437e-05,0.03507673299999999,25.017961399999997,0.01392407,-0.001310731,-0.0019500879999999998,1.4028272999999999e-06,1.6794148e-05
73,1608823800,1.0651764,1.0651928,0.0042185224,-1.615279,1.603024,0.9592265,1.441919,1.3215780000000001,0.031962197000000005,0.486079,1.765111e-05,2.7830856e-06,2.8210133e-06,3.2758565000000004e-06,4.5217905e-06,5.5420434999999994e-06,8.495204e-06,1.735093e-05,0.5021274000000001,0.029918289999999997,0.0004952134999999999,78.04400999999999,55.75362,3.540399e-05,6.347033999999999,0.016057819999999997,11.042918,0.00166503457,0.000151982439,0.0326173,43.82586,0.00166503457,0.000151982439,0.005750114000000001,30.778768000000003,0.00166503457,0.000151982439,0.002740253,31.061197999999997,0.00166503457,0.000151982439,0.003913279,1.981257e-06,1.7228749999999997e-05,0.009245546000000002,5.6878515532,0.007802793000000001,-0.0015964450000000002,-0.002154341,8.588071000000001e-07,1.1532953000000001e-05
73,1608824400,0.9925754,0.992591,0.04672852,-1.2236323000000002,1.7280910000000003,0.8759897999999999,1.57906,1.4370800000000001,0.016264228999999998,0.43251540000000005,1.721403e-05,2.1757993e-06,2.2540771e-06,2.7353885999999994e-06,3.9612229e-06,5.1764016e-06,8.433336400000001e-06,1.7820255e-05,0.4629264,0.03270488,0.0006106896999999999,78.06826,56.70925000000001,3.2973529999999994e-05,6.302577,0.01479817,10.283239,0.0012528223,0.00011418765999999997,0.031396030000000005,40.40006,0.0012528223,0.00011418765999999997,0.005624709,23.485972999999998,0.0012528223,0.00011418765999999997,0.0025807770000000002,23.546779000000004,0.0012528223,0.00011418765999999997,0.003931658,1.699452e-06,1.7112200000000002e-05,-0.051570439999999995,6.215146299999999,0.006455684200000001,-0.0017243180000000003,-0.0023951769999999996,7.645079e-07,1.0158521000000002e-05
73,1608825000,0.9776784,0.9776942000000002,0.05021576600000001,-1.0277071999999998,1.789518,0.8345707000000001,1.618999,1.4703060000000001,0.019203570000000003,0.43406500000000003,1.865767e-05,3.7389365999999997e-06,3.9383428e-06,4.6140249e-06,6.187191e-06,7.959187000000001e-06,1.2256699000000001e-05,2.4321559999999998e-05,0.45810499999999993,0.03011921,0.0005485122000000001,70.5556,56.318830000000005,3.247366e-05,6.6051649999999995,0.014463970000000001,9.977498,0.0006735098499999999,6.1103493e-05,0.03106314,39.58555,0.0006735098499999999,6.1103493e-05,0.005282394,14.639933000000003,0.0006735098499999999,6.1103493e-05,0.002276093,14.370386,0.0006735098499999999,6.1103493e-05,0.003903387,1.6553530000000003e-06,1.685483e-05,-0.024224950999999998,4.134064199999999,0.005939120500000001,-0.0016910640000000002,-0.0024238959999999996,7.771665000000002e-07,1.0128682e-05
73,1608825600,0.8526872000000001,0.8527028999999999,0.0007088042000000001,-1.097478,1.597248,0.7949130000000001,1.47931,1.3402539999999998,0.01270912,0.36636499999999994,1.8416629999999998e-05,3.4180233e-06,3.5784865000000003e-06,4.1628190000000005e-06,5.497415e-06,6.973626999999999e-06,1.0638859e-05,2.0612947000000002e-05,0.3978459,0.02820049,0.0002391298,74.99376,56.772890000000004,2.8318770000000002e-05,6.606744000000001,0.01353637,8.802658000000001,0.0008657593499999999,7.877148549999999e-05,0.029014240000000004,34.640820000000005,0.0008657593499999999,7.877148549999999e-05,0.005307732,16.968285,0.0008657593499999999,7.877148549999999e-05,0.002195773,16.79692,0.0008657593499999999,7.877148549999999e-05,0.003923442000000001,1.470335e-06,1.683682e-05,0.003333434999999999,3.9625792000000004,0.004431333500000001,-0.0018460169999999997,-0.0025050409999999995,7.610645e-07,9.74163e-06
73,1608826200,0.9184673,0.9184829999999998,0.029294090000000002,-1.0081213000000002,1.690853,0.8019749,1.553035,1.4211049999999998,0.021958190000000002,0.4081821,1.888364e-05,3.8919299999999995e-06,4.06882581e-06,4.69850328e-06,6.1235911e-06,7.68559201e-06,1.1599663229999998e-05,2.2390386e-05,0.4323095,0.02666693,0.0001931194,72.34826,55.95984,3.0511280000000002e-05,6.12041,0.014100419999999999,9.44177,0.0006089355300000001,5.5179601999999995e-05,0.030201409999999995,37.60283,0.0006089355300000001,5.5179601999999995e-05,0.005136108,12.886239999999997,0.0006089355300000001,5.5179601999999995e-05,0.002064919,12.625245000000001,0.0006089355300000001,5.5179601999999995e-05,0.003916455000000001,1.5223880000000001e-06,1.682892e-05,-0.0304280001,4.278049300000001,0.0056406821,-0.0017929180000000003,-0.0025019779999999998,7.38056e-07,9.518460000000001e-06
73,1608826800,0.7969037,0.7969188,0.0331795,-0.8592493000000001,1.625676,0.7146674,1.489171,1.3401789999999998,0.020724041999999998,0.35317030000000005,1.711632e-05,2.1861265e-06,2.26160148e-06,2.6480595e-06,3.6634516e-06,4.6462434999999995e-06,7.30812377e-06,1.5005762e-05,0.3719464,0.026305440000000003,0.00016012939999999999,76.16508999999999,56.84665,2.647779e-05,6.155323,0.01345016,8.310387000000002,0.00049116899,4.445785e-05,0.028080880000000003,32.619789999999995,0.00049116899,4.445785e-05,0.004999366999999999,10.735728,0.00049116899,4.445785e-05,0.0018652329999999998,10.4328666,0.00049116899,4.445785e-05,0.0039026450000000006,1.3858269999999998e-06,1.6589710000000002e-05,-0.51322837,17.376982,0.0049154360199999995,-0.0019100259999999998,-0.002594636,8.956315000000001e-07,1.0713412e-05
73,1608827400,0.6506704999999999,0.6506859,-0.0001368086000000001,-0.9183526000000001,1.476872,0.6730878,1.3358659999999998,1.2007850000000002,0.014289421,0.2962462,1.679759e-05,1.6765638999999997e-06,1.6942091500000002e-06,2.0210509299999997e-06,2.7551499000000003e-06,3.49292539e-06,5.4326541000000005e-06,1.1329952e-05,0.29444469999999995,0.03074114,0.00011897347,79.77468999999999,59.651869999999995,2.162113e-05,6.314956,0.011708479999999999,6.802236000000001,0.00080318852,7.303953400000001e-05,0.02503165,25.850929999999998,0.00080318852,7.303953400000001e-05,0.0053115639999999995,16.377388,0.00080318852,7.303953400000001e-05,0.002107291,16.228096999999998,0.00080318852,7.303953400000001e-05,0.0039046370000000003,1.0895517e-06,1.6318709999999997e-05,0.007084138000000001,4.7365819,0.0039718858999999995,-0.002111019,-0.00271229,7.199225999999999e-07,9.076078999999999e-06
73,1608828000,0.3824565,0.3824718,0.028245231609999998,-0.8172425000000001,1.1964359999999998,0.5149954,1.0459445,0.9214413999999997,0.012447979,0.1778886,1.5571189999999997e-05,4.593162e-07,4.7110607999999996e-07,5.562046899999999e-07,8.671764000000001e-07,1.09497862e-06,1.8253368800000003e-06,4.089374e-06,0.1573005,0.03376168,0.0001562439,90.66932999999999,68.46235000000001,1.2710029999999999e-05,6.012575,0.008703511,4.003952,0.000590405624,5.364180529999999e-05,0.01814866,13.77649,0.000590405624,5.364180529999999e-05,0.005012981,11.419577,0.000590405624,5.364180529999999e-05,0.0016596360000000001,11.238379999999998,0.000590405624,5.364180529999999e-05,0.003902796,7.871934999999999e-07,1.6004640000000002e-05,-0.0174722,3.8191479999999998,0.0037938702999999996,-0.0024594580000000003,-0.0028684329999999997,6.643202999999999e-07,8.516202e-06
73,1608828600,0.6808433,0.6808582999999999,0.03162324,-0.9387774999999999,1.527159,0.69726,1.37063,1.2237385,0.016903309,0.31074840000000004,1.5698669999999997e-05,7.493651e-07,7.440561999999999e-07,8.909795999999999e-07,1.4135702000000002e-06,1.7181725000000001e-06,2.8570229e-06,6.661367e-06,0.3051782,0.03494037,0.00028677870000000003,86.72834000000002,60.64393,2.2634610000000002e-05,6.260069,0.01204792,7.280337,0.00110676428,0.00010085599300000003,0.02553859,27.087920000000004,0.00110676428,0.00010085599300000003,0.0054709830000000004,20.910412,0.00110676428,0.00010085599300000003,0.0022886210000000002,20.943337,0.00110676428,0.00010085599300000003,0.0038889529999999997,1.2143174e-06,1.631234e-05,0.0040508490000000005,6.3378281,0.0052260087,-0.0020461280000000004,-0.002615632,7.102458e-07,8.910170999999999e-06
73,1608829200,1.2334495,1.2334640000000001,0.017975750000000002,-1.1985040000000002,1.919571,0.9729137,1.7353650000000003,1.594436,0.028243825,0.5377211,1.732852e-05,2.4015908e-06,2.4436919e-06,2.9485014499999998e-06,4.3091393e-06,5.5642596e-06,8.9195465e-06,1.9466899e-05,0.5789758,0.03737335,0.0003270422,78.75552,56.2154,4.098627e-05,6.346376000000001,0.016490579999999998,12.875893000000001,0.00093391669,8.4948086e-05,0.03508683,50.77661,0.00093391669,8.4948086e-05,0.005541861,20.202966,0.00093391669,8.4948086e-05,0.0025785499999999998,20.012072,0.00093391669,8.4948086e-05,0.003910023,1.927845e-06,1.7180790000000003e-05,-0.0015358529999999991,0.9687616,0.0036383025,-0.0015025309999999999,-0.002258249,6.863152e-07,8.688918e-06
73,1608829800,1.0413038000000001,1.041318,0.02137075,-1.1103897,1.7962680000000002,0.8813606,1.617275,1.4719200000000001,0.027310157999999994,0.4705178,1.644496e-05,1.2649671e-06,1.17394785e-06,1.4156355800000002e-06,2.1701048e-06,2.5171093000000003e-06,4.0289556e-06,9.365633e-06,0.48566760000000003,0.03469329,0.0002676846,82.6529,57.08764,3.463513e-05,5.995373,0.014963449999999998,10.829798,0.00123835829,0.00011285742400000002,0.03194558,42.50637999999999,0.00123835829,0.00011285742400000002,0.005636144,23.859646,0.00123835829,0.00011285742400000002,0.0026051159999999998,23.860837,0.00123835829,0.00011285742400000002,0.003932466,1.6211479999999997e-06,1.7053559999999996e-05,-0.003798393999999999,2.3033503000000004,0.0044860822,-0.0017333420000000001,-0.0024574949999999996,6.713068e-07,9.053281000000002e-06
73,1608830400,0.7738532,0.7738678,0.024548029,-1.0615716000000002,1.589598,0.7534794,1.4213689999999999,1.286626,0.018146853,0.35226999999999997,1.5731100000000003e-05,7.927028e-07,7.221401500000001e-07,8.937434e-07,1.4763265e-06,1.7964136e-06,3.0020552e-06,7.193707e-06,0.35835990000000006,0.028319790000000004,0.0002297716,84.35125000000002,57.54603999999999,2.5728600000000003e-05,6.2319189999999995,0.01291426,8.113195000000001,0.001035762425,9.43711059e-05,0.02760532,31.48344,0.001035762425,9.43711059e-05,0.005491828000000001,20.37269,0.001035762425,9.43711059e-05,0.002347122,20.286431,0.001035762425,9.43711059e-05,0.003907815,1.323137e-06,1.6563360000000002e-05,-0.250503005,13.2741356,0.006143633600000001,-0.0019746000000000004,-0.0025919830000000004,7.742899e-07,1.0521155000000002e-05
73,1608831000,0.7120547,0.71207,-0.008007624999999999,-1.2143840000000001,1.435319,0.7428737,1.313064,1.1957609999999999,0.013576402000000001,0.3077639,1.6130950000000002e-05,1.1337141000000002e-06,1.1302769199999997e-06,1.40651086e-06,2.1486804000000003e-06,2.7843303e-06,4.5800257e-06,1.0405149e-05,0.33105029999999996,0.02470434,0.0002482113,80.21136,57.08629,2.36594e-05,6.313270000000001,0.01249446,7.439175999999999,0.00100595866,9.16480488e-05,0.026506979999999996,29.01309,0.00100595866,9.16480488e-05,0.005306519000000001,18.792911,0.00100595866,9.16480488e-05,0.0021669869999999996,18.767864,0.00100595866,9.16480488e-05,0.0038961470000000004,1.1962829999999998e-06,1.636466e-05,0.02123563,1.3229706,0.0027946175,-0.002014224,-0.0025746939999999998,6.63041e-07,8.410423999999999e-06
73,1608831600,0.7325111,0.7325264,-0.006286300399999998,-1.147972,1.508033,0.742588,1.345615,1.230413,0.014313256000000002,0.3270976,1.6334e-05,1.3217887e-06,1.3514458199999999e-06,1.6449382e-06,2.4812891e-06,3.3097922599999995e-06,5.4591213e-06,1.2179087000000001e-05,0.3438848,0.02207796,0.00026381559999999997,77.39574,56.16516,2.4339630000000002e-05,6.403073999999999,0.01263788,7.595543999999999,0.00098394276,8.9579374e-05,0.027024370000000002,30.041289999999996,0.00098394276,8.9579374e-05,0.005450022,18.845836,0.00098394276,8.9579374e-05,0.0023147030000000004,18.794021,0.00098394276,8.9579374e-05,0.0038959209999999992,1.320755e-06,1.6480719999999998e-05,0.054549714999999985,1.4638401,0.0035156795999999996,-0.0019135879999999997,-0.0025011570000000004,6.743065e-07,8.564480000000001e-06
73,1608832200,0.5967602,0.5967754000000001,-0.0084865337,-0.9928869,1.370854,0.6475558,1.249539,1.135309,0.011167742,0.2649144,1.6165150000000002e-05,1.0204956000000001e-06,9.989046599999998e-07,1.2401181999999997e-06,1.8130087000000003e-06,2.3259868e-06,3.7999651999999996e-06,8.326399e-06,0.27779180000000003,0.02042878,0.0001387412,81.09529,56.98232,1.983313e-05,6.280256,0.011329619999999999,6.169004999999999,0.00059338795,5.3790378e-05,0.024268099999999997,24.215889999999998,0.00059338795,5.3790378e-05,0.005131481,11.808672,0.00059338795,5.3790378e-05,0.0019014129999999998,11.558907000000001,0.00059338795,5.3790378e-05,0.003921368,1.0517301999999999e-06,1.641888e-05,0.008806658299999997,2.0801448999999996,0.0026028645299999995,-0.0021643,-0.0027079269999999997,6.757289000000001e-07,8.406029000000002e-06
73,1608832800,0.4810419,0.48105719999999996,-0.015370337000000001,-0.9891120000000001,1.2414739,0.5839119,1.1046334000000002,0.988268,0.014374151999999998,0.2213952,1.63815e-05,1.2638771999999998e-06,1.3375553000000002e-06,1.56907641e-06,2.1865103999999998e-06,2.8191192e-06,4.4767123e-06,9.1860718e-06,0.21963970000000002,0.020716190000000002,0.00014093086,80.81985999999999,59.93838000000001,1.5975903e-05,6.489367,0.009893274,4.981831,0.00035195376500000004,3.17996328e-05,0.02112301,19.119062,0.00035195376500000004,3.17996328e-05,0.004687564,7.213019,0.00035195376500000004,3.17996328e-05,0.0013987863999999999,6.8721993,0.00035195376500000004,3.17996328e-05,0.0038940520000000007,9.558699999999998e-07,1.610636e-05,-0.02170922,2.9583239,0.00292385669,-0.002260587,-0.002726132,7.160048000000001e-07,8.660165e-06
73,1608833400,0.4009615999999999,0.40097689999999997,0.013648734000000001,-0.829368,1.157285,0.5161584,1.0609065999999998,0.9468669999999999,0.009041497,0.1759732,1.597143e-05,8.845749999999999e-07,8.847171199999999e-07,1.02896352e-06,1.4043568e-06,1.7131255700000002e-06,2.6024591e-06,5.4764811e-06,0.1813196,0.019015419999999998,0.00013075570999999999,81.85895000000001,59.93816999999999,1.3331148e-05,5.997331999999999,0.009192404999999999,4.167472999999999,0.0005518305580000001,5.0061617200000005e-05,0.01952888,15.816431999999997,0.0005518305580000001,5.0061617200000005e-05,0.004981427,10.775319,0.0005518305580000001,5.0061617200000005e-05,0.0016450862000000003,10.523012099999999,0.0005518305580000001,5.0061617200000005e-05,0.0039052969999999994,7.873512e-07,1.602581e-05,0.04458592100000001,4.0073228,0.0030289326,-0.002429181,-0.002871456,6.800148e-07,8.382824999999999e-06
73,1608834000,0.2961392,0.2961543,0.03229993800000001,-0.6229782,1.0609444000000001,0.41592640000000003,0.9401164000000002,0.8372505,0.00781444,0.13869510000000002,1.548715e-05,4.9883866e-07,5.1648982e-07,6.045973700000001e-07,8.563493999999999e-07,1.1038338999999999e-06,1.7382615999999996e-06,3.837113000000001e-06,0.13034222999999998,0.017590050000000003,0.00012704840999999998,85.60130000000001,62.157990000000005,9.840011e-06,6.265269,0.00825465,3.134374,0.000359386094,3.24731848e-05,0.01667364,11.481405,0.000359386094,3.24731848e-05,0.00469512,7.027981,0.000359386094,3.24731848e-05,0.0012974570000000001,6.7062162999999995,0.000359386094,3.24731848e-05,0.0038787220000000002,7.261349e-07,1.576006e-05,-0.36225049500000006,13.457163399999999,0.0023889034,-0.002486243,-0.002887146,6.673119000000001e-07,8.390476999999999e-06
73,1608834600,0.5036889,0.5037039,0.012651990000000002,-0.9105268000000001,1.3282550000000002,0.579387,1.1509497,1.0471813,0.017164518,0.23536010000000002,1.6256479999999998e-05,1.3106229e-06,1.3361202699999998e-06,1.5683619600000002e-06,2.1493113000000002e-06,2.7011075199999996e-06,4.207875200000001e-06,8.5444668e-06,0.2336948,0.01790945,0.0002167812,78.88672,57.611760000000004,1.6733845999999998e-05,6.254664,0.010668247,5.3310949999999995,0.0005797172200000001,5.2564630000000004e-05,0.02221091,20.591969999999996,0.0005797172200000001,5.2564630000000004e-05,0.005016184999999999,11.271137000000001,0.0005797172200000001,5.2564630000000004e-05,0.0017564567,11.086203000000001,0.0005797172200000001,5.2564630000000004e-05,0.0038854040000000007,1.0722934999999998e-06,1.6128430000000002e-05,-0.431931155,32.24862499999999,0.007131957500000001,-0.0022114179999999997,-0.002724421,8.284085999999999e-07,1.0539074000000001e-05
73,1608835200,0.5605878,0.5606028000000001,0.007830843,-1.1170144000000002,1.326341,0.6474886,1.190437,1.0821704,0.012639836000000002,0.2541952,1.5457400000000002e-05,3.891745e-07,3.7021923000000005e-07,5.0756047e-07,1.0014838000000002e-06,1.33715981e-06,2.4914414999999998e-06,6.147637999999999e-06,0.26166459999999997,0.01844732,0.00016926008000000002,84.61184,56.71503,1.8636229999999998e-05,6.148716,0.01103572,5.833304,0.00073839521,6.7090505e-05,0.02357014,22.86384,0.00073839521,6.7090505e-05,0.005129178,13.624030999999999,0.00073839521,6.7090505e-05,0.0018986849999999996,13.473007,0.00073839521,6.7090505e-05,0.003900849,1.1102794999999997e-06,1.630937e-05,0.058301083,3.2362042999999994,0.004498805999999999,-0.0021218070000000007,-0.002640968,6.947849e-07,8.651475e-06
73,1608835800,0.4866092,0.4866243,0.01911581,-1.0463115000000003,1.2683269999999998,0.5956731,1.1195605,1.0162065,0.011962545,0.2247836,1.581896e-05,9.320765000000001e-07,9.166141900000001e-07,1.07870477e-06,1.5550638000000001e-06,1.8840040600000002e-06,2.8659708699999997e-06,6.122544e-06,0.2254855,0.01767033,0.00013177886,80.01868999999999,57.49046,1.618159e-05,5.798979999999999,0.010245628,5.0953409999999995,0.00049436677,4.4730418e-05,0.021896359999999997,19.82154,0.00049436677,4.4730418e-05,0.0050695589999999995,10.71932,0.00049436677,4.4730418e-05,0.0017968520000000003,10.458439,0.00049436677,4.4730418e-05,0.0038819279999999998,9.733151e-07,1.60169e-05,-0.030897241000000002,11.841282,0.0053016373,-0.002246938,-0.002732049,7.237239e-07,9.407762e-06
73,1608836400,0.463685,0.4637004,-0.009420469999999998,-0.9828376999999999,1.2386620000000002,0.5690528,1.0840451000000002,0.9755545000000001,0.017676124999999997,0.2197459,1.6393739999999998e-05,1.2069724e-06,1.25259891e-06,1.4982134e-06,2.0562909e-06,2.6954381e-06,4.2482998e-06,8.762338999999999e-06,0.21454040000000002,0.0171368,0.00014250851,78.06322,58.05165000000001,1.5405325999999997e-05,6.429310000000001,0.009971194,4.816407,0.0005700833699999999,5.1672508999999995e-05,0.0210818,18.733889999999995,0.0005700833699999999,5.1672508999999995e-05,0.005047554,10.770193,0.0005700833699999999,5.1672508999999995e-05,0.0017487724000000004,10.5769667,0.0005700833699999999,5.1672508999999995e-05,0.003906869,1.0125993e-06,1.624658e-05,-0.875582774,37.001132199999994,0.005521134509999999,-0.00227034,-0.002745501,8.458896e-07,1.0604367e-05
73,1608837000,0.9575661999999999,0.9575817000000001,-0.0153094,-1.3356629999999998,1.5950739999999999,0.8694503000000001,1.4551939999999999,1.352853,0.023362986,0.43221239999999994,1.813038e-05,3.3596309000000007e-06,3.4980086e-06,4.094018700000001e-06,5.4453190000000005e-06,6.9116160000000005e-06,1.0637791e-05,2.1268538999999998e-05,0.46137749999999994,0.01714542,0.00020198759999999998,70.51057999999999,53.69867999999999,3.181181e-05,6.432644999999999,0.0148001,9.940362,0.00094568342,8.6047333e-05,0.0313002,40.396649999999994,0.00094568342,8.6047333e-05,0.005470033000000001,19.231944,0.00094568342,8.6047333e-05,0.002421614,19.132883999999997,0.00094568342,8.6047333e-05,0.003891419,1.579689e-06,1.670426e-05,0.015420855000000002,1.3230336,0.0035232017,-0.0017012289999999998,-0.002346574,6.974151e-07,8.846529e-06
73,1608837600,0.6372281999999999,0.6372432,-0.017457060000000003,-1.1525942,1.34888,0.6877168,1.2443250000000001,1.141311,0.012577811,0.2799667,1.663569e-05,1.7631954999999997e-06,1.8362107999999997e-06,2.10476469e-06,2.8470746e-06,3.4841471799999994e-06,5.2550672e-06,1.07356733e-05,0.30159500000000006,0.016796440000000003,0.00019281160000000002,75.53393000000001,55.397540000000006,2.1176530000000002e-05,6.033686,0.011950140000000001,6.693253,0.00037531489000000004,3.38501495e-05,0.025375019999999998,26.531619999999997,0.00037531489000000004,3.38501495e-05,0.004914441,8.818614700000001,0.00037531489000000004,3.38501495e-05,0.0017270826,8.4094981,0.00037531489000000004,3.38501495e-05,0.0038822,1.185578e-06,1.6247239999999995e-05,0.029362188000000004,0.9838711000000002,0.0028299816000000003,-0.0020261949999999997,-0.002568899,6.908673999999999e-07,8.206612e-06
73,1608838200,0.4767398,0.476755,-0.02408937,-0.9037694999999999,1.2452619999999999,0.5605767,1.1140842,1.0127567000000002,0.013051028000000001,0.2168196,1.656419e-05,1.5569243000000001e-06,1.5939262499999998e-06,1.84640505e-06,2.4505581e-06,3.04056552e-06,4.598062e-06,9.056079e-06,0.2226965,0.01556487,8.281749e-05,75.00986000000002,57.06569999999999,1.584303e-05,6.086105000000001,0.010150939000000001,4.952914,0.0005243369600000001,4.7480965000000006e-05,0.02156459,19.48213,0.0005243369600000001,4.7480965000000006e-05,0.00497559,10.367707999999999,0.0005243369600000001,4.7480965000000006e-05,0.001691252,10.135906000000002,0.0005243369600000001,4.7480965000000006e-05,0.0038933779999999994,9.309723e-07,1.6061869999999997e-05,-0.041848021,18.419499000000002,0.0060478414,-0.0022889110000000002,-0.002799563,7.959996000000001e-07,1.0468038e-05
73,1608838800,0.4228912,0.4229063,-0.019444250000000003,-0.8151645999999999,1.196699,0.5159777999999999,1.0753458,0.9649791999999999,0.012067721,0.1889914,1.555778e-05,6.233039999999999e-07,6.0892595e-07,7.288231999999999e-07,1.097623e-06,1.3574262999999998e-06,2.1187206e-06,4.782983e-06,0.1950083,0.01634746,7.808561e-05,84.07288,58.159029999999994,1.4057419999999998e-05,6.300962999999999,0.009614834999999999,4.393385,0.000354616543,3.19856167e-05,0.02023096,17.03605,0.000354616543,3.19856167e-05,0.004863419,7.970899,0.000354616543,3.19856167e-05,0.0015516531,7.608080000000001,0.000354616543,3.19856167e-05,0.003885759,8.649574e-07,1.5942009999999998e-05,0.05498141499999999,11.2176011,0.005672410899999999,-0.002350619,-0.002817474,7.336106000000001e-07,9.392218e-06
73,1608839400,0.3114663,0.3114814,0.011340602,-1.0139793000000001,1.0162815,0.4749107,0.9058775000000001,0.8096496999999999,0.008062929,0.14437170000000002,1.580662e-05,8.323085000000001e-07,8.690736600000001e-07,1.022043e-06,1.3943865999999998e-06,1.7790078000000002e-06,2.7923594000000003e-06,5.802335e-06,0.13990717,0.015747359999999995,6.303463000000001e-05,80.87052,60.501400000000004,1.0342449999999998e-05,6.464964,0.008108937,3.2509680000000003,0.0004968635639999999,4.5023047399999994e-05,0.01719075,12.259882999999999,0.0004968635639999999,4.5023047399999994e-05,0.004938782,9.623290999999998,0.0004968635639999999,4.5023047399999994e-05,0.0015744978,9.380451899999999,0.0004968635639999999,4.5023047399999994e-05,0.0038739419999999996,7.118232999999999e-07,1.570999e-05,0.024363332899999996,3.3243685000000007,0.0025255616,-0.002492929,-0.002866228,6.614842e-07,8.167092e-06
73,1608840000,0.3111961,0.31121089999999996,0.032017250000000004,-0.7158782,1.100807,0.4425289,0.9521919999999999,0.8547260000000001,0.009215797000000001,0.1548022,1.5778230000000003e-05,8.5738046e-07,9.033089500000002e-07,1.05329953e-06,1.4463201e-06,1.8770775000000001e-06,2.9108311e-06,6.0299058999999994e-06,0.1382714,0.017254850000000002,5.551334999999999e-05,81.75388000000001,61.194669999999995,1.0336091000000001e-05,6.4786649999999995,0.008272110999999999,3.272486,0.00039308683,3.5479889e-05,0.01719033,12.16388,0.00039308683,3.5479889e-05,0.004859759999999999,8.052847000000002,0.00039308683,3.5479889e-05,0.0014908269,7.743513999999999,0.00039308683,3.5479889e-05,0.003871087,7.372965999999999e-07,1.569793e-05,0.0012378924000000014,7.423592000000001,0.0044675548,-0.0024901159999999997,-0.002882551,6.89384e-07,8.193503e-06
73,1608840600,0.32046879999999994,0.32048370000000004,0.013673129999999997,-0.8548365,1.0797333999999998,0.4694189,0.9429668,0.8414507999999999,0.01099249,0.152078,1.5495570000000002e-05,7.2938802e-07,7.562112800000001e-07,8.879102800000001e-07,1.2103549000000002e-06,1.5444758e-06,2.4053109999999997e-06,5.0800920000000005e-06,0.14160604999999998,0.01847441,0.00014057808,84.30422999999999,62.09013,1.0644094000000002e-05,6.388526999999999,0.008184247000000002,3.3944560000000004,0.00050694227,4.59611552e-05,0.01730098,12.464798,0.00050694227,4.59611552e-05,0.004923763,9.876502999999998,0.00050694227,4.59611552e-05,0.0015738763,9.674081,0.00050694227,4.59611552e-05,0.0038648730000000004,7.744092000000001e-07,1.5684610000000003e-05,-0.5150631511,31.554057,0.0058123423,-0.0024643850000000004,-0.002867563,8.324898e-07,1.0882496999999998e-05
73,1608841200,0.3176388,0.3176536,-0.020612380000000003,-1.1081503,1.0140309,0.49296239999999997,0.9002159000000001,0.7997121,0.006632753,0.14529060000000002,1.5228519999999998e-05,3.7861650000000005e-07,3.9015991e-07,4.8525918e-07,7.650917999999999e-07,1.0208486999999999e-06,1.7054272e-06,4.0298506000000005e-06,0.13835561,0.02027001,0.0001843761,86.90621000000002,63.375609999999995,1.0553803e-05,6.346315,0.008157923,3.349552,0.00040177498,3.63141532e-05,0.017079030000000002,12.160024,0.00040177498,3.63141532e-05,0.004763735,7.991754,0.00040177498,3.63141532e-05,0.001413433,7.703300400000001,0.00040177498,3.63141532e-05,0.003858273,7.11505e-07,1.5592820000000002e-05,0.016283230000000003,1.8533529999999998,0.00205826634,-0.0024554549999999996,-0.002829158,6.870549e-07,8.174511999999999e-06
73,1608841800,0.4462682,0.44628309999999993,-0.02491253,-0.9263071999999999,1.2089999999999999,0.5547213,1.0856581000000003,0.9751045999999999,0.012656602,0.2010823,1.585113e-05,9.379939999999999e-07,9.682265999999998e-07,1.1638078000000001e-06,1.6598423000000003e-06,2.1310627e-06,3.4142019e-06,7.4538979999999994e-06,0.2048474,0.01806853,0.00019949406,80.41122,58.57541,1.4824446000000002e-05,6.476211999999999,0.009705443999999999,4.6401840000000005,0.00041671299,3.76762579e-05,0.02074482,17.896660000000004,0.00041671299,3.76762579e-05,0.004808497,8.495125,0.00041671299,3.76762579e-05,0.0015230605,8.177187,0.00041671299,3.76762579e-05,0.0038773130000000003,8.782986e-07,1.590554e-05,0.016250377,1.8626882999999999,0.00224104329,-0.002309083,-0.0027637689999999997,6.656263e-07,8.151807000000001e-06
73,1608842400,0.4046893,0.4047044000000001,0.008161105,-1.029501,1.1505735000000001,0.5444339,1.0288061000000002,0.9301030000000001,0.009576378,0.18827330000000003,1.60231e-05,1.0664208e-06,1.13064962e-06,1.3536618e-06,1.8893258000000003e-06,2.4914766e-06,4.024294e-06,8.307029999999999e-06,0.1854094,0.0168436,6.998257e-05,77.66824,58.59802,1.3439441999999997e-05,6.527296,0.009218795,4.185453,0.0005525725500000001,5.008124e-05,0.01978985,16.19023,0.0005525725500000001,5.008124e-05,0.005067787,11.093139,0.0005525725500000001,5.008124e-05,0.0017618790000000003,10.860662,0.0005525725500000001,5.008124e-05,0.003886298,8.46355e-07,1.593564e-05,0.012976821999999995,4.5199634,0.0037036424000000006,-0.0023643379999999997,-0.002790565,6.804163e-07,8.561645000000001e-06
73,1608843000,0.36733930000000004,0.3673544000000001,0.0216068,-0.9314410000000001,1.092783,0.5082869,1.0068316,0.9016774999999999,0.009185256,0.16362290000000002,1.569811e-05,5.836258999999999e-07,6.0442666e-07,7.175517299999999e-07,1.0721503e-06,1.36798199e-06,2.1975393300000003e-06,4.9885592e-06,0.1666956,0.01691393,4.780721e-05,81.15977000000001,59.355779999999996,1.2205776000000002e-05,6.214233999999999,0.008813668,3.8409619999999998,0.0003847366,3.4698037e-05,0.01884816,14.63497,0.0003847366,3.4698037e-05,0.004878741000000001,7.870424,0.0003847366,3.4698037e-05,0.0015237959999999998,7.5386120000000005,0.0003847366,3.4698037e-05,0.0038961879999999996,7.578725000000001e-07,1.592926e-05,0.020512898399999997,2.1493879,0.00279158372,-0.0024479439999999996,-0.002860769,6.269257e-07,8.168937e-06
73,1608843600,0.43763260000000004,0.4376481,0.01884734,-1.0074473000000002,1.1868743,0.5611991,1.0659329,0.9693297,0.011070159,0.19829970000000002,1.609931e-05,1.0141539e-06,1.05118831e-06,1.2375571099999999e-06,1.7044644e-06,2.1632042e-06,3.3384178e-06,6.959771999999999e-06,0.2010548,0.017694770000000002,4.8262819999999996e-05,78.9466,58.754999999999995,1.4547361999999998e-05,6.2644210000000005,0.009625235,4.6160239999999995,0.00028782422999999995,2.58405452e-05,0.02056472,17.729986,0.00028782422999999995,2.58405452e-05,0.004783515,6.9635620000000005,0.00028782422999999995,2.58405452e-05,0.001459216,6.523894999999999,0.00028782422999999995,2.58405452e-05,0.0038985770000000003,8.792894000000001e-07,1.6065579999999996e-05,-0.023946755999999996,2.4354007,0.003564427,-0.0023425430000000003,-0.0027952259999999996,6.356797999999999e-07,8.558585e-06
73,1608844200,0.40529389999999993,0.40530910000000003,0.01943022,-0.9200777,1.1591605,0.5263401,1.0220937,0.9213653,0.011646053,0.18865549999999998,1.5861119999999998e-05,7.843629499999999e-07,8.144816000000001e-07,9.622435699999997e-07,1.3625608e-06,1.75937444e-06,2.7937809999999995e-06,6.0785222999999995e-06,0.18475866999999999,0.017817,5.5955030000000004e-05,82.79219,59.97768,1.3463405000000001e-05,6.29043,0.009207994,4.269386,0.000368647349,3.3286252600000005e-05,0.019459659999999997,16.292382,0.000368647349,3.3286252600000005e-05,0.0049088050000000005,8.644749000000001,0.000368647349,3.3286252600000005e-05,0.0015608498,8.301132,0.000368647349,3.3286252600000005e-05,0.003893282,8.524543e-07,1.599058e-05,0.029924244,5.8845689,0.0043750947,-0.002394235,-0.002810758,7.464276e-07,8.829953000000002e-06
73,1608844800,0.29319029999999996,0.2932053,-0.016858529999999997,-0.7949105000000001,1.0429455,0.4444598999999999,0.9056526999999999,0.8080747,0.007978812,0.1378353,1.5682240000000003e-05,5.9504938e-07,6.3184021e-07,7.293799e-07,1.0249264e-06,1.28521769e-06,1.99920039e-06,4.2741293e-06,0.12808337,0.018284659999999998,0.0002160319,83.19351999999999,62.70925999999999,9.742995000000001e-06,6.225569999999999,0.007805314000000001,3.0967290000000003,0.00032648031,2.9374942e-05,0.01652532,11.259680999999999,0.00032648031,2.9374942e-05,0.004820125999999999,6.791872,0.00032648031,2.9374942e-05,0.0014212303999999998,6.466524199999999,0.00032648031,2.9374942e-05,0.0038883480000000007,7.45027e-07,1.5845250000000002e-05,-0.340548974,16.4881544,0.0039899296999999995,-0.0025088359999999995,-0.0028938849999999997,7.759961999999999e-07,9.347284999999998e-06
73,1608845400,0.21607440000000003,0.2160895,-0.03922523000000001,-0.46676609999999996,0.946904,0.352395,0.8083372000000001,0.7033339,0.009747697,0.10766092999999999,1.52639e-05,1.6649081e-07,1.6630991999999999e-07,2.0844646000000001e-07,3.635894e-07,4.8144691e-07,8.123320000000001e-07,2.0825448e-06,0.08891312,0.01900405,0.00011540230000000001,90.75561000000002,68.19524,7.180074000000001e-06,6.212766,0.0067503170000000005,2.306622,0.00026910316,2.4152875000000002e-05,0.013740359999999998,7.855802,0.00026910316,2.4152875000000002e-05,0.004634214,5.530458900000001,0.00026910316,2.4152875000000002e-05,0.0011627049999999998,5.1956612,0.00026910316,2.4152875000000002e-05,0.003898128,6.095085999999999e-07,1.577814e-05,-0.05578066,26.586132999999997,0.00506458256,-0.002668415,-0.003015872,7.286354999999999e-07,9.111393e-06
73,1608846000,0.5000631999999999,0.5000782,-0.007649518999999999,-1.04203,1.2620644,0.5974401,1.1057212,1.0038676,0.012823854,0.22550090000000003,1.5884229999999998e-05,9.083259399999999e-07,9.45808e-07,1.1765417000000002e-06,1.8087140000000001e-06,2.4261101e-06,4.062625e-06,8.938552e-06,0.23191215999999998,0.017908890000000004,0.0001892727,78.28352,58.588930000000005,1.660906e-05,6.569146000000001,0.010336058999999998,5.3331219999999995,0.0006275333,5.693159e-05,0.02185668,20.575582000000004,0.0006275333,5.693159e-05,0.005257932999999999,13.023139,0.0006275333,5.693159e-05,0.0019821470000000005,12.783269999999998,0.0006275333,5.693159e-05,0.003890917,1.0389455e-06,1.614052e-05,0.04238552539999999,12.4964839,0.007302479000000001,-0.002234168,-0.0027019500000000003,8.241956e-07,1.0079245999999999e-05
73,1608846600,0.46113099999999996,0.46114609999999995,-0.00857492,-0.9662712000000001,1.219798,0.5664389,1.0956717999999996,0.9918680999999999,0.013392377,0.2077525,1.611916e-05,1.0626548999999999e-06,1.1066936e-06,1.3086945e-06,1.8625241000000001e-06,2.4056862e-06,3.8182949e-06,8.052316e-06,0.21292830000000001,0.01745522,0.00016125191,79.99865,57.87613,1.5315550000000003e-05,6.516257999999999,0.010033678,4.878027,0.00082254856,7.4814749e-05,0.02128341,18.803,0.00082254856,7.4814749e-05,0.005374620999999999,16.083118,0.00082254856,7.4814749e-05,0.002079929,15.951139000000001,0.00082254856,7.4814749e-05,0.003897514,9.756485e-07,1.6148410000000004e-05,-0.42063986,17.0322325,0.003975897599999999,-0.002266387,-0.0027354729999999996,8.043915000000001e-07,9.963477e-06
73,1608847200,0.2476372,0.2476523,0.018951617,-0.6931035,0.9650551,0.3955622,0.8195509,0.7180721,0.011918195,0.12230661000000002,1.54494e-05,5.077985600000001e-07,5.320631e-07,6.2848828e-07,8.761920800000003e-07,1.12976136e-06,1.8048574600000001e-06,3.9192378000000004e-06,0.10600722,0.01768667,0.00011461976999999998,89.20962,67.85436,8.227474999999999e-06,6.397813,0.007189247,2.6842710000000003,0.000320893757,2.90108953e-05,0.014496058000000001,9.483186,0.000320893757,2.90108953e-05,0.0045479480000000004,6.1721369,0.000320893757,2.90108953e-05,0.0010921984,5.8686409,0.000320893757,2.90108953e-05,0.0038799749999999995,6.491981000000001e-07,1.5686940000000003e-05,2.2520000000000177e-05,5.233557899999999,0.0035976691000000004,-0.0026211990000000003,-0.00295307,6.755464e-07,8.277002000000001e-06
73,1608847800,0.15830569999999997,0.15832059999999998,0.023387230000000002,-0.8111287,0.7911991,0.3343685,0.6755458,0.5819429,0.005661302,0.07683493,1.5363470000000004e-05,3.9474051e-07,4.2226806000000004e-07,4.7891984e-07,6.368052099999999e-07,7.9190917e-07,1.2017254e-06,2.4402257999999995e-06,0.06007881,0.01903564,3.1021239999999996e-05,93.49973000000001,74.53930999999999,5.255777e-06,6.524767,0.005648878,1.7046320000000001,0.000186681829,1.66780068e-05,0.011341604,5.354305,0.000186681829,1.66780068e-05,0.0044814880000000005,4.1190659,0.000186681829,1.66780068e-05,0.0009696208,3.72455974,0.000186681829,1.66780068e-05,0.0038743680000000004,5.221167e-07,1.5516920000000002e-05,0.0057433819999999905,12.73995,0.0039497674,-0.002752501,-0.003032223,6.983869e-07,8.552593999999999e-06
73,1608848400,0.1792266,0.17924159999999997,0.018181508,-0.7508802,0.8506759,0.34569180000000005,0.7064465999999999,0.6151314,0.007877088,0.08899359000000001,1.526614e-05,2.0742177000000003e-07,2.2769609e-07,2.7722719999999996e-07,4.2927070000000003e-07,5.713612e-07,9.541763e-07,2.2380455e-06,0.06901933,0.020560520000000002,2.810025e-05,94.89124999999999,74.14734000000001,5.951442e-06,6.494375000000001,0.006204651,1.912941,0.00046673137999999996,4.22708213e-05,0.012030851,6.119391,0.00046673137999999996,4.22708213e-05,0.004891597000000001,8.882245000000001,0.00046673137999999996,4.22708213e-05,0.001386783,8.624087,0.00046673137999999996,4.22708213e-05,0.0038897330000000003,5.863352000000001e-07,1.568884e-05,0.08403771000000002,14.857159999999999,0.005543076500000001,-0.0027057229999999997,-0.00300728,7.543828999999999e-07,8.937581e-06
73,1608849000,0.1907992,0.1908143,0.017086409999999996,-0.7276958,0.8753892000000001,0.3551203,0.73941,0.6460695,0.012004889,0.10235332999999999,1.538368e-05,4.5187961000000006e-07,4.8231425e-07,5.668807099999999e-07,7.890502000000001e-07,1.0197266e-06,1.5450727e-06,3.3692348e-06,0.0798265,0.015530440000000001,3.346568e-05,84.88942,66.92981,6.3368020000000005e-06,6.311553,0.006475711,2.053624,0.00025207775999999996,2.2588549e-05,0.0129758,7.095784,0.00025207775999999996,2.2588549e-05,0.004614733,5.268907999999999,0.00025207775999999996,2.2588549e-05,0.0011421136000000001,4.9529092,0.00025207775999999996,2.2588549e-05,0.003868674,6.995877000000001e-07,1.562162e-05,-0.08584249000000001,50.501907,0.008777568099999999,-0.002645562,-0.00296482,9.736896e-07,1.2468263e-05
73,1608849600,0.3905727,0.3905875,0.014896755000000001,-1.0658762999999998,1.1420228,0.5311695999999999,0.9892049999999999,0.894702,0.015420798,0.1832536,1.510322e-05,3.9150806e-07,5.166487099999999e-07,3.3128844700000003e-06,8.964612999999999e-07,9.614359e-07,1.5273975000000002e-06,3.7378717e-06,0.18171849999999998,0.013458119999999999,9.778859000000001e-05,85.35788,57.4573,1.2982873e-05,6.208584,0.009394271,4.265813,0.00046504592999999995,4.2080809e-05,0.0195596,16.122960000000003,0.00046504592999999995,4.2080809e-05,0.004912883,9.307357,0.00046504592999999995,4.2080809e-05,0.0016147822,8.999639,0.00046504592999999995,4.2080809e-05,0.004244985,7.425028500000001e-06,2.229231e-05,0.111801446,10.8861325,0.012399868,-0.000354848,-0.001091101,2.1657606e-06,1.5992167e-05
73,1608850200,0.4614044,0.46141930000000003,0.015705260000000002,-1.1260249,1.284601,0.5880451,1.0722335,0.9645667,0.021368197,0.2265946,1.5333669999999996e-05,6.773224e-07,7.658881e-07,5.2399513e-06,1.4430239999999998e-06,1.8899173e-06,3.0850359e-06,7.541193e-06,0.2109883,0.01947305,0.00021950759999999999,81.07707,59.28153,1.5324776e-05,6.508456,0.010118602,4.984195999999999,0.000907914663,8.26841117e-05,0.02098517,18.508449999999996,0.000907914663,8.26841117e-05,0.005312519,17.115652,0.000907914663,8.26841117e-05,0.0020974748,17.06018,0.000907914663,8.26841117e-05,0.004409085,1.07444802e-05,2.5533320000000003e-05,0.035880314,35.95526829999999,0.022627588999999997,0.0007282205300000002,-0.0005410331,5.0792503e-06,4.5052467e-05
73,1608850800,1.1719894,1.1720039,0.009056192,-1.394678,1.756665,0.9609172000000001,1.567922,1.4546320000000001,0.03395357,0.5237879999999999,1.654551e-05,1.8295803e-06,1.8069603300000001e-06,3.8278730500000005e-06,3.7383445000000003e-06,4.8600495e-06,8.1572602e-06,1.8559387e-05,0.5651658999999999,0.02058913,0.00019512085000000003,74.39591,53.90598,3.894127e-05,6.334959,0.01651104,12.291229,0.001380244,0.00012585818,0.03434743,49.56429999999999,0.001380244,0.00012585818,0.005628988999999999,24.351878000000003,0.001380244,0.00012585818,0.002694307,24.501911,0.001380244,0.00012585818,0.004070725,5.174069e-06,2.0187340000000002e-05,0.011945666999999998,1.1067231,0.008227741,-0.000285526,-0.0012618739999999999,1.8380012999999999e-06,1.3366336999999999e-05
73,1608851400,0.9620711999999999,0.9620853000000003,0.006969564,-1.535653,1.497345,0.8960769,1.365491,1.274626,0.02661303,0.43562379999999995,1.7321440000000003e-05,2.6841719999999997e-06,2.8059097999999997e-06,3.3496203999999995e-06,4.591143e-06,5.857386e-06,9.188041899999999e-06,1.8671194e-05,0.4616639,0.019209069999999998,0.00011279850999999998,73.62916,54.2851,3.19641e-05,6.306974,0.01517506,10.050030000000001,0.00138890027,0.000126678461,0.031208809999999997,40.540749999999996,0.00138890027,0.000126678461,0.005615455,25.592895,0.00138890027,0.000126678461,0.0025944930000000002,25.710919999999998,0.00138890027,0.000126678461,0.0038796779999999997,1.771708e-06,1.678354e-05,-0.033519199000000006,3.3207560150999997,0.0058225740000000005,-0.001659205,-0.002203226,7.468697000000001e-07,9.989733000000002e-06
73,1608852000,0.7633045999999999,0.7633194,0.007002517,-1.309695,1.482572,0.7746826000000001,1.324652,1.2192384,0.02075137,0.34601329999999997,1.600406e-05,1.4325678000000001e-06,1.4176696400000002e-06,1.8011476999999998e-06,2.5394568e-06,3.2417259e-06,5.225526400000001e-06,1.1596347999999999e-05,0.3602155,0.02134924,5.887727999999999e-05,75.15142999999999,55.767430000000004,2.536945e-05,6.10104,0.01309319,7.916166,0.00026110822,2.33999759e-05,0.02761426,31.51563999999999,0.00026110822,2.33999759e-05,0.0048259159999999995,7.880454,0.00026110822,2.33999759e-05,0.0017322560000000002,7.407996,0.00026110822,2.33999759e-05,0.0038580870000000005,1.659226e-06,1.6474529999999998e-05,0.059462783000000005,52.214700300000004,0.012170205,-0.001825875,-0.002396997,7.059816000000001e-07,8.846712e-06
73,1608852600,0.6067953,0.6068100999999999,-0.0008362852,-1.701342,1.189612,0.7316428,1.0097939999999999,0.9394043,0.02807464,0.29425789999999996,1.525822e-05,5.261377999999999e-07,5.205748e-07,7.270687e-07,1.2520992999999998e-06,1.6937484000000002e-06,3.0336270000000006e-06,7.279664000000001e-06,0.27125570000000004,0.03205823000000001,6.792695e-05,85.08138,60.811400000000006,2.016214e-05,6.491427,0.01255183,6.347543,0.000824717103,7.508448440000001e-05,0.0238897,23.813229999999997,0.000824717103,7.508448440000001e-05,0.005155939,17.770878,0.000824717103,7.508448440000001e-05,0.001955414,17.588652000000003,0.000824717103,7.508448440000001e-05,0.0038723819999999997,1.3132568e-06,1.625618e-05,0.08293084,28.192467600000004,0.008296671,-0.0020696070000000002,-0.002492349,9.303025000000001e-07,1.087006e-05
73,1608853200,0.9983449999999999,0.9983603999999999,0.0041553985,-1.587291,1.5643239999999998,0.9273778,1.3730280000000001,1.251188,0.033362697000000004,0.45465429999999996,1.664219e-05,1.9332008e-06,1.98133907e-06,2.4131537e-06,3.4958819000000007e-06,4.54103874e-06,7.404815500000001e-06,1.585539e-05,0.4535324,0.04551624,8.445713999999999e-05,79.3752,59.49284,3.3164490000000003e-05,6.290891,0.015722209999999997,10.450410000000002,0.0011661840300000001,0.00010632288600000001,0.030980109999999998,39.86302,0.0011661840300000001,0.00010632288600000001,0.005530083999999999,24.975714,0.0011661840300000001,0.00010632288600000001,0.002509392,24.904822,0.0011661840300000001,0.00010632288600000001,0.003871091,1.700093e-06,1.66425e-05,0.0209143594,9.6599323,0.007249689999999999,-0.001688474,-0.002215834,8.177284e-07,1.045876e-05
73,1608853800,1.2682581999999998,1.2682737,0.0035922054000000004,-1.6719339999999998,1.703077,1.0534168999999998,1.500234,1.374867,0.04869639,0.5913581000000001,1.657384e-05,1.9875354000000005e-06,1.95888599e-06,2.34621917e-06,3.3914907e-06,4.8088383e-06,6.7712503e-06,1.5096933000000001e-05,0.5809218999999999,0.05307208,9.714444000000001e-05,80.78465,58.62405,4.2160289999999996e-05,6.023484999999999,0.017968429999999997,13.522409999999999,0.00096822223,8.8121506e-05,0.035247049999999995,51.58287,0.00096822223,8.8121506e-05,0.0054536540000000005,22.385695,0.00096822223,8.8121506e-05,0.00251839,22.270933,0.00096822223,8.8121506e-05,0.003888482,2.826472e-06,1.777749e-05,-0.013675548,2.875731084,0.008156113999999999,-0.0011481443,-0.001773986,8.917360999999998e-07,1.1136966000000002e-05
73,1608854400,1.5618596999999999,1.5618732000000002,0.0053673122,-1.4029960000000001,2.119078,1.1359659,1.8453930000000003,1.6208370000000003,0.044303720000000005,0.6968148000000001,1.8162810000000002e-05,3.5194423999999994e-06,3.6701613999999998e-06,4.415588000000001e-06,6.168984e-06,8.030109e-06,1.2738797e-05,2.6351960000000002e-05,0.6304754,0.15023356999999998,0.0001526418,86.20546,68.55692,5.183918e-05,6.470117,0.01906913,16.5363,0.0017374508799999997,0.000158616323,0.03666092,55.724070000000005,0.0017374508799999997,0.000158616323,0.005857381,35.376827000000006,0.0017374508799999997,0.000158616323,0.0030128169999999997,35.601369999999996,0.0017374508799999997,0.000158616323,0.0038985310000000002,2.7248069999999997e-06,1.7731090000000003e-05,-0.009257699999999999,8.216046799999999,0.012352567,-0.001149095,-0.0018883080000000004,1.0347189e-06,1.3432108000000002e-05
73,1608855000,1.694456,1.694471,0.0037605192000000004,-1.492933,2.1604409999999996,1.200609,1.8975950000000001,1.6887899999999998,0.05076445,0.7683909000000001,1.883625e-05,4.4135989e-06,4.5239462e-06,5.2396689e-06,7.015036700000001e-06,8.6678412e-06,1.3166130400000001e-05,2.6356175999999998e-05,0.6906410000000001,0.1563912,0.00012209116999999998,90.43511000000001,68.75552,5.6281690000000006e-05,6.258503,0.02011976,18.010300000000004,0.0030877096799999996,0.000282360702,0.03842505,61.178160000000005,0.0030877096799999996,0.000282360702,0.006568004999999999,60.716348,0.0030877096799999996,0.000282360702,0.0037511339999999997,61.51660499999999,0.0030877096799999996,0.000282360702,0.003907188,3.27903e-06,1.827695e-05,0.016173403,9.9686242,0.014141884999999998,-0.000941953,-0.0016942519999999998,1.1822715000000003e-06,1.5432927e-05
73,1608855600,1.2297525,1.2297696000000002,0.011591339000000003,-0.7659503000000001,2.1695529999999996,0.9089713000000001,1.8719439999999998,1.604374,0.061171529999999995,0.5950074999999999,1.6256629999999998e-05,1.3423351000000001e-06,1.4263023e-06,1.8454043e-06,2.9343298e-06,3.915814299999999e-06,6.6541823e-06,1.5163478999999997e-05,0.47188670000000005,0.14283569999999998,0.00012005272999999999,92.01173000000001,74.40125,4.082752e-05,6.188878000000001,0.015955749999999998,13.121113,0.004358095500000001,0.000398867973,0.031396480000000004,41.828089999999996,0.004358095500000001,0.000398867973,0.006991453,75.605279,0.004358095500000001,0.000398867973,0.004045807,77.306428,0.004358095500000001,0.000398867973,0.003913698,2.9432860000000003e-06,1.794764e-05,0.266487007,21.373489999999997,0.020305694,-0.0012041474999999998,-0.0019698669999999997,1.4293548000000002e-06,1.788189e-05
73,1608856200,2.5632639999999998,2.5632790000000005,0.0065771250000000005,-1.1325114,2.7890349999999997,1.4030259999999999,2.560916,2.2726819999999996,0.05733146,1.1229833999999999,2.346233e-05,9.1583509e-06,9.499444e-06,1.10738851e-05,1.4395492000000003e-05,1.8444392e-05,2.7761585499999992e-05,5.3969871999999996e-05,1.1327706000000002,0.14853149999999998,0.00017759805,82.20252,61.92292,8.510410000000001e-05,6.291151,0.023460599999999998,26.684319999999996,0.00386866373,0.00035383864299999996,0.048925939999999994,99.10405,0.00386866373,0.00035383864299999996,0.007050183999999999,71.855872,0.00386866373,0.00035383864299999996,0.004395153000000001,73.13450200000001,0.00386866373,0.00035383864299999996,0.003997228,4.619853e-06,1.986452e-05,-0.0065008835000000004,5.0467132,0.012807756999999998,-0.00031651564999999997,-0.0013624785,1.2372154e-06,1.5701205999999998e-05
73,1608856800,1.9375820000000001,1.937595,0.00255568944,-1.410276,2.409525,1.2743639999999998,2.054125,1.819631,0.05580011,0.8657324,1.640314e-05,1.4667943999999999e-06,1.36132184e-06,1.8062593999999999e-06,3.086603199999999e-06,3.7589892e-06,6.270651e-06,1.3739614999999999e-05,0.7738616,0.19474750000000002,0.00014804899999999998,94.61337,70.34742,6.43989e-05,5.948653999999999,0.021252909999999996,20.66369,0.0055876961,0.00051149071,0.04065631,68.38983,0.0055876961,0.00051149071,0.007042741000000001,95.98633600000001,0.0055876961,0.00051149071,0.004277716,98.371719,0.0055876961,0.00051149071,0.0039821990000000005,5.301563000000001e-06,2.0603280000000002e-05,-0.6259710926999998,89.45500380000001,0.028314959999999993,-0.0006511783,-0.0014990659999999999,7.680162999999999e-06,8.513335700000001e-05
73,1608857400,1.70039,1.700404,0.0008833364,-1.5075040000000002,2.097253,1.19825,1.858819,1.6553369999999998,0.05575138,0.7638252999999999,1.649511e-05,1.7379146e-06,1.7481338600000003e-06,2.3074701e-06,3.6687088e-06,4.9300467e-06,8.6546919e-06,1.9617495e-05,0.6580642,0.19191160000000002,0.00017497235,91.92022999999999,73.50935000000001,5.6476750000000004e-05,5.911882,0.02032339,18.03802,0.0030935309800000006,0.00028290300000000004,0.03727980000000001,58.17932,0.0030935309800000006,0.00028290300000000004,0.005864055,50.509913,0.0030935309800000006,0.00028290300000000004,0.003021739,51.58366959999999,0.0030935309800000006,0.00028290300000000004,0.0039299090000000005,3.178549e-06,1.838467e-05,0.027989244999999996,1.5497335,0.007768103,-0.0008879322,-0.0016529790000000002,8.066116e-07,1.0528902e-05
73,1608858000,2.5654550000000005,2.565471,0.002537465,-1.539811,2.5392390000000002,1.471449,2.258845,2.011824,0.08083413,1.1429052,2.007821e-05,5.411383899999999e-06,5.3959806000000004e-06,6.412543399999999e-06,9.0153053e-06,1.12911945e-05,1.7414606e-05,3.6226285e-05,1.0913096000000002,0.1911213,0.00019982299,84.28331,66.13453000000001,8.525318e-05,6.148545,0.0247832,27.17136,0.0021570950000000004,0.00019696037000000002,0.04778976,96.56634,0.0021570950000000004,0.00019696037000000002,0.006099681,41.211208,0.0021570950000000004,0.00019696037000000002,0.003399399,41.601819000000006,0.0021570950000000004,0.00019696037000000002,0.003983359,4.820296e-06,2.003346e-05,0.014036990000000003,6.2701249,0.017010972999999995,-0.00028604608000000004,-0.0011639493000000002,1.3872264e-06,1.79755e-05
73,1608858600,2.939263,2.939276,0.004165019,-1.431376,2.855449,1.560804,2.547154,2.264882,0.060969550000000004,1.2854949999999998,2.110017e-05,6.8292635e-06,6.9710331e-06,8.1422744e-06,1.09747361e-05,1.33901424e-05,2.00968234e-05,4.048044e-05,1.2761795,0.1931455,0.00019424689,86.21189,64.15606,9.767748e-05,5.998073999999999,0.025733819999999998,30.46515,0.00430353926,0.00039374412499999995,0.051423079999999996,111.27125000000001,0.00430353926,0.00039374412499999995,0.006630767,75.52026799999999,0.00430353926,0.00039374412499999995,0.004056242,77.00828400000002,0.00430353926,0.00039374412499999995,0.003971914,5.074162000000001e-06,2.0035509999999995e-05,-0.0098887094,4.026085500000001,0.012660487999999998,-0.00015179354999999997,-0.0010988810000000001,9.956427000000001e-07,1.3578269000000002e-05
73,1608859200,4.389222999999999,4.389238,0.003070654,-1.5503399999999998,3.3090650000000004,1.938243,3.0282910000000003,2.7354849999999997,0.08517343,1.8957570000000001,2.207924e-05,8.166914999999999e-06,8.222725800000001e-06,9.8943812e-06,1.4247077000000002e-05,1.7917038000000002e-05,2.8178861e-05,6.0719529999999996e-05,2.002961,0.1911757,0.00032210499999999994,78.81504,58.834379999999996,0.00014586350000000002,6.127383,0.03250203,46.30621000000001,0.005082146510000001,0.000464930902,0.06548803,176.9092,0.005082146510000001,0.000464930902,0.007722485999999999,101.732924,0.005082146510000001,0.000464930902,0.0051852669999999995,103.165104,0.005082146510000001,0.000464930902,0.004080831,6.881264000000001e-06,2.206689e-05,-0.002643280000000002,1.3419533000000001,0.011384419000000002,0.000540916,-0.0005353132000000001,1.0686464e-06,1.47733e-05
73,1608859800,5.035617,5.035631,0.0029215629999999994,-1.582606,3.5030569999999996,2.0865680000000006,3.222698,2.9168749999999997,0.06667301,2.126888,1.9439379999999998e-05,5.4225026e-06,5.07040078e-06,6.3260578000000005e-06,1.0347627e-05,1.2458215400000001e-05,2.10469143e-05,4.8313931e-05,2.294348,0.2230222,0.00032376500000000006,82.20544,58.89627,0.0001674434,5.718670000000001,0.034983639999999996,52.99409999999999,0.00622084,0.0005692083,0.07022291,202.56930000000003,0.00622084,0.0005692083,0.008466876,124.71366999999998,0.00622084,0.0005692083,0.005933568,126.72182000000001,0.00622084,0.0005692083,0.004143915,7.829536e-06,2.3129700000000003e-05,0.009041500000000003,0.32807837,0.009113026,0.0008389377,-0.00027726179999999995,8.622781e-07,1.2174040000000002e-05
73,1608860400,4.539659,4.5396719999999995,0.0022301929999999997,-1.624173,3.2815760000000003,1.9830209999999997,2.973654,2.7001939999999998,0.10797735,2.0296910000000006,2.356491e-05,9.345542e-06,9.3480507e-06,1.1069304599999998e-05,1.545145e-05,1.89707481e-05,2.9028845000000002e-05,6.0269757999999995e-05,2.06165,0.2077079,0.00031025700000000003,83.29044,59.34652,0.000150872,6.224192,0.03326276,47.400729999999996,0.0027221497,0.000248668786,0.06620866,180.92770000000002,0.0027221497,0.000248668786,0.006600938000000001,57.626638,0.0027221497,0.000248668786,0.004022171000000001,58.110148,0.0027221497,0.000248668786,0.004144251,7.449599000000001e-06,2.3017259999999998e-05,0.023989860000000002,1.6683961,0.014603014000000001,0.0006292003,-0.000437937595,1.1807173e-06,1.59437e-05
73,1608861000,4.085756000000001,4.085770999999999,0.0004211514999999999,-1.663115,3.0233790000000003,1.888875,2.7186460000000006,2.485876,0.13627677,1.8816490000000001,1.9245029999999998e-05,4.5449637000000006e-06,4.3465793e-06,5.4720321e-06,8.762924e-06,1.0663173799999999e-05,1.8011413e-05,4.218887599999999e-05,1.8401219999999998,0.20235179999999997,0.0003054515,84.95434,60.30909999999999,0.00013583920000000003,6.066184,0.031750730000000005,42.04493,0.00408222917,0.00037337458,0.062124650000000003,159.91659999999996,0.00408222917,0.00037337458,0.007508930999999999,92.045245,0.00408222917,0.00037337458,0.004901709,92.85368899999999,0.00408222917,0.00037337458,0.004109875000000001,6.723441e-06,2.231254e-05,0.0006767095000000001,1.9732141200000002,0.015715995,0.0004377504,-0.00060015706,1.2786382e-06,1.7158750000000002e-05
73,1608861600,5.127229,5.127245,0.0008602396299999999,-1.711744,3.2935760000000003,2.125121,3.002453,2.743096,0.09393245,2.229694,2.1677609999999998e-05,7.512267e-06,7.3170793000000005e-06,8.8653677e-06,1.3289168999999998e-05,1.6297147e-05,2.6344994e-05,5.691022e-05,2.349275,0.2138169,0.0003767223,83.89332,58.66655999999999,0.00017043910000000002,6.216946,0.035573740000000006,52.68159000000001,0.0037995775999999995,0.0003473841290000001,0.07026023,204.22319999999996,0.0037995775999999995,0.0003473841290000001,0.0074451610000000005,82.591554,0.0037995775999999995,0.0003473841290000001,0.004859471000000001,83.20064800000002,0.0037995775999999995,0.0003473841290000001,0.004182213,8.096341999999999e-06,2.369431e-05,-0.027355471,3.640096109999999,0.013600421999999997,0.0008913994,-0.00022263124,1.1624977e-06,1.57286e-05
73,1608862200,7.1656390000000005,7.165652,0.00020458996099999996,-1.7339119999999997,3.701213,2.5182059999999997,3.464244,3.218085,0.06630793,3.0227180000000002,4.114713e-05,2.8074300000000003e-05,2.92523424e-05,3.40831659e-05,4.4371349999999997e-05,5.659517400000002e-05,8.513961599999999e-05,0.00016686209,3.379416,0.20236559999999998,0.000567229,74.06418,55.78605,0.0002380528,6.288088,0.042433979999999996,73.98883,0.00420868695,0.00038510293299999997,0.08463476,294.94220000000007,0.00420868695,0.00038510293299999997,0.008241833,121.049953,0.00420868695,0.00038510293299999997,0.005607798,120.72609499999999,0.00420868695,0.00038510293299999997,0.004347246,1.0853582e-05,2.640391e-05,-0.012411903,-0.06006374,0.00871293,0.001772517,0.00045765789999999997,9.431496000000001e-07,1.3722310000000001e-05
73,1608862800,7.400908000000001,7.400921999999999,-0.00020785274000000004,-1.73982,3.7218410000000004,2.562355,3.4421559999999998,3.2495490000000005,0.15836805,3.169685,2.520317e-05,1.1942511999999999e-05,1.14859107e-05,1.3727801199999999e-05,2.0196848e-05,2.4809185e-05,3.9225386e-05,8.505524e-05,3.50805,0.1917065,0.0004806162,78.01414999999999,55.23576999999999,0.0002461294,6.162816000000001,0.043319100000000006,76.30069,0.007064761960000001,0.000646470225,0.08630887000000001,305.82520000000005,0.007064761960000001,0.000646470225,0.008700595,140.736,0.007064761960000001,0.000646470225,0.00607313,142.73308,0.007064761960000001,0.000646470225,0.004381637000000001,1.1233109999999998e-05,2.68554e-05,-0.0033658589999999997,0.89087296,0.015161530000000001,0.001865303,0.0005358409000000001,1.4685691999999999e-06,2.079137e-05
73,1608863400,7.348120999999999,7.3481380000000005,-0.0010036582999999998,-1.7379189999999998,3.664312,2.5502490000000004,3.4159420000000003,3.2485,0.13798716000000003,3.128284,3.166064e-05,1.8037823999999998e-05,1.813886e-05,2.1560984000000002e-05,2.9877961e-05,3.7988461e-05,5.8920682e-05,0.00012347809,3.5077890000000003,0.16537259999999998,0.0005760417,73.41308,54.5471,0.0002442325,6.3397570000000005,0.043583199999999996,77.08268,0.007496086010000002,0.0006859413999999999,0.08667923999999999,308.77320000000003,0.007496086010000002,0.0006859413999999999,0.008642701000000001,146.29521899999997,0.007496086010000002,0.0006859413999999999,0.0059787090000000005,148.56926700000002,0.007496086010000002,0.0006859413999999999,0.004382381,1.119262e-05,2.6844659999999998e-05,0.0005707540000000004,0.47440285,0.013912923999999998,0.0018732960000000004,0.0005263875000000001,1.1707251e-06,1.705536e-05
73,1608864000,7.333435,7.333447000000001,0.00040436813,-1.7043780000000002,3.787729,2.532552,3.5020070000000003,3.318963,0.10788595999999999,3.14562,3.2354379999999995e-05,1.8969367e-05,1.92979271e-05,2.3034745e-05,3.1645749e-05,3.9894416999999995e-05,6.278122700000001e-05,0.00012878704,3.535201,0.13057172,0.000601575,72.44942999999999,53.595510000000004,0.0002437391,6.324568999999999,0.04333279,77.15428,0.004363253450000001,0.00039873172900000006,0.08713364999999999,311.9607,0.004363253450000001,0.00039873172900000006,0.008434153,111.72661000000001,0.004363253450000001,0.00039873172900000006,0.005773022000000001,111.92691199999999,0.004363253450000001,0.00039873172900000006,0.004414239,1.156575e-05,2.733482e-05,0.0017210703,0.41831542999999993,0.014644899,0.001940798,0.0005421381,1.2282158e-06,1.757823e-05
73,1608864600,6.847009,6.847026,0.00102154109,-1.716196,3.592645,2.4511849999999997,3.376117,3.176984,0.09363635000000001,2.906393,2.9160079999999997e-05,1.6044427e-05,1.58751985e-05,1.8560650999999996e-05,2.5657177e-05,3.1272169000000004e-05,4.6987774e-05,9.802357999999999e-05,3.292098,0.1305554,0.0005827286000000001,76.82015,53.92066,0.0002276545,6.098477,0.0421384,73.08831,0.007811467520000001,0.0007149216949999999,0.08423112000000002,292.37109999999996,0.007811467520000001,0.0007149216949999999,0.008696838000000002,149.572837,0.007811467520000001,0.0007149216949999999,0.0060783370000000005,151.97682400000002,0.007811467520000001,0.0007149216949999999,0.004399371,1.3019526e-05,2.8672050000000003e-05,0.6356780700000002,52.090410240000004,0.029960163,0.0018414960000000002,0.00048219046,4.7922849e-06,4.8034389999999995e-05
73,1608865200,5.301751,5.301764,0.00124047391,-1.7053550000000002,3.317537,2.15975,3.0482430000000003,2.819673,0.10478638,2.2580739999999997,2.311971e-05,9.056874e-06,9.761757200000001e-06,1.19779016e-05,1.8519175999999998e-05,2.4446813e-05,4.1323962e-05,9.119981000000001e-05,2.491284,0.15872690000000003,0.0006460845,77.56697999999999,56.04551,0.0001761223,6.389121,0.03695062,56.76206,0.00290307977,0.00026518384999999996,0.07337949,222.02530000000002,0.00290307977,0.00026518384999999996,0.007386739000000001,73.326033,0.00290307977,0.00026518384999999996,0.004765823,73.300239,0.00290307977,0.00026518384999999996,0.004294936000000001,1.0131112000000001e-05,2.571849e-05,-0.0011591200000000007,0.5246771000000001,0.012574681,0.0013931761000000001,0.00016497220999999997,1.2359859000000002e-06,1.668486e-05
73,1608865800,7.484585000000001,7.484602000000001,0.0009972374000000001,-1.6833369999999999,3.864868,2.552634,3.603185,3.390104,0.09794282,3.193935,2.7496580000000002e-05,1.3613451000000002e-05,1.3459639999999998e-05,1.5944412e-05,2.3143667e-05,2.7425075999999997e-05,4.258104e-05,8.848857e-05,3.5993649999999997,0.142207,0.00048609380000000005,74.43520000000001,53.8404,0.0002490292,5.967963999999999,0.04416716,81.16859000000001,0.005285651180000001,0.000483333112,0.08850249,322.8081,0.005285651180000001,0.000483333112,0.008546274000000001,117.16164799999999,0.005285651180000001,0.000483333112,0.005870399,117.91226000000002,0.005285651180000001,0.000483333112,0.004519121999999999,1.335434e-05,2.919528e-05,0.007505542000000001,0.8260098000000001,0.016550928,0.0022336469999999996,0.0007039404,2.153994e-06,2.1195770000000003e-05
73,1608866400,6.570081999999999,6.570098999999999,0.0004381813,-1.7262799999999998,3.616648,2.4095489999999997,3.312099,3.092044,0.10841193,2.793983,2.228991e-05,8.324927000000003e-06,8.1184729e-06,9.895198e-06,1.5541765000000002e-05,1.9659041500000003e-05,3.2734365e-05,7.498284e-05,3.1194469999999996,0.1649207,0.0004973724,76.60237000000001,55.14984,0.0002184618,5.99296,0.04099293,69.08158,0.007455047109999999,0.000682252687,0.08172255,275.0703,0.007455047109999999,0.000682252687,0.008733715,147.60311,0.007455047109999999,0.000682252687,0.006099454,149.75907999999998,0.007455047109999999,0.000682252687,0.004341836999999999,1.0342995e-05,2.615211e-05,0.008790695,0.428738184,0.012191205,0.0015804220000000002,0.00027861155000000003,1.0986141e-06,1.635376e-05
73,1608867000,4.570377000000001,4.570393,0.0048606803,-1.4704039999999998,3.460794,1.948741,3.0894570000000003,2.8286740000000004,0.13392919,2.083989,2.138601e-05,7.136330000000001e-06,6.9187792000000005e-06,8.3757621e-06,1.2461276999999997e-05,1.56919767e-05,2.5121045000000002e-05,5.3580195000000005e-05,2.1171800000000003,0.1674379,0.00043610480000000004,78.63347,57.758810000000004,0.00015194390000000001,6.055714,0.03259015,47.682680000000005,0.006131906469999999,0.000561199015,0.06671129,185.60309999999998,0.006131906469999999,0.000561199015,0.008117159999999998,120.457413,0.006131906469999999,0.000561199015,0.0055208620000000005,122.08490099999999,0.006131906469999999,0.000561199015,0.004165238,7.739937999999999e-06,2.325487e-05,-0.013905220000000001,2.5539628399999996,0.015725728,0.0007335114,-0.00045128299899999997,1.2837042999999998e-06,1.764911e-05
73,1608867600,5.215209,5.215227,0.004182124,-1.547193,3.561222,2.1022899999999995,3.280525,3.002828,0.08028649000000002,2.238981,1.86998e-05,4.592076e-06,4.5587507e-06,6.5977777e-06,1.1982795999999999e-05,1.7360090000000003e-05,3.1287733e-05,7.755837e-05,2.430513,0.17627769999999998,0.0006568672000000001,79.51392000000001,57.06635,0.000173239,6.448882,0.03493336,53.64928000000001,0.0027785447000000002,0.00025377265900000006,0.07151165,211.6616,0.0027785447000000002,0.00025377265900000006,0.007355500999999999,65.394236,0.0027785447000000002,0.00025377265900000006,0.004772142000000001,65.60178099999999,0.0027785447000000002,0.00025377265900000006,0.004214126,8.714243999999999e-06,2.424958e-05,-0.008600863249999998,0.44851205999999993,0.009304716000000001,0.0010303371000000001,-0.00018802440000000002,9.225061000000001e-07,1.304604e-05
73,1608868200,6.09099,6.091006999999999,0.0034899639999999995,-1.5141889999999998,3.85523,2.25321,3.5307690000000003,3.2856989999999997,0.1170395,2.6650359999999997,3.0054529999999997e-05,1.6415703e-05,1.660881208e-05,1.92655621e-05,2.6519046999999997e-05,3.33201833e-05,4.9701466e-05,0.00010096616,2.914349,0.13042087,0.0004474789999999999,71.94927,54.50661,0.00020250710000000002,6.040649,0.037839,62.701429999999995,0.0024680685,0.00022508298,0.07846904000000002,253.9018,0.0024680685,0.00022508298,0.007440657999999998,62.939600000000006,0.0024680685,0.00022508298,0.004809514,62.65373000000001,0.0024680685,0.00022508298,0.004312491999999999,1.0115423000000001e-05,2.5782369999999997e-05,0.009180823299999998,1.0291529,0.015274035,0.0014192080000000001,6.948487e-05,1.2660022e-06,1.795546e-05
73,1608868800,4.720201,4.720218000000001,0.0030008781,-1.5993789999999999,3.228025,1.9882369999999998,2.933001,2.72847,0.21317235,2.182622,1.913783e-05,5.002013e-06,4.559689899999999e-06,6.0012192000000004e-06,9.950897000000002e-06,1.2922336900000003e-05,2.21385297e-05,5.2391380000000007e-05,2.319488,0.04008942,0.00040646449999999994,71.64649999999999,51.7469,0.0001569973,5.9651,0.034073400000000004,49.07382,0.005860742149999999,0.0005362699280000001,0.06992913,203.47809999999998,0.005860742149999999,0.0005362699280000001,0.008131844000000001,112.91288999999999,0.005860742149999999,0.0005362699280000001,0.005488939,114.62754,0.005860742149999999,0.0005362699280000001,0.004196505,7.990009e-06,2.372825e-05,-0.00123248,2.37209812,0.016036194,0.00080597589,-0.0003932334399999999,1.3723035e-06,1.8412205e-05
73,1608869400,3.7212400000000003,3.7212539999999996,0.004484998,-1.6150870000000002,2.843448,1.770131,2.594105,2.451975,0.09086604,1.6355429999999997,1.8050050000000002e-05,3.513971e-06,3.404477e-06,4.8722712e-06,8.897592e-06,1.2362140000000001e-05,2.2642226000000003e-05,5.4161139999999995e-05,1.825123,0.03491785,0.0004663308,71.09882,52.01469000000001,0.00012368533000000002,6.361023,0.03014246,38.440540000000006,0.0023269504899999997,0.00021247135800000003,0.061971240000000004,159.4079,0.0023269504899999997,0.00021247135800000003,0.0069166950000000005,58.24515,0.0023269504899999997,0.00021247135800000003,0.004268097,58.086064,0.0023269504899999997,0.00021247135800000003,0.004092598,6.4655109999999994e-06,2.198878e-05,-0.0010040674,1.9909171999999997,0.012119418,0.00034894453000000006,-0.0007135590800000001,1.1203878e-06,1.4527e-05
73,1608870000,4.162837,4.162853,0.005278395,-1.5750769999999998,3.0859669999999997,1.874367,2.8203109999999993,2.6495319999999998,0.13133066000000002,1.8723780000000005,2.0735659999999996e-05,6.442682e-06,6.4860305999999994e-06,8.256703100000002e-06,1.2852422999999999e-05,1.69053487e-05,2.9267075e-05,6.573889700000001e-05,2.0223489999999997,0.05843994,0.00047860810000000003,72.33774,52.93691,0.0001383519,6.204168999999999,0.03214265,44.23442,0.00231275806,0.00021108118600000002,0.06583072999999999,179.1799,0.00231275806,0.00021108118600000002,0.006916818999999999,56.269181,0.00231275806,0.00021108118600000002,0.004270328000000001,56.165670999999996,0.00231275806,0.00021108118600000002,0.004123681999999999,6.926138e-06,2.250698e-05,-0.03580854,4.5569524,0.018898212,0.00051128939,-0.0006305912,1.7708202e-06,2.4178389999999998e-05
73,1608870600,3.6274669999999993,3.627484,0.0008715670000000002,-1.582926,2.835273,1.7451059999999998,2.597703,2.442074,0.08669619999999999,1.581422,2.0248060000000004e-05,6.055904e-06,5.8909323000000005e-06,7.0648422999999985e-06,1.0375703000000001e-05,1.26614343e-05,2.022787e-05,4.3376723000000004e-05,1.7690009999999998,0.04429301000000001,0.00032937920000000005,72.02407000000001,52.62025,0.00012065476000000001,5.984362,0.030025080000000003,38.53351,0.00361610449,0.000330577515,0.06145144,156.72039999999998,0.00361610449,0.000330577515,0.006996725,69.74264000000001,0.00361610449,0.000330577515,0.004370811,70.680611,0.00361610449,0.000330577515,0.004062243,6.12136e-06,2.1471490000000002e-05,0.021570199,0.9459572000000002,0.010939817000000001,0.00029167424000000003,-0.0007641183,9.439995999999998e-07,1.3356639999999998e-05
73,1608871200,3.7526799999999993,3.7526939999999995,0.007475578000000001,-1.485581,3.085781,1.760503,2.822449,2.58308,0.08122842,1.6409639999999996,2.550898e-05,1.1619129999999999e-05,1.1820935899999997e-05,1.36632163e-05,1.8128502e-05,2.2257713700000002e-05,3.3857499e-05,6.402726499999999e-05,1.7886320000000002,0.08715811,0.00036052839999999996,74.65406,54.64516999999999,0.00012474300999999998,5.975187,0.029773110000000002,39.390499999999996,0.00308810516,0.000282220391,0.06167475,157.4501,0.00308810516,0.000282220391,0.007175727,66.501273,0.00308810516,0.000282220391,0.004586855,66.88429500000001,0.00308810516,0.000282220391,0.004080099,6.984985000000001e-06,2.220319e-05,-0.27519087940000003,11.4969403,0.017786901,0.00040912450000000003,-0.000675713,2.1226404999999998e-06,2.5793012999999997e-05
73,1608871800,4.383314999999999,4.383329,0.01164737,-1.426278,3.416917,1.893913,3.0970329999999997,2.8545109999999996,0.09818339,1.968523,2.028865e-05,6.068144999999999e-06,5.8890696e-06,7.280886300000001e-06,1.1270777999999999e-05,1.434412e-05,2.3184577000000005e-05,5.204663999999999e-05,2.095611,0.09542894000000002,0.0004910432,76.72497,54.43137,0.000145729,6.186922,0.032264430000000004,46.52709,0.00578566755,0.0005294063720000001,0.06710913,185.6488,0.00578566755,0.0005294063720000001,0.008040707,110.32345000000001,0.00578566755,0.0005294063720000001,0.005471571,112.38179,0.00578566755,0.0005294063720000001,0.004117784,7.429734999999999e-06,2.2664400000000003e-05,0.016067290000000005,1.8548219,0.012913664,0.0006599836,-0.0005080759,1.1493856e-06,1.6296139999999997e-05
73,1608872400,5.429288000000001,5.429302,0.009664345999999999,-1.471729,3.634386,2.111772,3.3880429999999997,3.164535,0.07440595,2.340157,2.7892789999999998e-05,1.4487753999999998e-05,1.4575187400000002e-05,1.7335751e-05,2.3985328000000002e-05,3.0501670999999994e-05,4.7241583e-05,9.578266e-05,2.6378929999999996,0.07596488,0.0005303988,69.87789000000001,52.82649,0.0001805157,6.252654,0.036362799999999994,57.980320000000006,0.0042104259,0.00038486478999999994,0.07549143999999999,234.45459999999994,0.0042104259,0.00038486478999999994,0.008036999999999999,91.13348999999998,0.0042104259,0.00038486478999999994,0.005449706,91.75815,0.0042104259,0.00038486478999999994,0.0042229929999999995,9.161628e-06,2.452161e-05,0.0023733179999999993,1.8550795999999998,0.014317388000000004,0.0011965964,-0.00011021972999999999,1.3617135e-06,1.8656240000000002e-05
73,1608873000,5.146655555555555,5.146673333333334,0.00813184111111111,-1.439612222222222,3.581233333333333,2.0479522222222224,3.3308099999999996,3.1079288888888885,0.0653454,2.227163333333333,1.9219388888888885e-05,5.510206666666666e-06,5.4179845444444444e-06,7.449947222222221e-06,1.2851307777777776e-05,1.71986e-05,3.0491641222222218e-05,7.140085666666667e-05,2.4925388888888893,0.08004520000000001,0.0005900454444444444,72.95922222222221,53.15651111111111,0.00017106044444444444,5.922572222222223,0.034818944444444444,53.52397777777779,0.009634193333333334,0.000882042222222222,0.07296984444444445,218.4032222222222,0.009634193333333334,0.000882042222222222,0.009400174444444446,170.87571111111112,0.009634193333333334,0.000882042222222222,0.006857401111111111,174.9111777777778,0.009634193333333334,0.000882042222222222,0.004214387777777778,9.023093333333334e-06,2.4350355555555554e-05,0.011022046666666667,1.0100584444444445,0.011905538888888888,0.0011408176666666667,-0.00016590552222222222,1.2248525555555556e-06,1.6518311111111113e-05
73,1608873600,4.233046,4.233061999999999,0.006598524999999999,-1.491582,3.2802990000000003,1.8728310000000001,2.939639,2.719096,0.11387401,1.921414,2.4005959999999997e-05,9.851239e-06,1.0003229699999998e-05,1.19165984e-05,1.6592267e-05,2.0800004e-05,3.1691993e-05,6.561157e-05,2.028875,0.08711584000000001,0.00035627970000000006,73.96952999999999,54.110260000000004,0.000140738,6.1657910000000005,0.0320087,44.78183,0.0039791727,0.00036378768999999997,0.06603055,179.473,0.0039791727,0.00036378768999999997,0.007378095999999999,78.93251000000001,0.0039791727,0.00036378768999999997,0.004814369,79.90326,0.0039791727,0.00036378768999999997,0.004135710000000001,7.896085999999999e-06,2.314548e-05,0.03670242,3.3182045000000002,0.019093643,0.0007407637,-0.00041533590000000006,1.5055131000000001e-06,1.982653e-05
73,1608874200,4.879595,4.879607,0.009422895999999998,-1.4825110000000001,3.436569,1.995889,3.1718830000000002,2.953214,0.15694922000000003,2.1689929999999995,2.164219e-05,7.952954e-06,7.8219651e-06,9.775574299999999e-06,1.4548648000000001e-05,1.8288961700000002e-05,2.953752e-05,6.5600032e-05,2.388248,0.05096109,0.0004283036,72.64903000000001,52.145860000000006,0.0001622653,5.921403,0.03430777,51.24964,0.002915077,0.00026617792,0.07140682000000001,210.4505,0.002915077,0.00026617792,0.007748452,73.03683000000001,0.002915077,0.00026617792,0.005159917,72.89676,0.002915077,0.00026617792,0.004153411,8.215072999999998e-06,2.3394140000000003e-05,0.002731989999999999,1.5771935999999998,0.015215145,0.0009581125,-0.0003067004,1.2885935000000002e-06,1.756645e-05
73,1608874800,4.843441,4.843456,0.00985625,-1.454072,3.435181,1.986243,3.1888360000000002,2.97564,0.09927711,2.1319000000000004,2.043884e-05,6.822710000000001e-06,6.464086899999999e-06,7.9310059e-06,1.2171133e-05,1.4928991499999999e-05,2.3518502700000002e-05,5.1968784999999995e-05,2.361535,0.05968407,0.0003731623,73.4034,52.51976,0.0001611126,5.858326,0.03385937,50.11849,0.0055892337,0.00051129487,0.0708851,206.55059999999997,0.0055892337,0.00051129487,0.008339814000000001,111.95075000000001,0.0055892337,0.00051129487,0.00579441,113.69066000000001,0.0055892337,0.00051129487,0.004153947,8.353958e-06,2.3470009999999998e-05,-0.0095732,2.1435470000000003,0.014430731999999998,0.0009807481,-0.00029944009999999997,1.1585799999999999e-06,1.625878e-05
73,1608875400,3.822851,3.822867,0.013546292000000001,-1.2605425000000001,3.285212,1.7161459999999997,2.962628,2.7210080000000003,0.11347038000000001,1.7135500000000001,1.8654010000000002e-05,4.4975749e-06,4.3274668e-06,5.736346399999999e-06,9.258812e-06,1.2431455799999998e-05,2.09828252e-05,4.9099967000000004e-05,1.816027,0.09483946,0.00044768389999999997,78.13825,55.560080000000006,0.00012705124,6.014754000000001,0.02928575,40.144420000000004,0.00649789523,0.00059473003,0.061624319999999996,159.88085999999998,0.00649789523,0.00059473003,0.007990935999999999,117.48857000000001,0.00649789523,0.00059473003,0.005408415,119.78545000000001,0.00649789523,0.00059473003,0.0041046730000000005,6.976086e-06,2.225812e-05,0.034068241,3.4463071000000007,0.01614784,0.00047271851,-0.0006928907800000001,1.2437181e-06,1.7194570000000004e-05
73,1608876000,3.478344,3.478358,0.008610597000000001,-1.455989,2.9904550000000003,1.6986059999999998,2.767884,2.5341009999999997,0.05803583,1.4820280000000001,2.063825e-05,6.5554906e-06,6.6688145e-06,8.3993178e-06,1.2483243e-05,1.64614281e-05,2.73343664e-05,5.8420108e-05,1.6250250000000002,0.1135823,0.0004235343,77.69401,56.66844999999999,0.00011557135,6.31203,0.02863776,36.71366999999999,0.00564078962,0.0005162878060000001,0.05902364,143.52070000000003,0.00564078962,0.0005162878060000001,0.007595826,101.62424200000001,0.00564078962,0.0005162878060000001,0.005021743,103.592627,0.00564078962,0.0005162878060000001,0.004060187000000001,6.482156999999999e-06,2.1712429999999998e-05,-0.008271872999999999,1.30128859,0.010463644,0.0003479583,-0.0007127389000000001,1.0711785000000002e-06,1.448012e-05
73,1608876600,3.502324,3.5023400000000002,0.007265911,-1.4730699999999999,3.030881,1.7101089999999999,2.766346,2.5068010000000003,0.08424924,1.535068,2.5577599999999997e-05,1.173134e-05,1.20823324e-05,1.4256204e-05,1.8953772999999997e-05,2.4051141e-05,3.6805814999999993e-05,7.283074e-05,1.6318670000000002,0.11872369999999999,0.0003712878,75.33619,57.01800000000001,0.00011633966999999999,6.487008999999999,0.02861709,36.751039999999996,0.00223814947,0.00020441849,0.05887374000000001,143.7068,0.00223814947,0.00020441849,0.0062514829999999995,46.12414,0.00223814947,0.00020441849,0.0036250359999999994,46.292133,0.00223814947,0.00020441849,0.004046204,6.169344e-06,2.13842e-05,-0.010950225999999999,1.2834197,0.011610233000000001,0.00027799526,-0.0007979569,9.193524000000002e-07,1.2438029999999999e-05
73,1608877200,3.460648,3.4606629999999994,0.005230433,-1.497547,2.9653270000000003,1.7033049999999998,2.700645,2.4849380000000005,0.06951963000000001,1.5105899999999999,1.932614e-05,5.2988118e-06,5.940746e-06,7.381510699999999e-06,1.0440048999999999e-05,1.3442523000000003e-05,2.0704929999999998e-05,4.5242988e-05,1.634844,0.09501389,0.00035312760000000005,76.72962999999999,55.54088,0.00011502450000000001,6.0557929999999995,0.028862480000000003,36.74573,0.0025960216200000006,0.000237281076,0.059267009999999995,144.392,0.0025960216200000006,0.000237281076,0.006760671,56.13593000000001,0.0025960216200000006,0.000237281076,0.004186363,56.39347,0.0025960216200000006,0.000237281076,0.004394886,1.3193919999999999e-05,2.8358970000000002e-05,0.02973142000000001,5.030105,0.024723322000000002,0.0017115165800000002,-0.00025578206999999996,6.1930016000000006e-06,4.170961e-05
73,1608877800,3.991376,3.99139,0.003207426,-1.5372800000000002,3.1545939999999995,1.8241489999999998,2.8101849999999997,2.571641,0.12034509,1.7932090000000003,1.9620850000000004e-05,5.454037700000001e-06,5.194265399999999e-06,6.27885e-06,9.173633e-06,1.0941789000000002e-05,1.7142921e-05,3.7151132999999994e-05,1.893873,0.10146414,0.0002551214,78.37796999999999,55.25848,0.00013273988,5.872411,0.030822360000000004,41.69591,0.003840162699999999,0.000351122085,0.06315221,166.3456,0.003840162699999999,0.000351122085,0.007364542,79.85332000000001,0.003840162699999999,0.000351122085,0.004795901,80.54429,0.003840162699999999,0.000351122085,0.004079571,7.019273e-06,2.211299e-05,-0.027914969,5.24007564,0.016688898,0.00042800786,-0.0006814414,1.9125971e-06,1.875444e-05
73,1608878400,3.5119230000000003,3.51194,0.0009597068100000002,-1.6172529999999998,2.928877,1.7432839999999998,2.592041,2.354621,0.13657014,1.615353,2.539261e-05,1.1445681e-05,1.2017793999999999e-05,1.4250456000000002e-05,1.9072315e-05,2.4205268999999995e-05,3.7065909000000005e-05,7.382906999999999e-05,1.6217209999999997,0.1337349,0.0003031037,77.64617,57.82034000000001,0.00011662459999999999,6.446932000000001,0.02922866,36.6119,0.00117600208,0.000107183647,0.05853066999999999,141.96499999999997,0.00117600208,0.000107183647,0.0062220339999999996,38.68051200000001,0.00117600208,0.000107183647,0.003634043,37.902908000000004,0.00117600208,0.000107183647,0.004156918,8.418651e-06,2.3562859999999998e-05,-0.01704352,7.831976790000001,0.019867992999999997,0.000710258353,-0.0005530856,3.1915370000000002e-06,2.6378327000000002e-05
73,1608879000,3.232327,3.232343,-0.00046268104000000005,-1.456615,2.924527,1.642178,2.6589800000000006,2.4093730000000004,0.06695330000000001,1.404894,1.968144e-05,5.2979633e-06,5.147916150000001e-06,6.0487769e-06,8.650147e-06,1.0128614500000001e-05,1.57612328e-05,3.3537606e-05,1.46406,0.1518063,0.00020919289999999998,84.05139999999999,59.44906000000001,0.00010746775000000002,5.803032,0.027379300000000002,33.87926,0.0018019831,0.000164333848,0.05578734999999999,128.83400999999998,0.0018019831,0.000164333848,0.006468299999999999,40.94794,0.0018019831,0.000164333848,0.0038788070000000006,40.97122,0.0018019831,0.000164333848,0.003996689000000001,5.177121999999999e-06,2.032532e-05,0.0334677,5.698979699999999,0.014338201,-8.547186999999999e-05,-0.0010738205,1.1872070999999998e-06,1.6274721e-05
73,1608879600,4.099171,4.0991859999999996,-0.00074124857,-1.5299349999999996,3.1726710000000002,1.870513,2.95404,2.681219,0.05290277,1.7451599999999998,2.3557529999999998e-05,9.6553185e-06,9.823058709999999e-06,1.1641489499999998e-05,1.5968191e-05,1.97875844e-05,3.08862118e-05,6.2906208e-05,1.890584,0.1585309,0.0003011213,79.73785,57.7706,0.0001362448,6.046154,0.03119347,42.79624,0.00448664947,0.00041053973700000006,0.06355403,165.88549999999998,0.00448664947,0.00041053973700000006,0.00694108,82.936408,0.00448664947,0.00041053973700000006,0.004420514,84.336997,0.00448664947,0.00041053973700000006,0.004037744,6.29045e-06,2.136845e-05,0.0030764300000000002,0.41268000000000005,0.008489323000000002,0.0004140923,-0.0006744203,8.564083999999999e-07,1.124881e-05
73,1608880200,2.9267309999999993,2.9267450000000004,0.00027739055999999996,-1.590624,2.682607,1.5921990000000001,2.4289119999999995,2.1925790000000003,0.07134204000000001,1.2999500000000002,2.102841e-05,6.590977e-06,6.53432033e-06,7.6804877e-06,1.0541598000000002e-05,1.2872267199999998e-05,1.97289832e-05,3.9559422e-05,1.318928,0.1440955,0.00023149539999999997,82.1495,60.06100999999999,9.729188e-05,5.994346,0.02661343,30.712129999999995,0.0033097673500000003,0.0003026597877,0.0530107,116.08161,0.0033097673500000003,0.0003026597877,0.006583517,67.682941,0.0033097673500000003,0.0003026597877,0.003946151,68.08679800000002,0.0033097673500000003,0.0003026597877,0.003977667,4.662262e-06,1.992206e-05,0.024789943000000002,0.65646502,0.007522362,-0.00022578619999999997,-0.0011075659,7.702436000000001e-07,1.1232851000000001e-05
73,1608880800,3.056302,3.056318,6.436220000000002e-05,-1.6163519999999998,2.704883,1.6115590000000002,2.405136,2.200229,0.09529702999999999,1.4155114000000002,2.2697280000000002e-05,8.432391100000001e-06,8.5577554e-06,1.01392984e-05,1.3785897999999999e-05,1.7520449e-05,2.7320095000000003e-05,5.5560827999999995e-05,1.4126805,0.11506330000000001,0.000257931,77.02647999999999,57.93676000000001,0.00010155608000000001,6.332486,0.02714166,32.04511,0.00164120587,0.000149683005,0.05439397,124.26843000000001,0.00164120587,0.000149683005,0.0062501100000000006,43.173,0.00164120587,0.000149683005,0.003583704,42.804860500000004,0.00164120587,0.000149683005,0.00400304,5.13649e-06,2.043948e-05,0.023100616999999997,10.7382653,0.017927995999999998,-0.00017461701,-0.0010610592000000001,1.4988347999999998e-06,1.9606926e-05
73,1608881400,3.506888,3.5069030000000003,0.0005866783,-1.5717449999999997,2.88774,1.731246,2.631156,2.417361,0.09584135,1.569576,2.1092640000000005e-05,6.868782e-06,7.150516000000001e-06,9.097893e-06,1.3429030000000002e-05,1.8331442999999996e-05,3.0996648e-05,6.845731e-05,1.651405,0.10152522,0.0003540189,75.65886,55.86701000000001,0.00011645154999999998,6.467395000000001,0.02920023,36.779669999999996,0.00438549294,0.000401118079,0.05941399000000001,145.44260000000003,0.00438549294,0.000401118079,0.007441667000000001,85.43999299999999,0.00438549294,0.000401118079,0.004842511999999999,86.697415,0.00438549294,0.000401118079,0.004054108,5.926647e-06,2.133757e-05,0.018724980000000002,5.268332599999999,0.013269994999999998,0.00017897166,-0.0008552533999999999,1.2061529999999997e-06,1.6075110000000002e-05
73,1608882000,3.90872,3.908734,0.003627836,-1.499221,3.0995459999999997,1.806392,2.862087,2.632767,0.06681539,1.671049,2.5393679999999996e-05,1.1255466999999999e-05,1.15707525e-05,1.3633693e-05,1.8575732e-05,2.3640515e-05,3.6534274e-05,7.394019999999999e-05,1.847842,0.10603501,0.0002841219,76.25705,55.525819999999996,0.0001298311,6.293017,0.030412110000000003,40.80907,0.0033890670999999995,0.00030973693,0.06276714,162.4072,0.0033890670999999995,0.00030973693,0.007273877000000001,75.06349000000002,0.0033890670999999995,0.00030973693,0.004698959,75.46884,0.0033890670999999995,0.00030973693,0.004069940000000001,6.371594e-06,2.1710810000000003e-05,0.015013896700000001,2.3518524999999997,0.013281524999999999,0.0003746727,-0.0007288002999999999,1.1396618000000002e-06,1.568006e-05
73,1608882600,3.678763,3.6787780000000003,0.003942217999999999,-1.588447,2.911176,1.7630949999999999,2.696631,2.4804380000000004,0.06245084000000001,1.589514,2.4394499999999998e-05,1.0866256e-05,1.10089948e-05,1.2857332700000002e-05,1.7611599000000003e-05,2.1818393000000002e-05,3.3433968999999994e-05,6.736672500000001e-05,1.7394689999999997,0.09948762,0.00024143150000000002,76.33682,55.78818,0.00012224827,6.261009,0.02980428,38.81517,0.0020659938999999998,0.0001884832,0.06060217,153.6518,0.0020659938999999998,0.0001884832,0.006461623,44.421899,0.0020659938999999998,0.0001884832,0.003854833,44.51236,0.0020659938999999998,0.0001884832,0.0040154,5.824304e-06,2.0884469999999998e-05,0.00810182,0.299317596,0.006746248000000001,0.00022552686000000001,-0.0007841678999999999,7.994367000000001e-07,1.1448157e-05
73,1608883200,3.311186,3.3112000000000004,0.0018711090000000004,-1.6489850000000001,2.694232,1.6945260000000002,2.475826,2.2517940000000003,0.13239185000000003,1.479601,2.282394e-05,8.8647394e-06,9.0594454e-06,1.0785530200000002e-05,1.5099897999999997e-05,1.9346857999999998e-05,3.0497598000000002e-05,6.276429e-05,1.532251,0.12292100000000002,0.0002560771,77.26911,57.68912,0.00011001411,6.416970000000001,0.02874114,34.997730000000004,0.0037909311799999997,0.000346690435,0.057055919999999996,135.61439000000001,0.0037909311799999997,0.000346690435,0.006988513,77.69993600000001,0.0037909311799999997,0.000346690435,0.00438512,78.49560799999999,0.0037909311799999997,0.000346690435,0.003986152,5.3002140000000005e-06,2.040984e-05,0.016792698,5.23311612,0.016489307,7.04089e-06,-0.0009398451000000001,1.3664511e-06,1.802605e-05
73,1608883800,3.5039570000000007,3.5039700000000003,0.002855704,-1.6393900000000001,2.907314,1.747362,2.5648140000000006,2.314495,0.0872166,1.573905,1.864844e-05,4.328641e-06,4.311681800000001e-06,5.5272944e-06,9.003323000000002e-06,1.17499637e-05,2.0223887e-05,4.6692579e-05,1.589013,0.1625513,0.0003078596,81.71009999999998,59.31019,0.00011640683,6.266573,0.02957863,37.137119999999996,0.00165952517,0.000151415036,0.05837836,140.7682,0.00165952517,0.000151415036,0.006530359000000001,47.816050000000004,0.00165952517,0.000151415036,0.0038958820000000007,47.27569,0.00165952517,0.000151415036,0.004008937,5.388201000000001e-06,2.066739e-05,0.04687878399999999,6.157475,0.016580746,2.137480300000001e-05,-0.0009365576999999998,1.1848054000000002e-06,1.6706938e-05
73,1608884400,4.835098,4.835116000000001,0.00485481,-1.5717190000000003,3.390966,2.0382439999999997,3.1619079999999995,2.879823,0.07023251,2.08364,2.252279e-05,8.520977999999998e-06,8.5558742e-06,1.0409347999999998e-05,1.5254349000000001e-05,1.9312488e-05,3.1262611e-05,6.736955e-05,2.2362130000000002,0.1808339,0.0003357573,78.71333000000001,57.51077,0.0001607437,6.352026,0.03447224,51.42361000000001,0.0021600252100000003,0.00019708012100000004,0.06950678,198.5273,0.0021600252100000003,0.00019708012100000004,0.006758683999999999,51.879043,0.0021600252100000003,0.00019708012100000004,0.004195587,51.772665999999994,0.0021600252100000003,0.00019708012100000004,0.004116101,6.984278e-06,2.239136e-05,0.0005198589999999996,0.33327901000000004,0.007619537000000001,0.0006401732,-0.0004885504000000001,7.238594e-07,1.1569729999999999e-05
73,1608885000,4.052531,4.052547000000001,0.007268099,-1.500077,3.205034,1.8441409999999998,2.9499920000000004,2.6694059999999995,0.12400016,1.8125779999999998,1.977347e-05,5.494189000000001e-06,5.6108169999999995e-06,7.352975999999999e-06,1.2029940000000001e-05,1.6444914e-05,2.8515973999999998e-05,6.633312e-05,1.9137540000000002,0.11196510999999998,0.0004001536,76.99181999999999,55.56750999999999,0.0001346493,6.488428000000001,0.03108117000000001,42.78175,0.0036572164999999998,0.00033431736299999995,0.06395077000000002,169.1508,0.0036572164999999998,0.00033431736299999995,0.007340408999999999,76.21953,0.0036572164999999998,0.00033431736299999995,0.004753467999999999,76.86506999999999,0.0036572164999999998,0.00033431736299999995,0.004115171999999999,7.069441e-06,2.2477640000000003e-05,0.029465548,3.6252891,0.019037513,0.0005252315,-0.0006021677,1.3404575000000001e-06,1.808915e-05
73,1608885600,3.1177870000000003,3.117802,0.009755178,-1.564861,2.799498,1.630445,2.503877,2.2949960000000003,0.08391813,1.3951819999999997,2.339109e-05,8.999359e-06,9.379134e-06,1.0958789999999998e-05,1.5321160999999998e-05,1.9591885e-05,2.9164076999999998e-05,5.94505e-05,1.476504,0.08192808,0.00030117880000000004,74.58995,55.34344,0.00010358315,6.212146000000001,0.02753601,32.79141,0.00278577248,0.00025454508800000004,0.05616209999999999,129.9507,0.00278577248,0.00025454508800000004,0.006885967,64.314966,0.00278577248,0.00025454508800000004,0.004253164999999999,64.36077900000001,0.00278577248,0.00025454508800000004,0.004101013,6.944369000000001e-06,2.2233959999999998e-05,0.035138265999999994,4.0860059,0.015745392,0.0004988031200000001,-0.00054793504,1.4572806999999999e-06,1.7550984999999997e-05
73,1608886200,3.0800099999999997,3.080026,0.008871246,-1.6341629999999998,2.573179,1.6136880000000002,2.351173,2.217593,0.07870426,1.4052205,1.788644e-05,3.4708232999999997e-06,3.2839783999999994e-06,4.2663218900000006e-06,7.202491e-06,9.3201045e-06,1.59980099e-05,3.8316629e-05,1.4930141999999997,0.04665565,0.0002522196,72.25932,53.102880000000006,0.00010242688999999999,5.873737,0.02757538,32.29994000000001,0.0035368053499999995,0.000323367872,0.05616677,131.41846999999999,0.0035368053499999995,0.000323367872,0.007023242000000001,68.81682400000001,0.0035368053499999995,0.000323367872,0.004376972,69.772728,0.0035368053499999995,0.000323367872,0.004009605,4.9916240000000004e-06,2.037373e-05,0.01413021,3.8156993200000002,0.011251499000000002,-0.00011859413999999999,-0.0010409624,1.0557267000000002e-06,1.4643182999999999e-05
73,1608886800,1.8718049999999997,1.871819,0.008166337999999999,-1.725711,1.9172459999999998,1.2831240000000002,1.7291400000000003,1.6486999999999998,0.04888109,0.8447406000000001,2.1088780000000002e-05,6.508081500000001e-06,6.790681199999999e-06,8.0086776e-06,1.0988062e-05,1.42803e-05,2.2343171e-05,4.4037449999999996e-05,0.8996931,0.03589872,0.0001905889,71.79603,53.95077,6.218809999999999e-05,6.504669,0.02191457,19.60732,0.00153841929,0.00014044208,0.04381443,79.02223000000001,0.00153841929,0.00014044208,0.0057563250000000005,34.259011,0.00153841929,0.00014044208,0.0029788080000000003,34.131356000000004,0.00153841929,0.00014044208,0.003957886999999999,4.205938e-06,1.9480509999999998e-05,0.031068567999999998,1.9058242,0.008469741,-0.0004990181000000001,-0.0012603209999999998,9.841694e-07,1.2655742000000001e-05
73,1608887400,1.450872,1.4508860000000001,0.006958805,-1.6807290000000001,1.783629,1.1230030000000002,1.584535,1.4832079999999999,0.037482959999999996,0.6569736,1.779459e-05,3.2187614999999997e-06,3.40088848e-06,3.991105200000001e-06,5.7122693999999995e-06,7.744483500000002e-06,1.165072e-05,2.4465912e-05,0.6958903999999999,0.02935083,0.00013143549,72.54036,54.15192999999999,4.822564e-05,6.321419000000001,0.01899718,15.025079999999999,0.0021075461700000003,0.000192513794,0.03838048000000001,60.567750000000004,0.0021075461700000003,0.000192513794,0.006014941,38.80469000000001,0.0021075461700000003,0.000192513794,0.003178164,39.144398,0.0021075461700000003,0.000192513794,0.003977844,4.758714e-06,1.9879919999999997e-05,-0.44328302199999997,13.5003842,0.010612364,-0.0006183283999999999,-0.0014334932,2.1019059e-06,2.1650210000000002e-05
73,1608888000,1.4381119999999998,1.4381249999999999,0.021911668000000002,-1.4267427,2.627401,1.1090596000000001,1.510621,1.45827,0.09000016,1.2334493,2.134057e-05,8.814827500000001e-06,9.547181700000002e-06,1.11973852e-05,1.44343721e-05,1.88258399e-05,2.8137805999999997e-05,5.324346700000001e-05,0.696674,0.016449090000000003,0.005781654020000001,70.59467,52.687470000000005,4.769856e-05,6.1540420000000005,0.0191405,17.37319,0.0006178136200000001,5.6197792e-05,0.03847197,62.40962,0.0006178136200000001,5.6197792e-05,0.00518646,17.205942,0.0006178136200000001,5.6197792e-05,0.00229593,16.75095,0.0006178136200000001,5.6197792e-05,0.004088086999999999,7.8777039e-05,9.413284999999999e-05,1.6951592910000002,148.54339339999999,0.14987707099999997,-0.00044037880000000006,-0.0012537718,0.000166687064,0.001283512171
73,1608888600,2.025366,2.02538,0.008064515999999999,-1.64752,1.9794999999999998,1.312458,1.8519929999999998,1.7901159999999998,0.04296071,0.8855128999999999,1.92939e-05,4.6861017e-06,4.7509927e-06,5.673115299999999e-06,8.32364e-06,1.0512885e-05,1.6610359999999997e-05,3.5176810000000006e-05,1.0016738,0.010779727,0.00014035764000000002,66.38209,51.136489999999995,6.733246e-05,6.167279,0.02250667,20.8519,0.0019037845399999995,0.00017376535700000002,0.04607154000000001,87.36036000000001,0.0019037845399999995,0.00017376535700000002,0.006206228,38.558317,0.0019037845399999995,0.00017376535700000002,0.003478908,38.722913999999996,0.0019037845399999995,0.00017376535700000002,0.0039411970000000004,4.076103e-06,1.924653e-05,0.006700828399999999,0.20319733,0.004871306,-0.0004833589,-0.0013055400000000002,7.910937000000001e-07,9.885296e-06
73,1608889200,2.381402,2.3814159999999998,0.007876644,-1.634916,2.1668550000000004,1.4219750000000002,2.013211,1.9487090000000002,0.048383920000000004,1.0363259999999999,1.9413029999999997e-05,5.1663091999999995e-06,5.2990473e-06,6.4694111e-06,9.706611999999999e-06,1.2393701999999998e-05,2.0184519e-05,4.360504e-05,1.1744051,0.01599295,0.00019373359000000002,68.23999,51.318470000000005,7.914079999999999e-05,6.184889,0.024489869999999997,25.03537,0.00363513466,0.000332430144,0.05001272,103.49556000000003,0.00363513466,0.000332430144,0.006658196999999999,62.865823999999996,0.00363513466,0.000332430144,0.003974991000000001,64.146452,0.00363513466,0.000332430144,0.003960674,4.5349809999999995e-06,1.971774e-05,0.0076828339999999995,0.85435788,0.008662159,-0.00031557928399999997,-0.0011774674,8.528331000000001e-07,1.1142415999999997e-05
73,1608889800,3.5504810000000004,3.550496,0.007419985999999999,-1.643244,2.706007,1.7372800000000002,2.463074,2.3872109999999997,0.06773471,1.534309,2.3853200000000004e-05,9.752228e-06,9.9067046e-06,1.1529538799999999e-05,1.6124952e-05,1.9609742000000005e-05,3.00008101e-05,6.0120140000000003e-05,1.7526310000000003,0.022217729999999998,0.00022633225000000002,66.60519000000001,51.32059,0.00011805767,5.911785,0.029967300000000002,37.29916,0.0017456147999999998,0.00015910899200000003,0.06119414999999999,154.6067,0.0017456147999999998,0.00015910899200000003,0.006702041000000001,46.09841,0.0017456147999999998,0.00015910899200000003,0.004049168,45.65633,0.0017456147999999998,0.00015910899200000003,0.004050842000000001,6.275405e-06,2.158435e-05,-0.28182981360000003,8.37049059,0.010688987,0.00030174739,-0.0007384607999999999,1.5839304e-06,2.002345e-05
73,1608890400,3.581786,3.5818009999999996,0.010998803,-1.625781,2.7169940000000006,1.7424879999999998,2.504589,2.4103120000000002,0.08006029,1.574141,2.341109e-05,9.5684591e-06,9.96065291e-06,1.19320336e-05,1.7044510000000003e-05,2.23099424e-05,3.5574689900000005e-05,7.3884027e-05,1.773282,0.017058910000000004,0.0003630321,66.20466000000002,50.968689999999995,0.00011903097999999999,6.204459999999999,0.03017115,37.74307,0.002129212,0.00019428413100000002,0.06167670000000001,156.64069999999998,0.002129212,0.00019428413100000002,0.006704638000000001,49.72838,0.002129212,0.00019428413100000002,0.004103416,49.70317,0.002129212,0.00019428413100000002,0.004025423000000001,6.285263999999999e-06,2.130848e-05,0.003869027999999999,0.5706099900000001,0.009344379,0.000384935778,-0.0006525178000000001,9.420806e-07,1.2678019e-05
73,1608891000,4.208973,4.208986,0.006461828,-1.624521,2.8869879999999997,1.889733,2.702784,2.621067,0.06133173000000001,1.7817230000000002,2.136984e-05,7.665127000000001e-06,7.688516e-06,9.538206000000001e-06,1.4351042000000002e-05,1.8382290000000005e-05,3.0373417000000003e-05,6.668211e-05,2.0863419999999997,0.01755052,0.0004322893,66.21454,50.88377,0.0001399353,6.23585,0.03236118,43.26859,0.00377450804,0.00034505711600000004,0.06658147,181.8319,0.00377450804,0.00034505711600000004,0.007448186999999999,76.17776,0.00377450804,0.00034505711600000004,0.004854235,76.96864000000001,0.00377450804,0.00034505711600000004,0.00407358,6.956126e-06,2.208752e-05,0.030766141000000004,0.50817549,0.009683308999999998,0.0006420778000000001,-0.00047888639999999996,9.130980999999999e-07,1.272528e-05
73,1608891600,4.019849,4.019865,0.014195430000000004,-1.555743,2.9381019999999998,1.8238429999999997,2.744261,2.633931,0.0705881,1.744903,2.5921179999999997e-05,1.2173783e-05,1.24219668e-05,1.46245015e-05,2.0064815e-05,2.5069817e-05,3.8935524e-05,7.872417000000001e-05,1.9997830000000003,0.009554693,0.0003731408999999999,63.824130000000004,50.516470000000005,0.00013367910000000003,6.153342,0.03168662999999999,42.024950000000004,0.00447072853,0.000408857475,0.06544592999999999,175.81699999999998,0.00447072853,0.000408857475,0.007646552000000001,83.965728,0.00447072853,0.000408857475,0.005059759999999999,85.21213,0.00447072853,0.000408857475,0.0040685949999999995,6.704278e-06,2.189251e-05,-0.0071636001999999975,0.70969847,0.009336794999999998,0.0005251101999999999,-0.0006107859,1.0157628e-06,1.329084e-05
73,1608892200,5.000551000000001,5.0005679999999995,0.013221130000000001,-1.554089,3.267398,2.034345,3.057655,2.945564,0.08503395999999999,2.148371,2.7572589999999997e-05,1.4430008999999997e-05,1.47462678e-05,1.73470008e-05,2.3990245e-05,2.97345274e-05,4.5843284e-05,9.345245599999999e-05,2.487782,0.011748283000000002,0.0004924573,62.748500000000014,50.485989999999994,0.0001663002,6.180701,0.03557549,53.194939999999995,0.0045866739,0.0004193902100000001,0.07323754000000002,220.6576,0.0045866739,0.0004193902100000001,0.007972284999999999,89.79076,0.0045866739,0.0004193902100000001,0.00537351,91.06455,0.0045866739,0.0004193902100000001,0.004121425,7.908883e-06,2.290796e-05,-0.025372495699999997,0.6274733,0.010111879,0.0010101411,-0.00027413853000000005,1.0270233e-06,1.351396e-05
73,1608892800,4.052312000000001,4.052326,0.01359305,-1.6330570000000002,2.8081240000000003,1.8517,2.641017,2.558028,0.07804616,1.7667490000000001,2.21121e-05,8.541361e-06,8.631570300000002e-06,1.0493815e-05,1.5589749e-05,1.96059877e-05,3.2089744e-05,6.816891199999999e-05,2.0072720000000004,0.01820958,0.0005021393999999999,66.63805,50.942080000000004,0.0001347378,6.26613,0.03234183,43.27508999999999,0.0032189682000000005,0.000294128943,0.06578983000000001,178.3956,0.0032189682000000005,0.000294128943,0.007122047000000001,64.984353,0.0032189682000000005,0.000294128943,0.004515503,65.57411499999999,0.0032189682000000005,0.000294128943,0.004046658999999999,6.6752929999999994e-06,2.173198e-05,0.024133344,2.809325,0.011502785,0.0005485441,-0.0005435819,1.1001102e-06,1.370428e-05
73,1608893400,3.5683730000000002,3.568387,0.01705612,-1.674926,2.589117,1.7421760000000002,2.405399,2.342996,0.07057370999999998,1.555037,2.072404e-05,6.924219e-06,6.809109e-06,8.242303999999998e-06,1.2173279e-05,1.5312353e-05,2.4573176e-05,5.3204050000000004e-05,1.761174,0.022500489999999998,0.0003786739,67.62647,51.348699999999994,0.00011864384000000001,6.255947,0.03002918,37.02476,0.0032310792000000005,0.00029527191,0.060955369999999995,154.2468,0.0032310792000000005,0.00029527191,0.007021240000000001,64.91297,0.0032310792000000005,0.00029527191,0.00443719,65.617794,0.0032310792000000005,0.00029527191,0.003984537000000001,5.891612e-06,2.0761600000000005e-05,0.0001366023000000008,0.28881644,0.008226187,0.00029371169,-0.0006926576,8.35188e-07,1.0862571e-05
73,1608894000,4.539201,4.539216,0.011298584,-1.627928,2.9605660000000005,1.9593399999999999,2.786672,2.713019,0.07216792,1.94055,2.162223e-05,8.246768e-06,8.522227510000001e-06,1.0863312e-05,1.6545203e-05,2.22198891e-05,3.76428392e-05,8.406608e-05,2.2551460000000003,0.013796890000000001,0.00046240610000000004,65.3532,50.649260000000005,0.000150881,6.083822,0.03381345,46.85658,0.004170388500000001,0.000381282005,0.06923545,196.9334,0.004170388500000001,0.000381282005,0.007487605999999999,78.417435,0.004170388500000001,0.000381282005,0.004923314,79.628934,0.004170388500000001,0.000381282005,0.004057430999999999,6.7280460000000015e-06,2.1769809999999997e-05,-0.004311245000000001,0.10527594999999998,0.006899777,0.0006949055000000001,-0.0004492550000000001,7.774402999999999e-07,1.111185e-05
73,1608894600,5.473057,5.4730739999999996,0.010396479,-1.601764,3.2812379999999997,2.1409659999999997,3.113569,3.032681,0.06618565,2.3239240000000003,2.1413929999999997e-05,7.866986e-06,7.89750293e-06,1.03428902e-05,1.6643369e-05,2.23213752e-05,3.82061298e-05,8.8810504e-05,2.7221439999999997,0.01368666,0.0005011821,64.36784,50.535529999999994,0.00018194389999999998,5.992749000000001,0.037137010000000005,57.11851,0.0048412453599999995,0.00044278332999999996,0.07628193000000001,239.14030000000002,0.0048412453599999995,0.00044278332999999996,0.008004276,98.836894,0.0048412453599999995,0.00044278332999999996,0.005428622000000001,100.0096761,0.0048412453599999995,0.00044278332999999996,0.004145942,8.008408999999999e-06,2.310274e-05,-0.009652553999999999,0.24623698,0.007328539,0.0011454427,-0.00016466269,7.83415e-07,1.2086039999999999e-05
73,1608895200,6.103982,6.103998,0.009307449,-1.599728,3.4860320000000002,2.263821,3.3022750000000003,3.2021120000000005,0.07121088,2.5667579999999997,2.5229540000000002e-05,1.2223224999999998e-05,1.20963663e-05,1.4642169099999999e-05,2.1797663999999998e-05,2.76243356e-05,4.4270538999999996e-05,9.668058999999999e-05,3.029776,0.02154221,0.0004335276,64.58361,50.719759999999994,0.00020298640000000003,6.062118,0.03925074,64.29062000000002,0.0070641681,0.00064637169,0.08062296999999999,267.492,0.0070641681,0.00064637169,0.00887791,134.55767999999998,0.0070641681,0.00064637169,0.0062780019999999995,136.88264999999998,0.0070641681,0.00064637169,0.004208512000000001,8.752877000000001e-06,2.3961629999999996e-05,-0.0007774909999999997,0.1175235,0.006797021,0.001408045,5.079299999999999e-06,8.263913999999999e-07,1.1967690000000002e-05
73,1608895800,5.459509000000001,5.459522,0.006365761,-1.549314,3.408479,2.12338,3.2119730000000004,3.0823690000000004,0.08645518,2.313814,2.270031e-05,8.933047999999999e-06,8.981522050000001e-06,1.1150577829999999e-05,1.743621e-05,2.25690264e-05,3.739183879999999e-05,8.4135691e-05,2.7098949999999995,0.019289109999999998,0.00037185244,66.62125,50.75127,0.0001815449,6.08536,0.03655496,56.591139999999996,0.0042661986,0.00038995706000000005,0.07587489,237.402,0.0042661986,0.00038995706000000005,0.0080403,92.37257,0.0042661986,0.00038995706000000005,0.005437138999999999,93.02946999999999,0.0042661986,0.00038995706000000005,0.004181235,7.88944e-06,2.3340199999999997e-05,-0.0024218920000000006,0.22874049000000002,0.007163251,0.0010643480000000001,-0.00026672299,7.576479000000001e-07,1.14456e-05
73,1608896400,4.141884,4.141901,0.0027895212999999993,-1.563975,2.965665,1.8592660000000003,2.796986,2.6741330000000003,0.04379221,1.7356960000000001,1.979033e-05,5.844819000000001e-06,5.717286e-06,7.2522701999999995e-06,1.1555599999999998e-05,1.4999677100000002e-05,2.5463564e-05,5.7685739000000016e-05,2.0470459999999995,0.02340776,0.00035599304,68.10112000000001,51.165110000000006,0.0001377284,6.085705,0.03193803,43.04987,0.00325465144,0.000297421274,0.06614753,179.498,0.00325465144,0.000297421274,0.0073569640000000006,71.92922899999999,0.00325465144,0.000297421274,0.004774212000000001,72.267203,0.00325465144,0.000297421274,0.004056386,6.20278e-06,2.1511129999999997e-05,-0.3575505488,9.059856830000001,0.008137568,0.0004478155,-0.0007021287999999999,1.0885405000000002e-06,1.4829173e-05
73,1608897000,4.518739999999999,4.5187550000000005,-0.0010479749730000001,-1.610285,3.017004,1.9528050000000001,2.856051,2.746172,0.04565129,1.9006749999999997,2.802677e-05,1.4332527999999999e-05,1.4797114829999998e-05,1.7335937000000002e-05,2.3897213e-05,3.0145540299999995e-05,4.6503943000000005e-05,9.443790699999998e-05,2.231569,0.02705343,0.0004900061999999999,66.06689,51.23470999999999,0.00015018380000000002,6.145584,0.033518179999999995,46.87048,0.00236515613,0.00021588673700000002,0.06905992000000001,195.5485,0.00236515613,0.00021588673700000002,0.006883103,55.190690999999994,0.00236515613,0.00021588673700000002,0.004285796999999999,55.181647999999996,0.00236515613,0.00021588673700000002,0.004071334,6.6009199999999995e-06,2.177578e-05,0.009980249,0.22374964999999997,0.007200168000000002,0.0006835386,-0.0004950808,8.271058e-07,1.148292e-05
73,1608897600,4.731350000000001,4.7313670000000005,0.005517538000000001,-1.4935200000000002,3.3053509999999995,1.9639570000000002,3.08807,2.924303,0.07244132,2.0362389999999997,2.315679e-05,9.956946999999998e-06,1.007667325e-05,1.24050188e-05,1.8351365e-05,2.3589105e-05,3.8840302900000005e-05,8.3806997e-05,2.3382929999999997,0.02661678,0.000559341,66.18125,51.17084,0.0001572865,6.198475999999999,0.033928429999999996,49.495329999999996,0.0040661283,0.00037170206000000004,0.07073877999999999,205.6574,0.0040661283,0.00037170206000000004,0.007911880999999999,85.86695,0.0040661283,0.00037170206000000004,0.005354543,86.56284,0.0040661283,0.00037170206000000004,0.004100362,7.0399289999999995e-06,2.218418e-05,-0.010922089999999999,0.5145663,0.008423906,0.0008099760000000001,-0.0005320231,8.905445e-07,1.308866e-05
73,1608898200,5.795497,5.795510999999999,0.004322963000000001,-1.469755,3.631873,2.163325,3.4360790000000003,3.2656730000000005,0.07067287,2.4314169999999997,2.5555290000000002e-05,1.2032417e-05,1.19900376e-05,1.4352119400000001e-05,2.069648e-05,2.5659232e-05,4.061805199999999e-05,8.686142999999998e-05,2.8726529999999997,0.02431038,0.0005621641999999999,65.87337,50.88071,0.00019273269999999998,5.982493,0.03742257,60.12998,0.00302428222,0.000276119223,0.07829451,251.72419999999997,0.00302428222,0.000276119223,0.007868091999999998,76.54489099999999,0.00302428222,0.000276119223,0.005254766,76.43000700000002,0.00302428222,0.000276119223,0.004211419,8.477749e-06,2.3804859999999997e-05,0.00866199,0.46371209999999996,0.009143149,0.001283085,-0.00025338217699999996,8.698866999999999e-07,1.293924e-05
73,1608898800,5.904822000000001,5.904837000000001,0.005117905,-1.4995720000000001,3.6605239999999997,2.1937249999999997,3.433415,3.2634980000000007,0.07272955,2.487908,2.2122620000000002e-05,8.743104e-06,8.5537759e-06,1.0503495e-05,1.6443315e-05,2.05415985e-05,3.3733826e-05,7.623739e-05,2.924557,0.027029900000000003,0.0006416735,67.23223,50.96689,0.00019640899999999998,5.97038,0.03768367,60.794,0.00762264476,0.0006976266169999999,0.07882963,255.0254,0.00762264476,0.0006976266169999999,0.009086225,145.61391600000002,0.00762264476,0.0006976266169999999,0.006527955,148.389256,0.00762264476,0.0006976266169999999,0.004213805,8.726991e-06,2.398932e-05,0.005806348,0.5005587,0.011009029,0.001338061,-0.00015630526,9.567773000000001e-07,1.4195050000000002e-05
73,1608899400,5.826466000000001,5.826482,-0.0008394513999999999,-1.5446320000000002,3.5276579999999997,2.197822,3.3262389999999997,3.1870710000000004,0.07614393,2.4576610000000003,2.4371249999999998e-05,1.1149418e-05,1.1267907e-05,1.4211749999999998e-05,2.1417188e-05,2.8397092000000004e-05,4.7933383e-05,0.00010591051000000002,2.8872999999999998,0.02510057,0.0005832821,66.9285,50.91231,0.0001936878,6.423846,0.03775221,60.30753,0.00241879729,0.000220589688,0.07848954,252.77859999999995,0.00241879729,0.000220589688,0.007852053000000001,71.47303000000001,0.00241879729,0.000220589688,0.00521167,70.73190000000001,0.00241879729,0.000220589688,0.004209889999999999,8.453423000000002e-06,2.385392e-05,-0.0036488440000000018,0.29206097,0.006459393000000001,0.0012443679999999998,-0.00014633020899999997,8.041310999999999e-07,1.267578e-05
73,1608900000,4.000375,4.000388999999999,-0.004183398,-1.557493,2.931127,1.8272289999999998,2.7528460000000003,2.62834,0.02944134,1.6502579999999998,1.9888069999999998e-05,5.7228768999999995e-06,5.38334449e-06,6.4137061100000005e-06,9.824978000000001e-06,1.14594691e-05,1.8005717899999997e-05,3.9518544e-05,1.970757,0.02906999,0.0002565588,68.93226,51.503499999999995,0.00013308219999999998,5.761303,0.03127572,41.62374,0.0028150276399999995,0.000257127557,0.06488083,172.96550000000002,0.0028150276399999995,0.000257127557,0.007235465000000001,67.79456,0.0028150276399999995,0.000257127557,0.004596678,67.78305,0.0028150276399999995,0.000257127557,0.004063979999999999,5.896697e-06,2.132499e-05,0.025370325,0.3218786,0.006949176,0.00035791717,-0.0007796162,7.622892999999999e-07,1.0909592e-05
73,1608900600,3.0087140000000003,3.0087289999999998,-0.004819604999999999,-1.53186,2.6030290000000003,1.5831600000000001,2.4244879999999998,2.298257,0.0404787,1.2781730000000002,2.30501e-05,8.6197595e-06,8.8249163e-06,1.0332400899999999e-05,1.4200142e-05,1.789299e-05,2.7664428000000002e-05,5.5495597e-05,1.4748370000000002,0.029094130000000003,0.0002736342,68.56585,51.961220000000004,0.00010004156000000001,6.168487,0.02733874,32.189319999999995,0.0013202582,0.000120237507,0.0564487,131.2834,0.0013202582,0.000120237507,0.006277202,36.287560000000006,0.0013202582,0.000120237507,0.003597696,35.90345,0.0013202582,0.000120237507,0.003995819,4.6085020000000005e-06,1.9991680000000002e-05,0.031031700000000002,0.6395951999999999,0.008040595,-0.00017096349700000002,-0.0011858255,7.524038e-07,1.0648171e-05
73,1608901200,3.0135899999999998,3.013606,-0.0033662270000000003,-1.5992019999999998,2.5569029999999997,1.589766,2.3239080000000003,2.223745,0.057885759999999994,1.315513,1.973066e-05,5.1729592000000005e-06,4.98934132e-06,5.9090531900000005e-06,8.62628e-06,1.0394768500000001e-05,1.61248991e-05,3.4871210999999996e-05,1.4835429999999998,0.023000899999999998,0.00015958226,68.69376,51.53335,0.00010027488,5.860944000000001,0.02765807,32.34507,0.0030799106,0.0002814668,0.056534509999999996,132.24669999999998,0.0030799106,0.0002814668,0.00678652,55.41083,0.0030799106,0.0002814668,0.004126283,56.16658000000001,0.0030799106,0.0002814668,0.003995308,4.686171e-06,2.0064699999999998e-05,0.015202405000000002,0.47687919999999984,0.007455099999999999,-0.00013148668000000001,-0.0011147885999999998,7.816242e-07,1.0915615e-05
73,1608901800,3.5997079999999997,3.5997239999999997,0.0005772408,-1.6510179999999999,2.598079,1.749437,2.4402,2.387660000000001,0.036966349999999995,1.513176,2.075059e-05,6.491977200000001e-06,6.395983130000001e-06,7.65957057e-06,1.1273024999999999e-05,1.3827178499999998e-05,2.21346462e-05,4.7199415e-05,1.77976,0.0197214,0.00025097910000000006,66.78358,51.10933,0.00011974582,6.050877999999999,0.030493150000000004,38.3113,0.0029611865799999996,0.00027057063900000003,0.06194347,158.0222,0.0029611865799999996,0.00027057063900000003,0.006809047,63.206106,0.0029611865799999996,0.00027057063900000003,0.004159154,63.5335138,0.0029611865799999996,0.00027057063900000003,0.0040253039999999995,5.621686e-06,2.0966190000000002e-05,-0.0809413982,4.693456738,0.008767068,0.00022028058299999997,-0.0008279023,1.3725716e-06,1.7227205e-05
73,1608902400,3.9054360000000004,3.905453,0.0009333691499999999,-1.6439890000000001,2.708107,1.82132,2.548316,2.4967870000000003,0.04288417,1.639996,2.241506e-05,8.463001999999999e-06,8.5708151e-06,1.0305626099999998e-05,1.5248876999999998e-05,1.93455693e-05,3.10760818e-05,6.648152899999999e-05,1.9359810000000004,0.01624661,0.0003228073,64.77387999999999,50.86137,0.00012985560000000002,6.0598220000000005,0.03152214,40.75819,0.00294281292,0.000268891752,0.06437766999999998,170.18159999999997,0.00294281292,0.000268891752,0.007086284,67.99110399999999,0.00294281292,0.000268891752,0.004459689,68.1381717,0.00294281292,0.000268891752,0.004031594,5.76411e-06,2.1048749999999997e-05,-0.013247525999999999,0.9193567399999999,0.007808603,0.00040413210000000006,-0.0007199154000000001,8.093608e-07,1.2065048e-05
73,1608903000,3.884116,3.8841330000000007,0.00029397389,-1.638514,2.688231,1.8149700000000002,2.549778,2.4911630000000002,0.05410923000000001,1.6471240000000003,1.9654730000000002e-05,5.7378640000000004e-06,5.6305999e-06,7.038883999999999e-06,1.1168313e-05,1.4159149599999998e-05,2.38130743e-05,5.3140512e-05,1.927508,0.01410864,0.00031783999999999995,65.62477,50.77005,0.0001291871,5.799645,0.03127964,39.98836,0.00212517381,0.00019392869999999997,0.06401603,168.2555,0.00212517381,0.00019392869999999997,0.0068363750000000004,56.801616,0.00212517381,0.00019392869999999997,0.004239309,56.46315499999999,0.00212517381,0.00019392869999999997,0.004011335999999999,5.7155239999999996e-06,2.0798710000000002e-05,0.020772961030000002,0.22448313999999997,0.006851409,0.0004308668000000001,-0.0007109476000000001,7.677395999999999e-07,1.1116889999999998e-05
73,1608903600,4.806952000000001,4.8069679999999995,-0.00031648396999999997,-1.6278019999999997,3.0152050000000004,2.012318,2.850836,2.7771099999999995,0.07409276000000001,2.059735,2.439109e-05,1.0895839e-05,1.08888784e-05,1.3051160400000002e-05,1.8322508999999997e-05,2.30501286e-05,3.6149595300000005e-05,7.684238000000001e-05,2.389157,0.01380545,0.00031407004,64.29893000000001,50.59013,0.0001598745,5.778099,0.035171959999999995,50.9148,0.00438787005,0.00040130062699999993,0.07156641999999999,211.59369999999998,0.00438787005,0.00040130062699999993,0.007458154,88.94830800000001,0.00438787005,0.00040130062699999993,0.004855638999999999,89.939103,0.00438787005,0.00040130062699999993,0.004100272,7.215319e-06,2.235914e-05,-0.01649772442,0.77117831,0.007800797000000001,0.0008629985999999999,-0.00036783637999999997,9.157403999999999e-07,1.3215789999999999e-05
73,1608904200,4.638934000000001,4.638948000000001,-0.001331491067,-1.6415280000000003,2.9531780000000003,1.9814269999999996,2.790686,2.715268,0.06235572,1.9668690000000002,2.2867380000000003e-05,9.375056e-06,9.3960289e-06,1.1591844000000002e-05,1.7349277999999996e-05,2.2418782999999996e-05,3.7138048e-05,8.047496999999999e-05,2.2967319999999996,0.02214527,0.00039463339999999995,67.71155,51.046659999999996,0.0001542303,6.3471850000000005,0.03407077,48.0061,0.0056544077,0.00051729121,0.06978132000000001,200.90230000000003,0.0056544077,0.00051729121,0.008016568,108.55250700000002,0.0056544077,0.00051729121,0.005438547,110.21779199999999,0.0056544077,0.00051729121,0.004090761,6.826635e-06,2.2076910000000003e-05,0.003031054,0.12173294199999998,0.006893957999999999,0.0007630664000000001,-0.00043743929999999996,7.406651000000001e-07,1.0920520000000001e-05
73,1608904800,4.982619999999999,4.982633999999999,-0.0014637076,-1.660246,3.0622680000000004,2.063335,2.8645240000000003,2.789972,0.05861967999999999,2.110789,2.494918e-05,1.1496799e-05,1.19071717e-05,1.4609981300000002e-05,2.1555709e-05,2.8328254e-05,4.6466769e-05,0.00010080255,2.459884,0.030759520000000002,0.00042055570000000005,66.89953999999999,51.28574999999999,0.0001655942,6.422079999999999,0.03545597,51.67577,0.00367192811,0.000335599849,0.07238077,215.4344,0.00367192811,0.000335599849,0.007461445999999999,79.007847,0.00367192811,0.000335599849,0.004883981000000001,79.494667,0.00367192811,0.000335599849,0.0041140460000000005,7.3772820000000004e-06,2.256956e-05,0.004558965999999999,0.34064493,0.010506741000000002,0.0009000916,-0.0002862172,8.989177999999999e-07,1.355233e-05
73,1608905400,5.364132,5.364146,-0.0034767469999999997,-1.621985,3.187109,2.12777,3.0219940000000003,2.9477400000000005,0.07370616,2.285314,3.095759e-05,1.7890004999999997e-05,1.8543442000000004e-05,2.1963944e-05,3.0155969999999992e-05,3.8756536000000006e-05,6.022344e-05,0.00012302762000000002,2.663662,0.01759746,0.0004824991,63.86950999999999,50.6981,0.00017829009999999998,6.453996000000001,0.036558020000000004,55.05486,0.00869193945,0.0007956683400000001,0.07515768,231.9906,0.00869193945,0.0007956683400000001,0.008979764999999999,153.625162,0.00869193945,0.0007956683400000001,0.0064140429999999995,157.18391100000002,0.00869193945,0.0007956683400000001,0.004167543,7.978069e-06,2.3301759999999998e-05,-0.006656044499999998,1.90842566,0.012467093,0.0011027867,-0.00022704021,1.122954e-06,1.56697e-05
73,1608906000,5.232532999999999,5.232549,-0.0018782943999999999,-1.6273,3.123959,2.10475,2.9831779999999997,2.911402,0.08012310000000002,2.1961310000000003,2.151184e-05,7.799276999999999e-06,7.609078100000001e-06,9.334886039999999e-06,1.4274284e-05,1.75649482e-05,2.9013268799999997e-05,6.485422299999999e-05,2.5989519999999997,0.01683941,0.00031604935,65.90133,50.68369,0.00017406570000000002,5.635194,0.03633746,54.23966,0.0067074707999999995,0.0006137510400000001,0.07441308,227.37509999999997,0.0067074707999999995,0.0006137510400000001,0.008355599,119.442083,0.0067074707999999995,0.0006137510400000001,0.005763417999999999,122.03723400000001,0.0067074707999999995,0.0006137510400000001,0.0041600330000000005,7.868573e-06,2.3218979999999998e-05,0.043328703,2.9846870599999997,0.018172127,0.0010374070999999998,-0.000264231,1.4724067e-06,2.037297e-05
73,1608906600,5.154725999999999,5.154739999999999,-0.00126112492,-1.6173559999999998,3.1192330000000004,2.082284,2.968178,2.901502,0.062494740000000014,2.1590960000000003,2.392786e-05,1.0566739e-05,1.05820893e-05,1.2981062599999999e-05,1.9238504e-05,2.4822692e-05,4.0493470000000006e-05,8.71377e-05,2.5632179999999996,0.013557519999999998,0.00037306658,63.71952,50.56428,0.0001714145,6.137509,0.03599766,53.330799999999996,0.0049163708,0.00044960661299999995,0.07388026,224.24450000000002,0.0049163708,0.00044960661299999995,0.008142743999999999,102.51455000000001,0.0049163708,0.00044960661299999995,0.0055476250000000005,103.63889999999999,0.0049163708,0.00044960661299999995,0.0041510819999999995,7.595408999999999e-06,2.294004e-05,0.016193521,0.31433642999999994,0.007515736999999999,0.0010404659,-0.00030867703000000003,8.433958999999999e-07,1.211889e-05
73,1608907200,4.345579000000001,4.345592,-0.0016423485000000002,-1.6133670000000002,2.8800510000000004,1.9078659999999998,2.7351839999999994,2.66037,0.056148279999999995,1.829436,2.264684e-05,8.767762999999998e-06,8.772706e-06,1.0616906e-05,1.555536e-05,1.9577657e-05,3.1899621e-05,6.699791999999999e-05,2.160006,0.012282310000000001,0.000331568,64.661,50.60657,0.00014452709999999996,6.213562999999999,0.03289900999999999,44.8621,0.00371660578,0.000339739778,0.06764619999999999,188.7389,0.00371660578,0.000339739778,0.0072940290000000005,73.32061300000001,0.00371660578,0.000339739778,0.004708652000000001,74.116304,0.00371660578,0.000339739778,0.004063816,6.350176e-06,2.156596e-05,0.021352934,0.1451074,0.006192299,0.0006008949,-0.0005945744,7.02344e-07,1.0618341e-05
73,1608907800,3.476964,3.476979,-0.00043494914,-1.6119029999999999,2.609967,1.712892,2.4727129999999997,2.388897,0.05654564000000001,1.4628729999999999,2.2325549999999995e-05,8.376577899999999e-06,8.400272359999999e-06,9.889518120000001e-06,1.4002417000000001e-05,1.7240761099999998e-05,2.6827521299999996e-05,5.4818468e-05,1.723285,0.014802201000000001,0.00024846194,65.25982,50.868030000000005,0.00011564070000000002,5.882537000000001,0.029549680000000002,36.23978,0.00327274891,0.00029912090199999997,0.06070249,151.3287,0.00327274891,0.00029912090199999997,0.006922560000000001,63.977329999999995,0.00327274891,0.00029912090199999997,0.004327906000000001,64.775039,0.00327274891,0.00029912090199999997,0.003978679,5.211972e-06,2.025841e-05,0.007908761000000002,0.6062296400000001,0.008103839,0.00015365478,-0.0009171432,7.634707000000001e-07,1.0607076e-05
73,1608908400,2.925261,2.9252750000000005,0.0053211429999999995,-1.60536,2.467988,1.5705079999999998,2.29762,2.2082179999999996,0.047951060000000004,1.2591512999999999,2.445037e-05,1.0693055000000001e-05,1.1121228000000001e-05,1.3171611999999999e-05,1.7695728e-05,2.2768862e-05,3.5374239999999994e-05,7.132933000000002e-05,1.445109,0.01702296,0.0003069975,64.84443,51.1751,9.721351000000001e-05,6.514865,0.027262019999999998,31.223270000000003,0.0028428379,0.00025980237,0.055798780000000006,128.476,0.0028428379,0.00025980237,0.006626317999999999,56.02473299999999,0.0028428379,0.00025980237,0.003995954,56.691725,0.0028428379,0.00025980237,0.003929795999999999,4.486753000000001e-06,1.9436440000000002e-05,-0.057686421,0.7983842400000001,0.005110496,-0.00015900649999999998,-0.0011100232000000002,8.392045999999999e-07,1.1555611e-05
73,1608909000,2.49991,2.499925,0.001165265,-1.6002020000000001,2.281382,1.451164,2.1382779999999997,2.0461359999999997,0.036379100000000004,1.0638387,1.692623e-05,2.900499e-06,2.7734867000000002e-06,3.6496124999999998e-06,6.178819000000001e-06,7.922369799999999e-06,1.3722615e-05,3.2439514000000005e-05,1.233711,0.015849640000000005,0.00032288655999999997,68.19876000000001,51.31124,8.313917e-05,5.824932,0.02497475,26.225060000000003,0.0029650101200000005,0.00027100683799999997,0.05138541,108.70736,0.0029650101200000005,0.00027100683799999997,0.006694485000000002,58.344374,0.0029650101200000005,0.00027100683799999997,0.0040519430000000006,58.993318,0.0029650101200000005,0.00027100683799999997,0.003909706000000001,3.870305e-06,1.882335e-05,0.018605687000000003,0.29805019,0.005039771999999999,-0.00043038269999999995,-0.0013041681000000001,7.244209e-07,9.878464e-06
73,1608909600,2.2769139999999997,2.276932,-0.0036561289999999997,-1.6119649999999996,2.141314,1.387724,2.029751,1.94346,0.019488369999999998,0.9546352,1.80985e-05,3.964456e-06,4.0294855e-06,5.1824476000000004e-06,8.017922e-06,1.0856969e-05,1.8656555000000004e-05,4.1929909e-05,1.122087,0.01597508,0.00029978819,67.96304,51.46607,7.566980000000001e-05,6.399563,0.02360117,23.292310000000004,0.0025045099600000003,0.000228802551,0.048763390000000004,97.51651,0.0025045099600000003,0.000228802551,0.006474530000000001,47.508159,0.0025045099600000003,0.000228802551,0.0038250800000000002,47.985282,0.0025045099600000003,0.000228802551,0.0038938420000000002,3.492943e-06,1.844223e-05,-0.07092715730000002,2.1102693599999998,0.005817573,-0.0005973322000000001,-0.001450799,7.740063999999998e-07,1.0542506999999999e-05
73,1608910200,1.7319020000000003,1.731917,-0.007952460679999999,-1.628803,1.865645,1.2127000000000001,1.742042,1.6701899999999998,0.02345072,0.7463097,1.855081e-05,4.3464093e-06,4.37913139e-06,5.24705971e-06,7.5405440000000004e-06,9.4994363e-06,1.50459991e-05,3.2158726e-05,0.8513967000000001,0.01432035,0.00015259976,68.25926000000001,51.70558,5.758e-05,6.008978000000001,0.02068384,17.85688,0.0019459306000000002,0.00017766417000000004,0.04254151,74.32521999999999,0.0019459306000000002,0.00017766417000000004,0.006010716,37.497640999999994,0.0019459306000000002,0.00017766417000000004,0.003264421,37.80180700000001,0.0019459306000000002,0.00017766417000000004,0.003864834,2.775416e-06,1.76213e-05,0.018658705999999997,0.285967808,0.004281721,-0.0009540130999999999,-0.0016782819999999997,7.214481e-07,9.200096000000001e-06
73,1608910800,1.8838180000000002,1.8838300000000001,-0.0023009350999999996,-1.563196,2.053787,1.254881,1.884544,1.7932299999999999,0.031121589999999998,0.8263908000000001,1.5782580000000002e-05,1.3798727000000002e-06,1.2810579e-06,1.76968288e-06,3.5049888e-06,4.5228443e-06,8.2608442e-06,2.0735377e-05,0.9272528,0.01440981,0.00020339175999999998,70.53160000000001,51.59415,6.265966999999999e-05,5.881341000000001,0.02131461,19.27927,0.0019345357299999997,0.000176627405,0.04431364,80.59852000000001,0.0019345357299999997,0.000176627405,0.006158767,39.289218,0.0019345357299999997,0.000176627405,0.003453152,39.53021700000001,0.0019345357299999997,0.000176627405,0.003880119,3.0981339999999997e-06,1.799576e-05,-0.002427608,1.2399296,0.007105761999999999,-0.0008439037,-0.0016121400000000002,7.776315e-07,1.0767272999999999e-05
73,1608911400,1.7908909999999998,1.790906,0.0033747800999999996,-1.6193959999999996,1.964761,1.233133,1.787118,1.7101269999999995,0.038275170000000004,0.7990033000000001,1.67638e-05,2.5471827999999994e-06,2.51301955e-06,3.05945437e-06,4.8329997e-06,6.1258771999999995e-06,1.01357762e-05,2.3218322e-05,0.8825721000000002,0.01243551,0.0003840734,68.98737,51.47943,5.9565300000000004e-05,6.069778,0.02095036,18.39042,0.0015026840999999998,0.00013705723399999999,0.0431848,76.8364,0.0015026840999999998,0.00013705723399999999,0.005824905,31.194952,0.0015026840999999998,0.00013705723399999999,0.0031113869999999993,31.257419000000006,0.0015026840999999998,0.00013705723399999999,0.00385338,2.9472769999999997e-06,1.7686e-05,0.0018115710000000008,0.57033073,0.004950875,-0.0008882915999999999,-0.001612119,7.596697999999999e-07,1.0136331e-05
73,1608912000,1.5262540000000002,1.526268,0.007996849,-1.5888849999999999,1.847568,1.1290493,1.682265,1.6012229999999998,0.032591850000000006,0.6706755999999999,1.918274e-05,5.019954199999999e-06,5.169455700000001e-06,6.0246746e-06,8.189443000000001e-06,1.0289730899999999e-05,1.58236869e-05,3.1870856e-05,0.7501459,0.012639590000000001,0.00025458010000000005,67.77806,51.76078,5.072604e-05,6.265360000000001,0.01923429,15.787719999999998,0.0010530401199999998,9.591242269999999e-05,0.03975619,65.599,0.0010530401199999998,9.591242269999999e-05,0.005546107999999999,24.510658,0.0010530401199999998,9.591242269999999e-05,0.002751148,24.200021,0.0010530401199999998,9.591242269999999e-05,0.0038600880000000002,2.645003e-06,1.7441790000000002e-05,0.033000563,2.49063089,0.006311021,-0.0011087577,-0.0017744839999999998,8.158157999999999e-07,1.0788981e-05
73,1608912600,1.1279607999999999,1.1279768,0.011293262,-1.5450620000000002,1.6389120000000001,0.9693493,1.506194,1.403705,0.023735330000000002,0.49044030000000005,1.7716849999999996e-05,3.185346e-06,3.32060796e-06,3.86680219e-06,5.2556359e-06,6.52058193e-06,9.880123600000001e-06,2.0367638000000002e-05,0.5450177,0.018547199999999996,0.000360851,75.06612,53.53943,3.749604e-05,6.164587,0.016472380000000002,11.809033000000001,0.00061224959,5.5525215e-05,0.033966989999999996,47.869150000000005,0.00061224959,5.5525215e-05,0.005214379999999999,14.808273,0.00061224959,5.5525215e-05,0.002271639,14.458084999999997,0.00061224959,5.5525215e-05,0.003845292,2.098761e-06,1.683338e-05,0.0033333509999999996,0.6036165,0.004148981,-0.001411455,-0.002005808,6.836768e-07,8.607743e-06
73,1608913200,1.0123580000000003,1.0123727,0.010851688100000001,-1.565783,1.570249,0.9242056,1.4173930000000001,1.321878,0.02580712,0.4527985,1.628246e-05,1.8441772e-06,1.8937867e-06,2.2860484e-06,3.3846478000000003e-06,4.333877599999999e-06,6.8353852999999994e-06,1.5316096e-05,0.4872605,0.01855069,0.0003303879,75.07186,53.815099999999994,3.364519000000001e-05,6.319611,0.015600530000000001,10.520414,0.00080037482,7.274931899999999e-05,0.03215803,42.61714,0.00080037482,7.274931899999999e-05,0.005332559,17.906346,0.00080037482,7.274931899999999e-05,0.0023543379999999997,17.664442,0.00080037482,7.274931899999999e-05,0.0038532799999999997,2.082758e-06,1.6875990000000002e-05,-0.126061182,4.40699262,0.005823839999999999,-0.001472233,-0.002049142,7.854218999999999e-07,1.0046875e-05
73,1608913800,1.1612564,1.1612703000000002,0.006352313000000001,-1.4353,1.6979389999999999,0.9656241999999999,1.566684,1.460895,0.021170497,0.5047858,1.557659e-05,1.3061622e-06,1.2506750999999998e-06,1.5284236000000001e-06,2.5574609e-06,3.1454051e-06,5.3035273e-06,1.2571152000000001e-05,0.5644937999999999,0.01593952,0.00016585161,73.00677999999999,52.86776999999999,3.862786e-05,6.182021000000001,0.01649622,12.125636,0.0014322300999999999,0.00013064174999999998,0.0345342,49.5591,0.0014322300999999999,0.00013064174999999998,0.005757378999999999,27.955461000000003,0.0014322300999999999,0.00013064174999999998,0.002856907,28.135486000000004,0.0014322300999999999,0.00013064174999999998,0.003827945,2.1662450000000003e-06,1.6755980000000002e-05,0.014094119999999998,0.7953544,0.0049591247,-0.0013472129999999999,-0.001987556,6.910130999999999e-07,8.866505999999999e-06
73,1608914400,1.3681591,1.3681734999999997,0.004569972899999999,-1.4530429999999999,1.7862909999999999,1.0476938000000002,1.67259,1.57096,0.020603083,0.5818295,1.828728e-05,4.1798552e-06,4.218298610000001e-06,4.95886213e-06,6.707685000000001e-06,8.449878199999998e-06,1.2870676499999998e-05,2.6005358999999998e-05,0.6698477,0.013941400000000001,0.00021913836,70.68819,52.16187,4.548035e-05,6.145967999999999,0.01786911,14.105945000000002,0.0007376907000000001,6.694971000000001e-05,0.03746778,58.45895,0.0007376907000000001,6.694971000000001e-05,0.00545393,18.664612999999996,0.0007376907000000001,6.694971000000001e-05,0.00260752,18.343261000000002,0.0007376907000000001,6.694971000000001e-05,0.0038424180000000002,2.3393689999999998e-06,1.702634e-05,-0.020323070399999997,0.7955418999999999,0.004611568,-0.0012577239,-0.0019314879999999999,6.869464e-07,8.797515000000001e-06
73,1608915000,1.0601325000000001,1.0601454,0.003285178300000001,-1.418959,1.6368119999999997,0.9220250000000002,1.497307,1.407306,0.018426491000000003,0.47092709999999993,1.6731080000000002e-05,2.4199515e-06,2.44551414e-06,2.99738172e-06,4.3403306e-06,5.6940167e-06,9.3117877e-06,2.0169589e-05,0.5192800999999999,0.010608972,0.00012714440000000002,70.92254,52.08409,3.523134e-05,6.322374,0.015821629999999996,11.060354999999998,0.0011039504000000002,0.00010055368999999999,0.03322192,45.5578,0.0011039504000000002,0.00010055368999999999,0.005613926,21.97892,0.0011039504000000002,0.00010055368999999999,0.002694992,21.907387,0.0011039504000000002,0.00010055368999999999,0.0038381450000000003,1.9385669999999997e-06,1.6616460000000003e-05,-0.0065028749999999965,3.9892112999999996,0.0054800299999999995,-0.0015172589999999998,-0.002111996,6.917159e-07,9.198850000000001e-06
73,1608915600,1.0949444,1.0949589,0.004496358000000001,-1.398463,1.6514,0.9346784000000001,1.5355599999999998,1.437269,0.017684447000000002,0.4699337,1.571392e-05,1.2127904000000002e-06,1.06022027e-06,1.30574242e-06,2.1896498e-06,2.56309007e-06,4.188496799999999e-06,1.0240402e-05,0.5377957999999999,0.00955847,9.445764999999998e-05,71.03659999999999,51.79512999999999,3.6438629999999996e-05,5.5800790000000005,0.016027770000000004,11.29843,0.0005211539,4.72088199e-05,0.03382405,46.95712,0.0005211539,4.72088199e-05,0.0052233129999999985,13.950446,0.0005211539,4.72088199e-05,0.002289683,13.487952000000002,0.0005211539,4.72088199e-05,0.003846981,1.896016e-06,1.665871e-05,-0.015332886,1.3375948,0.004878418000000001,-0.0015046769999999998,-0.002149935,6.831892000000001e-07,8.732147e-06
73,1608916200,1.1460551999999997,1.1460687,0.013323142,-1.46264,1.643261,0.9643034,1.540996,1.449156,0.023710051999999995,0.49657750000000006,1.6880020000000002e-05,2.6981195e-06,2.7145038500000002e-06,3.26696588e-06,4.645492299999999e-06,5.980600720000001e-06,9.5959895e-06,2.0603575e-05,0.5629843999999999,0.009783575,0.00020752805000000003,69.26515,51.76141,3.809616e-05,6.052372,0.016599680000000002,11.988753999999998,0.0013455064799999998,0.000122737397,0.03468135,49.503859999999996,0.0013455064799999998,0.000122737397,0.005629160999999999,26.299754999999998,0.0013455064799999998,0.000122737397,0.002745427,26.414180999999996,0.0013455064799999998,0.000122737397,0.0038218829999999994,1.992698e-06,1.6553019999999997e-05,-0.20697128,5.365625700000001,0.005563724000000001,-0.001435885,-0.002069379,7.346668e-07,9.396101999999998e-06
73,1608916800,0.8630594,0.8630731,0.0195884,-1.234324,1.527685,0.8031044999999999,1.423206,1.325741,0.016940279,0.3716792,1.6715879999999996e-05,2.4703832e-06,2.5456069000000003e-06,3.0433363e-06,4.2618118e-06,5.6144789e-06,8.887267e-06,1.8863802e-05,0.4222339,0.009114213,0.00013360153,69.78267000000001,52.18735,2.867638e-05,6.400226000000001,0.01417154,9.010113,0.000846727,7.699674999999999e-05,0.029997290000000003,37.101220000000005,0.000846727,7.699674999999999e-05,0.005431901,17.346756,0.000846727,7.699674999999999e-05,0.002436572,17.182631,0.000846727,7.699674999999999e-05,0.003831677,1.682423e-06,1.632345e-05,0.100247541,15.461808399999999,0.006294444499999999,-0.00167839,-0.0022732819999999997,9.883368e-07,1.2176910000000001e-05
73,1608917400,0.6368992,0.6369137,0.0424453,-1.140227,1.407155,0.6790714,1.2573750000000001,1.159123,0.014338437999999998,0.2820472,1.538674e-05,1.0257951e-06,9.742624999999998e-07,1.2352617e-06,1.9312164e-06,2.5189593e-06,4.215889e-06,9.565488e-06,0.30774740000000006,0.010369687999999998,0.0003101896,74.52302,53.4385,2.116789e-05,6.43699,0.012010449999999999,6.640993,0.0006120238000000001,5.550999000000001e-05,0.025540439999999998,26.978549999999995,0.0006120238000000001,5.550999000000001e-05,0.005154674,12.688669999999998,0.0006120238000000001,5.550999000000001e-05,0.0020399599999999995,12.413032,0.0006120238000000001,5.550999000000001e-05,0.003827148,1.398238e-06,1.60033e-05,0.020035149999999998,6.361777999999999,0.007011816,-0.001909683,-0.002411248,8.119253e-07,1.0072173e-05
73,1608918000,0.2935846,0.293599,0.1054284,-0.8777863,1.0474058,0.43781489999999995,0.8920021,0.8108872,0.010333979000000002,0.14431672,1.491144e-05,6.562102e-07,6.0226408e-07,7.382386400000001e-07,1.0840899000000001e-06,1.4131152e-06,2.266413e-06,4.797228299999999e-06,0.13632118,0.010147284000000001,0.0003117116,80.99886000000001,57.97651,9.751218e-06,6.414649,0.007963004000000001,3.0762270000000003,0.00039689406,3.585622149999999e-05,0.01673641,11.927283999999998,0.00039689406,3.585622149999999e-05,0.0047959249999999995,7.908741999999999,0.00039689406,3.585622149999999e-05,0.0014916600000000001,7.657953000000001,0.00039689406,3.585622149999999e-05,0.0038090399999999996,9.478157e-07,1.5418e-05,0.034541746000000005,16.688869200000003,0.007758406,-0.002304879,-0.002678512,8.002361999999999e-07,1.0030172000000001e-05
73,1608918600,0.38295789999999996,0.3829728,0.04682862,-1.1738931999999997,1.121248,0.5373661000000001,0.9705674,0.8906898,0.015340963999999999,0.1810772,1.579022e-05,1.2096488000000002e-06,1.16860919e-06,1.38397398e-06,1.9071254e-06,2.4142983e-06,3.7832275999999994e-06,7.413766e-06,0.1815136,0.009681757,0.0002630963,76.64053,55.338789999999996,1.2717848000000002e-05,6.386441,0.009204368000000001,3.994121,0.00024042748000000004,2.1483618999999997e-05,0.019551309999999995,15.856959999999997,0.00024042748000000004,2.1483618999999997e-05,0.004645407999999999,5.445747,0.00024042748000000004,2.1483618999999997e-05,0.0013685363,5.0585127,0.00024042748000000004,2.1483618999999997e-05,0.0038461230000000008,1.1007700999999999e-06,1.5853879999999996e-05,-0.24903363000000006,16.8511496,0.006946077100000001,-0.002216663,-0.002616748,9.186403999999998e-07,1.1929110999999999e-05
73,1608919200,0.7251553,0.7251699,0.026945590000000002,-1.1551876,1.426244,0.7199139,1.3070268999999999,1.2130495,0.014687759,0.32100730000000005,1.573125e-05,1.3345758e-06,1.25373551e-06,1.52384e-06,2.2421994999999998e-06,2.80679837e-06,4.5876953e-06,9.714985e-06,0.35219649999999997,0.010146092,0.0002102993,74.61224999999999,53.236450000000005,2.410957e-05,5.929743,0.012786923,7.634562,0.00064083344,5.8160023e-05,0.02704823,31.042009999999998,0.00064083344,5.8160023e-05,0.005218575,13.97159,0.00064083344,5.8160023e-05,0.002125706,13.686991999999998,0.00064083344,5.8160023e-05,0.00383149,1.4707180000000002e-06,1.612668e-05,-0.0010963559999999997,1.4471473000000001,0.0039551740000000005,-0.001820761,-0.002356561,6.794407e-07,8.449634999999999e-06
73,1608919800,0.5582255,0.5582399999999998,0.03309848,-1.0266457,1.325629,0.6140249,1.1874740000000001,1.0927833,0.015852261,0.2520234,1.543227e-05,1.2746006999999998e-06,1.3883703e-06,1.62140193e-06,2.2419710999999997e-06,2.9051936000000002e-06,4.588071699999999e-06,9.7340151e-06,0.2690114,0.009863199,0.00021334655999999999,74.18739000000001,53.844100000000005,1.854796e-05,6.360263,0.011302552000000002,5.822889000000001,0.0005711748699999999,5.178456599999999e-05,0.023712119999999996,23.585469999999997,0.0005711748699999999,5.178456599999999e-05,0.00504622,11.637696000000002,0.0005711748699999999,5.178456599999999e-05,0.0019147699999999997,11.400658,0.0005711748699999999,5.178456599999999e-05,0.003801235,1.500771e-06,1.590412e-05,0.20041185600000003,28.3298674,0.008159213700000001,-0.0018849249999999998,-0.0023621469999999998,9.062044999999999e-07,1.1296770000000001e-05
73,1608920400,0.4383685,0.4383829,0.0615096,-0.9944662,1.2048,0.5423311999999999,1.0748948999999999,0.9881547000000002,0.010819448,0.20433059999999997,1.511931e-05,8.049259e-07,9.312806e-07,1.00606972e-06,1.5151047000000002e-06,1.9834208e-06,3.1977974e-06,7.011315000000001e-06,0.2100387,0.00897305,0.0001553573,75.45027999999999,54.29135,1.456754e-05,6.37837,0.010095525,4.596988999999999,0.00043801792,3.959089e-05,0.021114209999999998,18.465099999999996,0.00043801792,3.959089e-05,0.004865447,8.949110999999998,0.00043801792,3.959089e-05,0.001656229,8.682095,0.00043801792,3.959089e-05,0.003795733,1.1834503e-06,1.557036e-05,-0.022238799999999996,1.9429143,0.00391762152,-0.00204701,-0.0024655259999999996,6.383805999999999e-07,8.258377999999999e-06
73,1608921000,0.5756214000000001,0.5756359,0.015014641,-1.1001720000000001,1.300203,0.6361014,1.1952369999999999,1.10891,0.011771505,0.25206910000000005,1.683245e-05,2.5282783999999996e-06,2.7522095999999998e-06,3.0535903999999998e-06,3.9588329000000004e-06,5.0516941e-06,7.511436000000001e-06,1.4416178000000002e-05,0.2789443,0.008708634,0.00011625674000000002,66.19691,53.13507,1.9126720000000002e-05,6.4074290000000005,0.0115058,5.971863,0.00038485787000000005,3.4703694e-05,0.02435309,24.428090000000005,0.00038485787000000005,3.4703694e-05,0.004806674999999999,8.137936999999999,0.00038485787000000005,3.4703694e-05,0.001666805,7.840267,0.00038485787000000005,3.4703694e-05,0.0038088749999999998,1.3688550000000002e-06,1.585619e-05,-0.08576046500000001,2.4245398000000002,0.0040128018,-0.0018933929999999997,-0.0023774520000000004,6.590519000000001e-07,8.456688e-06
73,1608921600,0.5228959000000001,0.5229108,0.14430893,0.8539017000000001,2.3166339999999996,0.5897911,1.1394350000000002,1.0500333,0.061642351,0.6394917,2.426854e-05,8.3449129e-06,8.8503669e-06,9.593796150000001e-06,1.1782493800000001e-05,1.488483583e-05,2.192014306e-05,3.9016967100000004e-05,0.24371710000000002,0.010694473999999999,0.00691262143,76.91959,54.89124,1.7286839999999998e-05,5.982895999999999,0.011129318000000001,10.287061,0.0012026819,0.00010998844,0.02276104,22.342100000000002,0.0012026819,0.00010998844,0.005121905000000001,11.098264,0.0012026819,0.00010998844,0.0019369610000000003,10.691531999999999,0.0012026819,0.00010998844,0.003957851,0.0001110748043,0.00012596445,0.61220124884,148.9331089,0.163952357,-0.001971329,-0.0024270259999999997,0.0004911759735,0.005266946526
73,1608922200,0.513228,0.5132424,0.05250281999999999,-1.0519219999999998,1.2912400000000002,0.5955771999999999,1.149748,1.0620325,0.010757688,0.2295394,1.52531e-05,1.0315112e-06,1.1513086e-06,1.24642126e-06,1.8095338000000004e-06,2.2530873e-06,3.5257891e-06,7.527849e-06,0.24727960000000002,0.009122243,0.0001927165,76.05829,53.64117,1.706242e-05,6.3513280000000005,0.010920388999999999,5.38901,0.00047727835300000003,4.32234535e-05,0.023001630000000002,21.78216,0.00047727835300000003,4.32234535e-05,0.0049382969999999995,10.378482,0.00047727835300000003,4.32234535e-05,0.001773375,10.108736000000002,0.00047727835300000003,4.32234535e-05,0.00379978,1.306458e-06,1.5707e-05,0.0623595106,5.9219772,0.006986372999999999,-0.0019663,-0.002427685,7.802014000000001e-07,9.782013000000001e-06
73,1608922800,0.8689023,0.8689176999999999,0.03790762,-1.156237,1.583186,0.78816,1.44477,1.349329,0.01765733,0.38498979999999994,1.595915e-05,1.9042509000000001e-06,1.9992712999999997e-06,2.26849557e-06,3.2074647999999996e-06,4.03829e-06,6.282119499999998e-06,1.324177e-05,0.42480389999999996,0.009278380999999999,0.0003346242,71.71233000000001,52.31593,2.8885220000000004e-05,6.041691999999999,0.01427697,9.136208,0.0007326399999999999,6.654655000000001e-05,0.03001338,37.371489999999994,0.0007326399999999999,6.654655000000001e-05,0.0052734570000000005,15.12158,0.0007326399999999999,6.654655000000001e-05,0.002285418,14.910229000000001,0.0007326399999999999,6.654655000000001e-05,0.0038043849999999995,1.792558e-06,1.6218420000000002e-05,-0.14251397799999999,7.009098399999999,0.0062247567,-0.0016049869999999998,-0.0021895080000000006,8.304753e-07,1.1069930000000001e-05
73,1608923400,0.7428603,0.7428745,0.0074641078,-1.1937,1.473345,0.7411333999999998,1.328668,1.2322130000000002,0.018392277000000002,0.3341828,1.6313750000000003e-05,2.153785e-06,2.3159383000000006e-06,2.6102891899999998e-06,3.6333140000000004e-06,4.5994787e-06,7.223630499999999e-06,1.4556943e-05,0.36130249999999997,0.009851637,0.00023709960000000002,71.33606999999999,52.747389999999996,2.4687719999999995e-05,6.378432999999999,0.01316935,7.880571999999998,0.0005378843449999999,4.87665485e-05,0.02781125,31.960720000000002,0.0005378843449999999,4.87665485e-05,0.004993334,11.431161,0.0005378843449999999,4.87665485e-05,0.0019331139999999997,11.166799000000001,0.0005378843449999999,4.87665485e-05,0.0038025859999999993,1.6053979999999999e-06,1.601528e-05,0.15933298,10.4130869,0.009672862,-0.00172476,-0.002271317,8.405075e-07,1.0742268999999999e-05
73,1608924000,0.5235828,0.5235974999999999,0.02470815,-1.068846,1.2551260000000002,0.6038824,1.156836,1.063383,0.008568646999999999,0.22721799999999998,1.5297979999999997e-05,1.003832e-06,1.1081813000000002e-06,1.20214539e-06,1.7355616e-06,2.1621595099999997e-06,3.39092914e-06,7.214089699999999e-06,0.25289519999999993,0.008741247,0.00013639837,73.41599000000001,53.41347,1.740729e-05,5.767784999999999,0.011141590000000002,5.488339999999999,0.0005367638699999999,4.863942900000001e-05,0.02326425,22.23172,0.0005367638699999999,4.863942900000001e-05,0.005051807,11.325371999999998,0.0005367638699999999,4.863942900000001e-05,0.0018999009999999996,11.077739,0.0005367638699999999,4.863942900000001e-05,0.0037925199999999997,1.2739080000000002e-06,1.5640520000000002e-05,-0.007422516199999998,1.0071448,0.003268916,-0.0019472330000000003,-0.002412655,7.057988999999999e-07,8.234302e-06
73,1608924600,0.6097254000000001,0.6097398,0.03763092,-1.156645,1.318726,0.6664194999999999,1.2333380000000003,1.1408219999999998,0.008735306000000002,0.26076059999999995,1.52383e-05,1.0827864e-06,1.1636593000000001e-06,1.23892021e-06,1.7983178e-06,2.1309693500000004e-06,3.2509321e-06,6.7128389999999995e-06,0.2963093,0.008417232,0.00011794271999999999,73.06105,52.82862,2.028445e-05,5.744988,0.012179470000000001,6.342441999999999,0.00038692467,3.49695027e-05,0.02514229,25.952930000000002,0.00038692467,3.49695027e-05,0.0048410910000000005,9.106260999999998,0.00038692467,3.49695027e-05,0.0017262162,8.791787699999999,0.00038692467,3.49695027e-05,0.003791987,1.377288e-06,1.5738389999999998e-05,-0.006280986999999999,2.3485690000000004,0.0036684439,-0.0018602620000000001,-0.002359894,7.168323000000001e-07,8.940956e-06
73,1608925200,0.4099798,0.4099939,0.06189099,-1.005264,1.1782860000000002,0.5300199,1.0417812,0.9536551000000001,0.009948878999999999,0.18911050000000001,1.5116869999999999e-05,8.777355999999999e-07,9.825559099999999e-07,1.04911056e-06,1.4837958999999998e-06,1.83547783e-06,2.7636398e-06,5.701313999999999e-06,0.1958089,0.009032004,0.00013350173000000002,76.30525,54.589909999999996,1.3628609999999998e-05,6.042993000000001,0.00985776,4.278824999999999,0.0005870554999999999,5.3253899999999995e-05,0.02039129,17.180869999999995,0.0005870554999999999,5.3253899999999995e-05,0.004987148000000001,11.143808,0.0005870554999999999,5.3253899999999995e-05,0.001769951,10.953012,0.0005870554999999999,5.3253899999999995e-05,0.0037867870000000007,1.1431942e-06,1.5464000000000003e-05,-0.0417189012,2.4355868000000003,0.0040468644,-0.002071273,-0.0024897590000000002,6.990462e-07,8.187405e-06
73,1608925800,0.5698915,0.5699061,0.02975207,-1.0792018999999997,1.3395800000000002,0.6289649,1.195238,1.0993461999999998,0.016087548,0.26571770000000006,1.572328e-05,1.4052151e-06,1.5833243e-06,1.8145472399999998e-06,2.6440495e-06,3.4307799e-06,5.5555914e-06,1.1977440000000001e-05,0.2766792,0.008101274,0.00013568777999999998,71.7046,53.04777,1.893208e-05,6.438849,0.011545652,5.952533,0.0005512656900000001,4.9955426e-05,0.024174059999999997,24.273130000000002,0.0005512656900000001,4.9955426e-05,0.005103618999999999,12.022419000000001,0.0005512656900000001,4.9955426e-05,0.001950831,11.734622,0.0005512656900000001,4.9955426e-05,0.0038165350000000002,1.5011219999999999e-06,1.602813e-05,-0.41627288,15.5202172,0.00699926,-0.0018626579999999997,-0.002350537,8.472577e-07,1.1093227000000001e-05
73,1608926400,0.5118262,0.5118408999999999,0.018846659999999998,-1.0531324999999998,1.2643900000000001,0.5968306000000001,1.1353845000000002,1.0445205,0.01341339,0.2268252,1.527748e-05,6.937737000000001e-07,8.036742e-07,8.053318399999998e-07,1.2366737e-06,1.49227385e-06,2.37743557e-06,5.290198e-06,0.24631459999999997,0.009410376,0.00017490675,77.36231000000001,53.96469999999999,1.702541e-05,5.751130999999999,0.010788658000000001,5.3401510000000005,0.00051431218,4.6569674999999994e-05,0.02278954,21.56503,0.00051431218,4.6569674999999994e-05,0.004979461,10.345790000000001,0.00051431218,4.6569674999999994e-05,0.0017881009999999998,10.129499,0.00051431218,4.6569674999999994e-05,0.003837094,1.408212e-06,1.6091650000000004e-05,0.08934553420000002,15.307139000000003,0.006969744999999999,-0.001951619,-0.002415076,9.266526000000002e-07,1.1643161e-05
73,1608927000,0.5249306999999999,0.5249454,0.0241566,-0.9322923,1.339729,0.5872097000000001,1.183724,1.0780441,0.014257488000000002,0.2392747,1.569811e-05,1.2219652800000002e-06,1.4096197e-06,1.4972123799999998e-06,2.1119286e-06,2.660112e-06,4.1580156e-06,8.681292699999999e-06,0.2483599,0.01384713,0.00023553744,78.09073000000001,55.59381,1.744275e-05,6.398423,0.010907902,5.541448,0.00049094665,4.4440389e-05,0.022937859999999997,21.85713,0.00049094665,4.4440389e-05,0.004919850000000001,10.117304,0.00049094665,4.4440389e-05,0.0017413590000000003,9.850388,0.00049094665,4.4440389e-05,0.003817967,1.4387969999999998e-06,1.5991760000000002e-05,-0.062169169999999996,3.3085584,0.0043501374,-0.0018823280000000002,-0.002350575,7.633986e-07,9.085191000000001e-06
73,1608927600,0.5072957,0.5073101,0.05617818000000001,-0.9053911000000001,1.314453,0.5747914999999999,1.1861609999999998,1.0767715,0.009667868999999999,0.2287978,1.566101e-05,1.356267e-06,1.5636437000000003e-06,1.7174722e-06,2.4256470000000004e-06,3.1737533000000004e-06,5.1161745e-06,1.0637643999999998e-05,0.23863149999999997,0.01476899,0.00021992599999999998,76.97528,55.95921,1.684366e-05,6.604846,0.010751277,5.312245999999999,0.00056998702,5.1690686999999994e-05,0.02256097,20.96238,0.00056998702,5.1690686999999994e-05,0.005051557,11.530133,0.00056998702,5.1690686999999994e-05,0.001873739,11.302497,0.00056998702,5.1690686999999994e-05,0.0038037270000000007,1.381626e-06,1.5816030000000004e-05,-0.016631258000000003,7.2454137,0.0056692545,-0.001937204,-0.0023944540000000003,8.594627e-07,1.0132432e-05
73,1608928200,0.5275288,0.5275432999999999,0.02954417,-0.9879846999999999,1.312951,0.5988184000000001,1.1824105,1.0705836999999998,0.013566664,0.23811350000000003,1.5768e-05,1.3621545399999997e-06,1.5339182000000002e-06,1.6326773899999998e-06,2.2310067e-06,2.77960807e-06,4.2290024e-06,8.664916499999999e-06,0.2511767,0.01231554,0.00024868920000000003,78.01729,54.864560000000004,1.753096e-05,6.255019,0.010828239,5.480669999999999,0.0005157499,4.669548999999999e-05,0.02302995,21.941380000000002,0.0005157499,4.669548999999999e-05,0.00507509,11.106891999999998,0.0005157499,4.669548999999999e-05,0.0019080540000000004,10.812102999999999,0.0005157499,4.669548999999999e-05,0.003826442,1.492406e-06,1.609545e-05,-0.3639242844,28.929054200000003,0.007249884400000001,-0.0019172960000000002,-0.002381171,8.947375999999999e-07,1.1374898999999999e-05
73,1608928800,0.5393514,0.5393665000000001,0.026164490000000002,-1.0198435,1.304776,0.6081348,1.1866120000000002,1.090983,0.010173889,0.2353616,1.5691989999999997e-05,1.1583392e-06,1.3475157e-06,1.4483212100000002e-06,2.1090652e-06,2.7291481999999998e-06,4.3539351e-06,9.414028e-06,0.2584954,0.010916051999999999,0.00024064430000000003,74.03308999999999,54.14807,1.7926579999999997e-05,6.304698999999999,0.0111593,5.671262,0.000557016339,5.051913330000001e-05,0.023529139999999997,22.75569,0.000557016339,5.051913330000001e-05,0.005036901000000001,11.358551300000002,0.000557016339,5.051913330000001e-05,0.0018469493,11.1251864,0.000557016339,5.051913330000001e-05,0.0038357210000000003,1.4385260000000002e-06,1.613577e-05,0.016046544000000003,1.7105402,0.0030964348999999998,-0.0018892930000000002,-0.0023604439999999997,6.911005e-07,8.430010000000001e-06
73,1608929400,0.45227190000000006,0.4522867999999999,0.06136043000000001,-1.0430135999999999,1.217287,0.5602019,1.087833,0.9955422000000003,0.014755306,0.2146706,1.541248e-05,7.269749e-07,8.638017000000001e-07,8.355941699999999e-07,1.2403553e-06,1.44672097e-06,2.1962981000000004e-06,4.750494000000001e-06,0.21747170000000002,0.008479605,0.00017190990000000002,76.85882999999998,53.8986,1.504599e-05,5.928583,0.010415559000000001,4.775854,0.0005015954,4.54016e-05,0.02150996,19.17685,0.0005015954,4.54016e-05,0.004965881,10.004124999999998,0.0005015954,4.54016e-05,0.0017111910000000001,9.796323,0.0005015954,4.54016e-05,0.003853378,1.424895e-06,1.622305e-05,-0.076111128,30.8725856,0.009225082,-0.0020025760000000003,-0.0024419719999999997,8.084146e-07,1.0320676999999998e-05
73,1608930000,0.4676628000000001,0.4676774999999999,0.05981051,-1.022892,1.2358495,0.5665696,1.1067721000000001,1.008182,0.014898540000000002,0.21612879999999998,1.4935080000000002e-05,4.289270000000001e-07,5.98341e-07,6.2735721e-07,1.1571623999999999e-06,1.5782687899999999e-06,2.8895353999999997e-06,6.956556e-06,0.22461710000000004,0.009039231999999998,0.00016060850000000003,76.81807,54.11296,1.5533974e-05,6.2580800000000005,0.010531424999999999,4.907857,0.0004178421,3.7729458e-05,0.02178929,19.74529,0.0004178421,3.7729458e-05,0.004952876,9.064719,0.0004178421,3.7729458e-05,0.0017353860000000002,8.767961000000001,0.0004178421,3.7729458e-05,0.0038204849999999998,1.2952352000000001e-06,1.5873480000000002e-05,-0.016572348000000004,1.1116325999999999,0.0033127889,-0.001993774,-0.0024222719999999996,6.259924999999999e-07,8.049329e-06
73,1608930600,0.42849440000000005,0.42850900000000003,0.062756,-1.0160266,1.168949,0.5405536,1.0601958999999999,0.9718052,0.012183231,0.1915711,1.5691190000000002e-05,1.2118309e-06,1.3847428e-06,1.5562943499999999e-06,2.0758599999999996e-06,2.6557544e-06,4.1806987999999995e-06,8.4549952e-06,0.2055067,0.008564591,0.00015326419999999998,73.74352,54.19598,1.423629e-05,6.428561,0.010010029,4.502712,0.00040242237000000003,3.6343207399999993e-05,0.02087891,18.07492,0.00040242237000000003,3.6343207399999993e-05,0.00483916,8.296211000000001,0.00040242237000000003,3.6343207399999993e-05,0.0015838298,8.0128337,0.00040242237000000003,3.6343207399999993e-05,0.0038343580000000004,1.3573659999999998e-06,1.603884e-05,-0.044162310999999996,2.34489695,0.004210772,-0.0019772759999999996,-0.002405183,6.984287e-07,8.69966e-06
73,1608931200,0.4289951,0.4290095,0.06577838,-0.9855513,1.1674105000000001,0.5316928,1.0407319000000002,0.9550418,0.012912813,0.2028853,1.5220280000000003e-05,8.425781499999999e-07,1.0028892e-06,1.13257695e-06,1.6301247e-06,2.1457774e-06,3.5357748999999997e-06,7.649492500000001e-06,0.20607629999999996,0.008244926999999999,0.0001575587,77.547,54.55832,1.4255153e-05,6.52945,0.009857154,4.568907,0.00044762803,4.0479635999999996e-05,0.020617439999999997,18.26845,0.00044762803,4.0479635999999996e-05,0.004918154000000001,9.7338553,0.00044762803,4.0479635999999996e-05,0.0016819769000000003,9.4258409,0.00044762803,4.0479635999999996e-05,0.003803661,1.3288890000000002e-06,1.5771479999999998e-05,0.011376548999999998,2.0202067,0.004515364,-0.001975567,-0.0024000349999999996,6.846599e-07,8.333111e-06
73,1608931800,0.5581593,0.5581737,0.026169424999999996,-1.0694541999999998,1.318014,0.6242829999999999,1.1871360000000002,1.095108,0.017245564999999997,0.24899559999999998,1.525327e-05,8.625694999999999e-07,1.0082256e-06,1.13068872e-06,1.6294348999999998e-06,2.06909523e-06,3.3605745e-06,7.4949296000000015e-06,0.26957060000000005,0.009311278,0.00017935922000000002,75.98332,53.493539999999996,1.855082e-05,6.106237999999999,0.011455509999999999,5.807878,0.0006275033000000001,5.696118800000001e-05,0.02391415,23.594150000000003,0.0006275033000000001,5.696118800000001e-05,0.005129003000000001,13.149738000000003,0.0006275033000000001,5.696118800000001e-05,0.001982077,12.958115000000001,0.0006275033000000001,5.696118800000001e-05,0.003826015,1.821735e-06,1.633765e-05,-0.14545259,6.1086517,0.006540149,-0.0017500290000000002,-0.0022578900000000002,9.596207e-07,1.1029356999999999e-05
73,1608932400,0.4948333,0.4948481,0.03406941,-1.0345577000000001,1.2457129999999998,0.5837019000000001,1.1291224999999998,1.039119,0.009481749000000001,0.2189339,1.569639e-05,1.016311e-06,1.1432912899999999e-06,1.2553568800000002e-06,1.7469952999999999e-06,2.0696636300000003e-06,3.2635453999999997e-06,6.6829962e-06,0.23776619999999998,0.009384457000000002,0.0002477102,77.24186,54.00748,1.6445989999999997e-05,6.130540000000001,0.010835253999999999,5.171066000000001,0.00042906226,3.8750004e-05,0.022437499999999996,20.81757,0.00042906226,3.8750004e-05,0.004969605,9.455369000000001,0.00042906226,3.8750004e-05,0.0017445210000000002,9.112485000000001,0.00042906226,3.8750004e-05,0.0038511279999999997,1.4624e-06,1.627707e-05,0.002722289999999998,0.6637967999999999,0.003484574,-0.001902069,-0.002356022,6.957446e-07,8.377131000000001e-06
73,1608933000,0.667525,0.6675397,0.027069129999999997,-1.1006757999999999,1.435544,0.6847004999999999,1.2774379999999999,1.1798235,0.0211584,0.3065001,1.5688359999999998e-05,1.1150930000000002e-06,1.20872394e-06,1.4155898000000001e-06,2.0069453e-06,2.4535594999999997e-06,3.9491109e-06,8.637333e-06,0.3246738,0.008824817,0.0002421945,73.47970999999998,52.87849,2.2195589999999997e-05,6.034459,0.012593435,7.018602,0.0007038869,6.392025e-05,0.0261556,28.52871,0.0007038869,6.392025e-05,0.005273593,14.426818,0.0007038869,6.392025e-05,0.002148933,14.200695999999999,0.0007038869,6.392025e-05,0.003844033,1.7977360000000003e-06,1.651787e-05,-0.12485594780999998,28.666661799999996,0.0093875423,-0.001740015,-0.0022492560000000003,1.0964904999999998e-06,1.3803518000000002e-05
73,1608933600,0.8111995999999999,0.8112142999999999,0.02348157,-1.16829,1.5365350000000002,0.7684996000000001,1.411356,1.305151,0.013933197,0.3492685,1.5598010000000003e-05,1.0964430000000001e-06,1.19898351e-06,1.3746195e-06,2.1290285e-06,2.65563997e-06,4.4139004e-06,1.0241053e-05,0.3958637,0.009546657000000002,0.00016538029999999999,73.69095999999999,52.41669,2.696632e-05,6.115332,0.014034239999999998,8.479683999999999,0.0006935744799999999,6.29966827e-05,0.029092300000000005,34.77902,0.0006935744799999999,6.29966827e-05,0.005325737,15.529194,0.0006935744799999999,6.29966827e-05,0.002257787,15.321385000000001,0.0006935744799999999,6.29966827e-05,0.003850717,1.888491e-06,1.66638e-05,0.04069751,6.2700369,0.007223296999999999,-0.001634134,-0.002171623,8.111376e-07,1.0164104e-05
73,1608934200,0.6495134,0.6495280999999999,0.02471007,-1.0509238,1.443981,0.6668268,1.278076,1.1749109999999998,0.015610992,0.2976065,1.60961e-05,1.5434107000000002e-06,1.6683779e-06,1.89487695e-06,2.5691797e-06,3.1087233000000006e-06,4.8150175e-06,9.587371e-06,0.31404069999999995,0.010451406,0.00023793059999999998,73.69711,53.42705000000001,2.1592520000000002e-05,5.8838,0.01239643,6.885883,0.00042400871000000006,3.8305076e-05,0.025797749999999998,27.75182,0.00042400871000000006,3.8305076e-05,0.00483309,8.574647,0.00042400871000000006,3.8305076e-05,0.0016807801,8.249499,0.00042400871000000006,3.8305076e-05,0.003844231,1.655757e-06,1.639679e-05,-0.006949125000000002,1.664543,0.00510941,-0.001747152,-0.0022696900000000004,7.961472999999999e-07,9.719782e-06
73,1608934800,0.7308095000000001,0.7308234999999998,0.03296533,-1.1169346,1.4745449999999998,0.7171505999999999,1.343141,1.2358870000000002,0.021717008,0.3297257,1.558834e-05,1.2262863999999998e-06,1.3691246e-06,1.653912e-06,2.4389310000000003e-06,3.2496671000000005e-06,5.4915004e-06,1.2229776999999998e-05,0.35587030000000003,0.009260855,0.00024469,73.58441,52.78832,2.4281679999999997e-05,6.358486000000001,0.01298045,7.655482999999999,0.0009195704000000001,8.368894000000001e-05,0.027387250000000002,31.23591,0.0009195704000000001,8.368894000000001e-05,0.005482126000000001,18.71542,0.0009195704000000001,8.368894000000001e-05,0.002413631,18.59735,0.0009195704000000001,8.368894000000001e-05,0.003825916,1.7358820000000001e-06,1.6338129999999997e-05,-0.16581851,3.5463154,0.0045230298,-0.0017023770000000001,-0.00221647,7.150545000000001e-07,8.860977999999998e-06
73,1608935400,0.7926259000000001,0.7926406,0.04273633,-1.146599,1.5172980000000003,0.7493415999999999,1.385705,1.285464,0.02110415,0.3503122,1.5777e-05,1.363479e-06,1.5219466e-06,1.8664398999999997e-06,2.9012794e-06,3.9441551e-06,6.788327300000001e-06,1.4977932000000002e-05,0.3878381,0.008186143,0.0002544257,71.40196999999999,52.24759,2.633197e-05,6.4513810000000005,0.013670350000000001,8.37974,0.0009682735000000001,8.814528000000001e-05,0.02860701,34.240930000000006,0.0009682735000000001,8.814528000000001e-05,0.005532195,19.62575,0.0009682735000000001,8.814528000000001e-05,0.002469045,19.55232,0.0009682735000000001,8.814528000000001e-05,0.003836046,1.8750060000000002e-06,1.653482e-05,-0.013958467300000003,3.633337,0.007935958,-0.0016244649999999999,-0.0021695200000000003,7.885027999999999e-07,9.921417000000001e-06
73,1608936000,0.502454,0.5024688000000002,0.05921845000000001,-1.0877269999999999,1.2484890000000002,0.5950472,1.1285960000000002,1.0419698,0.016587519999999998,0.2290242,1.523262e-05,7.030251e-07,7.734174e-07,8.647379299999999e-07,1.2791674e-06,1.5733796000000002e-06,2.5296669000000003e-06,5.682383e-06,0.24342950000000002,0.0076244200000000015,0.00015926040000000002,74.8622,53.13868,1.671002e-05,6.060506999999999,0.010981639999999997,5.273267,0.00037442920900000005,3.3804476199999995e-05,0.022774689999999997,21.42248,0.00037442920900000005,3.3804476199999995e-05,0.0048528849999999995,8.438331000000002,0.00037442920900000005,3.3804476199999995e-05,0.001643285,8.076839999999999,0.00037442920900000005,3.3804476199999995e-05,0.0038256329999999997,1.3899000000000002e-06,1.6003510000000004e-05,-0.0399970333,1.4508908,0.0038327707999999995,-0.0019333910000000002,-0.002380412,6.797201999999999e-07,8.533019999999999e-06
73,1608936600,0.6465126,0.6465267,0.033888710999999995,-1.212752,1.3599419999999998,0.6861922999999999,1.2232115000000001,1.1321218,0.017291296999999997,0.290493,1.538749e-05,1.0200599e-06,1.05712878e-06,1.28254428e-06,1.8475047e-06,2.2402033e-06,3.5948389e-06,7.802599e-06,0.3166319,0.006467337999999999,0.00013724769999999998,72.24100999999999,52.24829999999999,2.150481e-05,5.864149,0.012205174000000001,6.687219999999999,0.000594434268,5.3948461599999996e-05,0.02562815,27.625999999999998,0.000594434268,5.3948461599999996e-05,0.0050750990000000005,12.123620200000001,0.000594434268,5.3948461599999996e-05,0.0019606674000000003,11.889025900000002,0.000594434268,5.3948461599999996e-05,0.0038292630000000003,1.772668e-06,1.638845e-05,-0.38347342700000003,11.926753599999998,0.0063115,-0.001679701,-0.002197895,8.469926999999999e-07,1.0945111e-05
73,1608937200,0.8190527,0.8190674999999998,0.0009933869999999994,-1.3042880000000001,1.4843709999999999,0.7891291,1.3422040000000002,1.263826,0.020411939999999996,0.3652119,1.612202e-05,1.5696874e-06,1.6607124799999998e-06,2.0907111999999997e-06,2.9987227e-06,3.9111901e-06,6.4503214000000004e-06,1.4240752999999999e-05,0.4035127,0.005843177999999999,0.00013595818,69.86117,51.52124,2.7225760000000003e-05,6.300694999999999,0.013838819999999998,8.542142,0.0006598651,5.986946e-05,0.029223230000000006,35.408989999999996,0.0006598651,5.986946e-05,0.005270379,14.566782,0.0006598651,5.986946e-05,0.0022211089999999998,14.299007,0.0006598651,5.986946e-05,0.0038453460000000004,1.8621e-06,1.660422e-05,-0.003405524,2.9511132000000004,0.005395397999999999,-0.001608776,-0.0021600640000000006,7.197713e-07,9.229885e-06
73,1608937800,0.9009687,0.9009829,-0.024686885000000002,-1.249409,1.5425330000000002,0.8206095000000001,1.427369,1.332301,0.012645436000000001,0.3846112,1.7105190000000003e-05,2.7271363e-06,2.8976752e-06,3.5039670999999995e-06,4.7175273000000005e-06,6.1287779e-06,9.6728033e-06,1.985422e-05,0.44204939999999987,0.00811169,0.0002711595,67.95553,51.90923,2.9937239999999998e-05,6.470127000000001,0.014406760000000001,9.293625,0.0008086984,7.350138e-05,0.030574070000000002,38.58883999999999,0.0008086984,7.350138e-05,0.005500312,17.818040000000003,0.0008086984,7.350138e-05,0.0024969579999999996,17.580109,0.0008086984,7.350138e-05,0.0038449380000000004,1.94185e-06,1.668123e-05,0.02939598,0.7128911,0.004147894000000001,-0.001526596,-0.002119746,6.499007000000001e-07,8.496007e-06
73,1608938400,1.0083932,1.0084072000000002,0.031924749999999995,-1.258501,1.6864649999999997,0.8688079999999999,1.525472,1.414956,0.030587863,0.4494339,1.58344e-05,1.4079042e-06,1.507671e-06,1.8419198400000003e-06,2.9074990000000003e-06,3.80448986e-06,6.725352379999999e-06,1.6131398e-05,0.495263,0.008686448000000001,0.00021157240000000001,71.71864,51.838499999999996,3.351999e-05,5.871352,0.015396329999999996,10.615598000000002,0.0008254431,7.503031e-05,0.032377829999999996,43.459939999999996,0.0008254431,7.503031e-05,0.005395808,17.368443000000003,0.0008254431,7.503031e-05,0.002434711,17.199972,0.0008254431,7.503031e-05,0.003856724,2.6330799999999997e-06,1.7299119999999996e-05,0.0382597735,41.06112710000001,0.021442494,-0.0014368590000000002,-0.0020574779999999997,2.4536957e-06,2.9387224e-05
73,1608939000,0.9078397,0.9078554000000001,0.026126381999999997,-1.2810929999999998,1.55551,0.8299564,1.4451450000000001,1.348053,0.014270396,0.394532,1.62569e-05,2.1610675e-06,2.1882017000000003e-06,2.8076181e-06,3.6537667999999995e-06,4.6340759999999996e-06,7.321074e-06,1.5283245e-05,0.44370089999999995,0.009981747000000001,0.0001977466,71.86832,52.3516,3.017696e-05,6.327375999999999,0.014526639999999999,9.552471,0.0008910507199999999,8.108502899999999e-05,0.030695290000000004,39.10412,0.0008910507199999999,8.108502899999999e-05,0.005298363000000001,17.624517,0.0008910507199999999,8.108502899999999e-05,0.002314286,17.471312,0.0008910507199999999,8.108502899999999e-05,0.0038174159999999997,2.00074e-06,1.6516899999999998e-05,-0.011146810000000002,0.9841976999999998,0.0050207590000000005,-0.001510259,-0.0020761840000000004,7.010766e-07,8.861232e-06
73,1608939600,0.3970596,0.39707410000000004,0.0267589748,-1.418181,1.0574204999999999,0.5625971999999999,0.9250039000000001,0.8438884,0.016648996,0.1914102,1.512066e-05,7.6583486e-07,7.7340765e-07,1.1923166e-06,1.3766841e-06,1.7736675000000001e-06,2.8261817000000003e-06,6.2590443e-06,0.18781140999999998,0.010534186999999999,0.0001685188,78.56184999999999,56.06376,1.3191962000000003e-05,6.212435,0.009558704999999999,4.17783,0.0007302496439999999,6.641376179999998e-05,0.019741669999999996,16.524194,0.0007302496439999999,6.641376179999998e-05,0.005039385999999999,13.350193,0.0007302496439999999,6.641376179999998e-05,0.0017951729,13.274093999999996,0.0007302496439999999,6.641376179999998e-05,0.003802842,1.3336499e-06,1.575363e-05,0.031675139,6.322994580000001,0.007090244,-0.00198834,-0.002392558,7.573282999999999e-07,9.452694e-06
73,1608940200,0.3034234,0.3034383,0.010930962999999998,-1.575857,0.9106774,0.5085657,0.7829488999999998,0.7023965,0.011511212000000002,0.14585845,1.54235e-05,8.566927e-07,8.7211739e-07,1.1993809e-06,1.3876772999999999e-06,1.6986876999999998e-06,2.5910538e-06,5.260054999999999e-06,0.13880184,0.012698389999999999,0.00019684479999999998,78.57433,58.987049999999996,1.0082103000000001e-05,6.3617539999999995,0.008632853,3.240484,0.00041839444,3.7808455999999995e-05,0.01715099,12.28908,0.00041839444,3.7808455999999995e-05,0.004739480999999999,8.055215999999998,0.00041839444,3.7808455999999995e-05,0.0013974319,7.800070000000001,0.00041839444,3.7808455999999995e-05,0.003828376,1.0438540999999998e-06,1.5673819999999997e-05,-0.007962385,4.479463300000001,0.005082154,-0.002210566,-0.002579691,7.378473e-07,8.639334e-06
73,1608940800,0.5254852999999999,0.5254999,-0.02927553,-1.662705,1.0516069,0.6704798,0.9204646000000001,0.8520636999999999,0.022668075,0.2522139,1.531191e-05,6.864711000000001e-07,6.924536899999999e-07,1.0115530000000002e-06,1.5025768999999999e-06,2.0473852999999997e-06,3.6128750999999996e-06,8.306485000000001e-06,0.2516898,0.010854148999999999,0.00018026189999999998,75.69538,54.65044999999999,1.7459245e-05,6.360461,0.01170246,5.602068999999999,0.0005871032599999999,5.33221981e-05,0.02296049,22.333455999999998,0.0005871032599999999,5.33221981e-05,0.004908349,12.0445824,0.0005871032599999999,5.33221981e-05,0.0016702794,11.8324025,0.0005871032599999999,5.33221981e-05,0.003857633,1.3460021999999998e-06,1.614613e-05,0.07760681,20.338338299999997,0.011429571999999999,-0.0020579119999999994,-0.002491717,9.56665e-07,1.1758395e-05
73,1608941400,0.49668049999999997,0.4966953,-0.018940919,-1.738202,0.9997427,0.6627149999999999,0.8735141000000001,0.8297127000000002,0.015117282999999999,0.2295413,1.530884e-05,5.915692e-07,5.6419652e-07,7.729842599999999e-07,1.0989529e-06,1.7170536100000001e-06,2.2529412e-06,5.255465e-06,0.23676819999999998,0.011372526999999999,0.00018683559999999998,79.34302,54.632540000000006,1.6513670000000002e-05,6.040663,0.011398130000000001,5.23815,0.00053576169,4.8558166000000006e-05,0.02249378,20.846449999999997,0.00053576169,4.8558166000000006e-05,0.004824461,9.637941000000001,0.00053576169,4.8558166000000006e-05,0.0015880196999999998,9.4436575,0.00053576169,4.8558166000000006e-05,0.003855546,1.514018e-06,1.632635e-05,0.06792441499999999,4.980917,0.006654368000000001,-0.0019142883000000002,-0.0023521949999999996,8.154325000000001e-07,1.0249283e-05
73,1608942000,0.844472,0.8444860000000001,-0.026667794,-1.6382679999999996,1.339127,0.8494414000000001,1.196812,1.130773,0.031062998,0.3969964,1.527494e-05,7.310682999999999e-07,6.3008276e-07,8.831186e-07,1.3748815e-06,1.5471506e-06,2.5511538e-06,6.442621e-06,0.4088399,0.013196599999999998,0.0001847645,76.65999000000001,53.212469999999996,2.8092149999999995e-05,5.752597000000001,0.014935319999999998,9.002543,0.00081472195,7.415047870000001e-05,0.029543140000000002,36.22381,0.00081472195,7.415047870000001e-05,0.005097117,16.9272627,0.00081472195,7.415047870000001e-05,0.0020292839,16.7531696,0.00081472195,7.415047870000001e-05,0.003858787,2.011332e-06,1.67535e-05,0.07794707,5.013601,0.007040396000000002,-0.0015680350000000002,-0.0021444100000000002,8.509805e-07,1.0102903999999999e-05
73,1608942600,1.4940865000000003,1.4941014,-0.014720645999999999,-1.6819870000000001,1.6678260000000003,1.1233807,1.525809,1.471172,0.0449192,0.6857472,1.6605339999999998e-05,2.1200416e-06,2.0318079300000004e-06,2.6487639e-06,3.9733351e-06,4.9904447999999996e-06,8.4012306e-06,1.9040008000000003e-05,0.7323157,0.01447597,0.0002068567,70.99046999999999,52.12936,4.968812e-05,5.992249,0.01940042,15.498796000000002,0.0020466540599999995,0.00018700303410000002,0.039038250000000004,64.09602,0.0020466540599999995,0.00018700303410000002,0.005807746,37.990887799999996,0.0020466540599999995,0.00018700303410000002,0.002972735,38.3252638,0.0020466540599999995,0.00018700303410000002,0.003877397,2.732456e-06,1.761115e-05,0.06373413,3.20746077,0.009228931999999999,-0.0010859053,-0.001769308,7.635369e-07,9.974208999999998e-06
73,1608943200,1.671071,1.6710850000000002,-0.0009981795000000003,-1.6289989999999999,1.8219560000000001,1.189655,1.698725,1.63595,0.03422338999999999,0.7287988,1.6232699999999998e-05,2.1061657e-06,2.0567821e-06,2.887322e-06,4.5320327000000004e-06,6.1205212e-06,1.07908606e-05,2.4884161e-05,0.8243663,0.010869467,0.0002440785,68.68605,51.37205,5.5549209999999994e-05,6.080521000000001,0.02058912,17.63026,0.00118366961,0.00010783667,0.04200348,72.79861,0.00118366961,0.00010783667,0.005782396,27.844189999999998,0.00118366961,0.00010783667,0.002994784,27.6572,0.00118366961,0.00010783667,0.0038612269999999996,2.9340390000000002e-06,1.7708e-05,0.005592717000000001,0.45622100000000004,0.004704443,-0.0009090486,-0.001639536,7.670506999999999e-07,9.154661e-06
73,1608943800,1.4069861,1.4070041,-0.0005639199999999999,-1.6569379999999998,1.650725,1.08872,1.518608,1.4633704,0.031889539999999994,0.6231957,1.6337269999999998e-05,1.7866973e-06,1.63667085e-06,2.0225537e-06,3.0099095e-06,3.4707308e-06,5.4356806e-06,1.2338873000000001e-05,0.691097,0.01222212,0.0001438013,73.00283,52.12006,4.6818080000000004e-05,5.837679,0.018737109999999998,14.789689999999998,0.0008506588600000002,7.741176650000001e-05,0.038041099999999994,60.90619,0.0008506588600000002,7.741176650000001e-05,0.005258206999999999,20.401591,0.0008506588600000002,7.741176650000001e-05,0.0023798039,20.1104317,0.0008506588600000002,7.741176650000001e-05,0.0038651750000000006,2.4454909999999997e-06,1.7281530000000003e-05,0.029348259999999998,1.7389406099999998,0.007412108999999998,-0.0011886545,-0.0018602229999999998,7.510972999999999e-07,1.010799e-05
73,1608944400,0.6498609999999999,0.6498756,-0.01677015,-1.668459,1.2098969000000002,0.7491771,1.0484577,0.982043,0.02725702,0.31116059999999995,1.5902609999999996e-05,1.3847179e-06,1.41246423e-06,1.773367e-06,2.3855129999999996e-06,3.0234200999999998e-06,4.772189799999999e-06,1.0115414e-05,0.3062486,0.01852636,0.00012921295,78.85319,55.94917,2.159852e-05,6.251329,0.01316166,6.956436999999999,0.00037599437,3.3899147000000004e-05,0.025562300000000003,27.253089999999997,0.00037599437,3.3899147000000004e-05,0.004828817000000001,9.2313639,0.00037599437,3.3899147000000004e-05,0.0016561884,8.8672772,0.00037599437,3.3899147000000004e-05,0.0038459979999999998,1.4419923e-06,1.6185230000000004e-05,0.019471374000000007,7.87391,0.0074580309999999995,-0.0018919839999999998,-0.0023686769999999996,8.388716e-07,1.0705627e-05
73,1608945000,1.224167,1.2241794999999998,-0.011154115000000001,-1.7067799999999997,1.5357859999999999,1.0281659,1.3779419999999998,1.3277649999999999,0.02595225,0.5448527000000001,1.591597e-05,1.6024422999999998e-06,1.549883e-06,2.0062688e-06,3.039534e-06,3.7525909e-06,6.1288034e-06,1.4189978000000001e-05,0.5938651,0.018036339999999998,0.00014856721000000003,73.67269999999999,53.181740000000005,4.071133e-05,5.978089,0.01790852,12.919391999999998,0.0005929333199999999,5.3802422e-05,0.03554317,52.456179999999996,0.0005929333199999999,5.3802422e-05,0.00508194,17.064082,0.0005929333199999999,5.3802422e-05,0.002163298,16.5800615,0.0005929333199999999,5.3802422e-05,0.00384614,2.286996e-06,1.699645e-05,0.03568726,4.348718580000001,0.008116425,-0.001304862,-0.001917605,8.353411000000001e-07,1.0761621e-05
73,1608945600,1.49112,1.4911329999999998,0.0020009555999999998,-1.660614,1.706077,1.129338,1.57066,1.518309,0.03102995,0.6520598,1.718696e-05,2.8850517000000003e-06,2.89864141e-06,3.6034486999999993e-06,5.0663594e-06,6.1819991e-06,9.790321499999999e-06,2.0808875e-05,0.7334438,0.011942833,0.00011957295,69.29855,51.622260000000004,4.9586939999999994e-05,5.864737000000001,0.01970998,15.60959,0.0012399797300000001,0.000113033789,0.039607500000000004,64.55902,0.0012399797300000001,0.000113033789,0.005576215,27.99377,0.0012399797300000001,0.000113033789,0.0027557569999999997,27.843667,0.0012399797300000001,0.000113033789,0.003843415,2.649503e-06,1.732605e-05,0.027180443,0.40201581,0.0048816810000000006,-0.0010618105,-0.001741023,6.806644e-07,8.887993e-06
73,1608946200,1.0700473000000001,1.0700595,0.015235988,-1.6075249999999996,1.536984,0.9520246,1.3985670000000001,1.322966,0.027890840000000007,0.47480700000000003,1.604756e-05,1.5614047999999998e-06,1.60524557e-06,2.5926889e-06,3.2605824999999994e-06,4.414860399999999e-06,7.3139389e-06,1.6728808e-05,0.5232735,0.011580163,0.00013066011999999998,71.46940000000001,52.1937,3.5568520000000005e-05,6.276806,0.016383380000000003,11.31858,0.00081009016,7.3660183e-05,0.033508439999999994,46.30969,0.00081009016,7.3660183e-05,0.005237504999999999,17.540416999999998,0.00081009016,7.3660183e-05,0.0022691530000000003,17.313070000000003,0.00081009016,7.3660183e-05,0.0038930110000000005,3.3986519999999993e-06,1.818258e-05,0.052504856,1.1975858,0.006622847999999999,-0.0008743576969999998,-0.0015734847999999998,1.0352058000000001e-06,1.0259984e-05
73,1608946800,1.0182372999999998,1.0182513,0.01470087,-1.555144,1.5195830000000001,0.9228088999999999,1.379406,1.311979,0.02290189,0.44830429999999993,1.632021e-05,1.9037003000000003e-06,1.96003652e-06,2.9525882000000003e-06,3.5850443999999997e-06,4.6095151600000004e-06,7.5404213999999995e-06,1.6408039e-05,0.49984339999999994,0.009125575,0.00010893371999999999,70.05348,51.886070000000004,3.3849519999999996e-05,6.17425,0.01576187,10.588464999999998,0.00076381228,6.9386378e-05,0.032543619999999995,43.694359999999996,0.00076381228,6.9386378e-05,0.005318554,16.129181,0.00076381228,6.9386378e-05,0.0023568379999999996,15.942000799999999,0.00076381228,6.9386378e-05,0.003875497,3.058586e-06,1.777503e-05,0.004978001000000003,1.28859371,0.005625731,-0.0010703953,-0.0017102734000000001,9.248008999999998e-07,9.716560000000002e-06
73,1608947400,1.1266943999999999,1.1267068,0.009942625,-1.4167,1.688675,0.9456206000000001,1.535034,1.442108,0.028145359999999998,0.5109144999999999,1.630343e-05,1.7510764e-06,1.7186158300000002e-06,2.2513131e-06,3.2332204e-06,4.1584807e-06,6.7970067000000005e-06,1.5280507000000003e-05,0.5538533,0.009379517,7.753461000000001e-05,70.0654,51.765370000000004,3.746347e-05,6.093224,0.01631345,11.728933999999999,0.00096309336,8.7632475e-05,0.034229470000000005,48.53602,0.00096309336,8.7632475e-05,0.005510536,20.181547000000002,0.00096309336,8.7632475e-05,0.002560449,20.057307,0.00096309336,8.7632475e-05,0.0038725540000000003,2.2510989999999997e-06,1.714719e-05,0.053393888,2.4895522000000003,0.006318838,-0.0013717928,-0.002029806,7.617736999999999e-07,9.941662e-06
73,1608948000,1.3263150000000001,1.32633,0.006368059999999999,-1.529561,1.7644650000000002,1.0467729000000001,1.6109380000000002,1.515573,0.03476662,0.5913759000000001,1.83354e-05,3.7761424e-06,3.8878076100000006e-06,4.6508999e-06,6.246139999999999e-06,7.947327800000001e-06,1.2246647e-05,2.4678849e-05,0.6492725000000001,0.013737538000000002,8.08287e-05,67.91641000000001,52.14278,4.408615e-05,6.086082,0.01790457,13.760290000000001,0.0015917664999999998,0.00014523495599999997,0.037147179999999995,56.78763,0.0015917664999999998,0.00014523495599999997,0.005845988000000001,29.560235999999996,0.0015917664999999998,0.00014523495599999997,0.002980069,29.748466999999998,0.0015917664999999998,0.00014523495599999997,0.0038819989999999997,2.616225e-06,1.755099e-05,0.028777306800000003,0.9978974999999999,0.006053952999999999,-0.0011555603999999998,-0.0018486779999999999,7.510016999999999e-07,9.629054e-06
73,1608948600,1.706187,1.706201,0.002385693,-1.597841,1.8927939999999999,1.1991359999999998,1.754604,1.676452,0.03465559000000001,0.7508343,1.946727e-05,5.4030787e-06,5.51160937e-06,6.5844884000000005e-06,8.730178000000001e-06,1.1000208599999998e-05,1.68044044e-05,3.3355800000000003e-05,0.8377566,0.015137289999999998,0.00010693755000000002,66.86894,51.809349999999995,5.671245e-05,5.93132,0.02060659,17.818629999999995,0.00183470357,0.000167479691,0.042324139999999996,73.57700999999999,0.00183470357,0.000167479691,0.006003991,37.69807300000001,0.00183470357,0.000167479691,0.003243356,37.823377,0.00183470357,0.000167479691,0.0038692780000000003,2.964303e-06,1.779131e-05,-0.00427214,1.1476501,0.006071893,-0.0009085674,-0.0016544879999999997,7.468273e-07,9.575438e-06
73,1608949200,1.9996490000000005,1.9996649999999998,0.000944854,-1.693046,1.891257,1.3146270000000002,1.78078,1.7334149999999997,0.037697600000000005,0.8592516,1.8819289999999997e-05,4.4505299000000005e-06,4.3885518e-06,5.296292199999999e-06,7.348109999999999e-06,9.009551900000001e-06,1.41497562e-05,2.905651e-05,0.9817658999999999,0.01788216,9.946701e-05,68.58145999999999,51.81952,6.649870000000001e-05,5.867429,0.02267056,20.903370000000002,0.00118821422,0.00010823165499999999,0.04580479,86.25438999999999,0.00118821422,0.00010823165499999999,0.005732314,27.580948999999997,0.00118821422,0.00010823165499999999,0.003004456,27.264785,0.00118821422,0.00010823165499999999,0.0038966,3.5360590000000003e-06,1.847599e-05,0.021883669,0.6760522999999999,0.007084841,-0.0006385385999999999,-0.001412351,7.138110000000001e-07,9.956284000000001e-06
73,1608949800,1.4261213,1.4261348,0.0010527332,-1.67796,1.6499000000000001,1.0974477,1.512608,1.4538069999999998,0.033908183,0.6355286,1.667618e-05,2.2757839e-06,2.2491077999999997e-06,2.9093949e-06,4.4231832e-06,5.6505231e-06,9.475602e-06,2.1240358e-05,0.6927127,0.0201994,9.840889e-05,73.85819999999998,53.17806,4.7400350000000004e-05,6.248111000000001,0.018730590000000002,14.804802999999998,0.00208414271,0.0001904142938,0.03780675,60.612829999999995,0.00208414271,0.0001904142938,0.005853677,36.99046800000001,0.00208414271,0.0001904142938,0.0029898090000000004,37.514731999999995,0.00208414271,0.0001904142938,0.003888003,2.6899019999999995e-06,1.7646009999999997e-05,0.0024844500000000018,1.2405154999999999,0.0058234870000000005,-0.0011484773000000003,-0.0017937520000000002,7.780897e-07,1.0017062999999998e-05
73,1608950400,0.9139354,0.9139509,0.0018599867,-1.67224,1.417919,0.8903068,1.265776,1.183012,0.02605406,0.4186656,1.667871e-05,1.9272661000000004e-06,1.92232477e-06,2.3708129000000004e-06,3.2877023999999997e-06,4.0706176e-06,6.4854821e-06,1.3444873e-05,0.4386926,0.01818207,5.7880710000000004e-05,74.96327999999998,54.064260000000004,3.037742e-05,6.089134,0.015096120000000001,9.556028999999999,0.0009361777300000002,8.524885939999998e-05,0.03050033,38.49314,0.0009361777300000002,8.524885939999998e-05,0.005192486,18.088631999999997,0.0009361777300000002,8.524885939999998e-05,0.0021482019999999997,17.960137999999997,0.0009361777300000002,8.524885939999998e-05,0.0038826940000000003,2.086411e-06,1.706554e-05,0.06468139999999999,2.1592551999999996,0.0063341610000000005,-0.00149561,-0.0020703170000000003,7.503916e-07,9.260563e-06
73,1608951000,0.4715564,0.4715713,-0.0005011609000000002,-1.6577950000000001,1.0477816,0.6325703,0.8855514,0.8201498,0.024676572,0.2379379,1.5678620000000004e-05,8.2483848e-07,8.317288399999999e-07,1.04433576e-06,1.5392535000000001e-06,1.9667181999999997e-06,3.2404033999999996e-06,6.884786000000001e-06,0.22274897,0.012964439999999999,4.76406e-05,79.40943000000001,56.310320000000004,1.5671221999999997e-05,6.233337000000001,0.010853608999999998,4.998310999999999,0.00084305041,7.6706944e-05,0.02139981,19.648260999999998,0.00084305041,7.6706944e-05,0.005054578,14.363741000000001,0.00084305041,7.6706944e-05,0.0017851927000000004,14.314865199999996,0.00084305041,7.6706944e-05,0.003876628,1.3238786e-06,1.630933e-05,0.003542763000000002,3.1841757,0.004493228,-0.0020352869999999998,-0.0024921139999999997,6.741392e-07,8.235242e-06
73,1608951600,1.0693425,1.0693575000000002,0.0061785292,-1.610031,1.553259,0.9526076,1.422306,1.327503,0.02317064,0.4741949000000001,1.6959079999999997e-05,2.4907162000000005e-06,2.5185439e-06,3.0359983999999995e-06,4.3297079000000005e-06,5.5702653e-06,8.818522199999999e-06,1.8614424e-05,0.5175218,0.016968679999999996,0.00013350724,73.62257000000001,53.27434000000001,3.553986e-05,6.295522,0.01619267,11.180937,0.0014371820899999998,0.00013110145299999998,0.03313474000000001,45.40609,0.0014371820899999998,0.00013110145299999998,0.005692813,27.299087000000004,0.0014371820899999998,0.00013110145299999998,0.0027373360000000004,27.430979999999998,0.0014371820899999998,0.00013110145299999998,0.0038603640000000002,2.184215e-06,1.701728e-05,-0.537394366,21.156185000000004,0.007759679000000001,-0.001415029,-0.0020098290000000003,1.2049665e-06,1.5408482e-05
73,1608952200,1.2649780000000002,1.2649949999999999,0.0064017985999999995,-1.66876,1.615138,1.0460877,1.486583,1.3965049999999999,0.02956517,0.5612573999999999,1.8219699999999998e-05,3.6208160999999997e-06,3.6912054600000007e-06,4.3107564099999995e-06,5.901559899999999e-06,7.4279685999999995e-06,1.1457205500000001e-05,2.2913927999999997e-05,0.6115492,0.02071734,0.00016032387999999998,70.11088,53.396069999999995,4.205424999999999e-05,6.17475,0.017939370000000003,13.398330000000001,0.00119494748,0.0001089448437,0.03620263,54.125170000000004,0.00119494748,0.0001089448437,0.005512369,25.094839999999998,0.00119494748,0.0001089448437,0.002572344,24.988860999999996,0.00119494748,0.0001089448437,0.003887858,2.249113e-06,1.7299819999999998e-05,0.013389820000000002,0.8873951,0.004932106,-0.0013252384999999998,-0.001931056,6.929173e-07,9.020091e-06
73,1608952800,1.2217734,1.2217867999999998,0.0017394694,-1.578713,1.721227,1.0177493,1.5429840000000001,1.42887,0.033967870000000004,0.5598847,1.790319e-05,3.3649557999999997e-06,3.4457897e-06,4.0241727e-06,5.407275899999999e-06,6.6802687e-06,1.00419361e-05,2.0370528999999997e-05,0.5854477000000001,0.025324280000000005,5.794606000000001e-05,73.68424999999999,54.26080999999999,4.061805e-05,6.077523,0.017356359999999998,12.972857,0.00067976176,6.1665188e-05,0.03542154,51.829390000000004,0.00067976176,6.1665188e-05,0.005297264,16.275638,0.00067976176,6.1665188e-05,0.002359963,15.9837588,0.00067976176,6.1665188e-05,0.0038887789999999998,2.4178379999999997e-06,1.7426359999999997e-05,0.020728472999999997,2.1069787,0.006947839,-0.0012800740000000002,-0.0019349170000000002,7.712433000000001e-07,1.0042666000000002e-05
73,1608953400,1.5313849999999998,1.5313999999999999,0.0004809387,-1.615853,1.786854,1.1375737999999997,1.644238,1.5669110000000004,0.031747871000000004,0.6785626,1.749246e-05,3.1117788e-06,3.08883032e-06,3.7276650999999995e-06,5.4243573e-06,6.748704299999999e-06,1.0691112200000001e-05,2.3056961000000003e-05,0.7505915,0.014871727000000001,0.00017090948999999998,70.29885999999999,52.16113,5.0930620000000005e-05,6.143478,0.01927073,15.61175,0.0016786806199999998,0.00015323563200000001,0.03965017,65.05699,0.0016786806199999998,0.00015323563200000001,0.005825561000000001,31.891578,0.0016786806199999998,0.00015323563200000001,0.003029421,32.05094,0.0016786806199999998,0.00015323563200000001,0.0038806979999999997,2.850042e-06,1.7774669999999996e-05,-1.1947802390000002,46.2121394,0.011097687,-0.0010737731,-0.0017729330000000002,1.0730396e-06,1.3615223000000001e-05
73,1608954000,1.5535320000000001,1.553547,0.0010019473,-1.630569,1.8111540000000002,1.1486930000000002,1.661187,1.573548,0.031875,0.6852027,1.854255e-05,4.0564466e-06,4.12789369e-06,4.863269e-06,6.772841200000001e-06,8.5549227e-06,1.32514198e-05,2.7774421e-05,0.760105,0.016465098,0.00012226369,69.72631,52.23276,5.163181e-05,6.0442979999999995,0.01955074,16.0422,0.00199021472,0.000181745716,0.040124299999999995,66.45684,0.00199021472,0.000181745716,0.005944171,37.866125000000004,0.00199021472,0.000181745716,0.00314078,38.268648,0.00199021472,0.000181745716,0.0038719360000000003,2.5351740000000004e-06,1.745081e-05,0.015046152500000003,0.43625477,0.004371335999999999,-0.001097007,-0.00180097,7.22912e-07,9.18406e-06
73,1608954600,2.371505,2.3715219999999997,0.0013980972000000001,-1.5659839999999998,2.2229929999999998,1.4020009999999998,2.084202,2.0099869999999997,0.04606412,1.0349739,1.81435e-05,3.8930993000000005e-06,3.833079e-06,4.4262245e-06,6.640538e-06,8.0090329e-06,1.2355033e-05,2.7625063e-05,1.181084,0.004502713,9.647508e-05,64.47559,50.43252,7.892017000000001e-05,5.979567,0.02410944,24.25343,0.0018908162900000002,0.00017253669999999998,0.05001535,102.71306,0.0018908162900000002,0.00017253669999999998,0.00638909,41.070843999999994,0.0018908162900000002,0.00017253669999999998,0.003743215,41.184503,0.0018908162900000002,0.00017253669999999998,0.003926968,4.095617e-06,1.913342e-05,-0.006732518,0.31304600000000005,0.0057301869999999994,-0.0004045315,-0.0012888,7.409138e-07,9.732570000000002e-06
73,1608955200,3.1366039999999993,3.136622,0.003700006,-1.534149,2.600066,1.604469,2.4289110000000003,2.339247,0.06184855999999998,1.3711829999999998,2.195002e-05,7.9269265e-06,8.03148647e-06,9.61768037e-06,1.3924854e-05,1.77855057e-05,2.8252222599999997e-05,5.955420699999999e-05,1.563243,0.004702936999999999,0.00020529135,62.29140000000001,50.35061,0.00010430241000000001,6.192731,0.027615510000000003,32.02446,0.0019364459999999997,0.00017662724000000002,0.057522470000000006,135.8687,0.0019364459999999997,0.00017662724000000002,0.006503225,42.834410999999996,0.0019364459999999997,0.00017662724000000002,0.0038955070000000003,42.827865,0.0019364459999999997,0.00017662724000000002,0.003975508,4.891055e-06,2.0003509999999996e-05,0.008906267999999998,0.46935520000000003,0.006841854,1.1932439e-05,-0.0010490705000000002,7.497201e-07,1.0670380999999998e-05
73,1608955800,2.6718029999999997,2.671819,0.003635083,-1.446304,2.499114,1.460867,2.332758,2.217441,0.04714501,1.15925,1.7892659999999996e-05,3.859779299999999e-06,3.7851803000000003e-06,4.894005399999999e-06,8.099912999999999e-06,1.07301427e-05,1.8421439999999996e-05,4.2327988e-05,1.3308490000000002,0.004769031,0.00018865636,63.56337,50.40814,8.884943999999999e-05,6.129862,0.025307630000000005,27.33094,0.00237761261,0.00021713799600000004,0.05312278,115.77740000000001,0.00237761261,0.00021713799600000004,0.006728310000000001,50.788935,0.00237761261,0.00021713799600000004,0.0041027979999999995,51.061513000000005,0.00237761261,0.00021713799600000004,0.003936979,4.053659e-06,1.9105500000000002e-05,-0.0044906250000000016,0.5566726,0.005248994,-0.00030168522,-0.001377205,7.614892e-07,9.899762999999998e-06
73,1608956400,2.8615380000000004,2.861551,0.004502082,-1.503405,2.524052,1.5240779999999998,2.354511,2.252844,0.06425014999999999,1.266853,1.8199470000000002e-05,4.1990688000000005e-06,3.94769195e-06,4.71393958e-06,7.1535650000000005e-06,8.464337899999999e-06,1.33684315e-05,2.9680777000000003e-05,1.426278,0.004273604,0.00014200379,62.75818,50.345349999999996,9.522491e-05,5.635867,0.026383829999999997,29.49349,0.0022817163,0.00020831450000000003,0.054983170000000005,124.4854,0.0022817163,0.00020831450000000003,0.0065526410000000005,46.378901,0.0022817163,0.00020831450000000003,0.003939501,46.55786,0.0022817163,0.00020831450000000003,0.0039429109999999995,4.495146e-06,1.948344e-05,-0.5982982203,18.7968407,0.009491890000000001,-0.00016861496999999998,-0.0012250204,1.1504953000000001e-06,1.4612941e-05
73,1608957000,2.685157,2.685173,-0.0031815317000000003,-1.5322980000000002,2.4390739999999997,1.4857299999999998,2.241482,2.1460399999999997,0.05697572000000001,1.188358,2.121561e-05,7.365692799999999e-06,7.606984339999999e-06,9.0672319e-06,1.2514049999999996e-05,1.59707181e-05,2.5021271799999997e-05,5.1184127e-05,1.3345360000000002,0.007558835999999999,0.00034872,64.18032000000001,50.5945,8.926213e-05,6.117869,0.025902420000000002,28.222640000000002,0.0020717855,0.00018910029999999998,0.053496560000000005,117.62339999999999,0.0020717855,0.00018910029999999998,0.006459802000000001,44.49884999999999,0.0020717855,0.00018910029999999998,0.0038388190000000003,44.60675,0.0020717855,0.00018910029999999998,0.0039178680000000006,4.4139039999999995e-06,1.92134e-05,0.062280878,3.4350549,0.013408343,-0.00017720754,-0.001193487,1.0169332000000001e-06,1.4018591e-05
73,1608957600,1.607674,1.607689,0.0008917659999999999,-1.55972,1.9193460000000002,1.15483,1.731015,1.645812,0.04773846,0.7392593000000001,1.921713e-05,5.0377619000000006e-06,5.205401499999999e-06,6.071121199999999e-06,8.251925e-06,1.0448033099999999e-05,1.5872396e-05,3.1984159000000006e-05,0.7945801,0.00900037,0.00016824084,66.3327,51.17935,5.3445550000000005e-05,6.119535000000001,0.01992185,16.86613,0.0012836582400000001,0.00011698589899999999,0.04117175,70.05148,0.0012836582400000001,0.00011698589899999999,0.005754712,28.252794,0.0012836582400000001,0.00011698589899999999,0.002974226,28.215279,0.0012836582400000001,0.00011698589899999999,0.00384313,2.7323720000000004e-06,1.7357589999999997e-05,0.031236239740000005,2.6204967000000003,0.008583916,-0.0009953352,-0.0017364530000000002,7.901411000000001e-07,1.0235545e-05
73,1608958200,2.085453,2.0854679999999997,0.0026274551999999995,-1.579187,2.116227,1.317771,1.960824,1.8619689999999998,0.05670101999999999,0.9282127000000001,2.1083169999999996e-05,7.1673764e-06,7.361954819999999e-06,8.59830725e-06,1.1795651700000002e-05,1.4818640899999998e-05,2.27337486e-05,4.4702611e-05,1.0307042999999998,0.011768709999999998,0.000130133,64.58891,51.17266,6.931716000000001e-05,6.140556999999999,0.02280701,21.881709999999998,0.0010230904900000001,9.310035400000001e-05,0.046978950000000005,90.86251999999999,0.0010230904900000001,9.310035400000001e-05,0.005609016,24.570408,0.0010230904900000001,9.310035400000001e-05,0.002911636,24.25331,0.0010230904900000001,9.310035400000001e-05,0.0038615760000000007,3.3159839999999997e-06,1.803059e-05,0.0039207483199999995,0.35158764000000003,0.004876981,-0.0006497453000000001,-0.001488267,6.962057e-07,9.147607999999999e-06
73,1608958800,2.094093,2.0941110000000003,0.0013242344,-1.5195560000000001,2.198804,1.3113160000000001,2.010136,1.904233,0.05286756,0.948584,1.614489e-05,1.9616616e-06,1.7894123699999995e-06,2.2566455e-06,4.06192e-06,4.9337024e-06,8.510328600000002e-06,2.177629e-05,1.0348496,0.011960633,0.00018961951999999998,69.41826,51.15882,6.967613e-05,5.707213999999999,0.02283374,22.295849999999998,0.00209932268,0.00019169469800000001,0.047158229999999995,91.66332,0.00209932268,0.00019169469800000001,0.006262832,41.293398,0.00209932268,0.00019169469800000001,0.003575197,41.636915,0.00209932268,0.00019169469800000001,0.0039048589999999992,4.500303e-06,1.927835e-05,-0.76604855,68.31050424,0.023494873000000003,-0.0006225380000000001,-0.001504141,4.3481045e-06,4.8091969e-05
73,1608959400,1.2958640000000001,1.2958779999999999,0.023771472999999998,-1.351093,1.8662069999999997,1.0025046,1.681776,1.5817240000000001,0.0305466,0.5817799,1.6897750000000003e-05,2.4790152e-06,2.5400851799999996e-06,3.13273514e-06,4.662314400000001e-06,6.070026700000001e-06,1.0303148499999999e-05,2.2133044e-05,0.6406656,0.006972933999999998,0.00023973690000000003,66.53259,51.15963000000001,4.308342000000001e-05,6.123317999999999,0.01757504,13.513229999999998,0.00098611323,8.974618970000002e-05,0.03688582,56.006040000000006,0.00098611323,8.974618970000002e-05,0.005600455,21.791866000000002,0.00098611323,8.974618970000002e-05,0.002730995,21.564636,0.00098611323,8.974618970000002e-05,0.0038915899999999995,3.4231530000000003e-06,1.825776e-05,-0.290137862,59.1231138,0.026652673999999998,-0.0012577401999999999,-0.00197268,3.6709204e-06,4.144904e-05
73,1608960000,1.1872529,1.1872691,0.0056370219999999985,-1.5411340000000002,1.638875,0.9886182,1.5097590000000003,1.4169060000000002,0.028684170000000002,0.5217588999999999,1.7185949999999998e-05,2.6500703e-06,2.6989535e-06,3.2688579e-06,4.745823e-06,6.290888000000001e-06,1.0054759000000002e-05,2.2502599e-05,0.5807585,0.012551990000000002,0.000262299,68.67017999999999,52.24613000000001,3.9462739999999993e-05,6.419496,0.017083599999999997,12.492264,0.0008896879159999999,8.097922910000001e-05,0.03512505,51.15606,0.0008896879159999999,8.097922910000001e-05,0.005302439000000001,19.629653,0.0008896879159999999,8.097922910000001e-05,0.0023596742000000005,19.384308299999997,0.0008896879159999999,8.097922910000001e-05,0.00387893,2.2825759999999997e-06,1.7224370000000002e-05,0.108504603,18.138097000000002,0.008578553000000001,-0.0014290589999999999,-0.002063119,1.3494155000000003e-06,1.5765942e-05
73,1608960600,1.1039847999999999,1.1040006999999998,-0.006214264000000001,-1.6415279999999999,1.541147,0.9644394999999999,1.3783929999999998,1.3099520000000002,0.02822678,0.5082137999999999,1.6856419999999998e-05,2.3006140000000004e-06,2.27112176e-06,2.6702839499999997e-06,3.784941800000001e-06,4.614760400000001e-06,7.141712399999999e-06,1.5034826000000002e-05,0.5414923,0.010228026,0.00023226970000000003,71.3293,51.95412,3.672056e-05,5.894309,0.01651499,11.488709000000002,0.00053746867,4.8667606e-05,0.03379506,47.51305,0.00053746867,4.8667606e-05,0.005188741,15.216423,0.00053746867,4.8667606e-05,0.002199881,14.692248999999999,0.00053746867,4.8667606e-05,0.0038799999999999993,1.9309630000000003e-06,1.6936419999999997e-05,0.01831751,3.4432241000000006,0.006082712,-0.0015106960000000002,-0.002098531,7.729606999999999e-07,1.0163136e-05
73,1608961200,1.0999604,1.0999748,0.0006525068,-1.6011290000000002,1.5297450000000001,0.9595087,1.39373,1.330428,0.028339432999999997,0.49657600000000013,1.6431369999999998e-05,1.6475302e-06,1.5528697000000002e-06,1.8215115299999997e-06,2.6931651e-06,3.1667235000000002e-06,4.900214e-06,1.0656031999999998e-05,0.5417695,0.008093615,8.905670999999999e-05,69.33357000000001,51.593399999999995,3.660403999999999e-05,5.620578,0.016452089999999996,11.463208,0.0006302533199999999,5.7127285000000003e-05,0.03382615,47.58117,0.0006302533199999999,5.7127285000000003e-05,0.005260857999999999,15.245645,0.0006302533199999999,5.7127285000000003e-05,0.0022762909999999997,14.963463999999998,0.0006302533199999999,5.7127285000000003e-05,0.0038816740000000003,1.9328160000000004e-06,1.695133e-05,0.052952418,0.8100096999999999,0.004909953999999999,-0.001500802,-0.0021023409999999998,6.926468000000001e-07,8.630500000000001e-06
73,1608961800,1.3184339999999999,1.318449,0.005942378,-1.457191,1.785804,1.0311568999999998,1.6521900000000003,1.5490979999999999,0.025897945999999998,0.5790875000000001,1.9035699999999998e-05,4.5288892e-06,4.7181079e-06,5.4919686000000005e-06,7.394484000000001e-06,9.339623999999998e-06,1.4355154000000002e-05,2.8583573e-05,0.645554,0.013498086000000001,8.66379e-05,67.20400000000001,52.04584,4.380773e-05,6.329426,0.01772553,13.780079999999998,0.0014002916000000001,0.00012768413,0.03708225,56.812599999999996,0.0014002916000000001,0.00012768413,0.005855378000000001,28.706045999999997,0.0014002916000000001,0.00012768413,0.00298143,28.733256,0.0014002916000000001,0.00012768413,0.0038683679999999996,2.2751569999999997e-06,1.7166480000000004e-05,0.039863316,0.6182510999999999,0.004196461,-0.0012395970999999999,-0.001962376,7.462017000000001e-07,9.083313e-06
73,1608962400,1.22037,1.2203840000000001,0.0039450672,-1.53803,1.6993639999999999,1.0093553,1.54651,1.454595,0.029884,0.5407966,1.64894e-05,2.0563075000000002e-06,2.0949607e-06,2.6446555000000002e-06,4.068917e-06,5.4647065e-06,9.188002999999999e-06,2.0624899e-05,0.5949576,0.015081530000000001,9.776124999999998e-05,71.17267,52.52278,4.055625e-05,6.413018000000001,0.017257400000000003,12.84554,0.00107892008,9.826868900000001e-05,0.03568223999999999,52.547579999999996,0.00107892008,9.826868900000001e-05,0.005548658,23.170218,0.00107892008,9.826868900000001e-05,0.00263457,23.025994,0.00107892008,9.826868900000001e-05,0.003856959,2.2072139999999998e-06,1.7022170000000002e-05,0.006083453,0.9689035,0.004780187,-0.001331188,-0.001982889,7.528537e-07,9.367901e-06
73,1608963000,1.2947860000000002,1.294801,0.0048480642,-1.368843,1.8337320000000001,1.0145918999999999,1.6911140000000002,1.5766250000000002,0.025853150000000002,0.5702944,1.6179e-05,1.8881291e-06,1.8696103999999999e-06,2.4391745e-06,3.8327765e-06,5.0744281e-06,8.6011616e-06,1.9618309000000003e-05,0.6297434,0.017509359999999998,9.545348999999999e-05,71.80583999999999,52.7533,4.303221e-05,6.256042,0.017374189999999998,13.461189999999998,0.0008888216099999999,8.084636489999999e-05,0.036674649999999996,55.22513,0.0008888216099999999,8.084636489999999e-05,0.00550282,20.216447,0.0008888216099999999,8.084636489999999e-05,0.002642255,19.97291,0.0008888216099999999,8.084636489999999e-05,0.003852805,2.274472e-06,1.7039619999999997e-05,-0.015141862,1.5366501,0.005924507,-0.001313107,-0.00200812,7.252007000000001e-07,9.025093e-06
73,1608963600,1.343588,1.3436039999999998,0.009147747000000001,-1.378077,1.8518819999999998,1.0313959000000001,1.709603,1.598562,0.027461402000000003,0.5858404,1.57631e-05,1.4457358000000003e-06,1.35229018e-06,1.6799764899999996e-06,2.8062878000000003e-06,3.3861398699999996e-06,5.6335126e-06,1.3396049000000003e-05,0.6593802999999999,0.012311534999999998,7.185122e-05,71.55431999999999,51.89895,4.470347e-05,5.7199469999999994,0.017843619999999998,14.075389999999999,0.00162317252,0.00014812818,0.03755036,58.05986,0.00162317252,0.00014812818,0.0059012100000000005,31.331779,0.00162317252,0.00014812818,0.003064821,31.574616999999996,0.00162317252,0.00014812818,0.0038429619999999997,2.166904e-06,1.687136e-05,0.030128859999999997,1.0170923,0.005031319000000001,-0.00129927,-0.002034064,7.226656e-07,9.009845e-06
73,1608964200,1.533199,1.533212,0.0006875189999999999,-1.586853,1.8138549999999998,1.1328989999999999,1.6873999999999998,1.605162,0.021208369999999997,0.6685753000000001,1.7051470000000002e-05,2.800356e-06,2.8781356e-06,3.6558384e-06,5.599990000000002e-06,7.677327e-06,1.3022348e-05,2.8677249999999997e-05,0.7537138999999999,0.012681880000000001,0.00013633649,67.68938999999999,51.68008,5.0946240000000006e-05,6.389907,0.01943731,15.97372,0.0013632359999999999,0.00012427723,0.04010811,66.14828000000001,0.0013632359999999999,0.00012427723,0.005828452,28.714045,0.0013632359999999999,0.00012427723,0.0030259679999999995,28.679153000000003,0.0013632359999999999,0.00012427723,0.0038467390000000005,2.511521e-06,1.723521e-05,-0.007455895,0.9767301899999999,0.005278656,-0.0010966787,-0.0018111149999999999,7.579659e-07,9.151916e-06
73,1608964800,1.490313,1.490327,0.0019971464999999997,-1.605719,1.792369,1.12223,1.6507239999999999,1.569647,0.031681280000000006,0.6681728,1.8464210000000003e-05,4.2119525e-06,4.306473e-06,5.1068677e-06,7.0228954999999995e-06,8.972738800000001e-06,1.4049294300000001e-05,2.8687173999999998e-05,0.7326007999999999,0.01238189,9.759295e-05,66.83787000000001,51.718309999999995,4.954617e-05,6.202861,0.01919746,15.505069999999998,0.00155118144,0.0001415590307,0.039491899999999996,64.22538,0.00155118144,0.0001415590307,0.0057507669999999995,29.778002999999995,0.00155118144,0.0001415590307,0.002939561,29.889177,0.00155118144,0.0001415590307,0.003854652,2.357187e-06,1.7160089999999998e-05,0.029379036999999997,1.00337292,0.004569489,-0.0011668494,-0.0018531400000000003,7.068796000000001e-07,9.250251999999999e-06
73,1608965400,1.361446,1.361463,0.0019399397999999997,-1.61116,1.6995149999999999,1.0750050000000002,1.5843859999999999,1.5010970000000001,0.01969744,0.5828517,1.70043e-05,2.43686e-06,2.4290724e-06,2.9624024e-06,4.364763e-06,5.561686999999999e-06,9.013628e-06,1.9626606e-05,0.6677794,0.012806210000000002,8.886497e-05,69.56353,51.92745,4.527425e-05,6.179467,0.018315249999999998,14.11157,0.0013226622899999998,0.00012061726050000002,0.03772428,58.4525,0.0013226622899999998,0.00012061726050000002,0.005655599,26.629952000000003,0.0013226622899999998,0.00012061726050000002,0.002788619,26.682801800000004,0.0013226622899999998,0.00012061726050000002,0.0038765059999999996,2.206555e-06,1.719644e-05,-0.06580827480000001,1.3004670800000002,0.003176434,-0.0012995049999999998,-0.0019400039999999997,7.52798e-07,9.265209e-06
73,1608966000,1.1810792,1.1810956999999997,0.00020132890000000014,-1.6540679999999999,1.545385,1.0078567,1.42148,1.355854,0.0217082,0.5138223,1.620967e-05,1.7098787000000002e-06,1.7268710099999998e-06,2.1648176000000003e-06,3.3745455e-06,4.41083726e-06,7.344074499999999e-06,1.6674309000000002e-05,0.5767348,0.013681959999999998,8.441335e-05,70.85869999999998,52.34865,3.926714e-05,5.971086000000001,0.01728347,12.403589999999998,0.0010980317200000001,0.00010006384400000001,0.03514379,50.80354,0.0010980317200000001,0.00010006384400000001,0.0053548020000000005,21.4262149,0.0010980317200000001,0.00010006384400000001,0.00243586,21.4383567,0.0010980317200000001,0.00010006384400000001,0.003854801,2.0257950000000002e-06,1.6836330000000002e-05,0.01898805,1.7318324,0.004539464,-0.0014136910000000001,-0.0019975360000000003,7.798866999999999e-07,9.509959e-06
73,1608966600,1.119484,1.1195,0.0015508391999999997,-1.592457,1.6640380000000001,0.971582,1.440982,1.3534180000000002,0.025671060000000002,0.49827069999999996,1.6962840000000002e-05,2.3706530999999997e-06,2.8944410799999997e-06,4.66367306e-06,4.9703248e-06,5.5123048e-06,9.122738599999998e-06,2.2231883e-05,0.5489261000000001,0.010683373999999999,7.890387e-05,69.03335999999999,51.90408,3.7212310000000004e-05,5.915342999999999,0.01667379,12.040344999999999,0.00101094831,9.2036438e-05,0.03421147000000001,48.22323,0.00101094831,9.2036438e-05,0.0054542570000000005,22.311659999999996,0.00101094831,9.2036438e-05,0.002502058,22.119643,0.00101094831,9.2036438e-05,0.003909901,8.604189999999999e-06,2.346889e-05,-0.23101084999999996,58.963382100000004,0.033004261699999995,-0.0014803060000000002,-0.002096484,2.4463609799999998e-05,0.000262838468
73,1608967200,1.1332410000000002,1.1332575,0.0022525216299999996,-1.6460240000000002,1.5807859999999998,0.987665,1.427293,1.3440400000000001,0.024319200000000003,0.5073456000000001,1.6844280000000003e-05,2.3223564000000002e-06,2.3287068e-06,2.8280896000000005e-06,4.1664047e-06,5.3150298999999996e-06,8.5144816e-06,1.8285623e-05,0.5506977,0.01578663,9.074544000000002e-05,71.23371999999999,52.84532,3.7666589999999995e-05,6.197443000000001,0.01681329,11.81312,0.0014102906899999999,0.00012862774,0.03429933,48.35245,0.0014102906899999999,0.00012862774,0.005697904000000001,27.641061,0.0014102906899999999,0.00012862774,0.002748236,27.725406999999997,0.0014102906899999999,0.00012862774,0.0038693980000000005,1.9413950000000002e-06,1.68583e-05,-0.028981007000000003,4.1022939,0.007611489000000001,-0.0014760619999999998,-0.002072758,7.661749000000001e-07,1.0224958e-05
73,1608967800,1.1269164999999999,1.1269315,0.0037821080999999998,-1.616904,1.6084990000000001,0.9819091999999999,1.4508819999999998,1.353418,0.02871009,0.5025108,1.548539e-05,1.0414919999999999e-06,9.729426e-07,1.3158193999999998e-06,2.3859385999999997e-06,3.0433687e-06,5.4296985e-06,1.294531e-05,0.5422103999999999,0.02113477,8.514434000000001e-05,76.78467,53.8125,3.747249e-05,6.269426000000001,0.01674736,11.918228,0.0014559303500000001,0.0001328553053,0.034094990000000006,47.95736,0.0014559303500000001,0.0001328553053,0.005671664999999999,28.021231,0.0014559303500000001,0.0001328553053,0.002715678,28.153519,0.0014559303500000001,0.0001328553053,0.0038619179999999998,1.931143e-06,1.678627e-05,0.037137456,1.5427536000000002,0.005722830999999999,-0.001484483,-0.0020821789999999995,7.305787e-07,9.197721e-06
73,1608968400,1.4157560999999999,1.4157702,0.0012540057999999997,-1.655045,1.676751,1.0933319000000001,1.537358,1.477321,0.036835469999999995,0.6293522,1.814358e-05,3.5745283e-06,3.6593923999999996e-06,4.3153447e-06,6.0904863e-06,7.7003111e-06,1.2037460999999998e-05,2.4525955999999998e-05,0.6982001,0.009525224000000002,8.781692e-05,68.15086,51.551930000000006,4.707838e-05,6.264245999999999,0.01887201,14.77206,0.00122939935,0.0001120643423,0.03838062,61.329930000000004,0.00122939935,0.0001120643423,0.005521956,25.309446,0.00122939935,0.0001120643423,0.0026521799999999996,25.362052900000002,0.00122939935,0.0001120643423,0.0038775320000000004,2.4106540000000005e-06,1.735496e-05,-0.006663924000000002,1.1472212000000002,0.006469524999999999,-0.0012076921999999999,-0.0018625020000000003,7.659558e-07,1.0015706999999999e-05
73,1608969000,1.2188309999999998,1.218846,0.003171739,-1.668608,1.5367229999999998,1.02366,1.42328,1.3706299999999998,0.01894673,0.5312840999999999,1.708444e-05,2.612153e-06,2.6644174e-06,3.2898736000000004e-06,4.8935995e-06,6.393732599999999e-06,1.0596507299999998e-05,2.2890507e-05,0.5974875,0.011766806999999999,0.00010618768000000001,69.2357,52.00834999999999,4.0497120000000004e-05,6.271510000000001,0.017588970000000002,12.769659999999998,0.00092972721,8.464102809999999e-05,0.035750359999999995,52.59054999999999,0.00092972721,8.464102809999999e-05,0.00543108,21.756847999999998,0.00092972721,8.464102809999999e-05,0.002493731,21.501893000000003,0.00092972721,8.464102809999999e-05,0.003876007,2.094357e-06,1.706295e-05,-0.034060993,0.8125569,0.0040697780000000005,-0.001377958,-0.0019932609999999996,7.141393000000001e-07,8.863898999999999e-06
73,1608969600,1.6037959999999998,1.603813,0.00381591,-1.6601239999999997,1.789218,1.171471,1.652711,1.5739239999999999,0.04376412,0.7020317,1.8854369999999998e-05,4.2827621e-06,4.24144536e-06,4.9172004e-06,6.623428100000001e-06,8.062306499999998e-06,1.2029268799999999e-05,2.3876760999999998e-05,0.7834258000000001,0.01833479,6.994065e-05,70.53552,52.36952,5.334138e-05,6.020362,0.02011913,16.83822,0.0010285029599999998,9.3601049e-05,0.040813449999999994,68.98266000000001,0.0010285029599999998,9.3601049e-05,0.005427395999999999,21.362685,0.0010285029599999998,9.3601049e-05,0.002599223,21.2498203,0.0010285029599999998,9.3601049e-05,0.0038945710000000003,2.746897e-06,1.7805180000000002e-05,-0.0370069062,2.1446235000000002,0.007834971,-0.0010341958,-0.001730698,8.467561999999999e-07,1.0631598999999999e-05
73,1608970200,1.399208,1.3992209999999998,0.006652559,-1.6542210000000002,1.700564,1.097998,1.559485,1.48032,0.02486867,0.6116001000000001,1.821384e-05,3.4945483e-06,3.5510476e-06,4.2405099e-06,5.9816559999999995e-06,7.695834e-06,1.2161660999999999e-05,2.5215219e-05,0.6787139000000001,0.02071789,0.0001057999,71.54792,53.043369999999996,4.649232e-05,6.340509,0.01873194,14.61196,0.0012421359200000001,0.0001132417745,0.038066130000000004,59.61128,0.0012421359200000001,0.0001132417745,0.005552013,26.098926,0.0012421359200000001,0.0001132417745,0.0026660879999999996,26.037999000000003,0.0012421359200000001,0.0001132417745,0.003907526,2.657253e-06,1.780461e-05,-0.9897578120000002,42.049666099999996,0.009754147,-0.001227146,-0.0018904849999999997,1.3708383999999998e-06,1.705799e-05
73,1608970800,1.5385,1.538513,0.011800202,-1.694781,1.7520519999999997,1.1520690000000002,1.6080100000000002,1.526784,0.028167770999999998,0.673292,1.7007420000000004e-05,2.4495481999999995e-06,2.4069496999999996e-06,2.9281694999999997e-06,4.3797269e-06,5.5165961e-06,8.8884206e-06,1.957556e-05,0.746134,0.022868720000000002,0.00019850339999999997,73.80893,53.079899999999995,5.116443999999999e-05,5.955148,0.0197573,16.12072,0.0020087223099999997,0.000183477729,0.03986922,65.69820999999999,0.0020087223099999997,0.000183477729,0.005920995,39.416908,0.0020087223099999997,0.000183477729,0.0030819919999999995,39.700450700000005,0.0020087223099999997,0.000183477729,0.0038889470000000002,2.59769e-06,1.7630569999999998e-05,-0.019083133000000002,2.5648120000000003,0.005819092,-0.0011029338999999998,-0.0017728569999999999,7.484037e-07,9.902247e-06
73,1608971400,1.6938870000000001,1.6939039999999999,0.026357540000000002,-1.4687000000000001,2.0529260000000003,1.1740489999999997,1.890769,1.760079,0.03912602,0.7568323000000001,1.784339e-05,3.0531174e-06,3.0412498e-06,3.7108808e-06,5.47502e-06,6.946582100000001e-06,1.1223154e-05,2.4408732999999996e-05,0.8302346,0.0163891,0.0002594702,70.89611000000001,51.962360000000004,5.631662999999999e-05,6.118314,0.020275889999999998,17.89863,0.0017690661300000005,0.00016147521449999996,0.04217896,73.41159999999999,0.0017690661300000005,0.00016147521449999996,0.006150372,36.490561,0.0017690661300000005,0.00016147521449999996,0.003332528,36.627465,0.0017690661300000005,0.00016147521449999996,0.003917577,2.78931e-06,1.80018e-05,-0.04074321,1.3255623,0.006059789,-0.0010526962000000002,-0.001818852,7.397343999999999e-07,9.453418e-06
73,1608972000,1.1090765,1.1090935,0.021260980000000002,-1.683802,1.563124,0.9821246,1.406668,1.310177,0.030229690000000004,0.5033361,1.9061029999999998e-05,4.434083000000001e-06,4.62138035e-06,5.36026762e-06,7.0786248000000005e-06,8.988063799999998e-06,1.34146679e-05,2.6436762999999996e-05,0.5307527999999999,0.02346781,0.00024305669999999998,73.13119,54.372969999999995,3.6843719999999996e-05,6.343838,0.01682739,11.761994999999999,0.00058943108,5.34458451e-05,0.03375412,47.00868,0.00058943108,5.34458451e-05,0.004988442000000001,12.620527599999999,0.00058943108,5.34458451e-05,0.0019860000000000004,12.309388899999998,0.00058943108,5.34458451e-05,0.0038935529999999997,2.089073e-06,1.716573e-05,-0.023437588000000002,3.7454671999999993,0.006799429,-0.0014676160000000001,-0.0020629339999999998,8.678275000000001e-07,1.0843214999999999e-05
73,1608972600,1.2726199999999999,1.2726345,0.026942642000000006,-1.546984,1.8148310000000003,1.0300350999999999,1.6028749999999998,1.473306,0.03916487,0.5773856,1.6548100000000002e-05,1.8349652000000004e-06,1.76015729e-06,2.2281772e-06,3.3668267e-06,4.1445618e-06,6.6839102e-06,1.5186377000000001e-05,0.6045824,0.031438190000000005,0.00025196770000000004,79.22637,55.44148,4.2307260000000005e-05,6.116231,0.01736288,13.15225,0.00128529426,0.0001171907718,0.035574339999999996,52.75861000000001,0.00128529426,0.0001171907718,0.005648098000000001,26.9066287,0.00128529426,0.0001171907718,0.0027428407,26.8924191,0.00128529426,0.0001171907718,0.003888494,2.421485e-06,1.741768e-05,-0.005888044000000001,5.6425082,0.007975861999999998,-0.0012991307000000001,-0.00195858,8.875061000000001e-07,1.1114626e-05
73,1608973200,1.410115,1.410134,0.03763299,-1.332855,1.983773,1.0520932,1.809318,1.670563,0.03532059,0.6433671999999999,1.8458149999999995e-05,3.8544359e-06,3.9462746e-06,4.634121769999999e-06,6.4455077e-06,8.1621479e-06,1.27292792e-05,2.6302648e-05,0.6826834999999999,0.02203501,0.0002701674,70.70238,53.2106,4.687464e-05,6.084135,0.018207640000000004,14.90127,0.0005464737,4.940806e-05,0.038292,60.3947,0.0005464737,4.940806e-05,0.005514619,17.407576,0.0005464737,4.940806e-05,0.0026277720000000004,16.918011,0.0005464737,4.940806e-05,0.0039044170000000003,2.4680420000000002e-06,1.75868e-05,-0.038063929999999996,1.4137109,0.004706212999999999,-0.001228957,-0.001994684,7.627703000000001e-07,9.52246e-06
73,1608973800,1.1659698,1.1659874999999997,0.047183420000000004,-1.0695173999999998,1.9285339999999997,0.9061045,1.732553,1.582661,0.031846360000000004,0.5300347999999999,1.691141e-05,2.1189273000000005e-06,2.1534773e-06,2.7055788e-06,4.087173e-06,5.3112438e-06,8.757336e-06,1.9316447999999998e-05,0.5606007999999999,0.022083690000000003,0.0002542097,73.30962000000001,53.99055,3.874358e-05,6.242434,0.016270970000000003,12.178986000000002,0.00119003248,0.00010844705599999998,0.03445648,49.23599,0.00119003248,0.00010844705599999998,0.005751047,24.600229,0.00119003248,0.00010844705599999998,0.002785285,24.5424,0.00119003248,0.00010844705599999998,0.003906428,2.189713e-06,1.7320729999999997e-05,0.0028906949999999987,2.5573500000000005,0.006981909999999999,-0.001457755,-0.002176815,7.694485000000002e-07,9.737731999999999e-06
73,1608974400,0.8423544,0.8423695,0.05101875,-1.0563195000000003,1.7267040000000002,0.7723982,1.475257,1.3503789999999998,0.029853070000000002,0.39875479999999996,1.6564970000000003e-05,1.6663725000000002e-06,1.66514692e-06,2.01043539e-06,2.9615999999999997e-06,3.7092553999999998e-06,5.9386247999999995e-06,1.2399762e-05,0.40334269999999994,0.01760967,0.00019300479999999999,74.47751,54.30552,2.8001110000000003e-05,6.066688000000001,0.01383974,8.807906,0.0009025868000000001,8.210514200000002e-05,0.0292841,35.41591,0.0009025868000000001,8.210514200000002e-05,0.005506695000000001,18.682602,0.0009025868000000001,8.210514200000002e-05,0.002410015,18.510482999999997,0.0009025868000000001,8.210514200000002e-05,0.003918252,1.874156e-06,1.710331e-05,0.11487370799999999,13.877996,0.010347253,-0.001723471,-0.002367037,9.990196e-07,1.2349745000000001e-05
73,1608975000,0.8087251999999999,0.8087398,0.05034018999999999,-1.0791145,1.6643750000000002,0.7584985999999999,1.433031,1.305041,0.035524969999999996,0.39526059999999996,1.6528690000000003e-05,1.6314027e-06,1.6550029999999997e-06,2.0310982e-06,2.9354820999999995e-06,3.8729285e-06,6.222588e-06,1.3437425e-05,0.38939,0.01473448,0.0002047293,75.06629000000001,53.97125,2.6877780000000004e-05,6.349526,0.01343672,8.388020000000001,0.00084959813,7.727042899999999e-05,0.028588980000000003,34.01146,0.00084959813,7.727042899999999e-05,0.005459185,17.851340999999998,0.00084959813,7.727042899999999e-05,0.0023727880000000002,17.632064000000003,0.00084959813,7.727042899999999e-05,0.003900113,1.7677219999999998e-06,1.688524e-05,-0.0077579489999999975,3.569782,0.006894765,-0.001714922,-0.002345505,7.496226e-07,9.433120999999999e-06
73,1608975600,0.8127181,0.8127337000000001,0.015219568999999999,-1.2742045000000002,1.518871,0.7807740999999999,1.313029,1.2119262,0.03606027,0.40793999999999997,1.660689e-05,1.6796698999999999e-06,1.661229e-06,1.94597261e-06,2.7535448e-06,3.3693454e-06,5.139905e-06,1.0589698e-05,0.3873971,0.01887685,5.664001e-05,77.26501999999999,56.01372,2.702903e-05,6.078784000000001,0.013450437999999999,8.679103000000001,0.0011301642,0.00010298068800000001,0.027965209999999997,34.37896,0.0011301642,0.00010298068800000001,0.005533678,22.684793000000003,0.0011301642,0.00010298068800000001,0.00239672,22.709494,0.0011301642,0.00010298068800000001,0.003897512,1.787066e-06,1.689939e-05,0.025245241,3.2942675,0.005555563,-0.0017200160000000002,-0.002309632,7.376184e-07,8.889896e-06
73,1608976200,1.3506839999999998,1.350698,0.0072950368,-1.3978110000000001,1.8809079999999998,1.0376625,1.7071640000000001,1.588173,0.03852038,0.6142173000000001,1.696261e-05,2.3735521000000003e-06,2.3242501999999997e-06,2.877495e-06,4.253880299999999e-06,5.375031e-06,8.5776739e-06,1.8836588e-05,0.66019,0.01502132,8.357849000000001e-05,69.74772,52.279599999999995,4.49146e-05,5.986222,0.01793303,14.21475,0.00058247562,5.2773094200000005e-05,0.03759261,58.211380000000005,0.00058247562,5.2773094200000005e-05,0.005326818,15.7559113,0.00058247562,5.2773094200000005e-05,0.002431355,15.3550986,0.00058247562,5.2773094200000005e-05,0.0038956149999999994,2.488033e-06,1.754434e-05,0.0005297800000000019,1.2670078999999999,0.005893847,-0.0012030134,-0.001936197,6.958059e-07,9.191955999999999e-06
73,1608976800,1.2132815999999997,1.2132960000000002,0.009986603,-1.145838,1.971209,0.9384428,1.70904,1.5807470000000001,0.03980872,0.5629815,1.575378e-05,9.961236000000001e-07,9.298037399999999e-07,1.29412061e-06,2.3614878999999995e-06,3.0528511e-06,5.4971114e-06,1.328583e-05,0.5862008000000001,0.02032345,8.825335e-05,74.67885,53.465599999999995,4.0352600000000004e-05,5.857797,0.01676523,12.915693999999998,0.00145150243,0.00013240727200000002,0.03538448,51.953230000000005,0.00145150243,0.00013240727200000002,0.0059105450000000006,29.719114,0.00145150243,0.00013240727200000002,0.0029593600000000003,29.820794999999997,0.00145150243,0.00013240727200000002,0.0039101710000000005,2.624854e-06,1.7714430000000003e-05,0.267261766,27.561881400000004,0.014420072999999997,-0.0012923101,-0.0020781969999999995,1.3415771999999999e-06,1.6286459000000002e-05
73,1608977400,1.2881277,1.2881443000000004,0.0020175612,-1.1756465,2.015873,0.9711292,1.74024,1.614349,0.04356219,0.5869850999999999,1.6557790000000002e-05,1.8865842e-06,1.8977873299999998e-06,2.46955713e-06,3.7649176e-06,4.9760816e-06,8.4725549e-06,1.8842973999999998e-05,0.6257119,0.01817782,0.00013047497999999999,76.67041000000002,53.01422,4.281243e-05,6.370537000000001,0.017209010000000004,13.455661000000001,0.0014747834,0.00013450775,0.03643069,54.95852,0.0014747834,0.00013450775,0.006006343,29.69502,0.0014747834,0.00013450775,0.003108689,29.769170000000003,0.0014747834,0.00013450775,0.003907317,2.741077e-06,1.7821890000000002e-05,0.1576731882,11.9316463,0.009101944999999998,-0.0011511048999999999,-0.0019295840000000002,1.1233933000000002e-06,1.2911292000000001e-05
73,1608978000,2.668453,2.668467,0.0015110643000000002,-1.309266,2.6254169999999997,1.420495,2.422911,2.2826190000000004,0.06111848999999999,1.1805422,2.2132790000000002e-05,7.8599804e-06,7.92829809e-06,9.2677523e-06,1.2390386999999999e-05,1.5191290699999999e-05,2.30287434e-05,4.5500727e-05,1.3203134,0.013655989999999998,0.00012699076,65.86998,51.06639,8.876053e-05,5.671418000000001,0.02529741,27.948439999999998,0.0024005144000000004,0.00021922302,0.053016810000000004,116.26863,0.0024005144000000004,0.00021922302,0.006573571,45.65908,0.0024005144000000004,0.00021922302,0.003922435,46.18669,0.0024005144000000004,0.00021922302,0.0039623900000000005,4.413078000000001e-06,1.9485579999999997e-05,-0.006062187900000001,0.9010521999999999,0.006595353,-0.00018463565,-0.0013207919999999999,8.041253e-07,1.1157613e-05
73,1608978600,3.3228139999999997,3.322829,0.015617804000000002,-1.2298930000000001,3.009842,1.567963,2.789109,2.6141300000000003,0.06534968999999999,1.4518940000000002,2.782241e-05,1.4074658399999999e-05,1.45246521e-05,1.6692915899999996e-05,2.1671534e-05,2.6996631899999998e-05,3.9934519200000004e-05,7.647479699999999e-05,1.634846,0.02610423,0.00023305768999999998,64.43086000000001,51.62931000000001,0.0001104785,5.994091000000001,0.02826935,34.37456999999999,0.003339239200000001,0.00030520047999999997,0.05900645,142.93220000000002,0.003339239200000001,0.00030520047999999997,0.0070434289999999995,62.778178000000004,0.003339239200000001,0.00030520047999999997,0.004438773,63.59606,0.003339239200000001,0.00030520047999999997,0.004016901,5.334436e-06,2.046879e-05,-0.4881275200000001,14.602396999999996,0.010500091999999999,0.000167885533,-0.001190197,1.0984426e-06,1.4158477e-05
73,1608979200,1.585281,1.5852950000000001,0.031317689999999995,-1.0739711,2.223667,1.0574649,2.003049,1.836206,0.051132880000000006,0.7344323000000001,1.762048e-05,3.2528258000000004e-06,3.25938023e-06,3.8916049599999995e-06,5.5491062e-06,6.876841100000001e-06,1.0967257600000001e-05,2.2883757000000002e-05,0.7564111,0.03598044,0.00018869559999999997,74.81891999999999,54.78679999999999,5.271279000000001e-05,6.138723000000001,0.01958575,16.59567,0.002106433,0.00019238445,0.039908,66.42535000000001,0.002106433,0.00019238445,0.006176305,40.322918,0.002106433,0.00019238445,0.003338342,40.682946,0.002106433,0.00019238445,0.003901661,2.8402950000000002e-06,1.7830659999999996e-05,0.0669987383,8.930596,0.010182073,-0.0009774111,-0.0019504860000000002,9.101245000000001e-07,1.1879802e-05
73,1608979800,2.2083239999999997,2.2083399999999997,0.003693777000000001,-1.358476,2.4118489999999997,1.3152599999999999,2.203943,2.0566769999999996,0.05514733999999999,0.9925491999999998,1.8079110000000002e-05,3.788126200000001e-06,3.8899558e-06,4.9884433e-06,7.694969999999998e-06,1.0352979e-05,1.77509027e-05,4.0419302999999996e-05,1.0774652,0.02636771,0.00023698791999999998,69.74955000000001,52.535180000000004,7.338379e-05,6.1861,0.02355754,22.899310000000003,0.0015253381,0.00013905174,0.04775605,94.24391,0.0015253381,0.00013905174,0.006317215000000001,38.497750999999994,0.0015253381,0.00013905174,0.003617555,38.26169599999999,0.0015253381,0.00013905174,0.003929921,3.899615e-06,1.887817e-05,-0.092700425,5.5196311,0.009165128,-0.0005410918000000001,-0.00153422,1.0771422e-06,1.2786645999999998e-05
73,1608980400,2.1049040000000003,2.104918,-0.010461247,-1.1289150000000001,2.465589,1.2319410000000002,2.275607,2.09609,0.04168963,0.9314809000000001,2.002946e-05,5.678530699999999e-06,5.89253778e-06,6.9917186e-06,1.0060930999999999e-05,1.2867948300000002e-05,2.0232549000000004e-05,4.2302227000000004e-05,1.016853,0.03531135,0.00017809393999999997,72.77245,53.463840000000005,6.993466e-05,6.3551839999999995,0.02242714,21.957919999999998,0.002448116,0.00022364958,0.04654059000000001,89.2051,0.002448116,0.00022364958,0.006479218,46.36123,0.002448116,0.00022364958,0.003782858,46.86415000000001,0.002448116,0.00022364958,0.003943377999999999,4.142029e-06,1.912967e-05,0.044859934000000004,1.9864488000000002,0.008049965000000001,-0.00036160677000000006,-0.001383264,8.85999e-07,1.0968777000000001e-05
73,1608981000,2.001882,2.001895,-0.006541477000000001,-1.0454975,2.467837,1.1826510000000001,2.2541939999999996,2.076326,0.039981880000000004,0.8870737999999999,1.622249e-05,1.8924557000000003e-06,1.9229255000000004e-06,2.66185079e-06,4.843827000000001e-06,6.7970653e-06,1.22102575e-05,2.9446805999999997e-05,0.9574602000000001,0.043239190000000004,0.00017982205000000002,76.75520999999999,54.39838999999999,6.651387e-05,6.091585,0.02124412,20.80253,0.00217763744,0.00019894190699999999,0.04517592,83.80743999999999,0.00217763744,0.00019894190699999999,0.006436523999999999,44.772780000000004,0.00217763744,0.00019894190699999999,0.0037308890000000003,45.052769999999995,0.00217763744,0.00019894190699999999,0.003932270999999999,3.90619e-06,1.887531e-05,0.044850527999999994,1.2038471,0.006678452999999999,-0.0004076233,-0.001440364,8.342386e-07,1.0006041000000001e-05
73,1608981600,1.811557,1.811572,-0.009965659999999998,-0.9582657999999998,2.3734100000000002,1.0992603,2.177542,1.9962989999999998,0.03119894,0.7839705,1.8316609999999997e-05,3.989838400000001e-06,4.06508614e-06,6.979660000000001e-06,7.115256200000001e-06,9.6129313e-06,1.4809060099999999e-05,3.1736066e-05,0.8592405,0.046288680000000006,0.00016712284,75.91401,55.164120000000004,6.019107e-05,6.307321,0.020448769999999998,19.337970000000002,0.0020136187,0.00018386177999999998,0.04305159,76.28063999999998,0.0020136187,0.00018386177999999998,0.006237966000000001,39.62591,0.0020136187,0.00018386177999999998,0.003467775,39.92288,0.0020136187,0.00018386177999999998,0.004099070000000001,7.760253999999998e-06,2.274403e-05,0.010590362,0.15230559999999999,0.007665765,0.0005018829,-0.00036665940000000006,1.3610752999999997e-06,1.2064831000000002e-05
73,1608982200,1.6607759999999998,1.6607910000000001,-0.011898362,-0.9562968,2.257981,1.049352,2.088663,1.915672,0.027506239999999998,0.7092069,1.823412e-05,3.702406e-06,3.7348753999999997e-06,6.1990805000000005e-06,6.288163e-06,7.804807999999999e-06,1.1997123e-05,2.4706096000000003e-05,0.7892021999999999,0.04098396,0.00013392533999999999,76.35614000000001,55.00192,5.519042000000001e-05,6.212651,0.01964294,17.53173,0.0018728227000000004,0.00017096613,0.0411683,69.67823999999999,0.0018728227000000004,0.00017096613,0.006177726,37.00805999999999,0.0018728227000000004,0.00017096613,0.0033825259999999994,37.26584,0.0018728227000000004,0.00017096613,0.004040566000000001,6.185565e-06,2.115845e-05,0.003372308000000002,0.6807103000000001,0.006752016999999999,0.0001658348,-0.0008317254699999998,1.4452714000000002e-06,1.1965528e-05
73,1608982800,2.091937,2.091949,-0.011806762999999998,-0.96486,2.545539,1.1793961,2.332984,2.140079,0.04108979,0.9117918000000002,1.877387e-05,4.5468956e-06,4.682910600000001e-06,8.650085999999999e-06,8.569946e-06,1.13439643e-05,1.8547419e-05,4.0193119e-05,0.9963563000000001,0.049293760000000006,0.00021845369000000003,75.47106,54.88448999999999,6.949504e-05,6.478714999999999,0.02177167,21.73514,0.00204170577,0.00018649878080000002,0.046000540000000006,87.25292,0.00204170577,0.00018649878080000002,0.006290266,42.967846,0.00204170577,0.00018649878080000002,0.003597994,43.182247999999994,0.00204170577,0.00018649878080000002,0.004174982,9.174098999999998e-06,2.4104370000000004e-05,0.0041889660000000006,0.5474693,0.010193669999999998,0.0011803243999999999,0.00016846682000000004,2.274263e-06,1.549355e-05
73,1608983400,1.484429,1.484441,-0.007650575999999999,-0.8390112999999999,2.1949059999999996,0.9707773000000002,2.010325,1.8229710000000001,0.0303501,0.6452421,1.7840640000000003e-05,3.3769087e-06,3.3972338899999993e-06,3.9817881399999995e-06,5.638611999999999e-06,6.9153393999999994e-06,1.06620606e-05,2.1526533999999998e-05,0.6887148,0.05335256000000001,8.746948e-05,79.57704000000001,57.44115000000001,4.934068e-05,5.766253000000001,0.01814401,15.54726,0.00107425283,9.783448800000001e-05,0.038232659999999995,60.54853999999999,0.00107425283,9.783448800000001e-05,0.005548495999999999,22.353460000000002,0.00107425283,9.783448800000001e-05,0.0026952400000000002,22.165578999999997,0.00107425283,9.783448800000001e-05,0.003892868,2.597666e-06,1.7550349999999997e-05,0.010193696,3.0536470000000002,0.007335232000000001,-0.0010715822000000002,-0.0020633329999999997,7.929897e-07,1.0329212e-05
73,1608984000,1.2191229,1.2191364999999998,-0.011348237,-0.8465111000000001,2.026825,0.8803536000000001,1.822893,1.6506509999999999,0.03409132,0.5607881000000001,1.8274980000000002e-05,3.3503909999999997e-06,3.4625168900000004e-06,4.079048200000001e-06,5.649665e-06,7.0759584e-06,1.0947927900000002e-05,2.2268025e-05,0.5669654,0.04242273,0.00011256299,76.84679000000001,57.16402000000001,4.0514419999999994e-05,6.308513,0.01700214,13.057580000000002,0.0014127133,0.00012883196,0.03493486,50.489610000000006,0.0014127133,0.00012883196,0.0058692910000000004,27.670910000000003,0.0014127133,0.00012883196,0.002880518,27.780529,0.0014127133,0.00012883196,0.003914564000000001,2.3904030000000003e-06,1.7573799999999998e-05,0.036679,1.6176973000000001,0.004620300999999999,-0.0012171306999999999,-0.002075046,7.756503000000001e-07,9.485154e-06
73,1608984600,1.1406532999999999,1.1406676,-0.0170441,-0.8558299,1.9327350000000003,0.8532739999999999,1.7454900000000002,1.596875,0.0277626,0.5120945,1.6931949999999996e-05,2.3133636999999998e-06,2.31345408e-06,2.7197844e-06,3.7951384e-06,4.7054308e-06,7.1885226e-06,1.5377167000000002e-05,0.5300612,0.04000123,0.0002234713,80.43746000000002,57.19506,3.7923890000000004e-05,6.069095,0.01597514,11.992255,0.00103389736,9.4126092e-05,0.033522079999999996,46.65127,0.00103389736,9.4126092e-05,0.005598564999999999,22.034581,0.00103389736,9.4126092e-05,0.002630992,21.852749,0.00103389736,9.4126092e-05,0.003888675,2.294998e-06,1.7294149999999998e-05,0.045286995000000003,1.2751940000000002,0.003971493,-0.0012423554,-0.002061098,7.079303e-07,8.921356999999998e-06
73,1608985200,0.5008417999999999,0.5008568999999999,-0.02779174,-0.7147665999999999,1.3780549999999998,0.5650988,1.184399,1.0544577,0.021240039999999998,0.2454212,1.596238e-05,1.0383845700000002e-06,1.08917621e-06,1.2612757099999999e-06,1.8151312999999998e-06,2.2925004000000003e-06,3.6377398000000003e-06,7.3860804999999995e-06,0.21882170000000004,0.03136711999999999,0.0002122259,87.41515000000001,62.994380000000014,1.6638049999999996e-05,6.297789,0.010312482,5.316388,0.0005626046149999999,5.1041350199999995e-05,0.021524919999999996,19.304470000000002,0.0005626046149999999,5.1041350199999995e-05,0.0050568869999999995,11.707636,0.0005626046149999999,5.1041350199999995e-05,0.0018056161000000002,11.505225999999999,0.0005626046149999999,5.1041350199999995e-05,0.003877592,1.465108e-06,1.6449710000000003e-05,0.085737855,5.546141200000001,0.005929975,-0.0018547459999999998,-0.00242119,7.62736e-07,9.597369e-06
73,1608985800,0.5135786,0.5135935,-0.025065164,-0.6396744000000001,1.413605,0.5567637999999999,1.2174749999999999,1.0865219,0.01616474,0.249111,1.567687e-05,7.464529e-07,7.831035199999999e-07,9.3148975e-07,1.4568581e-06,1.8272179e-06,2.9095964e-06,6.405220999999999e-06,0.22311099999999998,0.03345336,0.0002085347,86.31557000000001,63.55065,1.7062750000000002e-05,6.330732,0.010519963,5.452271,0.0008219926840000001,7.48573803e-05,0.021754839999999998,19.673880000000004,0.0008219926840000001,7.48573803e-05,0.005215842,15.704497000000003,0.0008219926840000001,7.48573803e-05,0.0019626737999999997,15.575027999999998,0.0008219926840000001,7.48573803e-05,0.003882406,1.5490129999999998e-06,1.6555529999999996e-05,-0.039856890000000006,19.944516,0.00860265,-0.0018398679999999997,-0.002416505,9.98205e-07,1.2455531e-05
73,1608986400,0.7750842,0.7750992,-0.015806807,-0.7975509999999999,1.689238,0.7024543999999999,1.45707,1.3072909999999998,0.02597526,0.36995579999999995,1.6491150000000002e-05,1.7281108000000002e-06,1.7879499e-06,2.1895678000000003e-06,3.1408747999999995e-06,4.0884298e-06,6.689647e-06,1.3975006e-05,0.3519866,0.035183030000000004,0.00033647570000000006,80.53776,59.68639,2.573669e-05,6.5400030000000005,0.013005160000000002,8.213387,0.00083630604,7.6064042e-05,0.02727659,31.075089999999996,0.00083630604,7.6064042e-05,0.005351873,17.095554,0.00083630604,7.6064042e-05,0.0022414450000000003,16.907956,0.00083630604,7.6064042e-05,0.0038821239999999994,1.6980940000000001e-06,1.6667529999999998e-05,0.10708597,5.540737999999999,0.007752294999999999,-0.001697821,-0.0024126169999999997,7.720149e-07,1.0055019e-05
73,1608987000,0.799114,0.7991292000000001,-0.01878201,-0.949647,1.646112,0.7483306000000001,1.450769,1.3037660000000002,0.027324799999999993,0.3786768,1.596643e-05,1.0354483000000002e-06,1.0594440299999998e-06,1.3794099e-06,2.2907944999999997e-06,3.0580655e-06,5.2628005e-06,1.1989438e-05,0.36595269999999996,0.03320793,0.0003691912,82.02559000000001,58.560399999999994,2.6543919999999996e-05,6.566677000000001,0.013226960000000001,8.535808,0.00110749327,0.0001009309283,0.0279779,32.40508,0.00110749327,0.0001009309283,0.005596135,22.02493,0.00110749327,0.0001009309283,0.0024720920000000004,21.989546,0.00110749327,0.0001009309283,0.00389961,1.66712e-06,1.6795640000000002e-05,0.035744684,3.9137,0.006745936999999999,-0.001725718,-0.002412076,7.381286999999999e-07,9.554687999999999e-06
73,1608987600,1.3113839999999999,1.3113990000000002,-0.013575711,-1.280532,1.9540699999999998,1.0100595,1.7315770000000001,1.596311,0.029328659999999996,0.5953595,1.586654e-05,1.0123305e-06,9.128080000000002e-07,1.22493929e-06,2.3351115999999996e-06,2.9272430999999998e-06,5.124136000000001e-06,1.2829566000000002e-05,0.6276206999999999,0.027728540000000003,0.00031570150000000005,78.20460999999999,54.33248,4.359458e-05,6.026413000000001,0.017259450000000003,13.642439999999999,0.00160956334,0.000146906643,0.036537759999999996,54.96262,0.00160956334,0.000146906643,0.0060579299999999996,32.777953000000004,0.00160956334,0.000146906643,0.0031439500000000004,32.928607,0.00160956334,0.000146906643,0.003913657,2.3739030000000006e-06,1.75701e-05,0.06222275000000001,2.9537005,0.008341328,-0.0012570922,-0.00206033,7.974491999999999e-07,1.0787947e-05
73,1608988200,1.467278,1.467296,-0.010304594,-1.407421,1.973686,1.0848464000000002,1.766791,1.646414,0.03892558,0.6587951000000001,1.845636e-05,3.6976773999999995e-06,3.759018679999999e-06,4.46331989e-06,6.2426333e-06,7.8638067e-06,1.2426791099999998e-05,2.4862346e-05,0.7048310000000001,0.028406699999999997,0.00033483440000000003,76.02317,54.114239999999995,4.877407e-05,6.216542000000001,0.018552350000000002,15.58411,0.00098124079,8.9320188e-05,0.038702679999999996,62.40794999999999,0.00098124079,8.9320188e-05,0.0055159119999999996,22.305875,0.00098124079,8.9320188e-05,0.002623568,22.031510000000004,0.00098124079,8.9320188e-05,0.0039042960000000002,2.52915e-06,1.7652530000000003e-05,0.005898535,3.3074155,0.007648355999999999,-0.0011601239,-0.0019571000000000002,8.851887999999999e-07,1.1237136e-05
73,1608988800,1.4331500000000001,1.433166,-0.008921408,-1.2777720000000001,1.9873729999999998,1.0539348,1.820719,1.674352,0.0268428,0.6338343999999999,1.623143e-05,1.6064643999999998e-06,1.47348975e-06,1.7929152299999998e-06,2.9511295e-06,3.4303624999999997e-06,5.629405199999999e-06,1.2818724999999998e-05,0.6854765,0.03076984,0.0002975901,78.7056,54.43289,4.766989e-05,5.962543,0.01789888,14.82243,0.00162100154,0.000147904274,0.03802371,59.79217,0.00162100154,0.000147904274,0.005892072,31.499901,0.00162100154,0.000147904274,0.003042301,31.608124000000004,0.00162100154,0.000147904274,0.003892139,2.438838e-06,1.7469379999999998e-05,0.040712866,1.6097518999999998,0.006033743999999999,-0.0011476028000000002,-0.002002736,6.985317e-07,9.299456e-06
73,1608989400,1.547875,1.547891,-0.0028082483199999998,-1.2711830000000002,2.0639119999999997,1.091841,1.8924949999999998,1.7567420000000002,0.03344289,0.6803006,1.6940590000000004e-05,2.4124720999999998e-06,2.4077265e-06,3.0930101e-06,4.834463999999999e-06,6.463568e-06,1.0971128e-05,2.4781908e-05,0.748696,0.02481357,0.00037036510000000003,74.26748,53.27803,5.1425500000000004e-05,6.356482,0.01877448,16.065070000000002,0.0014662866700000002,0.000133733353,0.039931209999999995,65.52799,0.0014662866700000002,0.000133733353,0.005915068000000001,30.43107,0.0014662866700000002,0.000133733353,0.003093417,30.497598000000004,0.0014662866700000002,0.000133733353,0.0038965459999999994,2.5887530000000003e-06,1.764304e-05,0.042278364,0.9331620999999999,0.004386372,-0.0010362206999999998,-0.001943507,6.979197e-07,9.020153e-06
73,1608990000,1.5397650000000003,1.53978,0.0081923425,-1.1979510000000002,2.0962020000000003,1.0711532,1.9196460000000002,1.7791299999999999,0.033685802,0.6750828,1.912123e-05,4.669297e-06,4.841660950000001e-06,5.694762500000001e-06,7.7511992e-06,9.8646821e-06,1.5264067399999998e-05,3.0992203999999995e-05,0.7458257,0.023564289999999998,0.00040858159999999997,71.02696,53.149750000000004,5.1149720000000004e-05,6.224051,0.018803359999999998,16.153280000000002,0.0012898367,0.00011753434,0.03993594,65.60226999999999,0.0012898367,0.00011753434,0.00581755,26.21603,0.0012898367,0.00011753434,0.003004789,26.180680000000002,0.0012898367,0.00011753434,0.0038850089999999996,2.595252e-06,1.755903e-05,-0.013055035000000001,2.6985252999999996,0.006248725,-0.0010305058,-0.0019663239999999998,7.538415e-07,1.006087e-05
73,1608990600,1.611449,1.6114640000000002,0.009151213,-1.454145,2.0344369999999996,1.1485619999999999,1.8411929999999999,1.7249780000000001,0.03439679,0.7168303999999999,1.903118e-05,4.381062399999999e-06,4.4417683e-06,5.1589041e-06,6.9043749999999994e-06,8.3458934e-06,1.26457764e-05,2.4929718000000002e-05,0.7797025,0.025506450000000003,0.00044456160000000004,72.45735999999998,53.24353,5.3578399999999995e-05,6.180076000000001,0.01959594,16.9484,0.0015031538899999998,0.0001371377273,0.0408381,68.58974,0.0015031538899999998,0.0001371377273,0.005860248,30.666065999999994,0.0015031538899999998,0.0001371377273,0.0030437529999999997,30.605247999999996,0.0015031538899999998,0.0001371377273,0.0039006360000000003,2.836643e-06,1.7905020000000004e-05,0.023556466,1.9013396,0.008559913999999998,-0.0009857585,-0.0017794039999999996,8.411811999999999e-07,1.1015048e-05
73,1608991200,2.10457,2.104584,0.013383529,-1.2706829999999998,2.381547,1.2627940000000002,2.209042,2.0652250000000003,0.03263112,0.9039631,1.829397e-05,3.9232219e-06,3.9398968e-06,4.8094941999999996e-06,7.0194539999999995e-06,9.1902485e-06,1.47507858e-05,3.2477930999999994e-05,1.0284703999999998,0.02329604,0.00043865129999999997,71.34898999999999,52.291250000000005,6.995008e-05,6.135702,0.02221119,22.05087,0.0022402201,0.00020459152,0.04687412,90.36085999999999,0.0022402201,0.00020459152,0.0064696879999999995,44.655688000000005,0.0022402201,0.00020459152,0.003780849,45.11573800000001,0.0022402201,0.00020459152,0.003923005,3.830113e-06,1.8818050000000002e-05,-0.09733368100000002,17.333451,0.014369084999999998,-0.0005928767,-0.001637732,2.2514333e-06,2.7062211000000003e-05
73,1608991800,2.4206930000000004,2.420709,0.0013295740000000003,-1.385046,2.480065,1.380554,2.276132,2.1503900000000002,0.039516029999999994,1.0471302000000002,2.401458e-05,9.99532e-06,1.04343529e-05,1.2157188099999998e-05,1.6000393e-05,2.037215e-05,3.0927758e-05,6.060996e-05,1.193347,0.016379949999999997,0.00044851349999999995,64.84081999999998,51.397760000000005,8.042773e-05,6.452861,0.02401369,25.26229,0.0016909991000000004,0.00015421031999999997,0.0504996,104.74329,0.0016909991000000004,0.00015421031999999997,0.006300282999999999,36.43212,0.0016909991000000004,0.00015421031999999997,0.0036389279999999996,36.461490000000005,0.0016909991000000004,0.00015421031999999997,0.003931224,3.990593e-06,1.898302e-05,-0.015365072000000004,1.7288043000000002,0.007780774999999999,-0.00033735488,-0.001416596,8.280868999999999e-07,1.0817604e-05
73,1608992400,2.2542940000000002,2.2543110000000004,-0.010919141999999998,-1.4884270000000002,2.341648,1.3588879999999999,2.1246270000000003,2.003687,0.052213739999999995,1.0088822,1.8537540000000003e-05,4.048054599999999e-06,4.050885629999999e-06,4.9401479e-06,7.419077e-06,9.47813e-06,1.5534250900000002e-05,3.4642471e-05,1.1028701,0.023736260000000002,0.0004574829,70.79076,52.163329999999995,7.492896000000001e-05,6.158334,0.02314421,23.3348,0.0021825707000000002,0.00019928876,0.04838911,96.44573,0.0021825707000000002,0.00019928876,0.006274260000000001,42.983672999999996,0.0021825707000000002,0.00019928876,0.003587464,43.388643,0.0021825707000000002,0.00019928876,0.003928925,3.6394119999999997e-06,1.8769810000000002e-05,0.012716981999999998,0.7000395,0.006071656,-0.0005534644,-0.0014677280000000002,7.754133000000001e-07,9.887272999999999e-06
73,1608993000,2.446244,2.4462610000000002,-0.01244451,-1.525525,2.3544349999999996,1.4252559999999996,2.1936679999999997,2.064887,0.034754469999999996,1.0389141,1.5970200000000002e-05,1.6691302999999998e-06,1.6469142000000003e-06,2.6762333000000004e-06,5.561406e-06,8.1727646e-06,1.577197e-05,3.90245e-05,1.1932269999999998,0.029284329999999997,0.0005341602,73.12574000000001,52.43005999999999,8.128700999999998e-05,6.477752,0.02395492,24.760550000000002,0.0032920323,0.00030095827999999995,0.050111,103.07293,0.0032920323,0.00030095827999999995,0.006921777,61.43369,0.0032920323,0.00030095827999999995,0.004294378,62.26836000000001,0.0032920323,0.00030095827999999995,0.003925583,3.818562999999999e-06,1.8899209999999998e-05,0.022798378999999997,0.35885397999999996,0.004724246,-0.0004268132,-0.001365072,7.232325000000001e-07,9.580452e-06
73,1608993600,1.4699734000000002,1.4699879,-0.00034998699999999985,-1.479453,1.874685,1.0865456,1.709152,1.608724,0.03639551,0.6559139,1.6459999999999998e-05,1.8602959e-06,1.8394441e-06,2.4224783999999997e-06,4.021893999999999e-06,5.287564e-06,9.278075e-06,2.1315858999999998e-05,0.7219593,0.01254813,0.00043196019999999996,70.63803,51.876369999999994,4.886428999999999e-05,6.318685,0.01848005,15.070964,0.00131434225,0.00011979082299999998,0.03875014,62.77641,0.00131434225,0.00011979082299999998,0.005875869,27.881287000000004,0.00131434225,0.00011979082299999998,0.0030263390000000003,27.816067999999994,0.00131434225,0.00011979082299999998,0.003905878,2.426783e-06,1.7586840000000002e-05,0.028052287000000002,0.5352161,0.003960164,-0.0011818579,-0.001922041,6.941118e-07,8.930641999999999e-06
73,1608994200,1.703833,1.7038510000000002,-0.0012440839,-1.480399,2.018349,1.177203,1.851843,1.7461300000000002,0.038871710000000004,0.7488039,1.790962e-05,3.346489e-06,3.3493218e-06,4.0516178000000005e-06,5.9682240000000005e-06,7.553526000000001e-06,1.2232128000000001e-05,2.5789769e-05,0.8415745000000001,0.009907041,0.0003707607,67.91516,51.22874,5.6641120000000004e-05,6.126265999999999,0.020202019999999998,17.58553,0.00079610705,7.229020599999999e-05,0.04230311,73.49816000000001,0.00079610705,7.229020599999999e-05,0.00564611,22.017996,0.00079610705,7.229020599999999e-05,0.0028696849999999994,21.565801,0.00079610705,7.229020599999999e-05,0.0038932479999999998,2.8267940000000005e-06,1.785132e-05,0.027234703000000006,1.1502153,0.006244734,-0.0009270843000000001,-0.0017364009999999998,7.167372999999999e-07,9.683502000000002e-06
73,1608994800,1.0935764999999997,1.0935900000000003,0.02462337,-1.196072,1.8163310000000004,0.8948687,1.612323,1.5040589999999998,0.027176272,0.5000567,1.6054749999999997e-05,1.4109461e-06,1.3867641699999998e-06,1.830605e-06,2.9729403e-06,3.9334092e-06,6.7433068999999995e-06,1.5739068999999995e-05,0.5362851999999999,0.010161201,0.0003062019,72.41223,51.9261,3.63528e-05,6.286864,0.01619086,11.525903,0.0011650326,0.00010614007999999999,0.033886639999999996,47.26699000000001,0.0011650326,0.00010614007999999999,0.0057038209999999995,23.13393,0.0011650326,0.00010614007999999999,0.0027413710000000003,23.11504,0.0011650326,0.00010614007999999999,0.0038707359999999996,1.997399e-06,1.6912520000000003e-05,0.010509528,1.6939936,0.005278831999999999,-0.00146387,-0.002179679,7.264614999999999e-07,9.558055999999999e-06
73,1608995400,0.9126773,0.9126917999999999,-0.00047303719999999984,-1.1049668,1.661152,0.8021188,1.486547,1.3739299999999999,0.027820130000000005,0.4176068,1.555275e-05,9.931560000000001e-07,9.5439191e-07,1.26284524e-06,2.1551342e-06,2.7770488200000003e-06,4.6934192e-06,1.1140556000000001e-05,0.4433821,0.012665329999999999,0.0002663284,74.47515,52.97684,3.0342940000000007e-05,6.158783000000001,0.01451161,9.407629,0.0010451605,9.517529e-05,0.030489389999999998,38.65818,0.0010451605,9.517529e-05,0.005600924,21.358971000000004,0.0010451605,9.517529e-05,0.00259339,21.274120000000003,0.0010451605,9.517529e-05,0.0038524010000000005,1.6865519999999998e-06,1.648158e-05,-0.16833081,6.564694899999999,0.0047439231,-0.0016530840000000002,-0.002326477,7.413311e-07,9.750711999999999e-06
73,1608996000,0.6499018999999999,0.6499165,-0.009998522499999999,-1.0976941999999998,1.425718,0.6873483,1.2663389999999999,1.157811,0.018623960000000002,0.2989931,1.598242e-05,1.4845184e-06,1.5512512e-06,1.9513573999999997e-06,2.8701514e-06,3.8875398e-06,6.44162e-06,1.3704908000000002e-05,0.3074276,0.017179999999999997,0.0003098485,75.95511000000002,55.47772,2.1579899999999996e-05,6.659792,0.01194665,6.699901,0.00058315347,5.29316665e-05,0.02541929,26.72131,0.00058315347,5.29316665e-05,0.005072241999999999,12.353542000000001,0.00058315347,5.29316665e-05,0.0019583509999999997,12.069101,0.00058315347,5.29316665e-05,0.0038392290000000004,1.3889873e-06,1.6091559999999997e-05,0.04573248,6.556546399999999,0.006449538,-0.001851998,-0.0024273140000000003,8.011206e-07,9.810468e-06
73,1608996600,0.8013375,0.8013533,-0.009166827999999998,-1.2333319999999999,1.541184,0.7846626999999999,1.360128,1.2457129999999998,0.029577940000000004,0.3760322,1.5846180000000003e-05,1.3741531e-06,1.3371777e-06,1.63684217e-06,2.3649635e-06,2.9891084e-06,4.760723899999999e-06,1.0113086999999998e-05,0.3807175,0.0195744,0.0003513798,78.20948000000001,55.36249,2.664455e-05,6.228498,0.01327847,8.295998999999998,0.0009692600100000001,8.826392899999999e-05,0.02816308,33.18849,0.0009692600100000001,8.826392899999999e-05,0.005360647,18.939908,0.0009692600100000001,8.826392899999999e-05,0.002325801,18.869244000000002,0.0009692600100000001,8.826392899999999e-05,0.003830657,1.5505099999999999e-06,1.617705e-05,-0.005801807999999997,5.1847541,0.006817651000000001,-0.0017465690000000003,-0.002333628,7.648369e-07,9.650773999999998e-06
73,1608997200,0.8236854000000001,0.8237009000000001,-0.011713192,-1.3065219999999997,1.513209,0.7934683,1.3417530000000002,1.2455630000000002,0.027540430000000005,0.38562090000000004,1.6122659999999998e-05,1.4795447e-06,1.4732074199999997e-06,1.8014733799999998e-06,2.6848031e-06,3.3965741e-06,5.450595599999999e-06,1.1890003999999999e-05,0.3980549,0.013437180000000002,0.00032118539999999996,75.04317,53.575570000000006,2.738231e-05,6.257816,0.013570969999999998,8.560532,0.0010389670200000002,9.4643131e-05,0.028727600000000002,34.78482,0.0010389670200000002,9.4643131e-05,0.005392424999999999,20.423029999999997,0.0010389670200000002,9.4643131e-05,0.0023236119999999996,20.362686,0.0010389670200000002,9.4643131e-05,0.0038698070000000003,1.6044350000000002e-06,1.653288e-05,0.023755109999999996,2.9201134,0.005494379,-0.0017335910000000003,-0.002333906,7.560851e-07,9.053615e-06
73,1608997800,0.44225080000000005,0.44226589999999993,-0.01806169,-1.0782512999999998,1.2051359,0.5645499999999999,1.0397564999999998,0.9467544,0.017550510999999998,0.21134080000000002,1.5847419999999998e-05,9.79721e-07,1.0249157000000001e-06,1.25816021e-06,1.8465872000000002e-06,2.4545954000000004e-06,4.0174331e-06,8.493316e-06,0.2086948,0.01202576,0.00038383210000000005,77.57809,55.93356,1.4686659e-05,6.520638,0.009762934,4.5978769999999995,0.0004802031239999999,4.349327590000001e-05,0.02078928,18.16481,0.0004802031239999999,4.349327590000001e-05,0.004891649,9.568483,0.0004802031239999999,4.349327590000001e-05,0.0016242942000000004,9.296800000000001,0.0004802031239999999,4.349327590000001e-05,0.003862151,9.904687e-07,1.5894600000000002e-05,0.052693409000000004,2.6082527,0.0031896342999999995,-0.002190163,-0.0026558920000000004,6.751252e-07,8.315268999999998e-06
73,1608998400,0.2205699,0.22058499999999998,0.053462077,-0.7726548,0.9623541000000001,0.3772042,0.7916491,0.7084341000000001,0.009664674,0.11009183,1.5346820000000005e-05,4.7252284e-07,4.9975942e-07,6.2016514e-07,8.977901999999999e-07,1.2044593999999998e-06,1.9220007000000004e-06,3.9662811e-06,0.09893110000000001,0.01104339,0.00030037699999999995,83.23789000000001,60.63808,7.32091e-06,6.592414,0.0068695100000000005,2.337334,0.00032137022,2.9014494600000005e-05,0.01441076,8.662412,0.00032137022,2.9014494600000005e-05,0.004697498,6.6315349999999995,0.00032137022,2.9014494600000005e-05,0.0012643079,6.302041,0.00032137022,2.9014494600000005e-05,0.0038645100000000003,7.4772e-07,1.5647459999999996e-05,-0.06573183900000001,17.332918,0.0059649217,-0.002507376,-0.002890422,8.250511e-07,1.0341819e-05
73,1608999000,0.15948117999999997,0.15949612999999999,0.09757349,-0.6728113,0.8118620999999999,0.3143258,0.6817708,0.6004308,0.006380404000000001,0.07954385,1.5081260000000001e-05,1.9832985999999997e-07,1.9079575000000003e-07,2.3332277000000002e-07,3.547616e-07,4.3298266999999995e-07,6.15137e-07,1.3243426000000001e-06,0.06882878,0.010597896,0.0003103563,93.14732000000001,65.26766,5.302697e-06,6.2600430000000005,0.005901639000000001,1.7162370000000002,0.00031412297,2.82754697e-05,0.011892165,6.069065,0.00031412297,2.82754697e-05,0.00466624,5.985375100000001,0.00031412297,2.82754697e-05,0.0011782215,5.6738973999999995,0.00031412297,2.82754697e-05,0.003864122,6.257514e-07,1.5542e-05,-0.06739653,12.605573,0.0041246304,-0.0026005840000000004,-0.002948487,6.937608e-07,8.250742e-06
73,1608999600,0.10345501000000001,0.10346991000000001,0.025816137,-0.6965836,0.6587825,0.2618989,0.5372787000000001,0.46377670000000004,0.006859272,0.05380050000000001,1.4944389999999998e-05,1.3019058e-07,1.4089844e-07,1.8648466999999999e-07,2.9258310000000007e-07,3.865879e-07,6.142624e-07,1.3606971e-06,0.039723919999999996,0.01180013,0.00020018319999999998,92.72723,75.54478,3.4348270000000002e-06,6.704313000000001,0.004598944,1.1068195,0.000151859691,1.3471078900000001e-05,0.008922322,3.467628,0.000151859691,1.3471078900000001e-05,0.00440719,3.2793034999999997,0.000151859691,1.3471078900000001e-05,0.0008750371,2.9016478,0.000151859691,1.3471078900000001e-05,0.0038479530000000003,5.712031000000001e-07,1.535701e-05,-1.11090439,52.993365999999995,0.004855329,-0.002705596,-0.003016529,8.037562999999999e-07,9.240879e-06
73,1609000200,0.12532551,0.12533992,0.06223002,-0.8394056000000001,0.7335974000000001,0.2948151,0.5856179000000001,0.5135407999999999,0.009017257,0.07095549999999999,1.4764619999999999e-05,1.7976227e-07,1.9548057000000003e-07,2.6305218e-07,3.945472e-07,5.240957e-07,8.795410999999999e-07,1.921365e-06,0.05159419,0.010905830000000002,0.0001579946,88.63671,69.41311,4.162045000000001e-06,6.612921999999999,0.005044065,1.3177556999999998,0.00022445477600000003,2.0122844699999998e-05,0.010219283,4.4938340000000006,0.00022445477600000003,2.0122844699999998e-05,0.0044587870000000005,4.350134000000001,0.00022445477600000003,2.0122844699999998e-05,0.0009738578000000001,4.0238952999999995,0.00022445477600000003,2.0122844699999998e-05,0.00382623,5.675832e-07,1.5180869999999999e-05,-0.06605165000000002,26.492354999999996,0.005500051173999999,-0.0026689979999999997,-0.0029906290000000003,7.14637e-07,9.113645e-06
73,1609000800,0.2664595,0.2664741,0.02789451,-0.8121742999999999,1.008555,0.41422810000000004,0.8542011,0.7671234,0.011202375,0.13219943,1.4862349999999997e-05,3.7303345e-07,3.702454e-07,4.7179746999999996e-07,7.334911999999999e-07,9.5804786e-07,1.55918868e-06,3.4551189000000005e-06,0.12293604,0.010215617,6.977665e-05,82.38741,58.256820000000005,8.856802e-06,6.274733,0.007827985,2.7631749999999995,0.00014755334,1.3080359299999999e-05,0.01600529,10.707283,0.00014755334,1.3080359299999999e-05,0.004462717,3.825519,0.00014755334,1.3080359299999999e-05,0.0011172890999999996,3.434807599999999,0.00014755334,1.3080359299999999e-05,0.0038128240000000007,8.112015000000001e-07,1.5312650000000003e-05,0.9899538999999999,37.008939,0.007787171000000001,-0.002379938,-0.0027955809999999997,7.784948e-07,9.304549999999999e-06
73,1609001400,0.5753854,0.5754003,-0.01544746,-1.0360247,1.3433670000000002,0.6296674,1.1918253,1.0889583999999999,0.02142615,0.2680813,1.5516240000000002e-05,1.0003654e-06,9.8349573e-07,1.19355127e-06,1.7834772e-06,2.1536347100000004e-06,3.4284714e-06,7.422660000000001e-06,0.2766428,0.010915863999999999,0.00011500069000000001,76.09935,54.02163,1.9131689999999998e-05,6.015342,0.011489072999999999,6.0236730000000005,0.0007295940999999999,6.628892000000001e-05,0.02414031,24.33247,0.0007295940999999999,6.628892000000001e-05,0.005240811000000001,14.548955000000001,0.0007295940999999999,6.628892000000001e-05,0.0020688420000000004,14.355795,0.0007295940999999999,6.628892000000001e-05,0.0038345830000000003,1.2333646999999998e-06,1.5902089999999997e-05,-0.36872714800000006,17.4423876,0.0066750953,-0.0019649389999999997,-0.002534428,7.85772e-07,1.0083277e-05
73,1609002000,0.4647780999999999,0.46479299999999996,-0.02743736,-0.9557917,1.202324,0.5552911,1.0893334000000001,0.9924676,0.015240461000000002,0.207205,1.569038e-05,1.0860852e-06,1.1043318499999999e-06,1.3357783200000003e-06,1.8866024999999996e-06,2.4344239000000002e-06,3.8586692e-06,8.0623485e-06,0.22073069999999997,0.011519709999999999,0.00011788223000000001,76.63105,55.25364,1.544176e-05,6.241336,0.010228808999999998,4.886184999999999,0.000312330842,2.81226119e-05,0.02156817,19.41451,0.000312330842,2.81226119e-05,0.004730581,6.816675999999999,0.000312330842,2.81226119e-05,0.0014934551000000001,6.4932917,0.000312330842,2.81226119e-05,0.003838391,1.0209396999999998e-06,1.572887e-05,0.049370001999999996,5.5300145999999994,0.003964543199999999,-0.002128436,-0.0026465509999999996,7.337434e-07,8.668346e-06
73,1609002600,0.4040231,0.40403779999999995,-0.026949030000000006,-1.0304844,1.161261,0.5376455,1.0039436,0.9140533999999999,0.01629713,0.1945263,1.5167669999999997e-05,5.765797799999999e-07,5.7191991e-07,7.2017778e-07,1.1169867e-06,1.4386117500000001e-06,2.3801629999999997e-06,5.369919499999999e-06,0.1897876,0.01203744,0.00017382608000000003,78.26755,56.12011,1.342658e-05,6.214527000000001,0.009387645,4.2166939999999995,0.00033784358999999997,3.0410378e-05,0.020030489999999998,16.62109,0.00033784358999999997,3.0410378e-05,0.004730438,7.184507999999999,0.00033784358999999997,3.0410378e-05,0.0014636249,6.852653000000001,0.00033784358999999997,3.0410378e-05,0.003843093,9.548795999999999e-07,1.5696489999999997e-05,0.060370999,9.431991999999997,0.0055869901,-0.0022079050000000005,-0.002690621,7.052483e-07,8.722204e-06
73,1609003200,0.4499185,0.4499331,-0.0058115699999999985,-0.9777235,1.2240369999999998,0.5546091,1.0774835,0.9829051,0.017952735999999997,0.2151043,1.532706e-05,8.383864999999998e-07,8.400948099999999e-07,1.01539953e-06,1.4575552999999999e-06,1.8519057e-06,2.8551743000000006e-06,6.1470362e-06,0.2125677,0.012194610000000002,0.0001812717,79.88302000000002,55.60489,1.495495e-05,6.281707000000001,0.009977856999999998,4.69069,0.0004975031000000001,4.5044861000000006e-05,0.021203339999999998,18.60882,0.0004975031000000001,4.5044861000000006e-05,0.004995314000000001,10.529419,0.0004975031000000001,4.5044861000000006e-05,0.001765016,10.268805,0.0004975031000000001,4.5044861000000006e-05,0.00382447,9.846098000000003e-07,1.559408e-05,0.043112115,2.0382664,0.0033122666999999993,-0.0021398429999999998,-0.002643564,6.491662000000001e-07,7.993917e-06
73,1609003800,0.3803996,0.3804141,0.00580227,-0.9840169,1.1348968000000001,0.5079872,0.9897674000000001,0.9018274,0.012471535,0.18227590000000002,1.555782e-05,9.239280999999999e-07,9.272535500000001e-07,1.09661271e-06,1.5365062999999998e-06,1.8923338999999998e-06,2.8994694000000003e-06,5.842171e-06,0.1807327,0.009303562000000001,0.00014745817000000002,77.44954,55.09168,1.2642721000000001e-05,6.288549000000001,0.009367281,3.9811569999999996,0.00030218575799999996,2.7194811599999996e-05,0.019493729999999997,15.84227,0.00030218575799999996,2.7194811599999996e-05,0.004680103999999999,6.287178000000001,0.00030218575799999996,2.7194811599999996e-05,0.0013884035999999998,5.934073,0.00030218575799999996,2.7194811599999996e-05,0.0038426020000000005,9.289827e-07,1.567371e-05,-0.6417114719999999,29.656612999999993,0.0050948185,-0.0022586750000000004,-0.002722174,7.789223e-07,9.346045000000001e-06
73,1609004400,0.3691021,0.369117,-0.02678522,-0.9692710999999999,1.1064725,0.4976821,0.9703794,0.8832650000000001,0.012759903,0.1763052,1.538931e-05,6.107361500000001e-07,6.0477594e-07,7.655009999999999e-07,1.1357113000000001e-06,1.4270094399999998e-06,2.3673187e-06,5.1209545e-06,0.1760589,0.008370038,0.00010964802,75.57101,54.697500000000005,1.2273666e-05,6.076071000000001,0.009189069000000001,3.8105960000000003,0.00043562378000000003,3.9363821e-05,0.01926042,15.316469999999999,0.00043562378000000003,3.9363821e-05,0.0049108780000000005,9.092062,0.00043562378000000003,3.9363821e-05,0.0016136990000000001,8.785706999999999,0.00043562378000000003,3.9363821e-05,0.003854946,8.796380000000001e-07,1.572182e-05,-0.007748515,3.302848,0.003933404099999999,-0.002287278,-0.0027518490000000002,6.845983000000001e-07,8.402280999999999e-06
73,1609005000,0.30968049999999997,0.3096952,-0.02293343,-0.9928611,1.0118941,0.46334159999999996,0.8895271999999999,0.8064247,0.011711336000000001,0.1446223,1.5218040000000002e-05,5.589097299999999e-07,5.606790899999999e-07,6.8378284e-07,1.0139466e-06,1.2497480200000002e-06,1.9749454900000004e-06,4.2552325e-06,0.14714259999999996,0.007583793,0.00010283175999999999,77.31183000000001,55.03176,1.0294366e-05,6.062976,0.008601076,3.2276359999999995,0.00036011173,3.2457122e-05,0.01767812,12.88097,0.00036011173,3.2457122e-05,0.004758832,7.245036000000001,0.00036011173,3.2457122e-05,0.0014257452,6.9551874,0.00036011173,3.2457122e-05,0.003841265,8.141408e-07,1.555306e-05,0.03305888,4.2566091,0.0035944301999999997,-0.002348354,-0.002783504,7.205197e-07,8.329649e-06
73,1609005600,0.30523,0.3052448,0.003680218,-1.0380739,1.0106931000000001,0.46195579999999997,0.8806769999999998,0.8035745999999999,0.011956290999999999,0.1489854,1.5259000000000004e-05,6.278269000000001e-07,7.531443e-07,7.8123722e-07,1.1286695000000002e-06,1.4365983000000001e-06,2.2736563000000002e-06,4.797317700000001e-06,0.14506589999999997,0.007461005,7.537141e-05,75.92168000000001,55.05004,1.0142804e-05,6.2246749999999995,0.008512917999999998,3.18943,0.00037236469000000004,3.3581226e-05,0.01751917,12.70265,0.00037236469000000004,3.3581226e-05,0.004799783,7.639253000000001,0.00037236469000000004,3.3581226e-05,0.0014665276,7.3169123,0.00037236469000000004,3.3581226e-05,0.0038389789999999993,1.0692883e-06,1.5779949999999998e-05,-0.492391511,16.412563999999996,0.004936147,-0.002223966,-0.00261608,7.532663e-07,9.081136e-06
73,1609006200,0.3269463,0.3269609,-0.022175798,-0.9527014000000001,1.0660823999999998,0.4673083,0.9181404999999998,0.8343254,0.011373355999999998,0.15386930000000001,1.500907e-05,3.749328e-07,3.6818199999999995e-07,5.100353e-07,8.803851e-07,1.1983732e-06,2.1039455e-06,4.870132e-06,0.1552731,0.008062677,0.0001266432,76.66430999999999,55.035180000000004,1.0863628e-05,6.456841,0.008698283999999999,3.427205,0.00031229338000000005,2.8070162000000004e-05,0.01816104,13.605669999999998,0.00031229338000000005,2.8070162000000004e-05,0.004751780999999999,6.509567,0.00031229338000000005,2.8070162000000004e-05,0.001429329,6.170799000000001,0.00031229338000000005,2.8070162000000004e-05,0.0038421749999999998,8.984409e-07,1.5628549999999998e-05,-0.025444539999999998,14.677624500000002,0.0060193569,-0.002294298,-0.002740351,7.618468e-07,9.338255e-06
73,1609006800,0.4808317,0.4808466,-0.019493136,-1.0625163,1.2539260000000003,0.5807087999999999,1.0810832,0.9954308,0.01809788,0.22762689999999997,1.587016e-05,1.1489992e-06,1.16693523e-06,1.3798746999999998e-06,1.975168e-06,2.4687424e-06,3.8759361e-06,7.9395146e-06,0.2321091,0.008114231000000001,0.00017146225999999998,73.63838,53.49219999999999,1.598312e-05,6.137366,0.010603678999999998,5.032863999999999,0.0005090278200000001,4.60821e-05,0.02218508,20.365569999999998,0.0005090278200000001,4.60821e-05,0.005028708000000001,10.510391000000002,0.0005090278200000001,4.60821e-05,0.0017996238,10.212936000000001,0.0005090278200000001,4.60821e-05,0.003849621,1.0877436e-06,1.5883249999999997e-05,0.005574649999999995,10.137658,0.004913723600000001,-0.002116277,-0.002610823,7.828673000000001e-07,9.535286000000002e-06
73,1609007400,0.3546824,0.3546970000000001,0.019389191,-1.123298,1.0756451,0.5070681999999999,0.9368912999999999,0.8466633,0.013704393,0.1664385,1.5555449999999997e-05,9.339928999999999e-07,9.6941441e-07,1.1359310099999998e-06,1.5477312000000001e-06,1.9506031000000002e-06,2.9838785e-06,6.027685e-06,0.1694219,0.0077794710000000005,0.00012334785999999998,75.07956,54.80095,1.1788172e-05,6.3011,0.009236406999999999,3.667517,0.00027276111,2.4446664e-05,0.01872897,14.746769999999998,0.00027276111,2.4446664e-05,0.0046598429999999995,5.929633999999999,0.00027276111,2.4446664e-05,0.0013513663,5.552196,0.00027276111,2.4446664e-05,0.003838316,9.089223000000001e-07,1.5610800000000003e-05,0.08294296000000001,15.133255700000001,0.0066067357000000005,-0.002313802,-0.0027330049999999997,7.511565000000001e-07,9.034035000000001e-06
73,1609008000,0.4728163333333334,0.472831,0.02082811111111111,-1.3437233333333334,1.1564522222222222,0.611074,1.025783111111111,0.952279,0.01613188111111111,0.2193365555555556,1.6088055555555557e-05,1.5722088888888889e-06,1.6061699444444443e-06,1.9052313444444447e-06,2.5354217777777783e-06,3.163710666666667e-06,4.796841888888889e-06,9.548017111111113e-06,0.22846144444444447,0.007754944444444444,0.00016528052222222224,71.01601111111113,53.416199999999996,1.5714722222222225e-05,6.005061111111111,0.011007337777777777,4.974907777777777,0.0008134910333333334,7.400843111111112e-05,0.022058022222222227,20.1007,0.0008134910333333334,7.400843111111112e-05,0.005003186666666667,14.044680000000001,0.0008134910333333334,7.400843111111112e-05,0.0017734544444444446,13.988103333333335,0.0008134910333333334,7.400843111111112e-05,0.0038307388888888885,1.0210946666666668e-06,1.5676944444444445e-05,0.0008293633333333328,1.9997533333333333,0.0040211511111111105,-0.002152221111111111,-0.0025951944444444447,7.48131e-07,8.490780000000002e-06
73,1609008600,0.28203053,0.28204553000000004,0.0066838249,-1.0559961,0.9431161999999998,0.4391153,0.8193626999999999,0.7410601,0.011639558000000001,0.13599128000000002,1.567203e-05,8.5872308e-07,8.850050599999999e-07,1.04380679e-06,1.4071978000000001e-06,1.7654588000000003e-06,2.6807642000000004e-06,5.2995157000000005e-06,0.1330731,0.007782188000000001,0.00014522746,77.88220000000001,57.14309999999999,9.366985e-06,6.3175159999999995,0.008128864999999999,2.9765404,0.00031502315100000004,2.8384604399999997e-05,0.01629112,11.704327,0.00031502315100000004,2.8384604399999997e-05,0.0047021499999999996,6.664782600000001,0.00031502315100000004,2.8384604399999997e-05,0.0013102727,6.3311098999999995,0.00031502315100000004,2.8384604399999997e-05,0.003863205,8.201934e-07,1.5712969999999998e-05,-0.6057494020000002,33.101389999999995,0.006069604000000001,-0.002439017,-0.002845149,8.143264e-07,1.0376405e-05
73,1609009200,0.21725219999999998,0.21726700000000002,0.02433784,-1.3327570000000002,0.8270502000000001,0.41506509999999996,0.7096718,0.6387946,0.007631574,0.10409389,1.5236490000000003e-05,4.9724531e-07,5.0786425e-07,6.095169400000001e-07,8.681033000000001e-07,1.0771615999999999e-06,1.6595068000000003e-06,3.401277e-06,0.10218158,0.006396257,3.9098729999999994e-05,78.12691000000001,56.31239000000001,7.219470999999999e-06,6.2364180000000005,0.007478894,2.28653,0.0002313758,2.0694843e-05,0.014675879999999999,8.989256,0.0002313758,2.0694843e-05,0.004521546999999999,4.7518213000000005,0.0002313758,2.0694843e-05,0.0010857572999999998,4.411661130000001,0.0002313758,2.0694843e-05,0.003855131,7.336462e-07,1.5567329999999998e-05,-0.026668210000000005,10.481837099999998,0.004931468,-0.002504959,-0.002869298,6.886888999999999e-07,8.590088e-06
73,1609009800,0.2462013,0.246216,0.024485140000000002,-1.296347,0.8776768,0.4411544,0.7556107,0.6920463,0.008560591000000001,0.11777989999999998,1.5085440000000002e-05,4.1636338e-07,4.235867e-07,5.3687653e-07,8.068079000000001e-07,1.0876071999999998e-06,1.7240382e-06,3.7927627e-06,0.11693241999999997,0.006117721,4.0998910000000006e-05,75.94825,55.16281,8.18214e-06,6.270047,0.007968547,2.5907270000000002,0.00027181443,2.4372426999999998e-05,0.01576432,10.284536,0.00027181443,2.4372426999999998e-05,0.004608111,5.6738919999999995,0.00027181443,2.4372426999999998e-05,0.0012130981999999998,5.3409096,0.00027181443,2.4372426999999998e-05,0.003842579,7.542490999999999e-07,1.550548e-05,0.06505554399999999,3.3195039,0.0034579981999999995,-0.002426943,-0.002808596,6.614511e-07,7.940644e-06
73,1609010400,0.3006856,0.3007005,0.023882800000000003,-1.2891679999999999,0.9289036999999999,0.4844375,0.8386754999999999,0.7649858999999999,0.008269624,0.1345721,1.538566e-05,5.378689900000001e-07,5.618930200000001e-07,6.6514679e-07,9.951831999999999e-07,1.2418590699999999e-06,1.99339925e-06,4.3194674e-06,0.1441822,0.006107124,4.2676600000000004e-05,75.88525,54.143060000000006,9.995905e-06,6.136707,0.008756518999999999,3.142825,0.00027491481000000003,2.4674221000000002e-05,0.0175233,12.647670000000002,0.00027491481000000003,2.4674221000000002e-05,0.004677152,6.066051999999999,0.00027491481000000003,2.4674221000000002e-05,0.0013074258,5.679747300000001,0.00027491481000000003,2.4674221000000002e-05,0.003861386,8.219845e-07,1.572229e-05,0.0330232368,2.0313033000000003,0.0024764820000000003,-0.002367197,-0.002756595,7.136662e-07,8.187388e-06
73,1609011000,0.2181692,0.2181842,0.02907653,-1.1275644999999996,0.842051,0.40217549999999996,0.7442852999999999,0.6755831,0.005787922,0.09983895000000001,1.527144e-05,4.1775566999999997e-07,4.2310928e-07,5.263046300000001e-07,7.589555999999999e-07,9.779605200000001e-07,1.5853613e-06,3.3487243e-06,0.10296319999999999,0.006076372,3.661332e-05,77.37145,55.67885,7.251123e-06,6.279432999999999,0.0073920109999999995,2.292106,0.00019908233,1.7703571000000002e-05,0.014815120000000001,9.044640000000001,0.00019908233,1.7703571000000002e-05,0.004486122,4.104628,0.00019908233,1.7703571000000002e-05,0.0010408455,3.7044951,0.00019908233,1.7703571000000002e-05,0.0038672999999999997,6.742506999999999e-07,1.5610540000000002e-05,-0.028613388,7.6510359999999995,0.00424380654,-0.002546717,-0.002916269,6.650261999999999e-07,8.45073e-06
73,1609011600,0.35137019999999997,0.35138520000000006,0.02203386,-1.2138434,1.0142188,0.5150017,0.9116152,0.8407756,0.00816715,0.1545629,1.560979e-05,8.155258999999999e-07,8.2565039e-07,9.843043299999999e-07,1.3605965e-06,1.6878461000000001e-06,2.5106098e-06,5.3280113e-06,0.16902699999999998,0.006468541999999999,0.0001754447,75.46594,54.01991,1.1683115e-05,6.057338,0.009342188,3.6597239999999998,0.00029860062999999997,2.6804647e-05,0.01885287,14.759102000000002,0.00029860062999999997,2.6804647e-05,0.004787239,6.863847,0.00029860062999999997,2.6804647e-05,0.001458694,6.519282000000001,0.00029860062999999997,2.6804647e-05,0.0038598800000000004,8.596366999999999e-07,1.5738500000000002e-05,0.013789398999999999,5.2372177,0.004314073999999999,-0.002348252,-0.002760283,6.614408e-07,8.162897e-06
73,1609012200,0.4672098,0.46722469999999994,0.011117881999999999,-1.3040490000000002,1.1701480000000002,0.6007887999999999,1.0282432,0.9501288999999999,0.011852261999999999,0.21331229999999998,1.564245e-05,9.108639000000002e-07,9.1590282e-07,1.08596836e-06,1.5713039e-06,1.9566149299999998e-06,3.04741819e-06,6.4895181e-06,0.22683400000000004,0.006568172,0.00018602127,72.24199,52.92084,1.553461e-05,5.8987750000000005,0.010910947999999998,4.9421669999999995,0.00047605480000000006,4.306019e-05,0.02200831,19.99657,0.00047605480000000006,4.306019e-05,0.004880127,9.047158,0.00047605480000000006,4.306019e-05,0.0016303199999999998,8.831727999999998,0.00047605480000000006,4.306019e-05,0.003848662,1.0967693e-06,1.5886679999999997e-05,-0.369947359,12.163407599999998,0.0046702474999999995,-0.0021481610000000004,-0.0025986680000000006,7.23864e-07,9.034599e-06
73,1609012800,0.20588410000000001,0.20589909999999997,-0.0028286843,-1.1258996000000001,0.8138498999999999,0.3912489,0.7113968,0.639432,0.008782550000000002,0.09883086,1.53664e-05,6.1145838e-07,6.5533987e-07,7.6548915e-07,1.0649408999999999e-06,1.3683539e-06,2.0930757e-06,4.2226272999999995e-06,0.09719276999999998,0.005660286,7.765484e-05,78.03144,55.89298,6.839087000000001e-06,6.508146999999999,0.007159626999999999,2.1567339999999997,0.000331163834,2.9852204900000004e-05,0.014282320000000001,8.519712,0.000331163834,2.9852204900000004e-05,0.004675245999999999,6.4373537999999995,0.000331163834,2.9852204900000004e-05,0.0012353197,6.1342296,0.000331163834,2.9852204900000004e-05,0.0038574169999999997,6.922086e-07,1.555345e-05,0.083907193,9.476254,0.0046392399,-0.0025291569999999998,-0.00288623,7.140474000000001e-07,8.441953999999999e-06
73,1609013400,0.1808019,0.1808168,-0.0096271666,-1.1145469000000001,0.7704986,0.3663557,0.6728455,0.6002058,0.006489600999999999,0.08501265,1.526815e-05,3.995766499999999e-07,4.0464192000000003e-07,4.8436091e-07,6.55526e-07,8.315755399999999e-07,1.2578121100000001e-06,2.5320591e-06,0.08462694,0.005685854000000001,8.119345e-05,80.21914000000001,56.668820000000004,6.010059000000001e-06,5.965922999999999,0.006689327,1.8762060000000003,0.000282035286,2.5384074e-05,0.01332535,7.386622000000001,0.000282035286,2.5384074e-05,0.004511122,5.1282933,0.000282035286,2.5384074e-05,0.0010389702,4.826638299999999,0.000282035286,2.5384074e-05,0.003863071,6.009982000000001e-07,1.5511859999999997e-05,-0.015724569999999993,4.6974842,0.00333395189,-0.0026123460000000006,-0.0029595840000000003,6.747915e-07,8.221823000000003e-06
73,1609014000,0.24254200000000004,0.24255699999999997,-0.016192713000000004,-1.0250717,0.8951160999999999,0.4107278,0.7823113,0.7070091,0.007187948000000001,0.11348748,1.5521329999999995e-05,6.8560841e-07,7.0541299e-07,1.05226254e-06,1.1661741e-06,1.4681312e-06,2.3204345e-06,4.5020516e-06,0.11494380000000001,0.006228497,8.619796000000001e-05,76.49117000000001,55.515930000000004,8.057343999999999e-06,6.342184,0.007647062000000001,2.5588949999999997,0.00031106707,2.7956979e-05,0.01554391,10.097012,0.00031106707,2.7956979e-05,0.004754321000000001,6.315862,0.00031106707,2.7956979e-05,0.0013343976,5.986497999999999,0.00031106707,2.7956979e-05,0.0038647390000000003,1.0992315000000001e-06,1.6013180000000003e-05,0.030076914000000003,7.9801207000000005,0.004675448,-0.002223227,-0.002605894,6.608879e-07,8.794275e-06
73,1609014600,0.303489,0.3035032999999999,-0.018717144,-1.0605853,0.978068,0.4630968999999999,0.8725016,0.7975744,0.005991431,0.1345353,1.518626e-05,6.1607629e-07,6.266082e-07,1.0628609e-06,1.1070342000000001e-06,1.4192793e-06,2.2447428e-06,4.790812800000001e-06,0.1452481,0.006391863,9.209577999999999e-05,75.24467999999999,54.371660000000006,1.0087752e-05,6.3682289999999995,0.008574675,3.195845,0.0003343781,3.0098122000000003e-05,0.017591170000000003,12.761948,0.0003343781,3.0098122000000003e-05,0.004814229000000001,7.2988610000000005,0.0003343781,3.0098122000000003e-05,0.00148763,6.964150000000001,0.0003343781,3.0098122000000003e-05,0.003821898,1.3733110000000001e-06,1.5960169999999995e-05,0.0006804800000000003,2.24164461,0.0038905289999999993,-0.00196956,-0.0023682040000000005,7.416529000000001e-07,9.016728000000001e-06
73,1609015200,0.27155910000000005,0.2715738,0.013219969999999998,-0.9758713999999999,0.9795672,0.4313695,0.8457258,0.7616107999999999,0.010524925000000001,0.1280176,1.5419499999999997e-05,7.503968900000001e-07,7.67294e-07,1.1994073000000001e-06,1.2003054e-06,1.50792826e-06,2.23411529e-06,4.4076151e-06,0.1284356,0.007160346,0.00017099725000000002,76.60893,55.45309999999999,9.025794e-06,6.321187,0.008072516,2.875952,0.00040374414,3.6451743000000006e-05,0.016534800000000002,11.30598,0.00040374414,3.6451743000000006e-05,0.004860135,8.073179999999999,0.00040374414,3.6451743000000006e-05,0.0014856179000000001,7.762521,0.00040374414,3.6451743000000006e-05,0.003849491,1.4070919999999998e-06,1.6196669999999998e-05,-0.036853847999999995,4.708993700000001,0.0050956927,-0.001994859,-0.002384034,7.812128999999998e-07,1.0234842e-05
73,1609015800,0.2923571,0.2923717,0.02139567,-0.9940415000000001,0.9975683999999999,0.446179,0.8683764999999999,0.7955868999999999,0.011115309,0.13934229999999997,1.4777999999999996e-05,3.7426170000000004e-07,3.7829550999999996e-07,8.041704000000001e-07,7.890631999999999e-07,1.0206293e-06,1.7197977000000002e-06,3.896773000000001e-06,0.13912999999999998,0.006952993,8.630253e-05,78.97651,54.84992999999999,9.714361999999999e-06,6.223437,0.008233318,3.097982,0.00039857879999999997,3.5989446e-05,0.01721628,12.24486,0.00039857879999999997,3.5989446e-05,0.004841000999999999,8.058609,0.00039857879999999997,3.5989446e-05,0.001540632,7.783408999999999,0.00039857879999999997,3.5989446e-05,0.0038027039999999996,1.435959e-06,1.5863249999999998e-05,-0.008515257000000002,4.895080800000001,0.005722963100000001,-0.001920483,-0.002328672,7.744730000000001e-07,9.566211e-06
73,1609016400,0.3018153,0.30182980000000004,-0.020416109999999998,-0.9243826,1.0340187000000003,0.4439966,0.8717884,0.7832489999999999,0.012810901999999999,0.14534244000000002,1.4892850000000001e-05,4.794018999999999e-07,4.822394e-07,9.319546e-07,9.273434e-07,1.1886006e-06,1.9509099e-06,4.297136e-06,0.14318565,0.007500612999999999,0.00021076200000000003,82.00095000000002,55.987939999999995,1.0026762e-05,6.476808,0.008259571,3.1728,0.00033176814,2.9876834500000003e-05,0.017059269999999998,12.513366000000001,0.00033176814,2.9876834500000003e-05,0.0047831539999999995,7.211262,0.00033176814,2.9876834500000003e-05,0.0014698641,6.86477,0.00033176814,2.9876834500000003e-05,0.003814277,1.4755829999999999e-06,1.597826e-05,-0.16103034,11.845199700000002,0.006807019200000002,-0.001940352,-0.00233665,8.1152e-07,1.0660924e-05
73,1609017000,0.1957159,0.19573050000000003,-0.017639193,-0.8605245,0.8368756000000002,0.36281280000000005,0.7275222999999998,0.6458822,0.008231671,0.09284508,1.50604e-05,2.7126329e-07,2.6837389999999997e-07,6.797856e-07,5.501748999999999e-07,7.113583e-07,1.1354074e-06,2.5057363e-06,0.08983621,0.007844371,0.00017084479999999997,84.90041,58.42630999999999,6.504296999999999e-06,6.476895999999999,0.006924878000000001,2.1107810000000002,0.000226565808,2.0315752e-05,0.01378508,7.952818000000001,0.000226565808,2.0315752e-05,0.004596715999999999,5.156166,0.000226565808,2.0315752e-05,0.0011478147999999999,4.783938,0.000226565808,2.0315752e-05,0.0038505939999999997,1.30278e-06,1.611156e-05,0.010126646,2.2330729899999997,0.0036133751,-0.002055892,-0.002425026,6.660575000000001e-07,8.420388e-06
73,1609017600,0.13427922000000003,0.13429377999999997,-0.035942755,-0.7192577000000001,0.73506,0.28947209999999995,0.6099563,0.5405791000000001,0.005885658,0.07000733,1.5068679999999997e-05,4.6848568999999996e-07,4.878758099999999e-07,8.917726999999999e-07,7.672387400000001e-07,9.768537e-07,1.4410269e-06,2.7846705000000008e-06,0.06054677000000001,0.006477447,0.00010706622999999998,82.75249,60.465340000000005,4.459633e-06,6.527042,0.0056013090000000005,1.43771,0.00016221621000000005,1.4414810600000002e-05,0.011293831,5.34107,0.00016221621000000005,1.4414810600000002e-05,0.004406476,3.3820843,0.00016221621000000005,1.4414810600000002e-05,0.0009209337999999999,3.0147274,0.00016221621000000005,1.4414810600000002e-05,0.0038263579999999998,1.1964200000000002e-06,1.581963e-05,-0.009016964999999998,1.2201990999999999,0.0035789545,-0.002118229,-0.002469954,7.156372e-07,8.644777e-06
73,1609018200,0.18159970000000003,0.1816144,0.01710191,-0.830052,0.8170375,0.3425438,0.6956464,0.6184314000000001,0.013388427,0.09818695999999999,1.506318e-05,4.2057857999999996e-07,4.4958819999999997e-07,7.024454e-07,8.021228e-07,1.0528474999999998e-06,1.6651167e-06,3.51882e-06,0.08438714,0.006357365999999999,4.621807e-05,77.12083,57.472590000000004,6.032266e-06,6.54795,0.006360475,1.921879,0.000186810621,1.6650408399999997e-05,0.01327316,7.449267999999999,0.000186810621,1.6650408399999997e-05,0.00453194,4.313966,0.000186810621,1.6650408399999997e-05,0.0010919428999999997,3.9263340000000007,0.000186810621,1.6650408399999997e-05,0.003829241999999999,9.280863999999997e-07,1.5575970000000003e-05,0.032425633999999995,1.6628802,0.0027592916900000004,-0.0023069210000000004,-0.002674832,6.559919e-07,8.111589e-06
73,1609018800,0.15957308,0.15958774,0.03374906,-0.8613618000000001,0.7496479,0.32500160000000006,0.6594951,0.5903431,0.007968971,0.07636235000000001,1.4742310000000002e-05,1.9448531999999998e-07,2.0005330999999998e-07,2.6744981e-07,4.396555e-07,5.840852e-07,9.687108000000001e-07,2.1583495e-06,0.0737373,0.006016195,2.792509e-05,81.47319,58.15372000000001,5.3031300000000005e-06,6.276771999999999,0.006100395,1.6847401000000002,0.00012869311799999997,1.13291762e-05,0.012415228,6.481069000000001,0.00012869311799999997,1.13291762e-05,0.004372904,2.930671899999999,0.00012869311799999997,1.13291762e-05,0.0009257200999999999,2.5303534,0.00012869311799999997,1.13291762e-05,0.003820199,6.050651000000001e-07,1.519084e-05,-0.014915183999999998,3.299765,0.0027179437000000002,-0.002562124,-0.002913479,6.903178e-07,8.085951e-06
73,1609019400,0.26139619999999997,0.2614107,0.009710681000000002,-1.0624167,0.9174662999999998,0.42948050000000004,0.8079245,0.7269597000000001,0.012261942000000001,0.12709796,1.4966060000000001e-05,3.6640579999999997e-07,3.5611892e-07,4.4621688000000005e-07,6.856452999999999e-07,8.5073759e-07,1.3642545499999999e-06,2.9703672e-06,0.12444237999999999,0.0061960750000000005,5.225028e-05,78.0282,55.260419999999996,8.694536000000001e-06,6.024227,0.007909327999999998,2.725997,0.00029752842,2.6724186000000002e-05,0.016035470000000003,10.88897,0.00029752842,2.6724186000000002e-05,0.004687911,6.088629000000001,0.00029752842,2.6724186000000002e-05,0.0013200907000000001,5.776636999999999,0.00029752842,2.6724186000000002e-05,0.0038305730000000003,8.104358999999999e-07,1.5444580000000003e-05,-0.7454462989999999,53.74169700000001,0.008547590800000001,-0.002448185,-0.002833613,8.758933999999999e-07,1.0797687999999999e-05
73,1609020000,0.25464770000000003,0.2546624,0.02668831,-0.9344066,0.9902927,0.4120288,0.8074372000000001,0.7314597999999999,0.011540068,0.12891766,1.4953169999999999e-05,3.2092465999999995e-07,3.1716416999999995e-07,4.0952659e-07,6.559551000000001e-07,8.194636000000001e-07,1.3711874e-06,3.0587552e-06,0.12012552000000001,0.007126218000000001,6.488081e-05,77.72713999999999,56.31563,8.467591e-06,6.088433,0.007784853999999999,2.7229880000000004,0.000230046403,2.05946669e-05,0.015792659999999997,10.633553,0.000230046403,2.05946669e-05,0.004577259,5.0435599,0.000230046403,2.05946669e-05,0.0011863382,4.6901988,0.000230046403,2.05946669e-05,0.0038372119999999996,8.617370000000001e-07,1.5549660000000002e-05,-0.006498695000000001,20.740662399999998,0.0071386355,-0.002378915,-0.0027803019999999997,7.713205999999999e-07,9.748033e-06
73,1609020600,0.3037305,0.30374549999999995,-0.00124998844,-0.9462657999999999,1.0352935,0.45071690000000003,0.8955275,0.8073622,0.010750636999999999,0.1459879,1.5094430000000001e-05,3.4883466e-07,3.303851e-07,4.3367163999999996e-07,7.021931e-07,8.8200637e-07,1.44079366e-06,3.4346804999999995e-06,0.14377839999999997,0.007906674,0.00017233818,79.11151000000001,55.36784,1.0098788999999999e-05,6.140413,0.008290114,3.1857230000000003,0.000308116368,2.7767567699999996e-05,0.017470470000000002,12.593075,0.000308116368,2.7767567699999996e-05,0.00466354,6.230109400000001,0.000308116368,2.7767567699999996e-05,0.0013156630000000001,5.922942099999998,0.000308116368,2.7767567699999996e-05,0.0038449979999999996,7.900216e-07,1.555399e-05,-0.7457393729999999,34.58574000000001,0.004814085599999999,-0.002398317,-0.002812603,7.862667e-07,9.385602000000001e-06
73,1609021200,0.37297529999999995,0.3729902000000001,-0.0195189735,-1.0686172,1.0784585,0.510675,0.9491917999999998,0.8677391,0.016814428,0.1812195,1.514655e-05,3.6013576e-07,3.3883485e-07,4.5278157e-07,7.699902999999999e-07,9.815097e-07,1.6579891999999998e-06,4.035488399999999e-06,0.1791451,0.007174689,0.00015896637,77.6807,54.25707,1.2403372e-05,6.1163549999999995,0.00936201,3.9421620000000006,0.00036002648999999994,3.244793699999999e-05,0.01930845,15.764951,0.00036002648999999994,3.244793699999999e-05,0.004811233,7.709205,0.00036002648999999994,3.244793699999999e-05,0.0014895981,7.361372,0.00036002648999999994,3.244793699999999e-05,0.003861854,9.352611000000001e-07,1.581916e-05,-0.06616348999999999,18.917738000000003,0.0058974271500000005,-0.002302572,-0.002739315,8.446785000000001e-07,1.0300229999999999e-05
73,1609021800,0.28558000000000006,0.2855949,-0.03278045,-0.9729992999999999,0.9788183,0.44049830000000006,0.8524010000000001,0.7761612,0.01059834,0.1394423,1.502726e-05,2.6954477e-07,2.55085e-07,3.3699128e-07,5.713911000000001e-07,6.9885823e-07,1.1497396e-06,2.7308545e-06,0.13590050000000004,0.006803912,7.930350999999998e-05,77.41060999999999,54.88707999999999,9.498516e-06,5.966302000000001,0.008142429,3.012633,0.00025138452,2.2494167999999998e-05,0.0170277,11.973382,0.00025138452,2.2494167999999998e-05,0.004621698999999999,5.095803999999999,0.00025138452,2.2494167999999998e-05,0.0012438319,4.7451642,0.00025138452,2.2494167999999998e-05,0.0038584850000000005,7.682684000000002e-07,1.56365e-05,-0.06698810999999999,7.7815579999999995,0.0044429004,-0.0024045819999999997,-0.0028365680000000002,6.342611e-07,8.048097e-06
73,1609022400,0.2653635,0.26537849999999996,-0.036286336999999995,-0.9068662999999999,0.9455537999999999,0.418718,0.8279879000000001,0.752873,0.010594386,0.12420311000000002,1.539076e-05,4.8158214e-07,4.8343471e-07,6.301697699999999e-07,9.060886e-07,1.2207979199999999e-06,1.91946131e-06,4.3051706e-06,0.12449584999999999,0.00808269,9.269499e-05,78.54285999999999,56.33413,8.818101000000002e-06,6.267740999999999,0.007905467999999999,2.8215190000000003,0.00028810325000000003,2.5871114000000005e-05,0.016285070000000002,10.993084999999999,0.00028810325000000003,2.5871114000000005e-05,0.004644411999999999,5.829719,0.00028810325000000003,2.5871114000000005e-05,0.0012369841,5.500269099999999,0.00028810325000000003,2.5871114000000005e-05,0.003864737,7.070742000000001e-07,1.5628410000000002e-05,0.026011074199999994,7.124728999999999,0.004238588,-0.0024778440000000003,-0.0028764560000000003,6.794301999999999e-07,8.532626e-06
73,1609023000,0.3977575,0.3977725,-0.028719459999999995,-1.1093300000000001,1.0713323999999997,0.5314609000000001,0.9729666,0.8909897000000001,0.010450239,0.1774078,1.540134e-05,5.891845e-07,5.912539e-07,7.765570999999999e-07,1.2076125e-06,1.6263009e-06,2.7623889e-06,6.190499e-06,0.1912169,0.007543909,0.00010379583,76.22578999999999,54.295159999999996,1.3213988999999999e-05,6.3779639999999995,0.009554057000000001,4.122486,0.00034924761,3.1439128999999994e-05,0.019897849999999998,16.69574,0.00034924761,3.1439128999999994e-05,0.004854348,7.59983,0.00034924761,3.1439128999999994e-05,0.001548664,7.247428000000001,0.00034924761,3.1439128999999994e-05,0.003865279,8.750514e-07,1.580152e-05,0.04676062,3.1393947000000004,0.003182738,-0.002284255,-0.002750381,6.776857999999999e-07,8.125867999999999e-06
73,1609023600,0.4765957,0.4766106999999999,-0.03289204,-1.1440673,1.168274,0.5871577,1.0625568,0.9761555,0.014239417999999998,0.21708439999999998,1.581468e-05,1.0613366000000001e-06,1.0775464500000002e-06,1.2990675999999998e-06,1.8747702999999999e-06,2.3376521e-06,3.7031359e-06,7.732608e-06,0.23108140000000002,0.007099293999999999,9.703684000000002e-05,73.41581,53.10327000000001,1.5842379999999998e-05,6.388956,0.010511788999999999,5.045065,0.00043799454,3.956433499999999e-05,0.02219829,20.4217,0.00043799454,3.956433499999999e-05,0.0050113580000000005,9.348427,0.00043799454,3.956433499999999e-05,0.0017468359999999999,9.056694000000002,0.00043799454,3.956433499999999e-05,0.0038733920000000007,9.89073e-07,1.596942e-05,0.06854183,3.5043968,0.0042973965,-0.002165885,-0.00267395,6.743844999999999e-07,8.496335e-06
73,1609024200,0.5827057999999999,0.5827204,-0.026577360000000005,-1.2994279999999998,1.2879389999999997,0.6710188,1.1266459999999998,1.0506692,0.015072667000000001,0.26376900000000003,1.55589e-05,9.815906e-07,9.6836359e-07,1.19460781e-06,1.7987928999999997e-06,2.2314888600000004e-06,3.5921964e-06,7.844179599999999e-06,0.2832184,0.007892212,0.00022281928999999998,73.18999,52.824,1.937264e-05,6.119554,0.011713290999999999,6.192202,0.00038040549999999995,3.428138e-05,0.02461513,25.053819999999998,0.00038040549999999995,3.428138e-05,0.004991412,9.260629,0.00038040549999999995,3.428138e-05,0.001808804,8.893491000000001,0.00038040549999999995,3.428138e-05,0.0038441309999999998,1.1922448e-06,1.593626e-05,0.0149113581,11.2590351,0.006301757000000001,-0.002006297,-0.002529262,7.889721999999998e-07,9.973058999999999e-06
73,1609024800,0.33266209999999996,0.33267710000000006,-0.021584746,-1.2565269999999997,1.0169939000000001,0.5073116000000001,0.8603885,0.7850866,0.012892756,0.15812410000000005,1.540573e-05,3.0005382e-07,2.7452066e-07,3.694892599999999e-07,6.305316999999999e-07,7.7178354e-07,1.3212629999999998e-06,3.1025577e-06,0.15680129999999998,0.009409649,0.00011289287,79.94613,56.031060000000004,1.1064059000000001e-05,5.9632380000000005,0.008651141,3.52353,0.00055986492,5.0747298e-05,0.0181666,13.837349999999997,0.00055986492,5.0747298e-05,0.005023262999999999,10.615091999999999,0.00055986492,5.0747298e-05,0.0016473579999999998,10.403082999999999,0.00055986492,5.0747298e-05,0.003896508000000001,8.857383000000001e-07,1.602528e-05,-0.037378981920000005,19.017182499999997,0.0060572035,-0.002404679,-0.002811077,7.762697999999999e-07,9.341970999999999e-06
73,1609025400,0.19745929999999998,0.1974741,0.011438515,-1.0520786,0.7993743,0.37930969999999997,0.6948586999999999,0.6247689999999999,0.010728950000000001,0.09702965,1.52627e-05,3.7458098e-07,3.848319800000001e-07,4.6404554e-07,6.773522999999999e-07,8.576877000000001e-07,1.3404655000000001e-06,2.7771445e-06,0.09108285,0.007621155,1.8346643000000002e-05,81.17362,58.786300000000004,6.560419e-06,6.261491,0.006465838,2.0808850000000003,0.00014522762,1.27864214e-05,0.01367257,8.013698999999999,0.00014522762,1.27864214e-05,0.004464855,3.249062,0.00014522762,1.27864214e-05,0.0010095846999999998,2.87069,0.00014522762,1.27864214e-05,0.003863872,6.154446e-07,1.5527419999999998e-05,0.01875611,8.464185,0.0046796217,-0.0026136759999999997,-0.002964792,7.297702e-07,8.853826e-06
73,1609026000,0.15280367999999997,0.15281822,0.014574900999999998,-0.7989129,0.7936368,0.3226786,0.6450948,0.5740675000000001,0.008077714000000001,0.07948171000000001,1.5085420000000001e-05,4.1736306e-07,4.2810892000000004e-07,5.124496200000001e-07,6.9292353e-07,8.6898629e-07,1.2944801e-06,2.5508968999999998e-06,0.06572373000000001,0.010649619999999999,2.127198e-05,85.53626,64.81298999999999,5.0761209999999995e-06,6.430439,0.005606389,1.620749,0.000122705439,1.08644755e-05,0.011724842999999999,5.793017,0.000122705439,1.08644755e-05,0.004316884,2.9224607,0.000122705439,1.08644755e-05,0.0008389038999999999,2.5180552300000003,0.000122705439,1.08644755e-05,0.00384066,5.588642e-07,1.528994e-05,-0.012992435,10.031464,0.0040114286,-0.002660027,-0.0030007270000000003,6.740560999999999e-07,8.441805e-06
73,1609026600,0.4827158,0.4827307,0.0018466490000000001,-1.3738209000000001,1.1372965000000002,0.6176488,0.9621668999999999,0.8778641,0.015881997,0.23042440000000003,1.5343749999999997e-05,6.604285999999998e-07,6.626716399999999e-07,8.371357399999999e-07,1.3193327e-06,1.7303346999999999e-06,2.8531971999999996e-06,6.496495600000001e-06,0.2165073,0.024799010000000003,3.6389098e-05,82.77721,62.09711000000001,1.6039189e-05,6.135453,0.010767764,5.072280999999999,0.000709633114,6.45753447e-05,0.020900099999999998,19.054966,0.000709633114,6.45753447e-05,0.005058114000000001,14.619184199999998,0.000709633114,6.45753447e-05,0.0018003472,14.476795000000001,0.000709633114,6.45753447e-05,0.003850623,1.0272065999999999e-06,1.582586e-05,-0.016765719999999994,5.40197295,0.0046806183,-0.002197876,-0.002618645,7.389143e-07,8.86839e-06
73,1609027200,0.4726521,0.47266699999999995,-0.0034161010000000004,-1.578665,1.0685947,0.6354877999999999,0.9489296000000002,0.8564139,0.017517824,0.2205422,1.575627e-05,1.0605824e-06,1.1051590999999999e-06,1.3357445e-06,1.8873727e-06,2.4409284e-06,3.840883400000001e-06,8.194845000000001e-06,0.2112103,0.025057969999999995,3.682746e-05,81.25119,61.18753999999999,1.569843e-05,6.318332,0.011190094000000001,5.006335,0.00070866365,6.4401648e-05,0.021107179999999996,18.67033,0.00070866365,6.4401648e-05,0.004941566,13.496454000000004,0.00070866365,6.4401648e-05,0.0016710559,13.3355055,0.00070866365,6.4401648e-05,0.0038529239999999998,1.0077404000000001e-06,1.5829310000000002e-05,0.029258459999999997,2.5891990999999996,0.003915652,-0.0022062849999999997,-0.0026146909999999997,7.158037e-07,8.39531e-06
73,1609027800,0.6629689999999999,0.662984,-0.0003983619,-1.691118,1.1664359999999998,0.7589987,1.0439188000000001,0.9792678,0.022921439999999998,0.3146105,1.5773389999999996e-05,1.2453903999999999e-06,1.251594e-06,1.5662362999999999e-06,2.3180891e-06,3.0554737e-06,4.9996459999999995e-06,1.0999908e-05,0.31346260000000004,0.01794486,5.0579849999999997e-05,73.31882,56.004870000000004,2.202811e-05,6.350324,0.01316725,6.973615000000001,0.000766844342,6.97692099e-05,0.02573376,27.622210000000003,0.000766844342,6.97692099e-05,0.0050515510000000005,15.5812962,0.000766844342,6.97692099e-05,0.0019099173,15.376806199999999,0.000766844342,6.97692099e-05,0.0038361030000000004,1.355149e-06,1.6018679999999998e-05,-0.03898048,12.782058099999999,0.0072024229999999995,-0.001936104,-0.0023798430000000004,8.004923e-07,9.613661999999998e-06
73,1609028400,0.6408674000000001,0.6408821,0.0066480440000000005,-1.573094,1.262889,0.7346938000000001,1.1134835,1.0288815,0.020449111,0.2981329,1.521344e-05,6.818758999999999e-07,6.296583e-07,8.143813e-07,1.3676943999999999e-06,1.8927861000000003e-06,2.7623257e-06,6.842759999999999e-06,0.3086215,0.011755654,4.0781509999999996e-05,75.83251,53.75959,2.131467e-05,5.888712,0.01263593,6.884049999999999,0.0009450738730000001,8.609097299999999e-05,0.02574544,27.460739999999998,0.0009450738730000001,8.609097299999999e-05,0.005330596000000001,18.131868000000004,0.0009450738730000001,8.609097299999999e-05,0.0021760060000000003,18.026380999999997,0.0009450738730000001,8.609097299999999e-05,0.0038574440000000002,1.8136359999999998e-06,1.6615019999999997e-05,0.0503340915,2.8512019000000004,0.007446086,-0.0016661949999999999,-0.0022028489999999998,8.288763e-07,1.0148299999999999e-05
73,1609029000,0.7890154,0.7890301000000001,0.0026247393,-1.690933,1.299264,0.8242863,1.1330216999999998,1.0820204,0.028812499999999998,0.3698664,1.720265e-05,2.4071427e-06,2.4531758899999997e-06,2.8840667e-06,3.8680378e-06,4.9157191999999996e-06,7.5305031e-06,1.5037832e-05,0.3848311,0.009582753999999999,5.234342e-05,70.30957000000001,52.589780000000005,2.6229410000000004e-05,6.284771000000001,0.01415971,8.287951000000001,0.0007733675700000001,7.03348017e-05,0.02854109,33.86566,0.0007733675700000001,7.03348017e-05,0.005117393,15.032570999999999,0.0007733675700000001,7.03348017e-05,0.002004534,14.858904,0.0007733675700000001,7.03348017e-05,0.0038791570000000003,1.559608e-06,1.6547719999999995e-05,-0.009517416200000007,5.3061995,0.005780901999999999,-0.0017932949999999999,-0.0022892909999999997,7.514284e-07,8.994637000000001e-06
73,1609029600,0.699005,0.6990198000000001,0.009839857,-1.434926,1.33579,0.7486807000000001,1.197862,1.1236473999999999,0.02516998,0.32406100000000004,1.594667e-05,1.3893806e-06,1.4120625000000001e-06,1.7594916e-06,2.6445717e-06,3.4575029999999994e-06,5.728947e-06,1.2475880000000002e-05,0.3421638,0.007248145000000002,6.038095e-05,69.40516,52.142010000000006,2.322759e-05,6.403388,0.012944339999999999,7.372199999999999,0.00067881391,6.1655805e-05,0.02696789,30.185160000000003,0.00067881391,6.1655805e-05,0.005140477,13.994132000000002,0.00067881391,6.1655805e-05,0.0020033847000000002,13.7800388,0.00067881391,6.1655805e-05,0.003857805,1.307922e-06,1.6162240000000002e-05,0.041806294,1.6387017999999998,0.003913664999999999,-0.0019003599999999998,-0.0024470419999999995,7.174316e-07,8.495066e-06
73,1609030200,0.5292132,0.5292281,0.012332665000000001,-1.5262959999999999,1.1729989,0.6628785999999999,1.0228818,0.9436792,0.020567016,0.2534975,1.539457e-05,6.773223000000001e-07,6.385957999999999e-07,7.69967e-07,1.1828669999999999e-06,1.3735116e-06,2.1321614000000003e-06,4.833714000000001e-06,0.2541174,0.010440902999999998,3.591971e-05,76.54509,54.083870000000005,1.76042e-05,5.930442000000001,0.01145101,5.6669089999999995,0.000400824002,3.6252937e-05,0.023374910000000002,22.591500000000003,0.000400824002,3.6252937e-05,0.004779845999999999,8.6117153,0.000400824002,3.6252937e-05,0.0015513566999999999,8.2736694,0.000400824002,3.6252937e-05,0.003856487,1.1697809000000002e-06,1.600142e-05,0.043192169999999995,4.88119,0.0055035050000000005,-0.0020792130000000003,-0.0025519009999999996,6.470392e-07,8.563822e-06
73,1609030800,0.2939149,0.2939298,-0.012055190000000002,-1.403631,0.9121777,0.4915139,0.7991493000000001,0.7117343,0.015959692,0.147928,1.516358e-05,4.1318036999999996e-07,4.0993313000000004e-07,5.207595200000001e-07,8.125324000000001e-07,1.0558281000000002e-06,1.7598240999999998e-06,4.003689199999999e-06,0.13382643,0.01308396,3.762365e-05,81.99847,59.35263,9.765733e-06,6.171223,0.008751754999999998,3.093619,0.00049507013,4.4824547e-05,0.01676282,11.779603,0.00049507013,4.4824547e-05,0.004815293,9.392303000000002,0.00049507013,4.4824547e-05,0.0014433546000000002,9.164203,0.00049507013,4.4824547e-05,0.003851989,7.388441e-07,1.555156e-05,-0.03925967,5.991763999999999,0.003848698,-0.0025058980000000003,-0.002857304,6.594366999999999e-07,8.024363e-06
73,1609031400,0.5732651,0.5732793,-0.000378793,-1.502285,1.1495615000000001,0.6687874,0.9922055999999999,0.9311143999999999,0.026161456,0.27797180000000005,1.5210639999999999e-05,6.950260399999999e-07,6.9100294e-07,9.640689e-07,1.622819e-06,2.3222599e-06,4.0786177999999996e-06,9.8374986e-06,0.27718044,0.009354053,7.679556000000001e-05,75.64848,54.823699999999995,1.9050766e-05,6.326139,0.011742743,6.133103,0.00059095564,5.361090299999999e-05,0.023363650000000003,24.544939,0.00059095564,5.361090299999999e-05,0.004942796,11.360693,0.00059095564,5.361090299999999e-05,0.0017496670000000003,11.167825,0.00059095564,5.361090299999999e-05,0.003838138,1.3963874e-06,1.601604e-05,0.24148819999999996,79.14845449999999,0.014196980000000001,-0.0021108869999999997,-0.00253805,1.616158e-06,1.9453186e-05
73,1609032000,0.6661805000000001,0.666195,0.004707909000000001,-1.725853,1.1425478,0.7605203,1.0165437,0.9780295999999999,0.029259430000000003,0.3215996,1.618691e-05,1.8389692e-06,1.8904745400000001e-06,2.25407134e-06,3.0968181999999997e-06,3.9191667e-06,6.139227500000001e-06,1.2368601000000002e-05,0.32112029999999997,0.01188489,5.171801e-05,70.94485999999999,53.74955,2.2141889999999995e-05,6.125184,0.01307838,6.93699,0.00109968174,0.000100267537,0.026009529999999996,28.142919999999997,0.00109968174,0.000100267537,0.00532334,19.958455999999998,0.00109968174,0.000100267537,0.0022217261,20.0101691,0.00109968174,0.000100267537,0.0038281540000000003,1.3341640000000001e-06,1.592542e-05,0.02024832,6.208526600000001,0.006335436999999999,-0.0019424859999999998,-0.0023904060000000003,7.694321e-07,9.682082e-06
73,1609032600,0.8291497,0.8291636,0.0020722781,-1.6413039999999999,1.400217,0.8405734,1.2077235000000002,1.1341107000000001,0.030252766000000004,0.3899777,1.6786279999999997e-05,2.4337568000000003e-06,2.5059453100000003e-06,2.9514637e-06,4.001867e-06,5.089990800000001e-06,7.7009386e-06,1.5466717e-05,0.4033828,0.011101590000000001,4.785824e-05,70.79524,52.83897,2.7567119999999997e-05,6.152791,0.01472011,8.713014000000001,0.00089380901,8.142325260000001e-05,0.029224049999999994,35.500479999999996,0.00089380901,8.142325260000001e-05,0.005018224,16.447171599999997,0.00089380901,8.142325260000001e-05,0.0019737062,16.430997499999997,0.00089380901,8.142325260000001e-05,0.0038417600000000005,2.094253e-06,1.6664650000000003e-05,0.35145440699999997,24.601589499999996,0.013361413999999999,-0.001582615,-0.002135511,1.2130083999999998e-06,1.5162302000000001e-05
73,1609033200,0.7536582000000001,0.7536727999999999,0.0039174914000000005,-1.668892,1.267201,0.8041953000000002,1.1266473,1.0706193000000002,0.02565504,0.3447749,1.653171e-05,2.1956879999999997e-06,2.27071878e-06,2.730752e-06,3.7454342000000006e-06,4.879902200000001e-06,7.606203099999999e-06,1.5546212000000003e-05,0.36679999999999996,0.009927767,6.015366e-05,70.71216000000001,52.79189,2.5041e-05,6.370588,0.014009269999999999,7.9179119999999985,0.00040175815999999995,3.6343315399999996e-05,0.027911559999999995,32.30393,0.00040175815999999995,3.6343315399999996e-05,0.004866498999999999,10.8303247,0.00040175815999999995,3.6343315399999996e-05,0.0017857758000000001,10.38601538,0.00040175815999999995,3.6343315399999996e-05,0.0038297370000000006,1.6467330000000003e-06,1.6220570000000003e-05,0.052825226,2.292611,0.004612657000000001,-0.001724301,-0.002240609,7.544126e-07,8.856036e-06
73,1609033800,0.7646171,0.764632,0.0022674304,-1.716825,1.2311986999999998,0.8078448000000001,1.0806703,1.0369829999999998,0.026511631999999997,0.3616863,1.597712e-05,1.365752e-06,1.3815121100000001e-06,1.69787605e-06,2.5688566e-06,3.2763838999999993e-06,5.3686658e-06,1.1546878e-05,0.3694986,0.012723738000000002,5.7364389999999995e-05,72.18696000000001,53.78347,2.5419020000000003e-05,6.120368,0.013919602,7.9893360000000015,0.000431860921,3.9174008099999995e-05,0.0276808,32.45504,0.000431860921,3.9174008099999995e-05,0.004896408,12.8786561,0.000431860921,3.9174008099999995e-05,0.0017897965,12.42873292,0.000431860921,3.9174008099999995e-05,0.003861677,1.6987478e-06,1.649076e-05,0.08834483,5.31199,0.009240755,-0.0017715629999999999,-0.0022623700000000005,8.054114e-07,1.0231079e-05
73,1609034400,0.6982727,0.6982874000000001,0.0045381480000000005,-1.7131180000000001,1.1963985,0.7763554,1.0382188,1.0021057,0.021443255,0.33195880000000005,1.678621e-05,2.3612765e-06,2.4539166000000004e-06,2.9210766999999996e-06,3.9863452e-06,5.141424e-06,8.1280078e-06,1.6195505e-05,0.33918119999999996,0.00985251,5.928763e-05,70.59209,52.97858,2.3194859999999998e-05,6.354422000000001,0.0133741,7.324274,0.0009918899300000001,9.03974783e-05,0.02673368,29.792040000000004,0.0009918899300000001,9.03974783e-05,0.005231837,18.9417787,0.0009918899300000001,9.03974783e-05,0.0021231271,18.9200863,0.0009918899300000001,9.03974783e-05,0.003846273,1.478805e-06,1.618848e-05,0.0759954852,3.0447120000000005,0.005830284,-0.001869084,-0.002333163,7.210651e-07,8.737652000000001e-06
73,1609035000,0.5177001999999999,0.5177149999999999,0.0035472049000000007,-1.717184,1.0330436,0.6732482,0.9094776,0.8581388000000001,0.01918753,0.2433558,1.523978e-05,6.90282e-07,7.0286302e-07,8.783786199999999e-07,1.4397188e-06,1.8080017e-06,3.0855407e-06,6.9088880000000006e-06,0.24795659999999997,0.010827613,4.974837e-05,76.62147999999999,54.3516,1.720789e-05,6.09239,0.011651143999999999,5.4920789999999995,0.0005163313499999999,4.686942520000001e-05,0.0229753,21.904819999999997,0.0005163313499999999,4.686942520000001e-05,0.004793757,10.4727965,0.0005163313499999999,4.686942520000001e-05,0.0015689875999999998,10.188409500000002,0.0005163313499999999,4.686942520000001e-05,0.0038518380000000007,1.3595873000000002e-06,1.610398e-05,-0.23675243069999996,42.1403806,0.008365844,-0.002085234,-0.002507402,1.0160316e-06,1.2077721999999998e-05
73,1609035600,0.6033709999999999,0.6033857,0.0037946138999999995,-1.7065940000000002,1.141947,0.7273002999999999,1.0008686999999998,0.9383915,0.020085422999999998,0.2765862,1.574118e-05,1.1731175e-06,1.154412e-06,1.40070797e-06,2.040665e-06,2.5507161000000004e-06,4.0615355000000004e-06,8.578217e-06,0.28528869999999995,0.01632108,5.3353600000000004e-05,76.15507000000001,55.441469999999995,2.005694e-05,5.953456999999999,0.012506300000000001,6.358281000000001,0.0002489683,2.2263733000000002e-05,0.0246701,25.11876,0.0002489683,2.2263733000000002e-05,0.004724746,7.092499999999999,0.0002489683,2.2263733000000002e-05,0.0015445589999999998,6.649881000000001,0.0002489683,2.2263733000000002e-05,0.003845862,1.3730998e-06,1.609372e-05,-0.0020501200000000025,13.021660700000002,0.007972074999999999,-0.0019784030000000005,-0.002415243,8.257007e-07,1.0188124999999998e-05
73,1609036200,0.7416813999999999,0.7416959,0.002608729348,-1.7209790000000003,1.236862,0.8048263999999999,1.0842345,1.0338318999999998,0.02238281,0.34169689999999997,1.6051140000000002e-05,1.7150959e-06,1.7479698e-06,2.1300694e-06,3.0221003e-06,3.9097621999999995e-06,6.304694600000001e-06,1.3460176000000001e-05,0.3584826,0.01219306,0.00013102399,72.97254000000001,53.3762,2.4641590000000004e-05,6.296090000000001,0.01389473,7.813516,0.00056571923,5.1307294400000006e-05,0.02765863,31.588140000000003,0.00056571923,5.1307294400000006e-05,0.004874209,11.5241986,0.00056571923,5.1307294400000006e-05,0.0017942998999999997,11.246056600000001,0.00056571923,5.1307294400000006e-05,0.0038250420000000007,1.517313e-06,1.6081729999999998e-05,-0.09492058,68.9045715,0.012459630000000003,-0.001892249,-0.0023450230000000003,1.6937947e-06,2.0552836000000003e-05
73,1609036800,1.3590952,1.3591100999999999,0.006635651640000001,-1.6454149999999998,1.664339,1.0688783,1.5045069999999998,1.4511439999999998,0.03627586000000001,0.5994447999999999,1.804588e-05,3.7695277e-06,3.84267927e-06,4.52518801e-06,6.297555099999999e-06,7.9120515e-06,1.2369781899999999e-05,2.5093297e-05,0.6703273000000001,0.008980336,0.00017276339,66.84052,51.44646,4.5180900000000006e-05,6.0817760000000005,0.018430159999999998,14.164015000000001,0.00057278703,5.1879564e-05,0.03752202,58.85638999999999,0.00057278703,5.1879564e-05,0.005258061,16.536837999999996,0.00057278703,5.1879564e-05,0.0023879460000000006,16.056041,0.00057278703,5.1879564e-05,0.003851503,2.25134e-06,1.699954e-05,0.06354852600000001,2.0131213,0.006577674,-0.0012632618,-0.001916795,7.470423e-07,9.305399e-06
73,1609037400,1.2188146000000002,1.21883,0.003293364,-1.6719259999999998,1.5548730000000002,1.023733,1.417694,1.356716,0.040496660000000004,0.5626401999999999,1.912794e-05,4.768522e-06,4.87111289e-06,5.62696247e-06,7.458368200000001e-06,9.2287252e-06,1.3810047800000001e-05,2.6912882999999998e-05,0.5992689999999999,0.009970773,9.135901e-05,67.65912999999999,51.66029999999999,4.051652e-05,6.027182,0.01767593,12.794511000000002,0.00071084002,6.45485201e-05,0.03578547,52.79554,0.00071084002,6.45485201e-05,0.005252368,17.906625999999996,0.00071084002,6.45485201e-05,0.0023221020000000004,17.518780999999997,0.00071084002,6.45485201e-05,0.003866003,2.3427559999999995e-06,1.720979e-05,-0.5995233892,17.85004202,0.007818357000000001,-0.001308998,-0.0019187379999999997,1.1070638e-06,1.4087577000000001e-05
73,1609038000,1.60379,1.6038039999999998,-0.0057159,-1.627372,1.8215810000000001,1.16563,1.643338,1.591623,0.03573622,0.7126727999999999,1.949406e-05,5.0750781e-06,5.354884e-06,6.4473663e-06,8.943064e-06,1.1591036e-05,1.8475828999999996e-05,3.7634828000000004e-05,0.7965542000000001,0.005013236,0.00022855130000000004,64.55039,50.6581,5.3289539999999995e-05,6.452142,0.02041934,17.08913,0.0016903699,0.00015424575,0.04143638,70.66681000000001,0.0016903699,0.00015424575,0.005923932,31.20586,0.0016903699,0.00015424575,0.003112428,31.48951999999999,0.0016903699,0.00015424575,0.00389633,3.310284e-06,1.823602e-05,-0.005535980000000001,6.8646015999999985,0.011705036999999998,-0.0008925856000000001,-0.0016316339999999999,8.956157999999999e-07,1.1373566e-05
73,1609038600,1.466968,1.466981,-0.00843068,-1.645478,1.685303,1.1104184,1.553595,1.5078829999999999,0.03619393,0.6543628,1.907975e-05,4.7462757e-06,4.920316999999999e-06,5.7915179e-06,7.842507e-06,1.0102284200000001e-05,1.5575888e-05,3.1046238999999994e-05,0.7272501,0.005916486,0.00023264980000000003,65.47793,50.8872,4.8753439999999996e-05,6.184848000000001,0.019328770000000002,15.354009999999999,0.0007093146200000001,6.4408684e-05,0.039275710000000005,63.99561,0.0007093146200000001,6.4408684e-05,0.005367513,19.583732,0.0007093146200000001,6.4408684e-05,0.002521495,19.119532,0.0007093146200000001,6.4408684e-05,0.0038656009999999998,2.591348e-06,1.7393310000000002e-05,-0.017821837100000005,4.8699733,0.009514268,-0.0011306534,-0.001818324,8.775858e-07,1.1662656000000002e-05
73,1609039200,1.0839442,1.0839593,0.0120987351,-1.4905459999999997,1.614687,0.9350231000000001,1.4686560000000002,1.391367,0.03210209,0.48456530000000003,1.6922380000000004e-05,2.7693078000000002e-06,2.7915523e-06,3.2824523e-06,4.558154000000001e-06,5.6813690000000006e-06,8.890985e-06,1.7645730999999998e-05,0.5379278999999999,0.0037563510000000002,0.0002395424,64.61735,50.775890000000004,3.6047630000000006e-05,6.179945,0.01629708,11.417117000000001,0.00074571057,6.7736586e-05,0.033834039999999996,47.39629,0.00074571057,6.7736586e-05,0.00519643,15.679057999999998,0.00074571057,6.7736586e-05,0.002274052,15.458997000000002,0.00074571057,6.7736586e-05,0.003828172,2.302402e-06,1.6814369999999997e-05,0.23530921199999993,27.71010979999999,0.012484789,-0.0014828899000000001,-0.002111638,1.923023e-06,2.0940112000000006e-05
73,1609039800,1.62381,1.6238240000000002,0.0032486927900000004,-1.595116,1.8530820000000001,1.1652221999999999,1.693175,1.6356860000000002,0.041062350000000004,0.7335764,1.8182670000000003e-05,4.1463617e-06,4.2596125e-06,5.1253679e-06,7.256291000000001e-06,9.320295000000001e-06,1.4795757000000002e-05,3.0720078e-05,0.8060398,0.005570567,0.00021526780000000003,65.81636,50.76526,5.399066e-05,6.307589,0.02012802,16.90775,0.00112255356,0.00010223756500000001,0.04139176000000001,70.69172,0.00112255356,0.00010223756500000001,0.0056526729999999996,25.374396999999995,0.00112255356,0.00010223756500000001,0.002881326,25.191144,0.00112255356,0.00010223756500000001,0.003841825,2.8009410000000002e-06,1.739354e-05,0.07393374999999999,7.6759338,0.009778713999999999,-0.0009836447,-0.0017001849999999999,9.957431000000001e-07,1.2512334000000002e-05
73,1609040400,1.7353756,1.735391,0.0005826732,-1.615426,1.854507,1.1973234,1.7210779999999999,1.655637,0.043243960000000005,0.7673629,1.662618e-05,2.7590832e-06,2.6689554599999996e-06,3.2941197999999998e-06,5.10648e-06,6.3986992e-06,1.0599518200000002e-05,2.3492529999999998e-05,0.8630214,0.004392033,0.0002178934,65.85190999999999,50.6279,5.7716669999999994e-05,5.979808,0.02086147,18.21931,0.0013556608199999998,0.0001236974365,0.04257577,76.06387,0.0013556608199999998,0.0001236974365,0.005770618,31.835109,0.0013556608199999998,0.0001236974365,0.003012441,31.6312914,0.0013556608199999998,0.0001236974365,0.003839057,2.975479e-06,1.7494959999999998e-05,0.018830535,1.4988671,0.007663455,-0.0008827552000000001,-0.001621972,7.821018e-07,1.019448e-05
73,1609041000,1.6316099999999998,1.631623,-0.0059434069999999995,-1.6128799999999999,1.827544,1.171268,1.6769770000000002,1.613485,0.04517989,0.7388433,1.950319e-05,5.5512596000000005e-06,5.7090216e-06,6.690105699999999e-06,9.058828e-06,1.14323389e-05,1.763593e-05,3.5050929999999995e-05,0.8107787,0.004734902,0.0001951293,62.712030000000006,50.65322,5.4254360000000004e-05,6.360149,0.020048829999999997,16.418129999999998,0.0012333877700000002,0.00011239060699999997,0.04123849,69.90650000000001,0.0012333877700000002,0.00011239060699999997,0.005620902,26.38524,0.0012333877700000002,0.00011239060699999997,0.0029084339999999997,26.316625,0.0012333877700000002,0.00011239060699999997,0.0038256650000000002,2.7538520000000004e-06,1.724408e-05,0.014693558,2.3763167,0.008351635999999999,-0.0009604292,-0.0016988110000000002,8.308098e-07,1.1211068999999999e-05
73,1609041600,1.2139411,1.213955,0.014161113999999999,-1.581682,1.642962,1.0058514,1.4889459999999999,1.424555,0.033720089999999994,0.5561695,1.67344e-05,2.6809931e-06,2.73728579e-06,3.31627513e-06,4.7991899e-06,6.0914552e-06,9.7978248e-06,2.077659e-05,0.6009389,0.005785493000000001,0.0001935499,67.00237,51.002840000000006,4.036215e-05,6.291237000000001,0.017261160000000005,12.536684000000001,0.0010555529799999997,9.611124299999999e-05,0.03565027,52.42432,0.0010555529799999997,9.611124299999999e-05,0.0054390359999999995,21.090921,0.0010555529799999997,9.611124299999999e-05,0.002579488,21.028202,0.0010555529799999997,9.611124299999999e-05,0.0038226009999999997,2.1385379999999997e-06,1.667804e-05,0.042421350000000003,1.1767555,0.005442667,-0.001306107,-0.0019672369999999997,7.041338000000001e-07,8.773969999999999e-06
73,1609042200,0.8111236000000002,0.8111374,0.021734499999999997,-1.587542,1.3641789999999998,0.8198321999999999,1.2123745,1.1503093,0.03441172,0.4007598,1.585131e-05,1.2615776000000002e-06,1.23335772e-06,1.52378366e-06,2.4160502e-06,3.03019481e-06,5.0240266999999995e-06,1.1215737999999999e-05,0.40188749999999995,0.003471335,0.00017588840000000002,66.92805,50.972939999999994,2.6975920000000002e-05,5.976537,0.01416066,8.447607999999999,0.00080541406,7.33133532e-05,0.029080230000000002,35.19638,0.00080541406,7.33133532e-05,0.005228777,16.641817300000003,0.00080541406,7.33133532e-05,0.0021730700999999996,16.430495,0.00080541406,7.33133532e-05,0.0038516500000000003,1.8062850000000002e-06,1.654784e-05,-0.12753815,59.19944449999999,0.013516344,-0.0017455400000000003,-0.002284673,1.5598228e-06,1.8881952e-05
73,1609042800,0.9458335999999999,0.9458489,0.016450358999999998,-1.632742,1.466783,0.8953070999999999,1.29454,1.217062,0.03976779,0.4565948000000001,1.542061e-05,9.267794999999999e-07,9.023598399999998e-07,1.21766219e-06,2.1825932e-06,2.8569197000000004e-06,5.0854465e-06,1.2127792e-05,0.46263309999999996,0.01002118,0.0002363175,71.21253999999999,52.23246,3.1447889999999993e-05,6.0250840000000006,0.015419269999999999,9.95092,0.001045902,9.5281863e-05,0.031331479999999995,40.77075000000001,0.001045902,9.5281863e-05,0.005339336,20.488744,0.001045902,9.5281863e-05,0.0023243609999999996,20.420683000000004,0.001045902,9.5281863e-05,0.0038529360000000004,1.937966e-06,1.670074e-05,0.036555558,2.1642656,0.006577413,-0.001546967,-0.002118093,7.029732000000001e-07,9.093776e-06
73,1609043400,1.588327,1.588339,0.0143632498,-1.545264,1.9037819999999996,1.1401902000000002,1.7343890000000002,1.63625,0.053408739999999996,0.7424089,1.911661e-05,4.9476394000000005e-06,4.9966363000000005e-06,5.7741111e-06,7.742321000000001e-06,9.3656967e-06,1.38791083e-05,2.6987264e-05,0.7830874,0.010820476999999998,0.00017713993,64.67405,51.28164,5.283073999999999e-05,6.053575,0.019893670000000002,16.96782,0.0010625769,9.6722451e-05,0.04086713,69.63399999999999,0.0010625769,9.6722451e-05,0.005577123000000001,23.782953,0.0010625769,9.6722451e-05,0.002753697,23.695657,0.0010625769,9.6722451e-05,0.0038551780000000008,2.762815e-06,1.747389e-05,-0.018631557000000003,2.0316691,0.007183562,-0.0009972554,-0.0017403079999999999,7.700011000000001e-07,1.0139776000000002e-05
73,1609044000,1.732647,1.7326620000000001,-0.007259817000000002,-1.5615510000000001,1.9361089999999996,1.2005839999999999,1.7844919999999997,1.703041,0.050538110000000004,0.7777528,1.780893e-05,3.6337157000000002e-06,3.56153755e-06,4.21257139e-06,5.890605e-06,7.1779107e-06,1.10170517e-05,2.3078499000000003e-05,0.8560197,0.010106674999999999,0.00013522927,66.56908000000001,51.17667,5.763522000000001e-05,5.580672,0.020764219999999996,18.13806,0.0019250227000000002,0.00017574955000000003,0.04279643,75.33771999999999,0.0019250227000000002,0.00017574955000000003,0.006020432,37.72792,0.0019250227000000002,0.00017574955000000003,0.003265937,37.954218999999995,0.0019250227000000002,0.00017574955000000003,0.0038681090000000002,3.1435179999999997e-06,1.789602e-05,0.13309221300000001,11.763969200000002,0.011389953,-0.0008503381000000001,-0.0016534969999999999,9.935932e-07,1.1927357999999999e-05
73,1609044600,1.2140797,1.214096,0.007909167,-1.497036,1.683615,0.9872021,1.536008,1.452757,0.03977358,0.5553903,1.729349e-05,3.0275986e-06,3.0800349599999995e-06,3.7569432e-06,5.297912299999999e-06,6.739635e-06,1.08091368e-05,2.2957660000000003e-05,0.603693,0.0030950864,0.00019420776,64.14444999999999,50.60313,4.036232e-05,6.190336,0.01724261,12.794995,0.0009838277199999998,8.95797093e-05,0.03576944,53.27355,0.0009838277199999998,8.95797093e-05,0.0054791020000000005,21.140304000000004,0.0009838277199999998,8.95797093e-05,0.002580245,20.949518,0.0009838277199999998,8.95797093e-05,0.00386904,3.0441329999999996e-06,1.7753460000000003e-05,0.17371624400000002,31.527905599999997,0.015413419000000003,-0.0013160595,-0.001994485,2.3496299e-06,2.4959656000000004e-05
73,1609045200,1.7001819999999999,1.7001949999999997,0.006478167,-1.5850140000000001,1.901382,1.19112,1.762966,1.6876269999999998,0.039663870000000004,0.7500104999999999,1.8229660000000003e-05,4.048342799999999e-06,4.04986428e-06,4.771571980000001e-06,6.685155e-06,8.5207219e-06,1.29700624e-05,2.6365015000000004e-05,0.8418620000000001,0.008042279,0.00011587999,66.6308,50.913869999999996,5.65514e-05,5.836526,0.0208031,18.225189999999998,0.0018404587,0.00016800334,0.042605899999999995,74.97022000000001,0.0018404587,0.00016800334,0.006075914,35.700235000000006,0.0018404587,0.00016800334,0.003295228,35.959817,0.0018404587,0.00016800334,0.0038701839999999996,3.0773189999999996e-06,1.7868960000000002e-05,0.027496757,1.0715034000000003,0.005204491,-0.0008658752000000001,-0.001629494,7.090074e-07,9.415017e-06
73,1609045800,1.7691689999999998,1.7691839999999999,0.003644488,-1.684753,1.847082,1.237433,1.71429,1.6423999999999999,0.037883810000000004,0.7755594,1.6711010000000004e-05,2.4443666000000007e-06,2.42592189e-06,3.11657431e-06,5.1127933e-06,6.7917085e-06,1.1468906899999999e-05,2.6653818999999997e-05,0.8629062,0.02147692,0.00013980827,71.33024,52.538329999999995,5.880016999999999e-05,6.110906,0.02119315,18.51293,0.00072810145,6.607517000000002e-05,0.042933910000000006,75.93827,0.00072810145,6.607517000000002e-05,0.005518461,23.465405999999998,0.00072810145,6.607517000000002e-05,0.0027454169999999996,22.965224,0.00072810145,6.607517000000002e-05,0.0038607019999999997,3.0311910000000003e-06,1.777405e-05,0.035331834,1.3819725999999999,0.007430157999999999,-0.0008482049000000001,-0.0015881779999999998,7.907952e-07,9.966780999999999e-06
73,1609046400,1.0978568,1.0978701,0.012477394999999999,-1.5001440000000001,1.605311,0.9454182999999998,1.464008,1.3801549999999998,0.032215900000000006,0.4972884000000001,1.639432e-05,1.9902873000000003e-06,1.93325639e-06,2.2871884599999995e-06,3.3107388e-06,4.0518649e-06,6.1592261000000005e-06,1.2868181999999999e-05,0.5367559999999999,0.012058584,7.863289000000001e-05,70.71234,52.48064000000001,3.652303e-05,5.467923000000001,0.01624333,11.552381,0.0007153068400000001,6.494450899999999e-05,0.033609259999999995,47.235479999999995,0.0007153068400000001,6.494450899999999e-05,0.005210643,15.567975999999998,0.0007153068400000001,6.494450899999999e-05,0.00226028,15.330693000000002,0.0007153068400000001,6.494450899999999e-05,0.003867136,2.765105e-06,1.7515439999999998e-05,-1.4160766846,79.571871,0.014361875,-0.001441244,-0.002067029,2.5671451e-06,2.5125517999999998e-05
73,1609047000,0.4939468000000001,0.49396150000000005,0.012468138,-1.6216169999999999,1.1296839,0.6522858,0.9744672,0.8887028000000001,0.022228810999999998,0.24247649999999998,1.573036e-05,1.1043477e-06,1.1359982e-06,1.37619063e-06,1.9899803e-06,2.5592533e-06,3.812173399999999e-06,7.483381e-06,0.23276210000000003,0.014020528,0.00016976425000000001,79.60999000000001,55.77613,1.641952e-05,6.2029,0.011060490000000001,5.251649,0.00032773376000000003,2.9495496e-05,0.02222229,20.49892,0.00032773376000000003,2.9495496e-05,0.004797142999999999,8.028566000000001,0.00032773376000000003,2.9495496e-05,0.0015768953000000001,7.684487999999999,0.00032773376000000003,2.9495496e-05,0.003859721,2.0673152999999997e-06,1.677297e-05,0.85642405,147.2063453,0.027342305,-0.002031348,-0.002467276,2.9056138000000003e-06,3.2789414999999996e-05
73,1609047600,0.6106013,0.6106159000000001,0.020278029,-1.475124,1.268589,0.7067941,1.121547,1.0381814999999999,0.024770820000000002,0.2926121,1.607844e-05,1.5946367000000003e-06,1.63748733e-06,1.9530988e-06,2.7492481e-06,3.5499392e-06,5.5731237e-06,1.1720232000000001e-05,0.2967338,0.008373013000000002,0.00016250190000000002,72.61228,52.80582999999999,2.0291820000000003e-05,6.263737000000001,0.01213883,6.4354830000000005,0.0005209552399999999,4.7183265e-05,0.025119029999999997,26.10459,0.0005209552399999999,4.7183265e-05,0.005000439,11.020989,0.0005209552399999999,4.7183265e-05,0.0018582229999999998,10.708121000000002,0.0005209552399999999,4.7183265e-05,0.0038285140000000003,1.212332e-06,1.583552e-05,0.014326049999999996,2.9080627999999997,0.004999946,-0.0019959009999999996,-0.0024809890000000003,6.959482e-07,8.456367999999998e-06
73,1609048200,0.7541035,0.7541179,0.039513719999999995,-1.406504,1.444357,0.7765456,1.277628,1.172399,0.027037691999999995,0.3563293,1.5156489999999999e-05,7.346023e-07,7.066804000000001e-07,9.347114000000001e-07,1.6346704000000002e-06,2.1521942000000005e-06,3.82632e-06,9.091692000000001e-06,0.3616062,0.015217779,0.00020768560000000003,75.60594999999999,54.08611,2.506523e-05,6.266705,0.013216839999999999,7.821871,0.00060551957,5.492852700000001e-05,0.027524519999999997,31.625459999999997,0.00060551957,5.492852700000001e-05,0.0051984349999999995,13.962686999999999,0.00060551957,5.492852700000001e-05,0.002124204,13.709838999999999,0.00060551957,5.492852700000001e-05,0.0038323300000000005,1.387651e-06,1.603834e-05,-0.00045155999999999614,3.8009978,0.0058753183,-0.001875251,-0.002399618,7.192619e-07,9.283049e-06
73,1609048800,0.8022598999999999,0.8022746,0.021921493,-1.602264,1.419307,0.8314578000000001,1.262289,1.162612,0.02143269,0.36393739999999997,1.7052010000000003e-05,2.4784861e-06,2.5298718000000003e-06,2.9341611499999997e-06,3.903432799999999e-06,4.8518525e-06,7.3641793e-06,1.4354344000000003e-05,0.37843839999999995,0.022446340000000002,0.000203612,75.52076,55.677800000000005,2.665934e-05,6.082871,0.01402537,8.409597999999999,0.00013518719,1.19075467e-05,0.02845551,33.31194,0.00013518719,1.19075467e-05,0.004642139000000001,5.8215392,0.00013518719,1.19075467e-05,0.0015516093,5.2854084,0.00013518719,1.19075467e-05,0.003847768,1.465149e-06,1.6245060000000002e-05,-0.005489916999999999,1.3086342,0.003750499,-0.0018012020000000004,-0.0023258640000000004,6.857384000000001e-07,8.590532e-06
73,1609049400,0.7497233000000001,0.7497379000000001,0.03131890999999999,-1.5275120000000002,1.389154,0.7927630999999999,1.2439890000000002,1.1507960000000002,0.027611760000000003,0.353112,1.5769009999999998e-05,1.3563340999999999e-06,1.3729172e-06,1.6751803000000002e-06,2.4791451000000002e-06,3.0660895e-06,5.057511800000001e-06,1.0818213e-05,0.3583815,0.016241072,0.0002119876,77.11878999999999,54.482409999999994,2.4917709999999998e-05,6.366599000000001,0.013414029999999999,7.866231000000001,0.0008400163699999999,7.641132899999998e-05,0.02758581,31.53827,0.0008400163699999999,7.641132899999998e-05,0.005255265,16.938879,0.0008400163699999999,7.641132899999998e-05,0.00218128,16.771082,0.0008400163699999999,7.641132899999998e-05,0.0038291769999999996,1.361272e-06,1.599566e-05,0.010335098999999999,2.3984303000000002,0.004856502,-0.0018664719999999999,-0.0023804950000000003,6.548033e-07,8.463456e-06
73,1609050000,0.7292203,0.7292349999999999,0.020581910000000002,-1.649202,1.289964,0.7916595,1.155822,1.0778963000000001,0.022906894999999997,0.33391849999999995,1.551389e-05,9.692109e-07,9.3127026e-07,1.11718722e-06,1.7124451e-06,2.0832477100000003e-06,3.4051941000000002e-06,7.204101e-06,0.3527196,0.011665064,0.00020696409999999997,73.93441000000001,53.346129999999995,2.4256549999999997e-05,5.766008,0.01347481,7.646048000000002,0.00065210523,5.9212967e-05,0.02739399,31.010820000000006,0.00065210523,5.9212967e-05,0.005188531,13.828664999999997,0.00065210523,5.9212967e-05,0.002087961,13.649385,0.00065210523,5.9212967e-05,0.0038415719999999993,1.4453150000000002e-06,1.6171569999999997e-05,0.0025811899999999984,1.3557382000000002,0.004505902,-0.001826677,-0.002312382,6.681305999999999e-07,8.780709e-06
73,1609050600,0.38481360000000003,0.38482839999999996,0.0476411,-1.506588,1.0500697,0.5680026,0.9086537,0.8314755,0.013472963,0.1833848,1.523365e-05,6.053935000000001e-07,6.104616300000001e-07,7.8123274e-07,1.1953054e-06,1.6273469000000002e-06,2.7418057e-06,5.8525778000000005e-06,0.1797645,0.01242076,0.00020718239999999998,79.1235,56.69381,1.278517e-05,6.382614,0.009557731999999998,4.068669000000001,0.000386212809,3.4997448799999995e-05,0.01950215,15.756739999999999,0.000386212809,3.4997448799999995e-05,0.0046740919999999995,7.578885000000001,0.000386212809,3.4997448799999995e-05,0.0013892516,7.2840388,0.000386212809,3.4997448799999995e-05,0.003844123,1.189647e-06,1.5891790000000002e-05,0.5959902699999999,70.902473,0.013400173000000001,-0.0022418900000000003,-0.002641174,1.3252449e-06,1.6235115e-05
73,1609051200,0.5407225999999999,0.5407371000000001,0.024413122000000002,-1.5760070000000002,1.198723,0.6808185000000001,1.0345818999999998,0.9432663000000001,0.01851869,0.2618312,1.557781e-05,1.1750305e-06,1.2080368e-06,1.4135512999999998e-06,2.0171709999999998e-06,2.5513093999999994e-06,3.9913993e-06,8.198135e-06,0.2486252,0.021591370000000002,0.00012296654999999999,81.86533,58.287969999999994,1.797083e-05,6.425139,0.011423656,5.672518,0.000722498302,6.57011692e-05,0.02292158,21.808619999999998,0.000722498302,6.57011692e-05,0.004998429,13.604446,0.000722498302,6.57011692e-05,0.0018314186,13.427584999999999,0.000722498302,6.57011692e-05,0.003821229,1.289652e-06,1.584717e-05,0.037740630000000004,3.3860468999999993,0.005725495999999999,-0.001981499,-0.002438679,6.466289999999998e-07,8.574516e-06
73,1609051800,0.5404426000000001,0.5404572000000001,0.008483168999999999,-1.694437,1.1230465,0.6888755,0.9791926999999999,0.8947023,0.017536362,0.2509701000000001,1.5233179999999999e-05,8.250222e-07,8.246004800000001e-07,9.9011541e-07,1.5084267999999998e-06,1.9016188e-06,3.1175708000000004e-06,6.727084e-06,0.2487193,0.02142931,5.609206e-05,79.50170000000001,58.23349,1.7968859999999997e-05,6.187722,0.011622539999999999,5.652653,0.0006013106000000001,5.460569160000001e-05,0.02294052,21.81533,0.0006013106000000001,5.460569160000001e-05,0.004971038,13.405402,0.0006013106000000001,5.460569160000001e-05,0.001792869,13.105599000000002,0.0006013106000000001,5.460569160000001e-05,0.003823233,1.1142181e-06,1.571441e-05,0.0420677,1.1559492,0.0030055380000000003,-0.002066624,-0.002494366,6.628035e-07,8.112867e-06
73,1609052400,0.587154,0.5871685,0.008807946,-1.6484649999999998,1.1434465,0.7119963,1.0140319999999998,0.9547799999999999,0.017246089,0.27545150000000007,1.563604e-05,1.2492073e-06,1.2920001099999998e-06,1.51642025e-06,2.1284941999999997e-06,2.70598912e-06,4.2027457e-06,8.688223e-06,0.2785404,0.01495938,5.406161e-05,74.66420000000001,55.617290000000004,1.9521729999999995e-05,6.008114,0.012053017,6.104443999999999,0.0005044375999999999,4.5779563499999995e-05,0.02424058,24.39835,0.0005044375999999999,4.5779563499999995e-05,0.004837254,11.065594,0.0005044375999999999,4.5779563499999995e-05,0.0017034072000000002,10.832424999999997,0.0005044375999999999,4.5779563499999995e-05,0.0038154129999999993,1.466338e-06,1.5947100000000002e-05,-1.3454297059999998,80.51279009999999,0.011128295,-0.0019861460000000003,-0.00243079,1.7346505e-06,2.1202874999999998e-05
73,1609053000,0.6356425,0.635657,0.013097870000000001,-1.3880109999999999,1.304777,0.7145758000000001,1.1580724999999998,1.0751575,0.021673157,0.295489,1.570533e-05,1.4754778e-06,1.49526581e-06,1.7858435300000003e-06,2.4817741e-06,3.1330288e-06,4.983541499999999e-06,1.0332049e-05,0.30383380000000004,0.013888440000000002,7.177728e-05,73.92214000000001,54.636700000000005,2.112703e-05,5.990654999999999,0.012212766,6.694333,0.0005824555999999999,5.2821440000000005e-05,0.025363999999999998,26.721579999999996,0.0005824555999999999,5.2821440000000005e-05,0.004927784,11.461569,0.0005824555999999999,5.2821440000000005e-05,0.001823614,11.2762133,0.0005824555999999999,5.2821440000000005e-05,0.0038060319999999996,1.2803228e-06,1.5722000000000003e-05,-0.020736311,5.5031023,0.006084551,-0.0019454159999999997,-0.0024361170000000002,7.063202e-07,8.693424999999999e-06
73,1609053600,0.5044177,0.5044323,0.0019109472,-0.9628435999999999,1.293639,0.5904121000000001,1.149223,1.0361946000000002,0.015992788,0.23682279999999997,1.501429e-05,6.874361e-07,6.817546999999999e-07,8.675969900000001e-07,1.4133721e-06,1.8696334000000003e-06,3.1733065999999996e-06,6.98726e-06,0.23287010000000002,0.019242040000000002,8.058853e-05,82.22538,58.049779999999984,1.675918e-05,6.284178,0.010466487,5.280505,0.00092625057,8.43701748e-05,0.02213638,20.38133,0.00092625057,8.43701748e-05,0.005345528,17.587182000000002,0.00092625057,8.43701748e-05,0.0021650923,17.521617,0.00092625057,8.43701748e-05,0.0038129999999999995,1.1231207e-06,1.5627769999999998e-05,-0.030426825,5.5600112,0.005423341,-0.0020846759999999997,-0.002581166,7.469528e-07,8.953859e-06
73,1609054200,0.3925759999999999,0.3925904,0.0039078815,-0.8338435000000001,1.196847,0.5214158999999999,1.0487578000000002,0.9303281999999999,0.013690121999999999,0.18856489999999998,1.514694e-05,8.956468200000001e-07,9.234715300000001e-07,1.11234687e-06,1.5738337999999999e-06,2.0699403e-06,3.3495954e-06,6.8247232e-06,0.1694125,0.02678605,7.194523999999999e-05,84.60913000000002,64.01947,1.303629e-05,6.277571,0.009000497,4.154208,0.000490317068,4.4480850900000004e-05,0.01898881,14.97481,0.000490317068,4.4480850900000004e-05,0.004784412,10.0741099,0.000490317068,4.4480850900000004e-05,0.0015507612,9.8146815,0.000490317068,4.4480850900000004e-05,0.003786136,8.827915000000001e-07,1.5199660000000002e-05,-0.001072252000000004,5.460571,0.003970257,-0.002263219,-0.0027056709999999998,6.827109e-07,8.250066e-06
73,1609054800,0.5669541,0.5669682999999999,0.008832285,-1.1254618,1.361329,0.6554458000000001,1.189349,1.0703215,0.019337821999999998,0.2713646,1.521704e-05,1.0284166999999998e-06,1.0282772099999999e-06,1.24871789e-06,1.8568238999999996e-06,2.3928811e-06,3.874489699999999e-06,8.235422e-06,0.2576267,0.02574749,8.183789000000002e-05,83.43015999999999,59.430279999999996,1.883948e-05,6.203813,0.011076536,5.960952,0.000865781369,7.89080295e-05,0.023327670000000002,22.608490000000003,0.000865781369,7.89080295e-05,0.005069127,15.890310000000003,0.000865781369,7.89080295e-05,0.0019445048,15.849026999999998,0.000865781369,7.89080295e-05,0.0037962259999999998,1.2415826e-06,1.56005e-05,0.11101114599999999,6.5448784,0.006842393,-0.001991519,-0.0025101190000000003,7.113862e-07,9.081662e-06
73,1609055400,1.3138428999999998,1.3138548,0.008995088000000002,-1.5551730000000001,1.766193,1.0511751999999999,1.6062850000000002,1.501023,0.028099859999999997,0.5876718000000001,1.564028e-05,1.5008295e-06,1.4370222e-06,1.8069111e-06,3.000728e-06,3.7663198000000005e-06,6.313571999999999e-06,1.4576400999999998e-05,0.6299463999999999,0.026843910000000006,9.675351e-05,76.10772999999999,54.26636,4.3687970000000004e-05,6.098409999999999,0.01782626,13.825785999999999,0.0010814060600000002,9.852547969999999e-05,0.036610420000000005,55.63322000000001,0.0010814060600000002,9.852547969999999e-05,0.005605918999999999,26.01642,0.0010814060600000002,9.852547969999999e-05,0.0027620369999999997,25.831169,0.0010814060600000002,9.852547969999999e-05,0.0038196220000000004,2.350506e-06,1.684294e-05,0.024430184,1.0609522999999998,0.005073307000000001,-0.0012145614999999998,-0.00187008,7.173859e-07,8.771662e-06
73,1609056000,1.1160498,1.1160646,0.0089624,-1.6048889999999996,1.612099,0.9725547999999998,1.455607,1.3489179999999998,0.03113768,0.50535,1.575972e-05,1.6839174e-06,1.6694904200000003e-06,2.1283904999999997e-06,3.3055411e-06,4.2899467e-06,7.2261192999999994e-06,1.633417e-05,0.5304819000000001,0.02740705,9.803179e-05,76.04767999999999,55.13525,3.709013e-05,6.209009,0.01641563,11.704663,0.0009528983899999999,8.673138e-05,0.03342257,46.69453,0.0009528983899999999,8.673138e-05,0.00530768,20.000166999999998,0.0009528983899999999,8.673138e-05,0.0024165719999999996,19.896483999999997,0.0009528983899999999,8.673138e-05,0.0038050389999999996,2.1169979999999998e-06,1.650743e-05,0.035342038,1.0336309,0.005013757999999999,-0.0013616155,-0.001962144,7.151755e-07,9.000160000000001e-06
73,1609056600,0.6375607999999999,0.6375748999999999,0.008795695999999999,-1.438232,1.317901,0.7237516,1.1776483,1.073921,0.019550852,0.2965344,1.549608e-05,1.4099676999999998e-06,1.43237432e-06,1.6776441100000002e-06,2.3747547e-06,3.1453065000000005e-06,4.6909633e-06,9.7697145e-06,0.29741270000000003,0.02127822,6.364155000000001e-05,80.5474,56.851440000000004,2.1185649999999996e-05,6.164769000000001,0.01222258,6.778980999999999,0.00082605979,7.517764e-05,0.02514517,26.34163,0.00082605979,7.517764e-05,0.005053258000000001,15.493300600000001,0.00082605979,7.517764e-05,0.0019598687,15.4147243,0.00082605979,7.517764e-05,0.0037821169999999993,1.646027e-06,1.58899e-05,0.001412938999999996,1.9961869999999995,0.004083054000000001,-0.0017071938,-0.002220396,7.649260000000001e-07,8.668183999999999e-06
73,1609057200,0.7753186000000001,0.7753329,-0.0023854165999999998,-1.3784649999999998,1.444469,0.7926673,1.320868,1.2061499999999998,0.018293979999999998,0.3514463,1.5401839999999998e-05,1.2868182e-06,1.2459783100000001e-06,1.4398448e-06,2.0950766e-06,2.5369373e-06,3.8001345999999996e-06,7.835829e-06,0.3668821,0.02071276,4.2903229999999995e-05,79.57369,55.35957,2.578957e-05,5.723250999999999,0.01350939,8.278741,0.00048134454000000004,4.360818149999999e-05,0.02813328,32.57359,0.00048134454000000004,4.360818149999999e-05,0.004963544,11.693371000000003,0.00048134454000000004,4.360818149999999e-05,0.0019237860000000002,11.333949,0.00048134454000000004,4.360818149999999e-05,0.003783194,1.5893239999999998e-06,1.5863650000000002e-05,0.018906979,0.9356196999999999,0.0030023019999999997,-0.0016699370000000002,-0.0022325559999999997,7.013221999999999e-07,8.200079999999998e-06
73,1609057800,0.8120657,0.8120799999999999,-0.0048622464999999995,-1.2757049999999999,1.5592210000000002,0.8042725,1.382742,1.256027,0.02405192,0.37464810000000004,1.588461e-05,1.7862701000000001e-06,1.79785335e-06,2.14427611e-06,3.0618972000000003e-06,3.8688558e-06,6.237781199999999e-06,1.2690460999999998e-05,0.37031260000000005,0.035630709999999996,5.641820000000001e-05,80.52394,59.00458999999999,2.69817e-05,6.102499,0.01353114,8.627322000000001,0.0007555509399999999,6.8678285e-05,0.02818726,32.84807,0.0007555509399999999,6.8678285e-05,0.005199917,16.255930999999997,0.0007555509399999999,6.8678285e-05,0.0021729350000000004,16.044167499999997,0.0007555509399999999,6.8678285e-05,0.003795863,1.5506340000000001e-06,1.591492e-05,0.046667278000000006,1.8057589999999997,0.0041695529999999995,-0.001732105,-0.00229746,6.822953e-07,8.404112999999999e-06
73,1609058400,1.4618854999999997,1.4618989000000002,0.0020502029,-1.4428910000000001,1.9566969999999997,1.0910459,1.757152,1.624512,0.037642020000000005,0.6507476999999999,1.594573e-05,1.9454182e-06,1.9463928e-06,2.5263254000000005e-06,4.096517199999999e-06,5.3985887999999995e-06,9.299167e-06,2.1273612999999998e-05,0.6971094000000001,0.03368085999999999,0.00010374007,76.00683999999998,55.0587,4.858443e-05,6.196895,0.01848122,15.383404000000002,0.0019180663799999997,0.0001752048255,0.03836254,61.42029,0.0019180663799999997,0.0001752048255,0.0058649900000000005,35.494905,0.0019180663799999997,0.0001752048255,0.0030930959999999996,35.89462200000001,0.0019180663799999997,0.0001752048255,0.0038180749999999998,2.588629e-06,1.7010559999999997e-05,-0.050368371999999995,3.1922392,0.007078458,-0.0011103501,-0.0018252459999999998,8.216643e-07,1.0892119e-05
73,1609059000,1.535958,1.5359729999999998,0.0032102486,-1.5810210000000002,1.926808,1.148275,1.752504,1.6073359999999997,0.02947618,0.6633359000000001,1.733084e-05,3.5448896e-06,3.5702032e-06,4.34937208e-06,6.1798918e-06,8.0015606e-06,1.29830559e-05,2.6735393e-05,0.7211635000000001,0.04662636999999999,0.00012095763,78.81351000000001,56.149469999999994,5.1024139999999994e-05,6.291303,0.0192665,15.991050000000001,0.00345769218,0.00031629623000000004,0.039200070000000004,63.15698000000001,0.00345769218,0.00031629623000000004,0.006433174,61.046620999999995,0.00345769218,0.00031629623000000004,0.003699712,62.185722999999996,0.00345769218,0.00031629623000000004,0.003817454,2.7265150000000003e-06,1.7145249999999996e-05,0.058543018300000006,6.9414378,0.009171920000000002,-0.001039865,-0.0017370579999999997,8.287673999999999e-07,1.0392943000000001e-05
73,1609059600,1.457469,1.457483,0.0041811965,-1.0732169000000003,2.115101,1.0178848,1.9301850000000003,1.7577159999999998,0.03132178,0.6448905,1.6775429999999997e-05,2.8547065999999998e-06,2.87128885e-06,3.4542315e-06,5.081479700000001e-06,6.399605000000001e-06,1.0329633e-05,2.1984633e-05,0.6821995000000001,0.04637169000000001,0.00010791238,77.21889999999999,56.3721,4.843983e-05,6.274178000000001,0.01812669,15.342080000000001,0.0015294807860000003,0.0001395919591,0.03825259999999999,60.150819999999996,0.0015294807860000003,0.0001395919591,0.005840058,32.249477,0.0015294807860000003,0.0001395919591,0.003053482,32.310773,0.0015294807860000003,0.0001395919591,0.0038148179999999998,2.568407e-06,1.692376e-05,0.032484368,1.4127562,0.0059052010000000005,-0.0010439503999999998,-0.0019084879999999999,6.844552999999998e-07,8.797176e-06
73,1609060200,1.352557,1.3525719999999999,0.0038506624000000005,-0.9594695,2.109477,0.970356,1.9039709999999999,1.713616,0.030831570000000003,0.6082200999999999,1.688039e-05,2.8712741000000004e-06,2.83809001e-06,3.273621399999999e-06,4.5671122e-06,5.4937598000000005e-06,8.3257963e-06,1.6547207e-05,0.6187612,0.057402869999999995,6.824060000000001e-05,81.43469,58.593729999999994,4.496426e-05,6.0039679999999995,0.01722065,14.36424,0.0023259251,0.00021256062599999998,0.03643899,54.80276,0.0023259251,0.00021256062599999998,0.006246389,44.049769999999995,0.0023259251,0.00021256062599999998,0.003441259,44.658882999999996,0.0023259251,0.00021256062599999998,0.0038211179999999997,2.462539e-06,1.6867590000000004e-05,0.026579687,3.7229067999999996,0.008175222,-0.0011612264000000001,-0.002007983,8.361145e-07,1.0538189e-05
73,1609060800,1.1518575,1.1518708,0.0026428551999999996,-1.0692724999999998,1.8862700000000001,0.9161506999999999,1.710615,1.5516839999999998,0.032931789999999996,0.5218292,1.722876e-05,3.2529924e-06,3.366777e-06,4.0251675e-06,5.5498087999999995e-06,7.199387e-06,1.1461562e-05,2.330471e-05,0.5395079999999999,0.03625278,0.00010613606,76.46563,56.443,3.82613e-05,6.424614,0.01591183,12.036794999999998,0.00094525721,8.6027146e-05,0.03387131,47.35946,0.00094525721,8.6027146e-05,0.005440647,20.828712,0.00094525721,8.6027146e-05,0.002575018,20.676273000000002,0.00094525721,8.6027146e-05,0.0038139470000000003,2.3777369999999997e-06,1.6748180000000002e-05,-0.098795586,9.140575,0.007313546,-0.0012458939999999998,-0.002030568,9.756465999999999e-07,1.1966143000000001e-05
73,1609061400,1.297099,1.297112,-2.2616800000000034e-05,-1.1187209,1.9865479999999998,0.9789156,1.799455,1.643526,0.03719812,0.5903354000000001,1.730354e-05,3.1104481000000003e-06,3.1714358999999996e-06,3.7851157e-06,5.2271792e-06,6.5773537e-06,1.0267021e-05,2.1133572e-05,0.6139129999999999,0.03449801,8.195863e-05,72.74589,55.39046999999999,4.312147e-05,6.098848,0.01696148,13.53398,0.00075448845,6.8548762e-05,0.03619994,53.88897999999999,0.00075448845,6.8548762e-05,0.005398855999999999,18.374167,0.00075448845,6.8548762e-05,0.0025574869999999998,18.044952000000002,0.00075448845,6.8548762e-05,0.003829361,2.4855120000000005e-06,1.6969159999999997e-05,0.006392325000000002,3.2708912999999997,0.007694484,-0.0011695679000000001,-0.001973993,8.442825e-07,1.0556561000000002e-05
73,1609062000,1.6130590000000002,1.61307,0.003403324,-1.3111520000000003,2.139815,1.1243811000000001,1.9109849999999997,1.764242,0.04639567,0.7527637,1.6576249999999996e-05,2.6830002000000003e-06,2.7090829000000003e-06,3.3983428e-06,5.2966150000000004e-06,7.013079000000001e-06,1.1712368e-05,2.5992552e-05,0.7723706,0.03397911,0.0001183066,75.62884,54.42416000000001,5.359267e-05,6.298863000000001,0.01911191,16.76706,0.00222479305,0.00020325785200000002,0.04039142,67.66237,0.00222479305,0.00020325785200000002,0.006329970000000002,44.087354000000005,0.00222479305,0.00020325785200000002,0.0035968349999999996,44.461618,0.00222479305,0.00020325785200000002,0.003828794,2.855093e-06,1.7309699999999998e-05,0.015973502,1.0430266000000001,0.005386033,-0.0009300927,-0.0017369920000000001,7.132295e-07,9.01454e-06
73,1609062600,1.7069768999999997,1.7069915999999998,0.0030306058000000003,-1.314211,2.137152,1.1416531,1.915933,1.7765799999999998,0.061715809999999996,0.80941,1.779518e-05,3.8919129e-06,3.97719729e-06,4.80966684e-06,6.795098800000001e-06,8.7874186e-06,1.3949210700000002e-05,2.9514619999999998e-05,0.8283256,0.024988499999999997,0.00010028639,69.75109,53.02664,5.674623999999999e-05,5.917366,0.01963113,17.62767,0.0014256178,0.00012998309999999997,0.04134328999999999,72.31494,0.0014256178,0.00012998309999999997,0.005844632000000001,30.339896999999997,0.0014256178,0.00012998309999999997,0.003110496,30.374754000000003,0.0014256178,0.00012998309999999997,0.0038285240000000007,2.986463e-06,1.7397279999999995e-05,0.00029473400000000065,1.8459708999999997,0.006867689000000001,-0.000872674,-0.0016933509999999998,7.816809e-07,1.0311575e-05
73,1609063200,1.4504082999999999,1.4504212,0.0028921888,-1.25762,2.0906499999999997,1.0445539,1.814679,1.685114,0.04266739,0.6704347,1.728234e-05,3.2004741e-06,3.2176393000000006e-06,3.7664564999999996e-06,5.310106999999999e-06,6.552056999999999e-06,1.0248679e-05,2.1191271000000002e-05,0.7061917,0.018878622,7.664583e-05,71.39376,52.62696,4.822906e-05,6.168803,0.01835569,15.391922,0.0014867775999999999,0.00013561739,0.038697100000000005,62.507529999999996,0.0014867775999999999,0.00013561739,0.005829116,29.126237000000003,0.0014867775999999999,0.00013561739,0.003040381,29.225181999999997,0.0014867775999999999,0.00013561739,0.003838353,2.9770889999999997e-06,1.743866e-05,-0.01789851578,17.5352341,0.014211304999999999,-0.0009956799,-0.001822422,1.0697150999999998e-06,1.3255729e-05
73,1609063800,0.9691723,0.9691873,0.0028258989999999998,-0.9810395,1.760678,0.8104221,1.580937,1.453997,0.0260411,0.44375939999999997,1.5892370000000002e-05,1.5316258999999998e-06,1.5089247800000002e-06,1.85727062e-06,2.8032702000000002e-06,3.5031352999999997e-06,5.5572198e-06,1.2262085000000001e-05,0.46029800000000004,0.02419256,6.486625999999999e-05,77.87845999999999,55.22197,3.222101e-05,6.036493,0.01496567,10.264743,0.0010330148,9.406926e-05,0.03139404999999999,40.757349999999995,0.0010330148,9.406926e-05,0.005491728,20.24305,0.0010330148,9.406926e-05,0.002511502,20.235959,0.0010330148,9.406926e-05,0.0038408639999999994,2.251764e-06,1.682883e-05,-0.07629346,13.137091999999999,0.014685438,-0.0013833692999999998,-0.002152475,9.974458e-07,1.2981339e-05
73,1609064400,0.9585538,0.9585695,0.00019783799999999982,-0.9515635,1.7783039999999999,0.7997299999999999,1.577187,1.438956,0.03658045,0.45539510000000005,1.6063819999999998e-05,1.629782e-06,1.58451551e-06,1.9188641999999997e-06,2.8179904000000003e-06,3.5344743999999992e-06,5.5101575e-06,1.2043806000000001e-05,0.45540070000000005,0.023782189999999998,6.330948e-05,78.03241,55.084450000000004,3.186716e-05,6.096728000000001,0.014959700000000001,10.176226,0.00107217556,9.765554899999999e-05,0.031184840000000002,40.33651,0.00107217556,9.765554899999999e-05,0.00564756,22.455396,0.00107217556,9.765554899999999e-05,0.00264238,22.409135999999997,0.00107217556,9.765554899999999e-05,0.003848616,1.9504330000000003e-06,1.66699e-05,-0.019810282,2.0895729999999997,0.00484147,-0.001465036,-0.0022198599999999997,6.985198e-07,8.749553e-06
73,1609065000,1.7757119999999997,1.7757290000000001,0.006351897,-1.0734165,2.338496,1.1193376000000002,2.1061769999999997,1.933071,0.04782592,0.8001232,1.7833729999999997e-05,3.6571925000000002e-06,3.8500159e-06,4.8122384e-06,7.1894681e-06,9.6660278e-06,1.6118081e-05,3.5255938e-05,0.8525746999999999,0.035033089999999996,0.00016466543,73.38322000000001,54.07525,5.8977e-05,6.434577999999999,0.020000109999999998,18.556689999999996,0.0015706231000000002,0.00014326351,0.04252813,74.90299000000002,0.0015706231000000002,0.00014326351,0.005961788,31.601233,0.0015706231000000002,0.00014326351,0.003249411,31.716628999999994,0.0015706231000000002,0.00014326351,0.0038684230000000006,3.122003999999999e-06,1.7772369999999997e-05,0.052079087999999996,3.8523367,0.008830883999999999,-0.0007810571000000001,-0.001788963,8.260363999999999e-07,1.1009061e-05
73,1609065600,0.9400406,0.9400546999999999,0.005484916,-0.9950382,1.790906,0.8116255000000001,1.557985,1.41638,0.03298641,0.4523245,1.5977579999999996e-05,1.8176548000000003e-06,1.8339490599999998e-06,2.2623022e-06,3.3134601999999997e-06,4.333616000000001e-06,6.983364799999999e-06,1.5015943e-05,0.4390536,0.03085892,7.054507e-05,79.10831,56.77364,3.123227e-05,6.307335,0.01443558,9.900195,0.00095996777,8.74216648e-05,0.03055695,38.68515,0.00095996777,8.74216648e-05,0.005529766,21.306037999999997,0.00095996777,8.74216648e-05,0.0025615000000000004,21.113493000000002,0.00095996777,8.74216648e-05,0.0038176270000000005,2.0079590000000004e-06,1.646155e-05,-0.006519110000000003,5.625629699999999,0.0077636499999999995,-0.001443592,-0.0021760509999999996,8.041913000000001e-07,9.91392e-06
73,1609066200,1.667015,1.6670299999999998,0.011037472000000001,-1.0130857,2.3201210000000003,1.0772146,2.0637630000000002,1.895946,0.050176719999999994,0.7688474,1.6551010000000002e-05,2.5934274000000003e-06,2.54413831e-06,3.15282706e-06,4.8330005e-06,6.165801000000001e-06,1.02215846e-05,2.2144963e-05,0.7882106,0.04513254,0.00011138344,77.64056000000001,55.50716,5.541780999999999e-05,6.083277,0.01903985,17.24239,0.0013768008,0.00012551399000000003,0.04071359,68.83511,0.0013768008,0.00012551399000000003,0.005907911,29.855331999999997,0.0013768008,0.00012551399000000003,0.0031983279999999994,29.812264,0.0013768008,0.00012551399000000003,0.003841173,3.0377089999999998e-06,1.7486629999999998e-05,0.007206723999999999,2.3697817,0.007249408000000001,-0.0008332416000000001,-0.0017685250000000004,8.124706e-07,1.0570246000000002e-05
73,1609066800,3.1926400000000004,3.1926560000000004,0.005231831000000001,-1.297091,2.944141,1.580899,2.720295,2.51149,0.05334109,1.392402,2.267243e-05,9.325713e-06,9.6499043e-06,1.2242211000000001e-05,1.561099e-05,2.0235405e-05,3.155952e-05,6.460733899999999e-05,1.533906,0.06203324,0.00021104392000000002,71.2771,53.99886,0.0001060887,6.286986000000001,0.026984959999999995,33.342189999999995,0.0035358151,0.00032326442,0.05711407,134.6018,0.0035358151,0.00032326442,0.007143797,69.04636,0.0035358151,0.00032326442,0.0046151,70.00559,0.0035358151,0.00032326442,0.0039921869999999995,6.360711999999999e-06,2.0889799999999998e-05,-0.012684399999999998,0.6119093,0.007041191999999999,0.0003120289,-0.0007963462000000001,9.000474000000001e-07,1.0774498e-05
73,1609067400,4.25059,4.250603,0.002408427,-1.5240940000000003,3.144733,1.8746649999999998,2.914437,2.7286590000000004,0.07009132,1.848433,2.23702e-05,9.336117e-06,9.392388799999998e-06,1.4049578e-05,1.5630641e-05,1.8918229999999997e-05,2.9407848999999997e-05,6.035297e-05,2.0774890000000004,0.047425089999999996,0.0002163463,72.04425,52.2744,0.00014135040000000002,6.223711,0.032108779999999996,44.49726,0.0031971163999999995,0.00029210762,0.06667981999999999,182.63299999999998,0.0031971163999999995,0.00029210762,0.007343196000000001,70.11702,0.0031971163999999995,0.00029210762,0.004834463,70.57157000000001,0.0031971163999999995,0.00029210762,0.0042958200000000005,1.2640130000000002e-05,2.7137450000000002e-05,-0.006525975000000001,-0.119477879,0.010183087,0.0017357329999999997,0.000747718,1.755917e-06,1.553649e-05
73,1609068000,4.7323200000000005,4.732333,-0.004018927,-1.5367570000000002,3.3513260000000002,1.981166,3.047607,2.86325,0.07486377000000001,2.0564649999999998,2.420579e-05,1.0938412999999999e-05,1.1254926599999999e-05,1.40587335e-05,2.0000148999999996e-05,2.6275056e-05,4.3056276e-05,9.276586e-05,2.3083839999999998,0.057142170000000006,0.0004062601,71.06924,52.47869000000001,0.000157228,6.249974999999999,0.03380186,49.42959,0.004784549779999999,0.00043765116800000003,0.07009739000000001,202.95170000000002,0.004784549779999999,0.00043765116800000003,0.007844554,95.73044,0.004784549779999999,0.00043765116800000003,0.005313668,97.00324499999999,0.004784549779999999,0.00043765116800000003,0.004084254000000001,7.637015e-06,2.237799e-05,0.028674538000000006,0.9803160599999998,0.013347820000000002,0.0009009653,-0.0003064059,1.1777059e-06,1.5338422999999995e-05
73,1609068600,4.784283,4.7842970000000005,0.0014058982000000001,-1.5629019999999998,3.2811640000000004,2.0037689999999997,3.026792,2.8586750000000003,0.07745168,2.065742,2.2255309999999997e-05,8.912746000000001e-06,8.9494317e-06,1.100466291e-05,1.6366074e-05,2.0999040800000002e-05,3.4390682e-05,7.402180799999998e-05,2.340768,0.050735459999999996,0.0004562895000000001,69.42326,52.151070000000004,0.0001590994,6.04412,0.03444021,50.67990999999999,0.0038416821000000004,0.00035115388999999996,0.07097647,207.329,0.0038416821000000004,0.00035115388999999996,0.00787328,88.71088,0.0038416821000000004,0.00035115388999999996,0.005309312,89.02174999999998,0.0038416821000000004,0.00035115388999999996,0.004077076,7.426192000000001e-06,2.2250169999999997e-05,-0.004750509999999999,0.9621005679999998,0.011476408999999998,0.0008261312,-0.00038518007000000004,9.666219e-07,1.34096e-05
73,1609069200,4.363737,4.363754,0.0018326179000000002,-1.561852,3.113271,1.9126999999999998,2.8863130000000004,2.739795,0.07004201,1.8742370000000002,1.731352e-05,3.7605010000000005e-06,3.2924724e-06,4.0695715e-06,7.1931100000000005e-06,8.2738099e-06,1.3866431100000001e-05,3.4108129999999995e-05,2.1413939999999996,0.04001878,0.0003783269,72.01889999999999,51.896699999999996,0.0001451622,5.577731,0.03271096,45.587300000000006,0.004505642400000001,0.00041204284,0.06764428,188.08890000000002,0.004505642400000001,0.00041204284,0.007596775,86.41747000000001,0.004505642400000001,0.00041204284,0.005060106000000001,87.67908,0.004505642400000001,0.00041204284,0.004021112,6.830031999999999e-06,2.147469e-05,0.027201311,1.5337266,0.014584635000000002,0.0006477132,-0.00048713330000000005,1.0953405999999998e-06,1.563981e-05
73,1609069800,3.112365,3.112378,-0.0032300300000000005,-1.5996390000000003,2.608129,1.624025,2.407723,2.277631,0.04043264,1.32221,1.973597e-05,6.1312186999999995e-06,6.05284033e-06,6.8943499e-06,9.874475000000003e-06,1.14346931e-05,1.7409358999999998e-05,3.4692651999999996e-05,1.51365,0.0421138,0.00031949770000000004,73.71574000000001,52.75161999999999,0.00010352979,5.675051,0.02762525,32.45236,0.0011502451,0.0001046442382,0.05684177,132.8622,0.0011502451,0.0001046442382,0.006013277,30.356,0.0011502451,0.0001046442382,0.00342549,30.012202000000002,0.0011502451,0.0001046442382,0.003914203,4.966993e-06,1.9578410000000003e-05,0.005344166,0.6931613999999999,0.007341847,-1.6442570000000005e-05,-0.0009494319999999998,8.288408e-07,1.1351603e-05
73,1609070400,2.31227,2.3122859999999994,-0.0007277028,-1.533739,2.311422,1.390514,2.1341159999999997,2.009124,0.028698440000000002,0.9870781000000001,1.7441940000000003e-05,3.5672160000000004e-06,3.5259730000000005e-06,4.349913e-06,6.7687760000000005e-06,8.631125999999999e-06,1.4151022999999997e-05,3.163991e-05,1.126661,0.02905206,0.00034548209999999996,72.24954,52.541999999999994,7.687029000000001e-05,6.365347,0.02380723,24.412950000000002,0.0017898192999999999,0.000163320902,0.049209939999999994,99.46858999999999,0.0017898192999999999,0.000163320902,0.006159942,37.368880000000004,0.0017898192999999999,0.000163320902,0.003536579,37.468056000000004,0.0017898192999999999,0.000163320902,0.003857526,3.820817000000001e-06,1.834148e-05,-0.017080799,1.2233520500000001,0.007035392,-0.00047224090000000005,-0.0013248149999999998,7.795283999999999e-07,1.0723935e-05
73,1609071000,2.6207400000000005,2.620753,-0.0007076389000000001,-1.544462,2.430336,1.479522,2.2622569999999995,2.1409770000000004,0.03903002,1.1146485,1.751e-05,3.7789044000000002e-06,3.725441700000001e-06,4.709148100000001e-06,7.3963840000000004e-06,9.470804200000002e-06,1.607249e-05,3.566835399999999e-05,1.2816459999999998,0.028268170000000002,0.00036915990000000007,71.29366999999999,52.196799999999996,8.713384e-05,6.040957,0.025358029999999997,27.652980000000003,0.00157234885,0.000143368145,0.05244901,113.29565,0.00157234885,0.000143368145,0.006188456,37.995459999999994,0.00157234885,0.000143368145,0.0035860960000000004,37.886540000000004,0.00157234885,0.000143368145,0.0038679479999999995,4.152099e-06,1.864978e-05,0.01198921,0.6231728999999999,0.007622197,-0.00028627055,-0.0012013869000000001,7.624864e-07,1.0326769e-05
73,1609071600,2.634512,2.634524,-0.00117508859,-1.515335,2.48475,1.4729740000000002,2.293496,2.1553780000000002,0.04014482,1.132092,2.3361229999999998e-05,9.9475721e-06,1.03311424e-05,1.19436428e-05,1.5846704e-05,1.9988579e-05,3.0318751000000005e-05,5.8520173e-05,1.289532,0.027265449999999997,0.00029187870000000005,66.88407000000001,52.096709999999995,8.755043e-05,6.3041089999999995,0.025305460000000002,27.64714,0.00186292745,0.00017001569300000003,0.05259014999999999,113.6769,0.00186292745,0.00017001569300000003,0.006297066,43.245529999999995,0.00186292745,0.00017001569300000003,0.0037235360000000004,43.19262,0.00186292745,0.00017001569300000003,0.003851589,4.167668e-06,1.8515070000000003e-05,0.015754758999999997,0.7255666,0.008180275999999998,-0.00022121363999999996,-0.001199689,7.777316000000002e-07,1.0926704000000001e-05
73,1609072200,2.3437829999999997,2.3437989999999997,0.011306202900000001,-1.477632,2.3748340000000003,1.384594,2.201467,2.070363,0.038422750000000006,1.0053395,1.853405e-05,4.960522399999999e-06,4.85529187e-06,5.8457665e-06,8.366863200000001e-06,1.03849153e-05,1.63607711e-05,3.4149967999999996e-05,1.147108,0.024360959999999997,0.0003356828,70.25131999999999,52.12172999999999,7.792106999999999e-05,6.007886999999999,0.023775400000000002,24.58304,0.0020211231999999997,0.00018450945,0.049584119999999995,100.97265,0.0020211231999999997,0.00018450945,0.006156392,41.673375,0.0020211231999999997,0.00018450945,0.0035506260000000003,41.841184,0.0020211231999999997,0.00018450945,0.0038422020000000003,3.884523e-06,1.824355e-05,-0.008918917999999998,0.649818,0.005294114000000001,-0.0003768921,-0.001310981,7.13986e-07,9.887905999999999e-06
73,1609072800,2.540715,2.5407290000000002,0.011762387,-1.491445,2.4833260000000004,1.448918,2.2838199999999995,2.14994,0.04743099,1.113315,1.827825e-05,4.5278204e-06,4.4584511e-06,5.4535152000000005e-06,8.09257e-06,1.0020195e-05,1.5958075000000004e-05,3.5489171999999996e-05,1.234641,0.03528403,0.0003451324,71.8543,52.80477,8.448783e-05,6.190633999999999,0.024717589999999998,26.55942,0.0012617745000000002,0.00011488338000000002,0.0513872,108.42956,0.0012617745000000002,0.00011488338000000002,0.006068981000000001,31.999242,0.0012617745000000002,0.00011488338000000002,0.003485786,31.677551,0.0012617745000000002,0.00011488338000000002,0.0038725039999999997,4.518045e-06,1.8935249999999998e-05,0.002141679999999999,10.0535933,0.018284313,-0.00024716238,-0.0012050251999999998,1.6885325000000002e-06,2.0232332e-05
73,1609073400,2.6110940000000005,2.6111079999999998,0.009354395,-1.590737,2.41605,1.485886,2.2354439999999998,2.109179,0.048374669999999995,1.1325903,2.0156490000000002e-05,6.6035654999999995e-06,6.8090542999999996e-06,8.282375299999999e-06,1.1461453e-05,1.4868295599999997e-05,2.3761403e-05,4.9780367000000005e-05,1.269898,0.03513099,0.00039046689999999994,69.45755,52.71259,8.676737e-05,6.335902,0.02534339,27.34126,0.0017578742,0.00016035416999999997,0.05211587999999999,111.64063999999999,0.0017578742,0.00016035416999999997,0.006213462000000001,38.25173,0.0017578742,0.00016035416999999997,0.0036429680000000008,38.24050999999999,0.0017578742,0.00016035416999999997,0.0038524959999999995,4.2897059999999995e-06,1.8656619999999998e-05,-0.035935751,1.4801476400000002,0.006875628,-0.00021848098,-0.0011294676,8.271465999999999e-07,1.0938855e-05
73,1609074000,2.096856,2.0968690000000003,0.00272701587,-1.6095499999999998,2.137377,1.3291799999999998,1.9722979999999999,1.8539059999999998,0.04260616,0.9050245,1.840941e-05,4.9036660000000005e-06,4.9511519500000005e-06,5.904142620000001e-06,8.3797744e-06,1.0505657099999999e-05,1.64704177e-05,3.4928249e-05,1.0203944,0.02760223,0.00034011889999999997,71.79531,52.75335999999999,6.968965000000001e-05,6.130574999999999,0.02263985,21.837250000000004,0.0015133672000000001,0.000137998377,0.046483979999999994,89.50138999999999,0.0015133672000000001,0.000137998377,0.0059386890000000005,35.116429,0.0015133672000000001,0.000137998377,0.0033095439999999998,35.038128,0.0015133672000000001,0.000137998377,0.003814908,3.435664e-06,1.772311e-05,-0.04102472,1.5879159999999999,0.007394132,-0.0005987162,-0.001411634,7.886815000000002e-07,1.1033259e-05
73,1609074600,2.856056,2.85607,0.00025933929999999997,-1.599828,2.4778890000000002,1.555589,2.310147,2.1866529999999997,0.04420761999999999,1.222033,1.947438e-05,5.8905841e-06,6.1749264e-06,7.777129e-06,1.1714376e-05,1.5776358999999998e-05,2.6449599999999998e-05,5.824291e-05,1.394461,0.0330192,0.00041098740000000006,69.43172999999999,52.37559,9.487955000000001e-05,6.5488159999999995,0.026343320000000003,29.351799999999997,0.00177081007,0.00016152308900000003,0.054424780000000006,121.5192,0.00177081007,0.00016152308900000003,0.006319374,42.44945,0.00177081007,0.00016152308900000003,0.0037537840000000005,42.36938,0.00177081007,0.00016152308900000003,0.0038738929999999998,4.583003e-06,1.901085e-05,-0.022387657000000002,1.5070279000000002,0.009053229,-6.584616299999999e-05,-0.0010273888,7.953653e-07,1.1016663e-05
73,1609075200,2.2407570000000003,2.240773,-0.0012395843,-1.675562,2.133365,1.390488,1.95771,1.854093,0.03915754,0.9815868,2.2256819999999998e-05,8.5598329e-06,8.84181536e-06,1.03976483e-05,1.3729581999999999e-05,1.7319096e-05,2.6242850600000002e-05,5.1330946e-05,1.082154,0.03781735,0.0002625089,69.24208,53.459320000000005,7.444139e-05,6.200474,0.0238031,23.593110000000003,0.004382021999999999,0.00040093124,0.04811267,95.42634000000001,0.004382021999999999,0.00040093124,0.006949401000000001,77.76683799999999,0.004382021999999999,0.00040093124,0.0043124389999999995,79.299177,0.004382021999999999,0.00040093124,0.003861971,3.835536e-06,1.8421780000000002e-05,-0.007498438000000005,1.2588102490000002,0.007660162,-0.00047163337000000004,-0.0012790721,7.921696e-07,1.0506731e-05
73,1609075800,2.4880970000000002,2.488111,-0.0019468559,-1.639257,2.2816819999999995,1.458206,2.097215,1.990262,0.04286773,1.0703523000000001,2.0230950000000003e-05,6.7526279e-06,7.0149139999999995e-06,8.319428e-06,1.1730264e-05,1.5152112000000001e-05,2.4011029e-05,5.0254480000000003e-05,1.2159131,0.02772037,0.00028597820000000006,69.01061,52.327299999999994,8.265698999999999e-05,6.3028,0.02480645,25.73825,0.0021980596,0.000200826053,0.05083683,106.26619000000001,0.0021980596,0.000200826053,0.006099974,42.31153200000001,0.0021980596,0.000200826053,0.0034912410000000004,42.775993,0.0021980596,0.000200826053,0.003869733,4.188649000000001e-06,1.8719369999999997e-05,0.004841448,1.404857,0.009707651000000001,-0.00029096247,-0.0011787942,8.435903000000001e-07,1.1625075e-05
73,1609076400,3.0442869999999997,3.0443019999999996,-0.0030649889999999997,-1.674444,2.4769130000000006,1.621347,2.2621070000000003,2.156992,0.05513482000000001,1.3178290000000001,2.049996e-05,6.8552146999999996e-06,6.749865360000001e-06,7.58478861e-06,1.0680791e-05,1.2532693500000002e-05,1.8938083300000003e-05,3.7601920000000005e-05,1.482321,0.03951615,0.0001988699,71.14841999999999,52.65773,0.00010127228999999998,5.5483150000000006,0.027572970000000002,31.457480000000004,0.00249804278,0.00022816407399999997,0.05614872,129.5423,0.00249804278,0.00022816407399999997,0.006507054,54.935770000000005,0.00249804278,0.00022816407399999997,0.003953173999999999,55.131606999999995,0.00249804278,0.00022816407399999997,0.0038844409999999998,4.8697330000000004e-06,1.9309429999999997e-05,0.013511796000000001,0.25278941,0.006400372,3.40197e-05,-0.0008911974,7.404328e-07,1.0299133999999999e-05
73,1609077000,2.335515,2.33553,-0.0035020719999999997,-1.6266279999999997,2.205631,1.409784,2.041712,1.941134,0.04465941,1.0081525,2.136963e-05,7.7412021e-06,8.043093700000001e-06,9.392072300000001e-06,1.2450135000000002e-05,1.56682549e-05,2.3588447999999997e-05,4.7126319e-05,1.1427101,0.024764579999999998,0.00015217275,70.30499,52.13144000000001,7.763479e-05,6.221012000000001,0.024149669999999998,24.43929,0.00135624963,0.000123582641,0.04944717999999999,100.52520000000001,0.00135624963,0.000123582641,0.00599612,34.905066999999995,0.00135624963,0.000123582641,0.0033572660000000002,34.549347000000004,0.00135624963,0.000123582641,0.00386637,4.153123e-06,1.870155e-05,0.03175010500000001,6.819681560000001,0.010804743,-0.0003744856,-0.0012193578,9.450798000000001e-07,1.2838778e-05
73,1609077600,2.189962,2.1899770000000003,-0.0005127195999999999,-1.554405,2.235106,1.352843,2.0560370000000003,1.942183,0.042730210000000005,0.9590073,1.879906e-05,5.0723938e-06,5.1415414e-06,6.376013400000001e-06,8.620631e-06,1.04602328e-05,1.63706999e-05,3.3467239000000004e-05,1.0736842,0.02095507,0.000252113,71.54414000000001,51.990210000000005,7.282466e-05,6.263942,0.02284432,22.318550000000002,0.0016183851,0.00014759906999999999,0.047595860000000004,93.05816,0.0016183851,0.00014759906999999999,0.006062028,36.346828,0.0016183851,0.00014759906999999999,0.003478399,36.356186,0.0016183851,0.00014759906999999999,0.0039023250000000003,5.336956e-06,1.975488e-05,-0.003098472990000001,0.97113575,0.009371727,1.1201070000000003e-05,-0.0008767515,1.0056747e-06,1.3372273e-05
73,1609078200,1.9988990000000002,1.9989130000000004,-0.006845594000000001,-1.6087890000000002,2.0893770000000003,1.3031469999999998,1.9219719999999998,1.8098800000000002,0.036080440000000005,0.8639056,1.698223e-05,3.1696462999999995e-06,3.13740844e-06,4.1603614e-06,6.0030359e-06,7.4388555e-06,1.2004445799999999e-05,2.6929436999999998e-05,0.9716968000000001,0.027458150000000004,0.00022911490000000002,75.35354,52.94938,6.647389e-05,6.221997,0.02187655,20.30265,0.00089193556,8.10907955e-05,0.045170699999999994,84.06154000000001,0.00089193556,8.10907955e-05,0.005726897,26.981491,0.00089193556,8.10907955e-05,0.003081691,26.458200999999995,0.00089193556,8.10907955e-05,0.003872816,4.644115000000001e-06,1.906672e-05,0.010522792999999999,0.28208696000000005,0.006705832,-0.00024927844,-0.0010652402000000001,8.056263e-07,1.0187965e-05
73,1609078800,1.663814,1.6638289999999998,0.0016352588000000002,-1.562449,1.9654349999999998,1.181558,1.7922539999999998,1.685527,0.03341447,0.7235434,1.656784e-05,2.7063707e-06,2.6455071000000003e-06,3.4558801999999996e-06,5.064367e-06,5.9373567e-06,9.377934999999998e-06,2.0749526000000003e-05,0.8093793999999999,0.02224756,0.00022823574000000002,74.48869999999998,52.76825,5.533643000000001e-05,6.299858,0.01983534,16.874470000000002,0.0016888878000000003,0.00015411800000000002,0.04122795,69.89735,0.0016888878000000003,0.00015411800000000002,0.005845836,32.21907,0.0016888878000000003,0.00015411800000000002,0.003164671,32.392308,0.0016888878000000003,0.00015411800000000002,0.0038556719999999997,4.268663e-06,1.867788e-05,-0.011415419999999999,1.4337485610000003,0.007862796999999998,-0.00042129419999999997,-0.0011895051,9.793100999999999e-07,1.2726856999999999e-05
73,1609079400,2.098066,2.098083,0.0048802169,-1.4546890000000001,2.258882,1.3066330000000002,2.0863020000000003,1.9524209999999997,0.038643369999999996,0.9150927,1.892279e-05,5.0696679e-06,5.16647e-06,6.1273187e-06,8.261681e-06,9.846842200000002e-06,1.4931175999999998e-05,3.0222352e-05,1.0168493,0.03184248,0.00025551740000000006,74.22479000000001,53.08189,6.978458000000001e-05,6.161382,0.02266133,22.72613,0.00230169572,0.000210279655,0.046814669999999996,90.98313,0.00230169572,0.000210279655,0.006137716,44.008587,0.00230169572,0.000210279655,0.0034682669999999997,44.505858,0.00230169572,0.000210279655,0.003875178,4.675754e-06,1.90917e-05,-0.016577432800000007,1.2028591000000002,0.007564106999999999,-0.00023206421,-0.001068793,8.531033e-07,1.1221625e-05
73,1609080000,2.8650710000000004,2.865088,-0.0031642212,-1.5854840000000001,2.4885390000000003,1.555768,2.328184,2.1993669999999996,0.03635608,1.212443,1.975146e-05,6.1475954999999996e-06,6.3122992e-06,7.638003e-06,1.1112561999999999e-05,1.3976608e-05,2.2576579e-05,4.7724642e-05,1.399366,0.03274144,0.00030756800000000003,70.38699,52.3178,9.52436e-05,6.316338999999999,0.026610019999999995,30.06886,0.0021529591100000003,0.000196577899,0.05481108,123.30969999999999,0.0021529591100000003,0.000196577899,0.006443509,48.659447,0.0021529591100000003,0.000196577899,0.003867201,48.75613,0.0021529591100000003,0.000196577899,0.003934707,5.630001e-06,2.0191809999999996e-05,-0.005701795999999998,0.46872992,0.006845429,0.00017004616,-0.0007698196000000001,8.264079999999999e-07,1.1404003e-05
73,1609080600,3.0946179999999996,3.094633,-0.004955148000000001,-1.5674279999999998,2.584165,1.610359,2.416461,2.3060579999999997,0.04101156,1.322206,2.2488179999999998e-05,9.261457600000001e-06,9.681637900000001e-06,1.15393558e-05,1.5875692e-05,1.97959203e-05,3.08282031e-05,6.3012244e-05,1.522022,0.024868590000000003,0.00025098523,67.3597,51.65527999999999,0.00010286413999999999,6.219592,0.027406229999999997,31.894039999999997,0.00176137434,0.000160644964,0.05690892000000001,132.88270000000003,0.00176137434,0.000160644964,0.006512074,46.83919,0.00176137434,0.000160644964,0.003957541,46.56078,0.00176137434,0.000160644964,0.00394283,6.069185e-06,2.0516769999999998e-05,0.0006186220000000006,0.1338306,0.00632268,0.0003267569,-0.000647981,8.558783e-07,1.0784519e-05
73,1609081200,2.0592750000000004,2.059291,-0.006159013,-1.476911,2.2046149999999995,1.292174,2.040325,1.910345,0.040109401,0.9022767999999999,1.9517580000000003e-05,5.8374791e-06,6.0605242999999995e-06,7.3339151e-06,9.745304e-06,1.2268916999999999e-05,1.8968596e-05,3.8518175e-05,1.0060523,0.023295410000000003,0.00018519929999999998,70.34268,52.39907999999999,6.842565999999999e-05,6.259614,0.02210336,21.596449999999997,0.0014169652,0.00012916004000000002,0.0460841,88.55194,0.0014169652,0.00012916004000000002,0.006026202,33.81364000000001,0.0014169652,0.00012916004000000002,0.0033713310000000004,33.66457,0.0014169652,0.00012916004000000002,0.0038748359999999996,4.6605099999999995e-06,1.906012e-05,0.007841717000000002,0.36810869999999996,0.006169007999999999,-0.00023229003099999997,-0.0010748046000000002,7.962042000000001e-07,1.0576948e-05
73,1609081800,0.8653538000000001,0.8653695000000001,-0.018773961,-1.410544,1.5141459999999998,0.8374265000000001,1.351805,1.239752,0.02350206,0.3951154,1.5669170000000004e-05,1.4289e-06,1.4849681e-06,2.0238686000000002e-06,2.7216862e-06,3.1320534e-06,5.0201007e-06,1.1086778e-05,0.40636510000000003,0.026129600000000003,0.00015439719999999998,80.02949000000001,56.60774,2.8761429999999994e-05,6.336721000000001,0.013998090000000001,8.965108,0.00042444749,3.8354599999999994e-05,0.02908973,35.43433,0.00042444749,3.8354599999999994e-05,0.004911477,10.180559999999998,0.00042444749,3.8354599999999994e-05,0.0019225710000000003,9.814442,0.00042444749,3.8354599999999994e-05,0.0038188690000000003,2.935016e-06,1.7348469999999996e-05,0.004531502,1.43451062,0.008031967,-0.0010133522,-0.001643369,8.162668999999999e-07,1.0173635e-05
73,1609082400,0.9913223,0.991338,-0.017927969999999998,-1.39444,1.6188120000000001,0.8962359,1.4630310000000002,1.3503779999999999,0.021641418000000003,0.4404809,1.5534790000000002e-05,1.4465286e-06,1.5163601e-06,2.1441677e-06,3.1212293999999998e-06,3.9359673e-06,6.258804399999999e-06,1.4527829999999999e-05,0.4725493,0.02286485,0.00021324339999999998,77.88813000000002,54.72245,3.294285e-05,6.186161,0.01523896,10.456734999999998,0.00078002969,7.0936587e-05,0.031764310000000004,41.614149999999995,0.00078002969,7.0936587e-05,0.0052652720000000005,17.826189999999997,0.00078002969,7.0936587e-05,0.0023255100000000003,17.605086999999997,0.00078002969,7.0936587e-05,0.0038414400000000002,3.814735e-06,1.825151e-05,-0.077603793,18.186033270000003,0.013444454,-0.0008255885999999999,-0.001487088,2.6191972000000003e-06,2.9772527e-05
73,1609083000,1.341678,1.341692,-0.00429487512,-1.3653620000000002,1.864709,1.0341958,1.720701,1.6010370000000003,0.02758699,0.5856583999999999,1.700126e-05,2.9593444e-06,3.0706858000000003e-06,3.8983355e-06,5.4655656e-06,6.6665774e-06,1.06741803e-05,2.2277959e-05,0.6489075000000001,0.02155525,0.0003185862,74.37263999999999,53.32235000000001,4.459003e-05,6.4864809999999995,0.01759413,13.898170000000002,0.00149791593,0.00013664782900000002,0.03712257,56.67809,0.00149791593,0.00013664782900000002,0.005834619,29.820679000000002,0.00149791593,0.00013664782900000002,0.003049004,29.920389,0.00149791593,0.00013664782900000002,0.0038427439999999995,3.6889740000000003e-06,1.8158559999999996e-05,-0.009716127799999998,0.47427269999999994,0.006488814,-0.0006592763,-0.0013760629999999999,7.626272e-07,9.861539e-06
73,1609083600,1.4057549999999999,1.405772,-0.0062398139,-1.5106149999999998,1.8258190000000003,1.0817401,1.6955010000000001,1.573511,0.02682578,0.6045260000000001,1.5155490000000002e-05,1.2294016e-06,1.20595758e-06,1.8178871e-06,2.9226564000000002e-06,3.5352677e-06,6.1929769e-06,1.5189882e-05,0.6782354,0.024295389999999997,0.0003138218,77.46483,53.54265,4.675024e-05,6.264376999999999,0.01845655,14.866200000000001,0.00170179398,0.00015533881399999998,0.0381368,59.85856,0.00170179398,0.00015533881399999998,0.005881839,32.472373000000005,0.00170179398,0.00015533881399999998,0.003103737,32.696697,0.00170179398,0.00015533881399999998,0.003824913,3.4992740000000002e-06,1.786848e-05,-0.05474255800000001,1.22656565,0.006276738,-0.0007213942,-0.001437126,8.221119e-07,1.0610904000000001e-05
73,1609084200,1.785588,1.7856009999999998,-0.00924790579,-1.594617,1.974923,1.2311999999999999,1.8241679999999998,1.720103,0.031104719999999995,0.7849705,2.1982260000000005e-05,8.1743064e-06,8.5481091e-06,9.9838164e-06,1.2856771999999997e-05,1.58456519e-05,2.33306704e-05,4.4568055e-05,0.8692513,0.02319745,0.0002145297,69.19773999999998,52.6871,5.932832000000001e-05,6.326909000000001,0.02084722,18.50121,0.0018375955999999996,0.00016773633999999998,0.0429593,76.00195999999998,0.0018375955999999996,0.00016773633999999998,0.005908341,35.817731,0.0018375955999999996,0.00016773633999999998,0.003196222,35.987608,0.0018375955999999996,0.00016773633999999998,0.003875344,4.259869e-06,1.8841720000000004e-05,0.00010270500000000085,0.7688093229999999,0.006707565,-0.00043961950000000004,-0.0012096020000000002,9.081786e-07,1.183836e-05
73,1609084800,1.0032317000000002,1.0032465000000002,-0.012355739159999999,-1.484041,1.5572730000000001,0.9049065000000001,1.417919,1.3174890000000001,0.023464425,0.4432245,1.630776e-05,1.9591185e-06,2.0028394e-06,2.5990627e-06,3.5468733000000013e-06,4.3256425e-06,6.907613800000001e-06,1.4663131000000002e-05,0.483678,0.01772125,0.0001789507,77.5332,53.73957,3.334368e-05,6.102239,0.015334780000000001,10.439795999999998,0.00108887392,9.91886e-05,0.03181067,42.29594999999999,0.00108887392,9.91886e-05,0.005413422,21.352851,0.00108887392,9.91886e-05,0.0024556549999999997,21.324332000000002,0.00108887392,9.91886e-05,0.0038443649999999998,2.8419490000000006e-06,1.746907e-05,0.000507500000000001,1.7833886759999995,0.00679979,-0.001093573,-0.001718521,7.56557e-07,9.846324e-06
73,1609085400,0.682463,0.6824774999999998,-0.015112287999999998,-1.278135,1.383265,0.7281508000000001,1.255612,1.1535360000000001,0.017693964,0.3121819,1.541981e-05,1.0711109e-06,1.04404868e-06,1.5548390000000001e-06,2.2507953e-06,2.7457951e-06,4.4984046e-06,1.0019286e-05,0.3258393,0.015187489999999998,0.0001804288,78.36278,54.55747,2.2672019999999997e-05,6.456785000000001,0.012461390000000001,7.1741019999999995,0.00104684985,9.54150916e-05,0.026385219999999997,28.682140000000004,0.00104684985,9.54150916e-05,0.005467555999999999,20.747854999999998,0.00104684985,9.54150916e-05,0.002383224,20.688495999999997,0.00104684985,9.54150916e-05,0.0038308150000000004,2.4327099999999994e-06,1.701239e-05,-0.008129618999999994,1.5661307,0.006331776,-0.0012875916,-0.0018566429999999998,8.005346e-07,9.954472000000001e-06
73,1609086000,0.6643878,0.6644024000000001,0.016369948999999998,-1.225707,1.4033669999999998,0.7073029,1.2439122,1.1419079,0.017045485999999995,0.30439819999999995,1.598021e-05,1.5940777000000001e-06,1.6338971699999998e-06,2.1044953999999998e-06,3.0695035999999995e-06,3.8574592e-06,6.214492599999999e-06,1.3191185e-05,0.31727050000000007,0.014718020000000002,0.0001722162,76.81336999999999,54.8193,2.206742e-05,6.569001,0.01214236,6.993302,0.00085133382,7.7447796e-05,0.02570132,27.91884,0.00085133382,7.7447796e-05,0.005319044,16.866284999999998,0.00085133382,7.7447796e-05,0.002227512,16.764462,0.00085133382,7.7447796e-05,0.003825146,2.016775e-06,1.6578870000000003e-05,0.001411556,2.9571558,0.005920958000000001,-0.001520932,-0.002051571,7.983319999999999e-07,9.989206999999998e-06
73,1609086600,0.48531250000000004,0.48532720000000007,0.027102699999999997,-1.224125,1.231238,0.6089880999999999,1.0738075000000002,0.9872175999999999,0.015771239,0.22609709999999997,1.491102e-05,5.49246e-07,5.711966e-07,7.362378999999999e-07,1.3628837e-06,1.5115569000000002e-06,2.459973e-06,5.8948600000000015e-06,0.23114850000000003,0.01118353,0.0003106365,81.02686,54.831100000000006,1.6126149999999998e-05,6.504599000000001,0.01046001,5.088091,0.0006380617000000001,5.7913129999999995e-05,0.02212756,20.23481,0.0006380617000000001,5.7913129999999995e-05,0.005115343,12.655418000000001,0.0006380617000000001,5.7913129999999995e-05,0.001926866,12.469409,0.0006380617000000001,5.7913129999999995e-05,0.003825006,2.063855e-06,1.662765e-05,0.010686899,3.2250309494,0.006546015,-0.001501269,-0.002029651,7.804450999999999e-07,1.0578921999999998e-05
73,1609087200,0.460159,0.46017359999999996,0.014237652,-1.4801389999999999,1.130171,0.6186732,0.9911186999999998,0.9146905999999999,0.011406162000000001,0.2079959,1.538326e-05,1.0698505000000001e-06,1.0526562800000001e-06,1.31298597e-06,2.0223184000000004e-06,2.5090962000000004e-06,3.8809952e-06,8.2306007e-06,0.21892300000000003,0.010908949999999997,0.00022658989999999995,79.13729000000001,54.860879999999995,1.52822e-05,6.568308999999999,0.010384589999999997,4.781986,0.00054391145,4.931812499999999e-05,0.02155052,19.09613,0.00054391145,4.931812499999999e-05,0.004993175000000001,11.388902,0.00054391145,4.931812499999999e-05,0.0018093604,11.157106,0.00054391145,4.931812499999999e-05,0.003803811,1.76754e-06,1.620468e-05,-0.010918546999999995,0.7313343,0.003424775,-0.001635174,-0.002121978,7.148124e-07,8.702429000000001e-06
73,1609087800,0.6350760999999999,0.6350908000000001,-0.001977029999999999,-1.4358309999999999,1.2772890000000001,0.71105,1.1290103,1.0428312,0.020450907,0.2875856,1.474746e-05,4.817185e-07,3.0602508999999997e-07,4.1267224e-07,8.548391000000001e-07,9.355641999999999e-07,1.564661e-06,4.1218925e-06,0.30500160000000004,0.01227143,0.0002559356,80.00111000000001,54.58464,2.1128375e-05,5.706853,0.012040903,6.63373,0.00047437752999999994,4.29450509e-05,0.02503532,26.74003,0.00047437752999999994,4.29450509e-05,0.0049813589999999994,10.918749000000002,0.00047437752999999994,4.29450509e-05,0.001866033,10.602599,0.00047437752999999994,4.29450509e-05,0.003810873,1.5555820000000003e-06,1.6042060000000004e-05,-0.312225,10.7632248,0.0057696629,-0.0017817609999999998,-0.002274054,8.376325999999999e-07,1.0379147e-05
73,1609088400,0.6916983000000001,0.6917123999999999,-0.02015402,-1.5887660000000001,1.269599,0.7649337999999999,1.121059,1.0503709,0.019992415,0.3200637,1.4784429999999999e-05,7.3436e-07,7.178786599999999e-07,9.659037e-07,1.6842378e-06,2.2355536999999996e-06,3.9253288e-06,9.495556e-06,0.3334897,0.012105750000000002,0.00023342389999999997,74.50117,53.717690000000005,2.299135e-05,6.154243,0.0129758,7.219525,0.0005726176300000001,5.1943211999999994e-05,0.02656905,29.22862,0.0005726176300000001,5.1943211999999994e-05,0.004992912,13.115418,0.0005726176300000001,5.1943211999999994e-05,0.001948032,12.842652999999999,0.0005726176300000001,5.1943211999999994e-05,0.0037785900000000005,1.3798399999999997e-06,1.5628660000000002e-05,0.024407952000000004,3.4268379,0.005379575,-0.0018256309999999999,-0.002304109,7.739423e-07,9.181282e-06
73,1609089000,0.7805615,0.7805761,-0.02162086,-1.656102,1.258165,0.819172,1.1491090000000002,1.092709,0.016072710999999996,0.3435831,1.5245409999999999e-05,9.497759e-07,9.0835884e-07,1.14608563e-06,1.8783386e-06,2.3355005399999998e-06,3.965100600000001e-06,9.18692e-06,0.37976770000000004,0.0103373,0.0001543938,72.679,52.76209,2.5960430000000002e-05,5.906636000000001,0.01384746,8.012174,0.00010298758999999998,8.905957e-06,0.028330469999999996,33.06664,0.00010298758999999998,8.905957e-06,0.004718755,6.806382999999999,0.00010298758999999998,8.905957e-06,0.001682537,6.196326,0.00010298758999999998,8.905957e-06,0.003799794,1.456329e-06,1.5871199999999998e-05,0.029928170000000004,0.83406308,0.003987467,-0.0017636269999999998,-0.0022504019999999994,6.676298000000001e-07,8.247055000000001e-06
73,1609089600,0.7160409999999999,0.7160554,-0.02072315,-1.5264739999999999,1.2941660000000001,0.7721826,1.1795980000000001,1.109022,0.01636213,0.31451710000000005,1.5888690000000002e-05,1.7530756000000002e-06,1.77124501e-06,2.1394979e-06,3.0246238999999997e-06,3.8157602e-06,6.132255200000001e-06,1.2564067e-05,0.3476978,0.010143814,0.0001461333,71.67882,52.92088,2.3800249999999996e-05,6.322287,0.013103510000000002,7.45693,0.00025857398,2.3150280000000003e-05,0.027211450000000005,30.503099999999996,0.00025857398,2.3150280000000003e-05,0.004819291,8.511548000000001,0.00025857398,2.3150280000000003e-05,0.001753092,8.035045,0.00025857398,2.3150280000000003e-05,0.003803169,1.4147670000000001e-06,1.58566e-05,0.005367799999999999,1.4645617000000002,0.0040038222,-0.001809884,-0.002300371,7.253944000000001e-07,8.497759e-06
73,1609090200,0.42245679999999997,0.42247140000000005,0.004450346999999999,-1.3875829999999998,1.0774083,0.5824936000000001,0.9680543,0.8872028000000001,0.012288212,0.1939295,1.5809589999999998e-05,1.3529077e-06,1.3974717500000002e-06,1.6191611199999999e-06,2.203407e-06,2.7457997000000002e-06,4.1569484e-06,8.228222e-06,0.2002383,0.010820090000000001,0.0001469315,76.69053,55.40441,1.4034299999999999e-05,6.266901,0.009858974000000001,4.435314,0.00060294374,5.470653199999999e-05,0.02057962,17.58553,0.00060294374,5.470653199999999e-05,0.005064589,12.241686,0.00060294374,5.470653199999999e-05,0.0018282759999999998,12.0217,0.00060294374,5.470653199999999e-05,0.0038176379999999995,1.0211654e-06,1.5578279999999998e-05,-0.32363434399999996,12.037678600000001,0.0038632626000000003,-0.0021580189999999997,-0.002580549,7.622066000000001e-07,9.369727e-06
73,1609090800,0.5322822,0.5322968,-0.01671595,-1.2477420000000001,1.226288,0.6351334,1.1030226,1.0121940000000003,0.018695995,0.2436671,1.5204580000000002e-05,6.0923318e-07,5.879184400000001e-07,7.3236665e-07,1.2649577e-06,1.51688609e-06,2.6320448e-06,6.119979e-06,0.2557159,0.010274967,0.00013630551999999999,77.07744,54.132760000000005,1.769939e-05,5.970772999999999,0.010935488,5.534444000000001,0.00031127456999999995,2.7969116e-05,0.023179780000000004,22.37494,0.00031127456999999995,2.7969116e-05,0.004819525,7.6112003,0.00031127456999999995,2.7969116e-05,0.0016326064000000001,7.2551332,0.00031127456999999995,2.7969116e-05,0.003834324,1.2216320999999998e-06,1.588135e-05,0.024227569999999997,9.379647700000001,0.007264653899999999,-0.002029272,-0.002518292,7.755156e-07,9.397714e-06
73,1609091400,0.726345,0.7263595,-0.0021679465000000006,-1.5147210000000002,1.3601680000000003,0.7767411999999999,1.208888,1.1357599999999999,0.015561126999999998,0.3248685,1.603592e-05,1.7075958e-06,1.75750792e-06,2.14700129e-06,3.0884000000000004e-06,3.959223280000001e-06,6.379712399999999e-06,1.3459362999999999e-05,0.3529924,0.0098898,0.0002561253,71.28765000000001,52.81182,2.4140129999999998e-05,6.244871999999999,0.013177359999999999,7.555747000000001,0.00027648253000000004,2.47748e-05,0.027403860000000002,30.887880000000003,0.00027648253000000004,2.47748e-05,0.004832586000000001,8.482220000000002,0.00027648253000000004,2.47748e-05,0.0017554489999999999,8.030705000000001,0.00027648253000000004,2.47748e-05,0.0038211339999999995,1.396986e-06,1.59674e-05,0.006529715000000003,4.6050685,0.004769057000000001,-0.0018508609999999999,-0.002330454,7.155979000000001e-07,9.450799e-06
73,1609092000,0.43229120000000004,0.43230579999999996,0.012314950000000002,-1.455624,1.079094,0.5975387999999999,0.9703050999999998,0.8914773,0.011728093999999998,0.19613180000000002,1.5448250000000002e-05,1.05657567e-06,1.07127985e-06,1.27489128e-06,1.7745422e-06,2.22948664e-06,3.3984318e-06,7.103225e-06,0.20529060000000002,0.010547490000000001,0.000288526,76.10152,55.05667,1.4365369999999998e-05,6.2058,0.010053452000000001,4.528492999999999,0.00028356117,2.5473946e-05,0.02086419,17.97544,0.00028356117,2.5473946e-05,0.004647149000000001,6.5041188000000005,0.00028356117,2.5473946e-05,0.0014303836000000001,6.1221851,0.00028356117,2.5473946e-05,0.0038106420000000004,9.643345e-07,1.5475010000000004e-05,0.0005192630000000004,1.2511759,0.0024154216,-0.0021795710000000004,-0.0025925089999999994,7.109251e-07,8.120893e-06
73,1609092600,0.5219159,0.5219305000000001,0.011419638999999999,-1.4616840000000002,1.1770109999999998,0.6537815,1.0516432,0.9805798000000001,0.008943797,0.23520120000000003,1.56417e-05,1.3364689e-06,1.35595809e-06,1.61469687e-06,2.2290218e-06,2.8343388999999998e-06,4.3603334e-06,8.948990000000001e-06,0.25101950000000006,0.009698505999999999,0.00021614140000000004,74.42312000000001,53.93706000000001,1.7349219999999994e-05,6.397241,0.010978012,5.366949,0.00057612679,5.2258233000000004e-05,0.02296458,21.801920000000003,0.00057612679,5.2258233000000004e-05,0.004994007,11.6437828,0.00057612679,5.2258233000000004e-05,0.0018499039000000003,11.4424471,0.00057612679,5.2258233000000004e-05,0.0037994500000000002,1.1837488e-06,1.5588230000000003e-05,0.28568410099999997,44.3716127,0.007204429300000001,-0.002058389,-0.002496852,8.642793e-07,1.0041506e-05
73,1609093200,0.4677347,0.4677491,-0.010302340000000002,-1.367015,1.1151347,0.6090679,1.0110298,0.9373792999999999,0.008618162,0.2095995,1.542259e-05,1.2436908999999999e-06,1.26408658e-06,1.49752389e-06,2.100667e-06,2.69368736e-06,4.1118417e-06,8.657933000000001e-06,0.22414119999999998,0.009590203,0.00011335522,73.77932999999999,54.401239999999994,1.5545918999999998e-05,6.200811,0.010288835999999999,4.852944000000001,0.00042291385,3.82323383e-05,0.021679869999999997,19.57373,0.00042291385,3.82323383e-05,0.004834714999999999,9.205904,0.00042291385,3.82323383e-05,0.0016505489999999999,8.8651,0.00042291385,3.82323383e-05,0.0037975340000000004,1.0686316e-06,1.545421e-05,-0.4145315599999999,24.08521,0.006550723999999999,-0.002143046,-0.0025764530000000002,7.443187000000001e-07,8.906741e-06
73,1609093800,0.19199349999999998,0.1920081,-0.018054889999999997,-1.4278710000000001,0.7593231,0.39682809999999996,0.6390946000000002,0.5808177999999999,0.007067459999999999,0.09579934999999999,1.485064e-05,3.8744037e-07,3.8747088000000003e-07,4.804435899999999e-07,7.114821699999999e-07,9.026722400000002e-07,1.42820211e-06,3.1089906000000004e-06,0.08860853,0.007281666000000001,9.884679e-05,78.29876999999999,58.130489999999995,6.382065e-06,6.172215,0.006585226,1.99723,0.000152113399,1.3549776299999998e-05,0.01358502,7.718067999999998,0.000152113399,1.3549776299999998e-05,0.004395429,3.8833023000000004,0.000152113399,1.3549776299999998e-05,0.0010024609,3.48498909,0.000152113399,1.3549776299999998e-05,0.00380292,6.167335e-07,1.5068900000000002e-05,-0.070630312,4.880976,0.0024122507,-0.0025482670000000003,-0.002875237,6.893293e-07,8.197223999999999e-06
73,1609094400,0.13191506999999997,0.13192926000000002,0.009284440000000001,-1.4184136,0.626194,0.32861369999999995,0.5345038000000001,0.4773143,0.005269284,0.06396099,1.4463599999999998e-05,2.5018870000000004e-07,2.5732479e-07,3.3047579e-07,4.829096e-07,6.1113908e-07,9.459062999999999e-07,2.0965294e-06,0.058604579999999996,0.007240208000000001,0.00010749174,83.75023,61.348040000000005,4.382577000000001e-06,6.483933,0.005549315,1.3803569999999998,0.000122268955,1.07986541e-05,0.011097417,5.11404,0.000122268955,1.07986541e-05,0.004285989,2.9034919999999995,0.000122268955,1.07986541e-05,0.0008557788,2.5077547000000004,0.000122268955,1.07986541e-05,0.003774831,5.657304999999999e-07,1.4795920000000001e-05,-0.008980264000000002,16.319848999999998,0.0049418077,-0.002612018,-0.0029154989999999998,7.092826000000001e-07,8.554369e-06
73,1609095000,0.3343934,0.33440759999999997,0.054836574000000006,-1.0297531,1.0689331,0.48082260000000004,0.9323159000000001,0.8486134000000002,0.009646406,0.1588718,1.4601870000000001e-05,3.8691479999999996e-07,3.8641131999999995e-07,5.234035e-07,8.749544000000002e-07,1.2143777000000002e-06,2.0473671e-06,4.874309e-06,0.15946090000000002,0.007525924000000001,0.00019884680000000003,75.97591,54.708600000000004,1.1110314999999999e-05,6.308633,0.008707882000000002,3.519529,0.00022695458000000004,2.0344954400000003e-05,0.018399130000000003,14.039760000000001,0.00022695458000000004,2.0344954400000003e-05,0.004551661,5.254913,0.00022695458000000004,2.0344954400000003e-05,0.0012815529000000001,4.892385999999999,0.00022695458000000004,2.0344954400000003e-05,0.0037915580000000004,9.190004000000001e-07,1.525549e-05,-0.45625495000000005,29.4665836,0.006503362099999998,-0.002274613,-0.002698295,9.251392999999999e-07,1.1526002e-05
73,1609095600,0.46491810000000006,0.4649322000000001,-0.00526053898,-1.3487200000000001,1.1509110000000002,0.6058026,1.0080689,0.9391786999999999,0.015581458000000003,0.2176181,1.547057e-05,1.2437194000000001e-06,1.28587547e-06,1.55361976e-06,2.1679623e-06,2.8111266999999995e-06,4.4468975999999995e-06,9.223726999999998e-06,0.2245664,0.007663446,0.00020537447,72.68911,53.43429999999999,1.5449840000000002e-05,6.387839,0.010456503999999998,4.959738,0.00032688685,2.94419846e-05,0.02192466,19.901510000000002,0.00032688685,2.94419846e-05,0.004795688,7.734625000000001,0.00032688685,2.94419846e-05,0.001592408,7.364537,0.00032688685,2.94419846e-05,0.003799093,1.0854769e-06,1.548086e-05,0.142074739,28.3072438,0.00829923,-0.0021218170000000002,-0.002568445,8.772202999999999e-07,1.0965062e-05
73,1609096200,0.4041596,0.40417420000000004,0.038604837,-1.2527759999999997,1.1138958999999997,0.5533303,0.9625799,0.8875774999999999,0.013361351999999998,0.1898817,1.4946370000000001e-05,5.505451e-07,5.573140099999999e-07,7.195439000000001e-07,1.1574807999999997e-06,1.5333484999999997e-06,2.6157682000000003e-06,5.9082390999999996e-06,0.1946933,0.007136882,0.00023624550000000003,77.80657,53.97727,1.3429731e-05,6.353865000000001,0.009499338,4.234476,0.00037941544999999996,3.4251657e-05,0.020086259999999998,17.06505,0.00037941544999999996,3.4251657e-05,0.004797185000000001,8.241719,0.00037941544999999996,3.4251657e-05,0.001554195,7.924718,0.00037941544999999996,3.4251657e-05,0.0038105409999999998,9.654954e-07,1.545653e-05,-0.20609209699999997,22.1576391,0.0061351809,-0.0022306960000000003,-0.002656315,8.298741e-07,1.026314e-05
73,1609096800,0.4463962,0.446411,-0.008050374,-1.371462,1.1054209,0.5944043000000001,0.9815916999999998,0.9028404,0.014516708,0.20386920000000003,1.613307e-05,1.6721260999999999e-06,1.7403581799999998e-06,2.0348506e-06,2.7282496e-06,3.4525831e-06,5.2458143e-06,1.0342485999999998e-05,0.21516180000000001,0.007791378999999999,0.00021593889999999997,70.575,53.7959,1.483037e-05,6.429114,0.010115518,4.6755439999999995,0.00047064019,4.2574193000000004e-05,0.0212299,18.86052,0.00047064019,4.2574193000000004e-05,0.005014876,10.527557,0.00047064019,4.2574193000000004e-05,0.0017957599999999998,10.208406,0.00047064019,4.2574193000000004e-05,0.003819131,1.0760604e-06,1.561701e-05,-0.15153956,61.19262259999999,0.009431081000000001,-0.002192485,-0.002615396,1.0636967e-06,1.3121786999999998e-05
73,1609097400,0.2978305,0.29784540000000004,-0.017595160000000002,-1.713525,0.8247627,0.5110429,0.6963588,0.6493323,0.009830149,0.14438779,1.4839129999999999e-05,3.557344e-07,3.5130545e-07,4.6159707999999995e-07,7.531728000000001e-07,9.994645e-07,1.6855554e-06,3.9574838e-06,0.13943604999999998,0.009310068000000001,0.00015995608,81.25884,56.6921,9.897472e-06,6.326441,0.008709088,3.111706,0.00040711648,3.6820808999999996e-05,0.01715514,12.208911,0.00040711648,3.6820808999999996e-05,0.0046690740000000005,7.8388234,0.00040711648,3.6820808999999996e-05,0.0013448775000000001,7.587802200000001,0.00040711648,3.6820808999999996e-05,0.00381825,7.962495999999999e-07,1.535541e-05,0.0006351569999999973,7.265155699999999,0.004523088200000001,-0.002392553,-0.0027403130000000003,7.155804e-07,8.475596999999999e-06
73,1609098000,0.3672546,0.36726919999999996,-0.013243332,-1.4417110000000002,0.9764554999999999,0.5466664,0.8762522,0.8075498,0.013906146999999999,0.17268849999999997,1.5172989999999998e-05,7.249106000000001e-07,7.387189300000001e-07,9.141872e-07,1.3528661e-06,1.7733408e-06,2.8796677e-06,6.3407743e-06,0.1768442,0.006669349,9.841559999999999e-05,73.99610999999999,53.793150000000004,1.2205125000000001e-05,6.419029,0.009270715,3.8397059999999996,0.00058241891,5.2828404999999984e-05,0.01933748,15.51812,0.00058241891,5.2828404999999984e-05,0.0049828270000000004,11.047221,0.00058241891,5.2828404999999984e-05,0.001712315,10.840777,0.00058241891,5.2828404999999984e-05,0.003821016,8.697753e-07,1.5452970000000004e-05,0.004716039999999996,2.6048968,0.0034241576999999995,-0.00228154,-0.002678724,6.708333e-07,8.147773e-06
73,1609098600,0.3751211,0.3751357,-0.012083708,-1.3834009999999999,1.0123798000000002,0.5452560999999999,0.9010781,0.8256252,0.014232585,0.17834529999999998,1.499312e-05,5.7498523e-07,5.5757063e-07,6.8451408e-07,1.0349863000000001e-06,1.25522817e-06,1.9742521600000004e-06,4.4065456e-06,0.1813139,0.006146312,8.937548e-05,76.15078000000001,53.48261,1.2474601e-05,6.100848,0.009358495,3.935318,0.000400268806,3.61859249e-05,0.01958238,15.92725,0.000400268806,3.61859249e-05,0.004795959,8.5482199,0.000400268806,3.61859249e-05,0.0015367650000000003,8.217249200000001,0.000400268806,3.61859249e-05,0.003808433,8.734275e-07,1.536298e-05,-0.029217813999999998,2.7968148,0.0036841693000000003,-0.002258755,-0.0026741,7.062342e-07,8.253496999999998e-06
73,1609099200,0.39183239999999997,0.3918471,0.015151133300000003,-1.0951359999999999,1.0910588999999997,0.5240134999999999,0.9866926999999999,0.910753,0.008057864000000001,0.1769867,1.538504e-05,1.0020061300000001e-06,1.01816519e-06,1.2132084099999999e-06,1.681805e-06,2.11314535e-06,3.1932606000000002e-06,6.529809600000001e-06,0.1900211,0.005783911,9.360838000000002e-05,71.42275,53.06214,1.3027669999999999e-05,6.016445,0.009593194,4.117005000000001,0.000345402562,3.1143865300000004e-05,0.02012271,16.73247,0.000345402562,3.1143865300000004e-05,0.004727362000000001,7.039331,0.000345402562,3.1143865300000004e-05,0.0014697472,6.710558000000001,0.000345402562,3.1143865300000004e-05,0.003811351,8.710605e-07,1.538247e-05,-0.05357951000000001,2.9757844,0.0033500645100000004,-0.0022437250000000002,-0.0026985430000000003,6.656891000000001e-07,8.0528e-06
73,1609099800,0.21315979999999998,0.2131742,0.06993101300000001,-0.9607122,0.8849895,0.3811465,0.7487103,0.6898712,0.008350268,0.10273133000000001,1.460222e-05,2.2152299e-07,2.3047764999999998e-07,3.3305164000000005e-07,5.422270999999999e-07,7.660292e-07,1.2996460999999997e-06,3.114219e-06,0.10055890999999999,0.005880885000000001,0.00013328279000000002,77.90319000000001,55.95299,7.0843450000000015e-06,6.261823,0.0068281800000000005,2.2227210000000004,0.00026757960000000004,2.4051185000000003e-05,0.014505109999999998,8.770515000000001,0.00026757960000000004,2.4051185000000003e-05,0.004564927,5.417212,0.00026757960000000004,2.4051185000000003e-05,0.0011986636,5.0695134,0.00026757960000000004,2.4051185000000003e-05,0.003800286000000001,6.766882e-07,1.509456e-05,0.13756351,20.670133900000003,0.005497242500000001,-0.0024953659999999997,-0.002859536,7.48442e-07,9.644847e-06
73,1609100400,0.18767640000000002,0.1876911,0.04267720169999999,-1.299647,0.7662234,0.3830701,0.6643328,0.6014432999999999,0.007626564999999999,0.08765673999999998,1.491908e-05,4.8028697e-07,4.9500802e-07,5.884626200000001e-07,7.948328999999999e-07,9.78958e-07,1.5000473e-06,3.1226722000000006e-06,0.0865823,0.006947021,0.0003003529,80.36096,58.02477000000001,6.235093999999999e-06,6.331235,0.006499063999999999,1.9881060000000002,0.00020445157,1.8257429e-05,0.013455489999999997,7.595063000000001,0.00020445157,1.8257429e-05,0.004430728,4.0931145,0.00020445157,1.8257429e-05,0.0010222352,3.7194509999999994,0.00020445157,1.8257429e-05,0.003805559,6.069437e-07,1.5074969999999998e-05,0.027696464799999997,4.386162,0.0030085952000000003,-0.0025653100000000003,-0.0028909229999999997,6.501663000000001e-07,8.168032000000001e-06
73,1609101000,0.5028759,0.5028902,0.014421509000000002,-1.3229419999999998,1.4445056,0.6185457999999999,1.0325574,0.9530533999999999,0.019420347999999997,0.24905780000000002,2.1836449999999997e-05,8.45025912e-06,6.0919765300000005e-06,4.5700099300000005e-06,3.9462961000000005e-06,3.6517989e-06,4.3729255e-06,8.036251600000002e-06,0.24318579999999995,0.007902662000000001,0.00030284069000000003,72.47990999999999,53.74892,1.6719828000000002e-05,6.205743,0.010721521,5.566396,0.0009376999200000002,8.619367199999999e-05,0.022413179999999998,22.458725,0.0009376999200000002,8.619367199999999e-05,0.0049987880000000005,10.312237999999999,0.0009376999200000002,8.619367199999999e-05,0.0017633204000000002,9.675489,0.0009376999200000002,8.619367199999999e-05,0.003904386,5.42931995e-05,6.871328999999998e-05,4.140684906000001,203.49447849999999,0.1301603496,-0.0020908940000000003,-0.002552474,0.0002563375042,0.0027500753080000003
73,1609101600,0.32068700000000006,0.3207011,0.06081963,-1.0130549,1.0395689,0.46670740000000005,0.9070404,0.8253625,0.014660342000000002,0.15689538,1.509571e-05,9.7626983e-07,1.01400652e-06,1.21737905e-06,1.6766029999999996e-06,2.14801467e-06,3.3895378000000002e-06,6.923106099999999e-06,0.15392557,0.0062586000000000004,0.00014117387999999998,69.60408,54.353649999999995,1.0658960000000001e-05,6.291796,0.008408076999999998,3.330815,0.00021462388200000002,1.92063263e-05,0.017837819999999997,13.445265000000001,0.00021462388200000002,1.92063263e-05,0.004570546,5.357118,0.00021462388200000002,1.92063263e-05,0.0013027389,4.9868292,0.00021462388200000002,1.92063263e-05,0.003779969,8.399669999999999e-07,1.5105049999999999e-05,-0.031168168000000003,10.0698483,0.005115190800000001,-0.002304597,-0.0027113989999999998,7.920541e-07,9.488468000000002e-06
73,1609102200,0.2066296,0.20664380000000002,0.07328521,-0.9575248000000001,0.8471135999999999,0.37382329999999997,0.7457100999999999,0.6801581000000001,0.007809505,0.0985964,1.472446e-05,5.5640787e-07,5.6927033e-07,6.940712399999999e-07,9.872421e-07,1.24159375e-06,1.9441549e-06,4.060239499999999e-06,0.09722328,0.005950874,0.00013000468999999998,76.28309,55.928960000000004,6.866562000000001e-06,6.382711,0.006827665999999999,2.1739089999999996,0.00018190206,1.6161152e-05,0.014371589999999998,8.522602,0.00018190206,1.6161152e-05,0.004442636,3.89501,0.00018190206,1.6161152e-05,0.0010867926,3.512861,0.00018190206,1.6161152e-05,0.0037783310000000002,6.862057e-07,1.494001e-05,-0.832388782,37.0570948,0.0046004298,-0.00248152,-0.0028388059999999997,8.322028999999999e-07,1.032903e-05
73,1609102800,0.2822359,0.2822506000000001,-0.012317400000000001,-1.308493,0.887802,0.46974210000000005,0.7954367,0.7328097,0.007692768,0.12916248,1.5026650000000001e-05,5.9059062e-07,5.980200799999999e-07,7.356683e-07,1.0554792e-06,1.3455429999999998e-06,2.0093379e-06,4.382318e-06,0.1354198,0.0056070519999999995,7.986479e-05,75.10065,54.095960000000005,9.383061e-06,6.002811,0.008073484000000002,2.971842,0.000400040749,3.6186442e-05,0.01698166,11.913421,0.000400040749,3.6186442e-05,0.0047495670000000005,7.971515000000001,0.000400040749,3.6186442e-05,0.0014286387000000001,7.7089348,0.000400040749,3.6186442e-05,0.0038078519999999996,7.541065e-07,1.523769e-05,-0.013251672,4.1072357,0.0040890568,-0.002398282,-0.0027715089999999997,6.853969000000001e-07,8.157717999999999e-06
73,1609103400,0.2323175,0.23233210000000004,-0.020685069,-1.528777,0.7485978,0.4348107,0.6678580999999999,0.6138188,0.009171875999999999,0.1058141,1.4657329999999998e-05,2.9027809e-07,2.8077778e-07,3.7326834999999995e-07,5.861303000000001e-07,7.380077400000001e-07,1.2292331599999998e-06,2.7610263e-06,0.11061775,0.005457203999999999,7.740285000000001e-05,76.34777,55.28044,7.724919e-06,6.067756,0.007469288,2.474817,0.00029747004,2.6759822e-05,0.015218180000000001,9.786701,0.00029747004,2.6759822e-05,0.004577877,6.0560683,0.00029747004,2.6759822e-05,0.0012145110000000001,5.7303033999999995,0.00029747004,2.6759822e-05,0.003798543,7.732390000000002e-07,1.51669e-05,0.18464133300000002,76.13345100000001,0.008559995299999998,-0.002482995,-0.0028248299999999995,1.1285785e-06,1.3777214000000002e-05
73,1609104000,0.2310184,0.23103290000000004,-0.016953615,-1.3164129999999998,0.8829644,0.4260929,0.7113217,0.6413070000000001,0.013020057000000002,0.11966827000000002,1.477223e-05,4.6173948999999995e-07,4.6965948000000006e-07,5.912630999999999e-07,8.540448e-07,1.1017775e-06,1.7596912000000001e-06,3.7290042999999993e-06,0.10858164,0.006701681000000001,0.00021648438,78.12611999999999,56.269600000000004,7.677783e-06,6.547119,0.007199897999999999,2.4280619999999997,0.000322402697,2.91123129e-05,0.015010399999999998,9.489686,0.000322402697,2.91123129e-05,0.004615843,6.486989999999999,0.000322402697,2.91123129e-05,0.0012649380000000002,6.151040399999999,0.000322402697,2.91123129e-05,0.0037951060000000003,7.371165e-07,1.5116290000000002e-05,-0.038422784399999986,13.644086699999997,0.00517219875,-0.002444407,-0.002796098,7.115781000000001e-07,8.675008e-06
73,1609104600,0.3196497,0.31966400000000006,0.0130240017,-1.312378,0.9909684000000001,0.5004713,0.8515385,0.7854614,0.009660012999999999,0.15086779000000003,1.485286e-05,4.7700949e-07,4.7372726e-07,6.1120131e-07,9.427160000000001e-07,1.2468459e-06,2.0550582999999995e-06,4.5900162e-06,0.15187593,0.007748283999999999,0.0001898086,77.92426,55.13283,1.0623251e-05,6.298921999999999,0.0085847,3.413507,0.000241359157,2.1704921800000003e-05,0.01798135,13.445266,0.000241359157,2.1704921800000003e-05,0.004497674,5.207716,0.000241359157,2.1704921800000003e-05,0.0011962580999999998,4.8537989999999995,0.000241359157,2.1704921800000003e-05,0.003798978,8.409931e-07,1.5248090000000002e-05,-0.044240187,12.054637,0.0047668029,-0.002328642,-0.00271562,7.636859999999998e-07,9.893897e-06
73,1609105200,0.5067860000000001,0.5068005999999999,0.03669222,-1.215564,1.247775,0.6171063,1.0989344,1.0179314000000002,0.012253158,0.2312837,1.5289010000000003e-05,9.730082999999999e-07,1.00704992e-06,1.2761661e-06,1.902955e-06,2.5675012999999996e-06,4.2941945e-06,9.509034000000001e-06,0.2445157,0.008555421000000002,0.0002993742,73.69316,53.536289999999994,1.6832329999999997e-05,6.468965999999999,0.010749934,5.3162959999999995,0.00038376930000000005,3.4610991e-05,0.022773889999999998,21.48449,0.00038376930000000005,3.4610991e-05,0.004903274,8.684116000000001,0.00038376930000000005,3.4610991e-05,0.001728484,8.361991,0.00038376930000000005,3.4610991e-05,0.003806434,1.0584288000000002e-06,1.5523539999999997e-05,0.017434467000000002,8.9054572,0.005449689000000001,-0.002100379,-0.002573505,7.209523e-07,8.811182e-06
73,1609105800,0.34263030000000005,0.34264469999999997,0.045145019999999994,-1.1080485,1.0668698,0.5010891,0.9318654000000001,0.8496634999999999,0.014823910000000001,0.167654,1.508941e-05,9.271537000000001e-07,9.6315762e-07,1.1641599e-06,1.5880348e-06,2.0594281e-06,3.2042274e-06,6.754457999999999e-06,0.16194789999999998,0.009131272,0.00021828239999999998,76.50232,55.61834,1.1380452999999999e-05,6.457478,0.008745982000000001,3.645022,0.000318474846,2.86923441e-05,0.01856797,14.36996,0.000318474846,2.86923441e-05,0.004773732,7.603212999999999,0.000318474846,2.86923441e-05,0.0015078162999999998,7.270238400000001,0.000318474846,2.86923441e-05,0.0037774949999999996,8.261036000000002e-07,1.5082250000000001e-05,0.012001018299999996,2.7050804000000004,0.0029329689999999997,-0.0022742559999999997,-0.0026916249999999996,6.803260000000002e-07,8.049181e-06
73,1609106400,0.2063549,0.20636930000000003,0.05903044,-1.0386107,0.8441883000000001,0.38830909999999996,0.7361473000000001,0.6628326999999999,0.009305052,0.09907431,1.4773720000000002e-05,6.541308799999999e-07,6.7406945e-07,8.077239099999999e-07,1.0902663000000001e-06,1.4229003e-06,2.0944589000000004e-06,4.2535678e-06,0.09510699,0.007909867999999999,0.00014888677,79.55037999999999,57.90691,6.853421e-06,6.289779,0.0067314869999999995,2.1993160000000005,0.00016644885200000001,1.48227015e-05,0.014237170000000002,8.399603000000003,0.00016644885200000001,1.48227015e-05,0.004420283,4.0671550000000005,0.00016644885200000001,1.48227015e-05,0.0010621363999999997,3.674418,0.00016644885200000001,1.48227015e-05,0.0037735,7.806095000000001e-07,1.4967880000000001e-05,-0.1184629,55.01104499999999,0.009337782,-0.0024704239999999997,-0.002823567,9.992598000000002e-07,1.2597969e-05
73,1609107000,0.2404026,0.2404166,0.041267027,-1.1664009,0.8775269,0.422666,0.7695239,0.6935463,0.008717314,0.11548924,1.4660689999999998e-05,4.758850000000001e-07,4.865831400000001e-07,5.826053999999999e-07,8.109142e-07,9.847077599999998e-07,1.4966907999999999e-06,3.2204412e-06,0.1134396,0.006642813,0.00011020958,79.38906,55.90584,7.992957e-06,6.0707830000000005,0.007347402,2.5409149999999996,0.00033424013999999995,3.0154925e-05,0.015421260000000001,9.994593,0.00033424013999999995,3.0154925e-05,0.004616892,6.674891,0.00033424013999999995,3.0154925e-05,0.0013010984,6.403118999999999,0.00033424013999999995,3.0154925e-05,0.003767825,7.541345e-07,1.4925489999999999e-05,-0.8528630400000001,48.2498919,0.0061503838,-0.0024225189999999997,-0.0027795180000000004,8.769145999999999e-07,1.0783352999999999e-05
73,1609107600,0.6436924,0.6437069,-0.011191904999999999,-1.309695,1.333241,0.705213,1.201612,1.1146485,0.016437298000000003,0.29534779999999994,1.5088330000000001e-05,8.970134000000001e-07,8.6513518e-07,1.0824700800000001e-06,1.7200909e-06,2.1946432999999997e-06,3.6660557999999997e-06,8.300612000000001e-06,0.3141488,0.007582443000000001,9.538768e-05,70.75120999999999,52.4217,2.1405559999999998e-05,6.190015,0.01227588,6.785012999999999,0.00065778734,5.971546e-05,0.02591838,27.73349,0.00065778734,5.971546e-05,0.005195104,14.073663999999999,0.00065778734,5.971546e-05,0.002099428,13.894276999999999,0.00065778734,5.971546e-05,0.003794570999999999,1.2614893e-06,1.564077e-05,-0.010266451,1.3749733,0.0030455923,-0.0018894960000000003,-0.0024203030000000004,6.656287000000001e-07,8.164438e-06
73,1609108200,0.5046218,0.5046361,-0.004591569000000002,-1.1262204,1.221374,0.6001602,1.0884331999999999,1.0043552,0.012980601,0.2311054,1.560214e-05,1.3940165e-06,1.4102987e-06,1.6701058e-06,2.2917254999999998e-06,2.8606019e-06,4.4142155e-06,8.927541000000001e-06,0.24347850000000001,0.008720678,8.756197e-05,71.99627000000001,54.07316000000001,1.6774686999999998e-05,6.338227000000001,0.010775371,5.419424,0.00039832447999999996,3.5955913e-05,0.02265162,21.71293,0.00039832447999999996,3.5955913e-05,0.004923235999999999,9.230138,0.00039832447999999996,3.5955913e-05,0.0017278430000000002,8.892261,0.00039832447999999996,3.5955913e-05,0.003807571,1.1629364e-06,1.5615999999999998e-05,0.03455630999999999,4.893465999999999,0.005420961,-0.0020251439999999996,-0.00253665,7.258489e-07,8.765189e-06
73,1609108800,0.49100540000000004,0.4910196,0.0137090414,-0.9122966000000001,1.2906399999999998,0.5687393000000001,1.1313719,1.0225809,0.013760749999999999,0.22812390000000002,1.490941e-05,7.3467652e-07,7.076845600000001e-07,8.7562491e-07,1.3550834999999998e-06,1.65312935e-06,2.6235487e-06,5.9187011e-06,0.22939210000000002,0.015978769999999996,0.00011738231,80.92747999999999,56.959320000000005,1.632348e-05,5.885887,0.010427534999999998,5.109691,0.000591152061,5.36695192e-05,0.021701469999999997,20.045610000000003,0.000591152061,5.36695192e-05,0.004985654000000001,12.294725,0.000591152061,5.36695192e-05,0.0018140819999999998,12.062756,0.000591152061,5.36695192e-05,0.0037950130000000007,1.1915026e-06,1.5533100000000002e-05,0.016177891000000003,28.964603,0.011768563,-0.0020792419999999994,-0.002588923,1.0152932e-06,1.3107795999999999e-05
73,1609109400,0.898786,0.8988004999999999,-0.006304151999999999,-1.3889809999999998,1.557423,0.8523396999999999,1.398115,1.2862899999999997,0.023235368,0.4084533,1.617336e-05,2.0548211000000005e-06,2.0389963e-06,2.3822216999999998e-06,3.2935856000000004e-06,3.9560101e-06,5.965374300000001e-06,1.2118880999999998e-05,0.42609130000000006,0.023065280000000004,0.0002025429,77.00045,55.371990000000004,2.98828e-05,6.169416,0.014374800000000002,9.332874,0.00062783065,5.6991463000000004e-05,0.03002376,37.28884999999999,0.00062783065,5.6991463000000004e-05,0.005033602999999999,13.900723,0.00062783065,5.6991463000000004e-05,0.002068093,13.643493699999999,0.00062783065,5.6991463000000004e-05,0.0037925970000000004,1.660088e-06,1.599466e-05,-0.018448135000000004,9.3389848,0.007020113,-0.001658751,-0.0022265230000000002,8.014597e-07,1.0121313e-05
73,1609110000,0.8920920000000001,0.8921064,-0.014780591000000001,-1.5296020000000001,1.483282,0.8572554,1.2863624999999999,1.2077252,0.038912760000000005,0.43444970000000005,1.5377640000000003e-05,1.1584132999999997e-06,1.115281e-06,1.4334110000000002e-06,2.3354185e-06,2.9525733e-06,5.1225271e-06,1.1799027e-05,0.43159179999999997,0.014223104,0.00020419079999999998,72.82791,53.47164999999999,2.9662089999999998e-05,6.101926000000001,0.01473295,9.395714,0.000695903654,6.324939880000001e-05,0.030092940000000002,38.03409,0.000695903654,6.324939880000001e-05,0.005166801,16.380418,0.000695903654,6.324939880000001e-05,0.0021804779,16.122406,0.000695903654,6.324939880000001e-05,0.0038166909999999997,2.0464330000000003e-06,1.6447149999999997e-05,0.151199523,59.3879027,0.018193550999999995,-0.001659006,-0.002217674,1.4609650000000002e-06,1.7369926e-05
73,1609110600,1.1801608,1.1801768,-0.0058856051999999996,-1.672622,1.511184,0.9998766,1.3813549999999999,1.325515,0.0325743,0.5385773000000001,1.6018410000000003e-05,1.809324e-06,1.7594394999999998e-06,2.1840345e-06,3.390789e-06,4.2762149e-06,7.114657e-06,1.5963163999999998e-05,0.5757421,0.014163636000000002,0.00013685971,72.05228,52.655240000000006,3.924377e-05,6.2787869999999995,0.01712389,12.344376,0.0010724418299999999,9.7704602e-05,0.03466474,50.62302,0.0010724418299999999,9.7704602e-05,0.005347723,21.478392,0.0010724418299999999,9.7704602e-05,0.002445976,21.456448,0.0010724418299999999,9.7704602e-05,0.003829983,2.134209e-06,1.670937e-05,0.030122779999999995,9.664674367,0.007806091999999999,-0.0013714804000000001,-0.001970773,7.939517000000001e-07,9.945141999999999e-06
73,1609111200,0.9873327,0.9873467999999999,-0.0050284131,-1.652791,1.4356189999999998,0.9209990999999998,1.320567,1.243276,0.022601859999999998,0.4340847,1.479342e-05,8.052833999999999e-07,7.2774526e-07,1.0145211999999998e-06,1.9135953e-06,2.4618907e-06,4.476599800000001e-06,1.1128381e-05,0.47915849999999993,0.014371540000000002,0.00011280865000000001,74.34047999999999,53.01681,3.28293e-05,5.840923999999999,0.015674550000000002,10.323146,0.00061959094,5.6252858e-05,0.031928170000000006,42.12686,0.00061959094,5.6252858e-05,0.005125389000000001,16.512795,0.00061959094,5.6252858e-05,0.002192591,16.161684,0.00061959094,5.6252858e-05,0.003796707,1.950061e-06,1.628555e-05,-0.11092091899999998,3.6887207,0.006112080000000001,-0.0014933720000000002,-0.002036541,7.769267e-07,1.0249086e-05
73,1609111800,0.8578609,0.8578750999999999,-0.010872654,-1.50374,1.47241,0.8333893,1.3109279,1.1969233999999997,0.024859139999999995,0.393571,1.565525e-05,1.6394551999999998e-06,1.66093857e-06,2.03507329e-06,2.9997056e-06,3.9075858e-06,6.344862700000001e-06,1.3669673000000002e-05,0.40714569999999994,0.02165455,9.649643e-05,76.03349999999999,55.14614,2.850795e-05,6.060957,0.014215540000000002,9.027482000000001,0.00039162799999999993,3.53523792e-05,0.029176219999999996,35.87074,0.00039162799999999993,3.53523792e-05,0.004824396,10.551219,0.00039162799999999993,3.53523792e-05,0.0018314755,10.1524357,0.00039162799999999993,3.53523792e-05,0.003793439,1.9004469999999999e-06,1.619194e-05,0.09072020500000001,43.267234,0.013264504000000002,-0.001609137,-0.002169653,1.125595e-06,1.3793397e-05
73,1609112400,1.2736315999999999,1.2736454,-0.015545482000000003,-1.4066420000000002,1.818056,1.0042076000000002,1.6326500000000004,1.491682,0.04404454,0.582619,1.634227e-05,2.444863e-06,2.47266009e-06,3.0277736e-06,4.4362591000000005e-06,5.6127102e-06,9.1237526e-06,1.9572507999999998e-05,0.6087342,0.02789196,0.00014102511,75.82408000000001,54.71629,4.233170000000001e-05,6.199402000000001,0.017052809999999998,13.261171000000001,0.0013320008400000002,0.00012151092689999998,0.03553902,53.35582000000001,0.0013320008400000002,0.00012151092689999998,0.005592056,27.588557,0.0013320008400000002,0.00012151092689999998,0.00276239,27.685185,0.0013320008400000002,0.00012151092689999998,0.003797493,2.5374490000000003e-06,1.674103e-05,0.028757664,2.6208005,0.006633189,-0.0011330831999999999,-0.001856344,8.579052000000001e-07,1.0364593e-05
73,1609113000,1.2294748,1.2294902,-0.011759175,-1.3673389,1.8261930000000004,0.9910527,1.566761,1.4345309999999998,0.035638710000000004,0.5548928,1.5851060000000002e-05,1.8502877e-06,1.8856438000000003e-06,2.3674698999999994e-06,3.7193641999999996e-06,4.9837048e-06,7.681213299999999e-06,1.7643255e-05,0.5687604,0.04581478,0.00012080277,77.24659,59.40309,4.086799e-05,5.966395,0.01707702,13.171413000000001,0.0011680901000000001,0.000106471574,0.03454409,50.512660000000004,0.0011680901000000001,0.000106471574,0.005531588,25.657937000000004,0.0011680901000000001,0.000106471574,0.002662088,25.588220999999997,0.0011680901000000001,0.000106471574,0.00383451,2.9244469999999997e-06,1.723403e-05,-0.016018610000000003,14.002461000000002,0.014420305999999999,-0.0011956583,-0.0018955560000000003,1.6915402e-06,1.8876259000000002e-05
73,1609113600,1.0478542000000002,1.047868,-8.94739999999998e-05,-0.8800826,1.9682490000000001,0.8619899999999999,1.7362650000000002,1.4671569999999998,0.02354258,0.46803040000000007,1.592384e-05,1.9017699e-06,1.9796014e-06,2.3505752999999998e-06,3.1575401e-06,3.9810612e-06,6.0785236999999995e-06,1.2188467e-05,0.3412874,0.182488,0.00011766706999999999,99.62216,85.00789999999999,3.4795689999999995e-05,6.402053,0.01460575,11.223616,0.00226765853,0.00020730490099999998,0.02716771,30.54341,0.00226765853,0.00020730490099999998,0.005895521999999999,42.292593,0.00226765853,0.00020730490099999998,0.002957709,42.887247,0.00226765853,0.00020730490099999998,0.0037990669999999997,2.167259e-06,1.645353e-05,-0.0001887700000000006,3.692006,0.006336593999999999,-0.0013359172000000001,-0.002072307,8.110025e-07,9.733906e-06
73,1609114200,1.4454139000000001,1.4454302,0.015232128000000001,-0.9482245999999999,2.258132,1.0186339,1.9837349999999998,1.692614,0.043512850000000006,0.6528151,1.631809e-05,2.2711469000000005e-06,2.3016598999999997e-06,2.7232215e-06,3.7994581e-06,4.6852325e-06,7.145976000000001e-06,1.4973211e-05,0.5326787,0.1898197,0.0001689093,96.05572000000001,78.57797000000001,4.799822e-05,6.189188,0.017076400000000002,15.346014,0.0023762707,0.00021719161999999995,0.03304853,47.14421,0.0023762707,0.00021719161999999995,0.005942377,41.910097,0.0023762707,0.00021719161999999995,0.0031344079999999996,42.703471,0.0023762707,0.00021719161999999995,0.0038287550000000005,2.9068870000000003e-06,1.7247430000000002e-05,0.017331403000000002,12.50865,0.014094428,-0.0010138513,-0.001843784,1.1015049000000002e-06,1.4047025000000001e-05
73,1609114800,1.903946,1.9039629999999998,0.008457638,-1.197676,2.470425,1.231309,2.200004,1.9054309999999997,0.05400431,0.8500264,1.6574679999999998e-05,2.6591410999999997e-06,2.7559338e-06,3.5448226999999997e-06,5.356051e-06,7.222867999999999e-06,1.2428052999999999e-05,2.7957196999999996e-05,0.7702854,0.18139840000000002,0.00022560670000000002,87.70958,69.52383999999998,6.320145e-05,6.444258,0.020215379999999998,20.02682,0.0045880778499999995,0.000419932634,0.0404352,67.81979,0.0045880778499999995,0.000419932634,0.006825434000000001,80.36610499999999,0.0045880778499999995,0.000419932634,0.0041658780000000005,82.042023,0.0045880778499999995,0.000419932634,0.0038244010000000003,3.1546559999999997e-06,1.744926e-05,0.054391604999999996,3.1962754,0.009469204999999998,-0.0008373987,-0.001671727,7.842485e-07,1.0532718e-05
73,1609115400,1.8208379999999997,1.8208509999999998,0.0091728428,-1.2363932999999998,2.4137250000000003,1.206068,2.118028,1.846443,0.05125056,0.8289262,1.610344e-05,2.3217193e-06,2.3563838599999995e-06,2.9381368e-06,4.4887165e-06,5.745934300000001e-06,9.563598799999998e-06,2.1753108999999998e-05,0.7521598,0.1580016,0.0002058476,89.73602000000001,67.43742,6.0471620000000014e-05,6.166958,0.02013409,19.39826,0.0030456650000000004,0.00027851165999999997,0.04022095,66.98082000000001,0.0030456650000000004,0.00027851165999999997,0.0065367839999999995,58.359627,0.0030456650000000004,0.00027851165999999997,0.0038667140000000003,59.368635000000005,0.0030456650000000004,0.00027851165999999997,0.0038252050000000004,3.348379e-06,1.762073e-05,-0.0066302500000000155,15.048760999999999,0.017706477,-0.0008141445000000001,-0.0016542870000000002,1.3034757000000003e-06,1.6687486e-05
73,1609116000,2.093142,2.093159,-0.003724662,-1.582142,2.204655,1.3317240000000001,1.9952090000000002,1.8676699999999997,0.05074131,0.9206019000000001,1.6981100000000002e-05,3.4584584000000003e-06,3.4156534000000005e-06,4.281416e-06,6.762059e-06,8.778749e-06,1.4756123000000002e-05,3.2845320000000004e-05,1.0040669000000002,0.04226113,0.00016646226000000002,74.61195,54.10173999999999,6.956484e-05,6.434438,0.02272767,22.164279999999998,0.0031337277999999996,0.0002865341,0.0464444,88.86056,0.0031337277999999996,0.0002865341,0.006613495,58.56987600000001,0.0031337277999999996,0.0002865341,0.003987144,59.424595,0.0031337277999999996,0.0002865341,0.003817186,3.7058300000000006e-06,1.793514e-05,0.035043144000000005,3.0598805,0.009600210000000001,-0.0005230813,-0.001328507,9.419684999999999e-07,1.2160470999999999e-05
73,1609116600,1.1172908000000001,1.1173054,0.007468783999999997,-1.354443,1.821244,0.9538258,1.5988609999999999,1.437794,0.043178310000000004,0.5222949,1.720769e-05,3.0611519e-06,3.1177026199999996e-06,3.6210638e-06,4.8826591e-06,7.193854899999999e-06,9.130630599999999e-06,1.8061226e-05,0.5139746,0.04450494000000001,0.00011395856999999998,79.70974000000001,58.251819999999995,3.7124750000000004e-05,6.245087,0.01600192,11.813993,0.00072817091,6.61569e-05,0.033023149999999994,45.249379999999995,0.00072817091,6.61569e-05,0.005212532999999999,16.525229,0.00072817091,6.61569e-05,0.002331347,16.229379,0.00072817091,6.61569e-05,0.003832713,3.8033770000000007e-06,1.815053e-05,-0.014883685000000002,3.4838432000000004,0.011986515,-0.0006938430000000001,-0.0013840172,1.1703183999999999e-06,1.4729593e-05
73,1609117200,2.3450439999999997,2.345058,-0.0005030816799999999,-1.5734,2.474776,1.417225,2.139252,1.9525739999999998,0.061578329999999994,1.0954463,1.93213e-05,5.7041721e-06,5.8261607999999995e-06,6.936966499999999e-06,9.665773999999999e-06,1.2217199999999999e-05,1.9262679e-05,3.9486040000000004e-05,1.0337807,0.13843629,0.00020053230000000003,83.31969000000001,61.25261999999999,7.787402e-05,6.398273999999999,0.02400906,24.69418,0.0036630500600000004,0.000335113691,0.04691715,91.15619,0.0036630500600000004,0.000335113691,0.00648725,71.949122,0.0036630500600000004,0.000335113691,0.0038655930000000005,72.94537,0.0036630500600000004,0.000335113691,0.0038555450000000006,4.057189000000001e-06,1.845868e-05,-0.009394899999999998,7.692608399999999,0.014814087,-0.00046201085600000005,-0.0013029457999999999,1.3153196e-06,1.6693263e-05
73,1609117800,3.899876,3.8998889999999995,-0.0010471532,-1.5815540000000001,3.107419,1.8318159999999999,2.808947,2.50935,0.06377489,1.6710740000000002,2.323833e-05,1.0074350899999999e-05,1.0359195299999998e-05,1.21515312e-05,1.6627969e-05,2.0869149800000003e-05,3.2115953999999996e-05,6.5128221e-05,1.7076280000000001,0.24184619999999998,0.00028726610000000003,83.48358999999999,63.146350000000005,0.00012958400999999999,6.098997,0.03061966,40.808350000000004,0.0047520175000000005,0.00043473590100000004,0.05999006,150.01101,0.0047520175000000005,0.00043473590100000004,0.007269724000000001,92.67402999999999,0.0047520175000000005,0.00043473590100000004,0.0048055960000000005,93.922647,0.0047520175000000005,0.00043473590100000004,0.003964333,6.36831e-06,2.0777139999999997e-05,-0.011058029,2.3398385399999997,0.012895203,0.00043717884999999995,-0.0005754949999999999,1.0736398000000001e-06,1.3896359999999999e-05
73,1609118400,5.694345,5.694359,0.0014593021999999998,-1.538601,3.7256640000000005,2.202808,3.4501439999999994,3.1395210000000002,0.11278873,2.417811,2.084671e-05,8.13657e-06,8.097286e-06,1.0303513000000001e-05,1.6156049999999996e-05,2.1172773199999998e-05,3.6333292e-05,8.053770800000001e-05,2.6167100000000003,0.22984520000000003,0.00042982990000000004,80.00692000000001,58.265319999999996,0.0001892679,6.051716999999999,0.036909990000000004,59.983579999999996,0.01067626462,0.000977667769,0.07472043000000002,230.90630000000002,0.01067626462,0.000977667769,0.009016765,181.15128899999996,0.01067626462,0.000977667769,0.006581587,185.7685099,0.01067626462,0.000977667769,0.004093432,8.673639999999999e-06,2.297122e-05,0.0073693675,1.4315463000000002,0.012951431999999999,0.0012105528,-2.041719999999999e-05,1.0686149e-06,1.507494e-05
73,1609119000,5.968384,5.9684,0.002069606,-1.492087,3.907393,2.248818,3.599585,3.2438500000000006,0.11404297999999999,2.5490500000000003,2.1158490000000003e-05,8.065164e-06,7.824993500000001e-06,9.7262406e-06,1.4870438e-05,1.8750768e-05,3.0436305e-05,6.892306e-05,2.7337999999999996,0.24984829999999997,0.00037879200000000003,83.15717,58.49240000000001,0.00019840059999999999,6.241828,0.037316720000000005,61.93656,0.00484991709,0.00044364713600000003,0.07624455,239.2693,0.00484991709,0.00044364713600000003,0.007962481,109.24028200000001,0.00484991709,0.00044364713600000003,0.005455393,109.97399000000003,0.00484991709,0.00044364713600000003,0.004182536,9.650292000000001e-06,2.428686e-05,0.0332970159,2.3861035,0.017316184000000002,0.0013892129999999998,6.458381200000002e-05,1.4112842e-06,1.87036e-05
73,1609119600,5.265859999999999,5.2658760000000004,0.0014155151,-1.659215,3.4265920000000003,2.150146,3.1691450000000003,2.870225,0.07414214999999999,2.2444379999999997,2.8750709999999996e-05,1.5874229e-05,1.6758883e-05,2.0038399999999998e-05,2.7581045000000002e-05,3.5816006999999996e-05,5.61756e-05,0.00011647177,2.3944870000000003,0.2376727,0.0004670201999999999,76.16327,59.093419999999995,0.00017486740000000002,6.541087,0.035903859999999996,54.41876,0.00695009077,0.0006361672039999999,0.07133690000000001,208.9199,0.00695009077,0.0006361672039999999,0.007878213,124.94720500000001,0.00695009077,0.0006361672039999999,0.0054245429999999996,127.52900700000001,0.00695009077,0.0006361672039999999,0.0040778889999999995,8.167388000000001e-06,2.2688280000000003e-05,-0.015339707499999997,0.57400807,0.009464386,0.0010638668000000002,-6.258588999999999e-05,9.982291999999999e-07,1.3544099999999998e-05
73,1609120200,5.155162,5.155179,-0.00178947232,-1.5668060000000001,3.5050440000000003,2.093816,3.183472,2.882714,0.15887419,2.268878,2.5048099999999998e-05,1.2408927999999999e-05,1.2466758299999999e-05,1.45338519e-05,2.0055192e-05,2.4461546899999996e-05,3.7180534999999997e-05,7.392411e-05,2.3543879999999997,0.2226597,0.00032914729999999995,79.91788,59.166160000000005,0.0001713156,6.04875,0.03505832999999999,53.731880000000004,0.0033411162200000003,0.00030537985500000004,0.07035348,206.48559999999998,0.0033411162200000003,0.00030537985500000004,0.007766195000000001,93.645767,0.0033411162200000003,0.00030537985500000004,0.005269731,93.49586000000001,0.0033411162200000003,0.00030537985500000004,0.004063741,8.072383e-06,2.2441750000000002e-05,-0.013903783,2.86160089,0.018537646999999997,0.0009758794099999999,-0.00017899204,1.6211430000000002e-06,2.2092590000000002e-05
73,1609120800,5.847968,5.847983999999999,0.0007462154000000001,-1.752796,3.301862,2.2882510000000003,3.086118,2.8911499999999997,0.08292975,2.465932,2.381277e-05,1.1124585999999999e-05,1.1249992699999998e-05,1.3539208e-05,1.9732146e-05,2.50710867e-05,3.911313e-05,8.274964e-05,2.676561,0.24680929999999995,0.0004016578,81.26688999999999,58.49096999999999,0.0001943438,5.851003,0.03888651,61.43103000000001,0.01536891157,0.0014077520910000002,0.07573923,235.5888,0.01536891157,0.0014077520910000002,0.009617893,258.13933199999997,0.01536891157,0.0014077520910000002,0.007169069,265.494603,0.01536891157,0.0014077520910000002,0.004232822000000001,1.1559474e-05,2.597073e-05,-0.09585302300000001,35.297342037,0.026744356999999996,0.0016972209999999998,0.00044597557,6.0294847000000004e-06,6.302369000000002e-05
73,1609121400,5.357139999999999,5.357154,0.0005652615,-1.7577920000000002,3.182947,2.193871,2.9424140000000003,2.754347,0.06277042,2.248002,2.9841980000000002e-05,1.7246315e-05,1.78215358e-05,2.0820542000000003e-05,2.7386334999999995e-05,3.4577943e-05,5.274154899999999e-05,0.00010246268000000002,2.427954,0.2499072,0.0004196822,80.52523,59.41145,0.0001780148,6.389837,0.03678289999999999,54.82068,0.00551151364,0.000504229007,0.07166624,210.5339,0.00551151364,0.000504229007,0.007954221000000001,112.938188,0.00551151364,0.000504229007,0.005501601,114.32176,0.00551151364,0.000504229007,0.004062283000000001,8.204884999999997e-06,2.256266e-05,0.010649462999999998,0.22674151,0.009074986999999998,0.0011698498,4.711328e-05,8.546952999999997e-07,1.262223e-05
73,1609122000,6.328751,6.328767,0.00058362117,-1.765773,3.3721399999999995,2.379009,3.1280080000000003,2.9646540000000003,0.07913411000000001,2.6753999999999993,3.7709009999999995e-05,2.5401465e-05,2.6486470000000003e-05,3.0533192999999995e-05,4.0188688000000004e-05,5.0067503e-05,7.53447e-05,0.00014416621000000002,2.937172,0.2263314,0.00045582360000000004,73.74288,57.28553000000001,0.00021023930000000003,6.416946999999999,0.04027212,65.34046000000001,0.00455993653,0.0004169118539999999,0.07896558000000001,256.24920000000003,0.00455993653,0.0004169118539999999,0.007491764999999999,88.812679,0.00455993653,0.0004169118539999999,0.004988687,89.9856721,0.00455993653,0.0004169118539999999,0.004165722999999999,9.917073e-06,2.4235020000000002e-05,0.027094294,0.7958524899999999,0.012848822999999999,0.001645555,0.0004132093,1.0080965999999999e-06,1.3833089999999999e-05
73,1609122600,5.812086,5.812098,-0.0012043669,-1.6654969999999998,3.4913939999999997,2.247462,3.2001979999999994,2.958089,0.15616992999999998,2.5311999999999997,3.5838629999999995e-05,2.3515579e-05,2.4461369000000005e-05,2.8549369999999996e-05,3.7358264e-05,4.7251500000000007e-05,7.1092112e-05,0.00013772082,2.6957820000000003,0.20937660000000005,0.0004908859,77.18600999999998,57.593410000000006,0.00019301549999999998,6.375006,0.03793013,60.758410000000005,0.005393174220000001,0.0004934885789999999,0.0754531,236.8095,0.005393174220000001,0.0004934885789999999,0.00784643,110.83414,0.005393174220000001,0.0004934885789999999,0.005350754,112.23697,0.005393174220000001,0.0004934885789999999,0.004142447,9.225325e-06,2.3696279999999997e-05,0.0216649207,0.5947233299999999,0.015221304,0.0013770245,0.00016614880000000002,1.1806921000000001e-06,1.6554489999999998e-05
73,1609123200,5.339074999999999,5.33909,-0.0006771908999999999,-1.679494,3.4441789999999997,2.1690309999999995,3.117283,2.8416500000000005,0.10063948,2.2941000000000003,2.2158560000000002e-05,9.24699e-06,9.2408045e-06,1.1281178999999999e-05,1.6867425e-05,2.1522986e-05,3.4540929e-05,7.710643e-05,2.435556,0.2333462,0.0004463182,80.81552,58.82395,0.000177392,6.188371,0.03648280999999999,55.788850000000004,0.009277840200000002,0.0008494390899999999,0.07209539000000001,213.66860000000003,0.009277840200000002,0.0008494390899999999,0.008695341,168.173022,0.009277840200000002,0.0008494390899999999,0.0062365499999999996,171.81802299999998,0.009277840200000002,0.0008494390899999999,0.0041290879999999995,9.104628999999999e-06,2.3669280000000003e-05,-0.009620919000000002,1.21086793,0.016598212999999997,0.0012728817,8.676230999999999e-05,1.3102794000000002e-06,1.822574e-05
73,1609123800,6.397046999999999,6.397062,-0.0003422577,-1.735982,3.459518,2.3748599999999995,3.232374,3.0176050000000005,0.11341634,2.727951,2.340973e-05,1.0534705999999999e-05,1.01975056e-05,1.2122478799999999e-05,1.7833018000000003e-05,2.11949567e-05,3.26891222e-05,7.1247556e-05,3.0253950000000005,0.1725288,0.00041117529999999995,79.65335999999999,55.55182,0.0002126954,6.00437,0.04036576000000001,66.90642,0.00758799609,0.000694545366,0.08026147000000002,265.939,0.00758799609,0.000694545366,0.0087691,148.75478,0.00758799609,0.000694545366,0.0062505500000000006,151.32233,0.00758799609,0.000694545366,0.004227049,1.0435684e-05,2.5059619999999998e-05,0.0006861023000000021,0.22325404,0.011812286000000002,0.001712781,0.0004494377,1.0851169999999998e-06,1.3871310000000001e-05
73,1609124400,6.670668000000001,6.6706829999999995,0.0006870932,-1.7401969999999998,3.556046,2.4256089999999997,3.2539369999999996,3.068944,0.15306329,2.944241,2.7484679999999997e-05,1.4955299000000001e-05,1.50114716e-05,1.7776248e-05,2.5419476e-05,3.1885417e-05,5.0331876999999995e-05,0.0001037698,3.17009,0.16447669999999998,0.0004943693,75.38324,55.07676,0.00022175390000000003,6.11614,0.04145011,70.40443,0.006971139700000001,0.0006379396659999999,0.08219037,280.0925000000001,0.006971139700000001,0.0006379396659999999,0.008622937,136.83846,0.006971139700000001,0.0006379396659999999,0.006066053,139.10767,0.006971139700000001,0.0006379396659999999,0.004227393,1.0038636e-05,2.4804139999999998e-05,0.037407498,1.03167117,0.017248329,0.001671468,0.00043264791069999993,1.2655955e-06,1.858461e-05
73,1609125000,6.444163999999999,6.44418,0.0013212788,-1.687922,3.6598870000000003,2.3789540000000002,3.4075800000000003,3.149647,0.10774523999999999,2.728626,2.3112479999999998e-05,1.0098442000000001e-05,9.9685005e-06,1.22975517e-05,1.885207e-05,2.3701890899999998e-05,3.9253837e-05,8.784835e-05,3.03234,0.18903189999999997,0.000499533,77.18395,55.96241,0.00021423360000000002,6.047904,0.04037609,68.10464999999998,0.00268664755,0.000245218443,0.08067529000000001,268.1752,0.00268664755,0.000245218443,0.007837672,74.34048,0.00268664755,0.000245218443,0.005256026999999999,74.08378,0.00268664755,0.000245218443,0.004213262000000001,9.75602e-06,2.4596789999999997e-05,0.0015085330000000003,0.4146615349999999,0.011868144,0.001543153,0.00028540673,9.801991e-07,1.4568380000000003e-05
73,1609125600,5.394975,5.394989,0.0013315520000000002,-1.6164009999999998,3.507107,2.1528169999999998,3.1926229999999998,2.919278,0.14777071,2.414037,2.571596e-05,1.2668217e-05,1.27358806e-05,1.5157077199999996e-05,2.0534671e-05,2.5526019999999994e-05,3.963833800000001e-05,8.020981e-05,2.5060369999999996,0.19085579999999996,0.0003766521,77.40036,57.365359999999995,0.0001793031,6.167546,0.036132620000000004,56.00922999999999,0.004518258460000001,0.000413231947,0.07267968999999999,219.30749999999998,0.004518258460000001,0.000413231947,0.007773605,102.106251,0.004518258460000001,0.000413231947,0.005223104,102.70003800000002,0.004518258460000001,0.000413231947,0.004130933,8.463435e-06,2.328343e-05,-0.005967505999999999,1.9523885000000003,0.017280003,0.0010702728,-0.00011860946000000002,1.2954958000000001e-06,1.8105070000000002e-05
73,1609126200,4.548603999999999,4.548617999999999,0.0025151734,-1.649448,3.185872,1.998817,2.967728,2.70417,0.07849646,1.9606670000000002,2.398693e-05,1.0814583e-05,1.1097916999999999e-05,1.3171896e-05,1.8547617e-05,2.3495655999999996e-05,3.7321621e-05,7.677564000000001e-05,2.09986,0.1738481,0.00039202109999999997,75.75041999999999,57.683350000000004,0.0001511487,6.280881,0.033586599999999994,47.64274,0.0030643036600000004,0.000280116,0.06709366000000001,184.6959,0.0030643036600000004,0.000280116,0.006903263,75.144353,0.0030643036600000004,0.000280116,0.004377613000000001,75.04085,0.0030643036600000004,0.000280116,0.0040255989999999995,7.141251999999999e-06,2.172006e-05,0.024299762,0.35796778,0.009963091,0.0007753608000000001,-0.0003268886,8.881854e-07,1.230818e-05
73,1609126800,5.1081389999999995,5.10815,0.0038656500000000004,-1.617619,3.4489050000000008,2.101754,3.1556480000000002,2.883762,0.12663885000000003,2.2610909999999995,2.4664119999999998e-05,1.1739183999999999e-05,1.1879867399999999e-05,1.41073701e-05,1.9820931e-05,2.4956587e-05,3.9428522000000004e-05,8.145923e-05,2.3825619999999996,0.1708939,0.00039907250000000005,78.45877,56.85862999999999,0.00016974619999999998,6.229414,0.03529919,53.40168,0.007416020400000001,0.000679006426,0.07120043000000001,209.33890000000002,0.007416020400000001,0.000679006426,0.007888441999999999,133.164042,0.007416020400000001,0.000679006426,0.005400248000000001,136.044466,0.007416020400000001,0.000679006426,0.004062082999999999,7.908460000000001e-06,2.240952e-05,-0.0020304830000000005,2.61195838,0.016346125,0.0009761809999999999,-0.00017920644,1.2363397999999999e-06,1.7178678999999998e-05
73,1609127400,7.436521999999999,7.436535999999999,0.00134619651,-1.6073050000000002,4.056125,2.516831,3.7741899999999995,3.5031329999999996,0.15422056,3.1973070000000003,2.021438e-05,7.456365e-06,6.999486e-06,9.169493000000002e-06,1.5876176e-05,2.0349471e-05,3.5346122e-05,8.522361e-05,3.561386,0.15618020000000002,0.0005093469,76.44702000000001,54.40507,0.0002472833,6.012956,0.04227972000000001,76.71821,0.01009455228,0.0009242660379999998,0.08664452999999998,310.7232,0.01009455228,0.0009242660379999998,0.009446019000000002,184.16595,0.01009455228,0.0009242660379999998,0.006948448,188.25481,0.01009455228,0.0009242660379999998,0.004276286,1.1201948e-05,2.5746710000000003e-05,-0.016321033,0.61019147,0.012773946,0.001970462,0.0005366687,1.1684122999999998e-06,1.641766e-05
73,1609128000,6.652302000000001,6.652316000000001,0.00176323994,-1.6891170000000002,3.5146059999999997,2.392871,3.2817999999999996,3.163147,0.17740352,2.985559,2.869567e-05,1.6441576000000006e-05,1.6323166599999996e-05,1.89723821e-05,2.6280694e-05,3.21589118e-05,4.9283469599999995e-05,9.886254999999999e-05,3.2540400000000007,0.07145439,0.0003830165000000001,68.81075,52.18143,0.00022126380000000003,5.8095289999999995,0.041001449999999995,68.71168,0.0075254304,0.0006886258899999999,0.08296830000000001,284.2593,0.0075254304,0.0006886258899999999,0.008836953999999998,147.804369,0.0075254304,0.0006886258899999999,0.006267277999999999,150.30275699999999,0.0075254304,0.0006886258899999999,0.004231163,1.0307115e-05,2.4958369999999996e-05,-0.0117129591,0.756366293,0.015500098,0.001759473,0.0004199189,1.1530395e-06,1.650078e-05
73,1609128600,5.5522029999999996,5.552220999999999,0.002853663,-1.693861,3.146197,2.192416,2.9786790000000005,2.8866880000000004,0.09125782,2.376467,1.7095210000000003e-05,4.041363999999999e-06,3.3557668000000004e-06,4.31188195e-06,8.28942e-06,9.4799744e-06,1.6303606500000002e-05,4.1862536999999996e-05,2.721887,0.05376803,0.00035494180000000006,73.0238,51.967690000000005,0.0001847447,5.583776,0.03779913,58.51604999999999,0.0023782122299999997,0.00021716135299999998,0.07640673,240.6538,0.0023782122299999997,0.00021716135299999998,0.007122089000000001,71.750836,0.0023782122299999997,0.00021716135299999998,0.004537174000000001,71.2327349,0.0023782122299999997,0.00021716135299999998,0.004129936,8.67993e-06,2.3283070000000002e-05,0.019303789999999998,0.256244471,0.012202142,0.0013418981,0.00012672083200000002,9.979504999999998e-07,1.419905e-05
73,1609129200,4.107435,4.107448,0.004506783,-1.699352,2.831036,1.886844,2.595341,2.479502,0.10095776000000001,1.8324000000000003,3.0446009999999993e-05,1.71860969e-05,1.76636849e-05,2.04025191e-05,2.6511125000000003e-05,3.28627546e-05,4.929956399999999e-05,9.212975e-05,1.994736,0.058370109999999996,0.0003390509,70.36893,52.908519999999996,0.0001365523,6.216982,0.03263147,43.95676,0.00226499309,0.00020687432800000003,0.06549396,177.558,0.00226499309,0.00020687432800000003,0.0064234489999999995,51.124382000000004,0.00226499309,0.00020687432800000003,0.00385269,51.114543000000005,0.00226499309,0.00020687432800000003,0.004004278,6.830474e-06,2.140446e-05,-0.020929143000000004,1.8318275700000002,0.01451237,0.0006627466000000001,-0.00037487009,1.1431379000000002e-06,1.511757e-05
73,1609129800,4.804827999999999,4.804842000000001,0.00255453852,-1.6130219999999997,3.2432860000000003,2.010793,2.9423019999999993,2.762409,0.11370749,2.153309,2.1435999999999996e-05,8.3200828e-06,8.19791685e-06,9.834878499999999e-06,1.4475522e-05,1.80685736e-05,2.8702211599999997e-05,6.1268029e-05,2.316275,0.08559318000000002,0.00038928179999999995,74.06184,53.68823,0.00015976220000000002,5.7615430000000005,0.03434851,50.54538,0.0023266790000000003,0.000212291,0.06994718000000001,204.46869999999998,0.0023266790000000003,0.000212291,0.007145182,60.09318,0.0023266790000000003,0.000212291,0.004586982,59.88850000000001,0.0023266790000000003,0.000212291,0.004071012000000001,8.056807999999999e-06,2.257113e-05,0.01445661,5.85712513,0.01977577,0.0009628490999999999,-0.00023210590000000004,1.8394463e-06,2.3807410000000006e-05
73,1609130400,5.99577,5.995784,-0.001128959357,-1.544509,3.7498150000000003,2.251514,3.477182,3.2214980000000004,0.10468052000000001,2.572686,2.823559e-05,1.5956902999999998e-05,1.5994774100000005e-05,1.8756212399999998e-05,2.6334038e-05,3.31219052e-05,5.0799831999999995e-05,0.00010524503300000002,2.848261,0.1488769,0.00046729650000000003,76.40168,55.08804,0.0001992884,6.258598,0.03810519,63.253510000000006,0.005355352169999999,0.000489856897,0.07810332,251.54879999999997,0.005355352169999999,0.000489856897,0.008370754,115.96962000000003,0.005355352169999999,0.000489856897,0.005845112,116.75331999999999,0.005355352169999999,0.000489856897,0.0041821110000000005,9.324537e-06,2.4074389999999997e-05,0.01536840595,0.7447063,0.012153072000000001,0.0014022409999999998,6.737613000000001e-05,1.0274902999999999e-06,1.469031e-05
73,1609131000,4.089161,4.089176,-0.0027756070000000002,-1.4129450000000001,3.266088,1.8387900000000001,3.0164039999999996,2.7454600000000005,0.0857434,1.7651709999999998,1.9149480000000002e-05,5.5906764e-06,5.222939700000001e-06,6.2891670999999995e-06,9.605880000000001e-06,1.17648296e-05,1.87175656e-05,4.2143055e-05,1.890155,0.15399700000000002,0.00032467999999999993,80.86937,57.67627,0.0001359929,5.810442,0.030803510000000006,43.07134,0.0010325629899999998,9.383828799999999e-05,0.06357204,166.81670000000003,0.0010325629899999998,9.383828799999999e-05,0.006274855,34.06754,0.0010325629899999998,9.383828799999999e-05,0.0037446239999999998,33.35767,0.0010325629899999998,9.383828799999999e-05,0.0040379,6.843548000000001e-06,2.16079e-05,0.035878764,2.96793,0.016672321,0.0005306131999999999,-0.0006286822,1.1740629e-06,1.6244140000000002e-05
73,1609131600,4.833483,4.833499,0.0014846581999999997,-1.5410970000000002,3.472719,2.0328089999999994,3.188684,2.8898010000000003,0.091305,2.0677019999999997,1.9620500000000003e-05,6.22548e-06,6.3002713e-06,8.1493223e-06,1.3006233e-05,1.70600916e-05,2.9852507e-05,6.7485212e-05,2.235211,0.18089919999999998,0.0004777254,78.6479,57.52542999999999,0.00016067340000000004,6.227254,0.03439293,51.80788,0.00334016581,0.000305252856,0.06953608,199.38119999999998,0.00334016581,0.000305252856,0.007715191000000001,84.77271,0.00334016581,0.000305252856,0.005196240999999999,85.02342,0.00334016581,0.000305252856,0.004086989000000001,8.122644999999999e-06,2.275206e-05,-0.1748354,4.040305,0.010577401,0.0009053233000000001,-0.0002816492,1.9534698999999997e-06,2.0283240000000002e-05
73,1609132200,5.070234,5.070249,0.00039920219999999994,-1.663963,3.35039,2.1033209999999998,3.059306,2.815736,0.08380002,2.1854090000000004,2.257302e-05,9.787173e-06,1.0164663e-05,1.2344415999999999e-05,1.7663707e-05,2.2129567999999998e-05,3.5624196000000006e-05,7.561694e-05,2.3812620000000004,0.1532298,0.0004339486,78.04560000000001,56.14901,0.0001685244,6.319439,0.03553834999999999,53.345389999999995,0.0064397436699999994,0.000589442312,0.07133287,209.8991,0.0064397436699999994,0.000589442312,0.007837013,115.833034,0.0064397436699999994,0.000589442312,0.005358876,118.20982799999999,0.0064397436699999994,0.000589442312,0.0042042040000000004,1.0197560000000001e-05,2.4813639999999995e-05,0.026461077,1.9615834099999998,0.014394684,0.0013370874999999998,4.8790492999999994e-05,3.1179098999999997e-06,2.410027e-05
73,1609132800,5.256525,5.256539000000001,-0.00025493356000000003,-1.697468,3.282213,2.138167,2.994953,2.7891839999999997,0.17406423,2.3478129999999995,2.125029e-05,8.101356e-06,8.2148655e-06,1.0450787100000001e-05,1.5880718e-05,2.1303691000000003e-05,3.6089426e-05,8.112027e-05,2.480047,0.1475466,0.0004794851000000001,76.39275,55.869820000000004,0.00017467330000000002,6.232118000000001,0.036470550000000004,55.35148,0.0033202496399999996,0.000303479523,0.07252456999999998,218.98290000000003,0.0033202496399999996,0.000303479523,0.0073530670000000005,81.261489,0.0033202496399999996,0.000303479523,0.004801535,81.39942599999999,0.0033202496399999996,0.000303479523,0.004111662,8.556348999999999e-06,2.323719e-05,-0.024592579,3.9155454300000003,0.019249553,0.0011203015,-4.9083720000000014e-05,1.4416747999999997e-06,1.936378e-05
73,1609133400,5.534552,5.534565000000001,0.0018939110000000003,-1.727751,3.266051,2.1995069999999997,3.026867,2.8213239999999997,0.10934539000000001,2.371334,3.291204e-05,2.01762055e-05,2.0580373699999998e-05,2.38362056e-05,3.173203e-05,3.9419015400000004e-05,5.87834863e-05,0.000116096804,2.624588,0.1419392,0.0004208476,73.61864,55.43008999999999,0.0001838936,6.042622,0.03751448,58.286,0.0033611563000000002,0.00030711909,0.07461249,231.61839999999998,0.0033611563000000002,0.00030711909,0.007597573999999998,85.85059000000001,0.0033611563000000002,0.00030711909,0.005029581,85.7091,0.0033611563000000002,0.00030711909,0.004158576000000001,9.223937000000001e-06,2.3940790000000002e-05,0.006261057599999999,1.1981594269999998,0.014445344999999998,0.0013402682,0.00014007267,1.0179288999999998e-06,1.458368e-05
73,1609134000,3.902781,3.902795,0.0007069032999999997,-1.713112,2.8577,1.863092,2.6325060000000002,2.413872,0.04549314,1.659938,1.7416479999999997e-05,3.877156e-06,3.8725849e-06,5.289881399999999e-06,9.036708e-06,1.2999016999999999e-05,2.2817729000000003e-05,5.361342100000001e-05,1.804741,0.14600889999999997,0.0005263299000000001,79.78119000000001,57.525830000000006,0.0001296777,6.298074,0.03146232,40.8368,0.00566043242,0.000517995391,0.06215073,158.52979999999997,0.00566043242,0.000517995391,0.007655491,109.683158,0.00566043242,0.000517995391,0.0051459900000000005,111.474274,0.00566043242,0.000517995391,0.0040309610000000004,7.155559999999999e-06,2.183145e-05,0.039513349999999996,0.72969488,0.011822041000000002,0.0007056225,-0.00034525569999999995,9.930894000000002e-07,1.3518779999999999e-05
73,1609134600,3.647823999999999,3.647839,-0.0015206702000000003,-1.741195,2.7044690000000005,1.7986670000000005,2.4397120000000005,2.2717080000000003,0.08428503,1.62332,2.3031559999999995e-05,9.844796100000002e-06,1.00787502e-05,1.19567814e-05,1.6349645e-05,2.141081e-05,3.2743442e-05,6.7280319e-05,1.691405,0.1318954,0.00043512719999999996,76.28728999999998,57.33166,0.00012118141999999999,6.258968,0.030695590000000002,38.309819999999995,0.00595619137,0.000545218506,0.06007344,148.93069999999997,0.00595619137,0.000545218506,0.007341379,105.00624,0.00595619137,0.000545218506,0.004811368,107.36256600000002,0.00595619137,0.000545218506,0.0040150310000000005,7.0813290000000005e-06,2.172902e-05,-0.0070376135,3.6334626500000007,0.015280987000000001,0.0006042764,-0.00038436338000000003,1.2720970999999997e-06,1.6803100000000002e-05
73,1609135200,4.139486,4.1395019999999985,0.00026250498000000003,-1.702317,2.902963,1.903317,2.678106,2.4883509999999998,0.09678408999999999,1.8047470000000003,2.300555e-05,9.44724e-06,9.623442e-06,1.1501839999999998e-05,1.6332434e-05,2.1168506000000002e-05,3.3153701e-05,6.802675e-05,1.967174,0.10199594000000001,0.00039377809999999994,74.25703,55.056650000000005,0.0001375669,6.28146,0.03238381,43.48348,0.00210355542,0.00019218004200000001,0.06479510000000001,173.2861,0.00210355542,0.00019218004200000001,0.006585613999999999,54.773745000000005,0.00210355542,0.00019218004200000001,0.004014450000000001,54.432523,0.00210355542,0.00019218004200000001,0.004078624,7.881067e-06,2.263241e-05,0.018989064999999996,0.6191032300000001,0.012744044,0.0008909149999999999,-0.00020379646,1.0576933e-06,1.433856e-05
73,1609135800,4.098415,4.098431,0.0020744032,-1.701353,2.9042380000000003,1.8954800000000003,2.629804,2.461312,0.10286683,1.806112,2.2328549999999998e-05,9.070846e-06,9.366549e-06,1.1547066999999998e-05,1.6740193e-05,2.2785924e-05,3.6757540000000005e-05,7.908668999999999e-05,1.9394010000000002,0.1091602,0.0004546731,74.50676999999999,55.390480000000004,0.0001361092,6.453985,0.032299060000000004,43.048320000000004,0.0019827477,0.00018083615,0.06444055000000001,170.93099999999998,0.0019827477,0.00018083615,0.0066988279999999996,50.335784000000004,0.0019827477,0.00018083615,0.0041542589999999996,50.15269800000001,0.0019827477,0.00018083615,0.0040693050000000005,7.890654000000001e-06,2.259029e-05,-0.012052373000000002,3.8046377700000003,0.019498092,0.0008522288,-0.00023558493000000002,1.4732357e-06,1.936877e-05
73,1609136400,3.8308130000000005,3.830829,0.003937945,-1.650611,2.926103,1.8245490000000004,2.6574819999999995,2.4372,0.11892350999999998,1.7082359999999999,2.391896e-05,1.04580878e-05,1.0846710639999999e-05,1.2906503999999998e-05,1.8003647e-05,2.3802014000000002e-05,3.675135229999999e-05,7.5115502e-05,1.786196,0.1285444,0.0004697852999999999,78.82070999999999,56.86447999999999,0.00012725540000000003,6.399147999999999,0.03073047,40.03337,0.00573929068,0.000525376122,0.061514009999999994,156.65259999999998,0.00573929068,0.000525376122,0.007089234999999999,99.666594,0.00573929068,0.000525376122,0.004572079,101.862387,0.00573929068,0.000525376122,0.0040399749999999995,7.264586e-06,2.1987629999999998e-05,-0.019637715,1.5577942660000001,0.011462647000000001,0.0006760554,-0.00037906621,1.1114702e-06,1.475074e-05
73,1609137000,3.7178899999999997,3.717906,0.006157208999999999,-1.6357620000000002,2.9642030000000004,1.7981850000000001,2.6776929999999997,2.443875,0.059200810000000006,1.625724,2.00623e-05,6.6576551e-06,6.5090852e-06,7.731917999999999e-06,1.1069349000000002e-05,1.3600200999999998e-05,2.125816e-05,4.490685299999999e-05,1.719884,0.1386189,0.0003252627,82.66038,57.52397,0.00012359840000000002,6.052792000000001,0.03047454,39.441590000000005,0.00569973305,0.0005216405229999999,0.06080493,152.11969999999997,0.00569973305,0.0005216405229999999,0.007485799999999999,102.404869,0.00569973305,0.0005216405229999999,0.004988535,104.58890999999998,0.00569973305,0.0005216405229999999,0.003986997,6.823185e-06,2.12699e-05,0.004668408,1.6116719,0.011202693,0.0005778211,-0.0004643247,1.0376628000000002e-06,1.3610950000000002e-05
73,1609137600,3.3279710000000002,3.327984,0.0028508895,-1.5977050000000002,2.8623499999999997,1.6977470000000001,2.581015,2.3337730000000003,0.06322961,1.453681,1.7657030000000003e-05,4.480670000000001e-06,4.5002043e-06,5.8248841e-06,9.058144000000001e-06,1.2275327999999999e-05,2.073831e-05,4.741915299999999e-05,1.523132,0.1403549,0.0003909261000000001,81.12468000000001,58.48259999999999,0.0001105672,6.306713,0.028516979999999997,34.975379999999994,0.00200629485,0.000183212237,0.057166919999999996,134.2805,0.00200629485,0.000183212237,0.006523223999999999,52.58988899999999,0.00200629485,0.000183212237,0.004000922,52.334564,0.00200629485,0.000183212237,0.003919896,6.038635e-06,2.02615e-05,0.0013875427999999975,2.6610116,0.013559165000000001,0.0003249314,-0.0006789863999999999,1.1293568000000001e-06,1.5417664999999997e-05
73,1609138200,3.5016109999999996,3.5016249999999998,-0.00219512106,-1.5530069999999998,2.9292879999999997,1.734151,2.7066450000000004,2.444511,0.06332486000000001,1.520076,2.4095559999999997e-05,1.09439297e-05,1.14525175e-05,1.3724365999999999e-05,1.8630606999999997e-05,2.45475961e-05,3.8776518999999996e-05,7.864656800000001e-05,1.604555,0.14558470000000004,0.0004586263,74.86533,58.382940000000005,0.00011626219999999999,6.353016,0.02904697,36.931779999999996,0.0013393006999999999,0.000122191746,0.05863446,141.6225,0.0013393006999999999,0.000122191746,0.006206201,44.76050600000001,0.0013393006999999999,0.000122191746,0.0036867009999999997,44.185167,0.0013393006999999999,0.000122191746,0.003937731999999999,6.295525e-06,2.0517339999999997e-05,0.002445585000000002,1.9442715,0.010480956,0.00042958570000000004,-0.0006163805000000001,9.452625e-07,1.2747592999999999e-05
73,1609138800,3.9227199999999995,3.9227339999999997,-0.0021335978,-1.580513,3.0900570000000003,1.8355640000000002,2.7708850000000003,2.555402,0.09542116,1.735267,2.502478e-05,1.188571e-05,1.2423382e-05,1.4722958999999999e-05,2.0445831e-05,2.6543803e-05,4.176066e-05,8.327868e-05,1.8464370000000003,0.11421892,0.00048270200000000006,73.73416999999999,55.89801,0.0001302955,6.467169,0.030662799999999997,40.5486,0.0040618372,0.000371422378,0.06250510999999999,160.95530000000002,0.0040618372,0.000371422378,0.007372724,80.11178799999999,0.0040618372,0.000371422378,0.004925477,81.111996,0.0040618372,0.000371422378,0.004006984999999999,7.268406e-06,2.1659339999999997e-05,0.0124819992,1.6920007000000001,0.013132690000000002,0.0007136398999999999,-0.0003636832,1.2497178e-06,1.6124302000000003e-05
73,1609139400,4.425211000000001,4.4252270000000005,-0.0001802427,-1.6532680000000002,3.1332950000000004,1.9520469999999999,2.796309,2.612929,0.10399456,1.9930329999999998,2.3223650000000003e-05,1.0380125699999999e-05,1.0759322099999999e-05,1.28185299e-05,1.7581133999999996e-05,2.2607709199999998e-05,3.4805574e-05,6.979167e-05,2.109493,0.10246872,0.0004551895,76.39305,54.779779999999995,0.000147076,6.086841999999999,0.03304325,46.16949,0.0037872699099999996,0.000346341025,0.06684002,185.108,0.0037872699099999996,0.000346341025,0.007558469999999999,92.20897099999999,0.0037872699099999996,0.000346341025,0.005072994,92.51341,0.0037872699099999996,0.000346341025,0.004119851,9.480844e-06,2.374493e-05,0.0190278,2.22723172,0.016276831,0.0012074546000000002,-5.239880999999999e-05,2.4354248999999997e-06,2.067093e-05
73,1609140000,4.460253,4.460267,2.6019460000000004e-05,-1.654019,3.159733,1.9744329999999999,2.878961,2.656131,0.07642382,1.9151680000000002,2.4687209999999997e-05,1.1888562000000001e-05,1.2106579300000001e-05,1.42289207e-05,1.9823196e-05,2.5047984e-05,3.8741332e-05,7.7715701e-05,2.0908089999999997,0.13857030000000004,0.0005377674,74.79383,56.27720000000001,0.0001482113,6.1636869999999995,0.03297989999999999,45.885540000000006,0.004099519000000001,0.00037482598999999996,0.06659728000000001,182.1269,0.004099519000000001,0.00037482598999999996,0.007505676,89.73936,0.004099519000000001,0.00037482598999999996,0.0050336600000000006,90.4116,0.004099519000000001,0.00037482598999999996,0.004037785,7.846152e-06,2.225743e-05,0.035895215,2.77992002,0.019208892,0.000891313,-0.00025176172,1.4915531e-06,1.9903960000000002e-05
73,1609140600,3.819859,3.819873,0.0008438734,-1.68365,2.857214,1.832011,2.631493,2.418636,0.05799274,1.627217,1.9363049999999998e-05,6.1194416e-06,6.06632719e-06,7.5889658e-06,1.156599e-05,1.52408266e-05,2.4895855600000003e-05,5.6232502000000006e-05,1.7893249999999998,0.11989969999999998,0.0005701193,78.57315,56.36002,0.00012695279999999997,6.124502,0.030711639999999995,39.44047,0.0028799182099999996,0.000263136862,0.06166244,156.10049999999998,0.0028799182099999996,0.000263136862,0.007056817,71.65278,0.0028799182099999996,0.000263136862,0.0045415740000000005,71.72956,0.0028799182099999996,0.000263136862,0.003955655000000001,6.417195000000001e-06,2.0774379999999997e-05,0.022131009200000003,0.324580771,0.008740574,0.0005302305,-0.0005174164000000001,7.698115999999999e-07,1.1050596000000003e-05
73,1609141200,4.191280000000001,4.1912959999999995,-0.0008544757854000001,-1.6415890000000002,3.0830070000000003,1.9011479999999998,2.776059,2.558815,0.09460556,1.874107,2.067723e-05,7.783211e-06,7.901247100000002e-06,9.541973299999999e-06,1.3902792e-05,1.76287322e-05,2.81394792e-05,6.0989175999999996e-05,1.982007,0.11296569999999999,0.0005154453,76.35688999999999,55.55575,0.0001393277,6.058869,0.03203662,43.54262,0.0068041375,0.0006227899399999999,0.06477124000000001,173.41140000000001,0.0068041375,0.0006227899399999999,0.008018058,124.7074,0.0068041375,0.0006227899399999999,0.005557335000000001,127.31987,0.0068041375,0.0006227899399999999,0.003964230000000001,6.7520479999999995e-06,2.0989400000000003e-05,-0.009919615400000003,2.86950958,0.013719485,0.0006359959,-0.00044203259999999996,1.2022879e-06,1.6538996e-05
73,1609141800,4.509872,4.509886,-0.003956943,-1.6121580000000002,3.264513,1.9762039999999998,2.92389,2.679118,0.09731523,1.970157,1.8830640000000002e-05,6.008895e-06,6.0053977e-06,7.901643e-06,1.2714616e-05,1.7436664000000004e-05,3.0588722e-05,6.931113999999998e-05,2.117687,0.1364971,0.0005986712,79.69982999999999,56.100170000000006,0.0001498044,6.385726,0.03336032,47.39543,0.00620524543,0.000567927286,0.06739302,186.7081,0.00620524543,0.000567927286,0.007868116,119.75384999999997,0.00620524543,0.000567927286,0.005403681,121.80193000000004,0.00620524543,0.000567927286,0.004006518,7.429939999999999e-06,2.171316e-05,-0.0048599199999999985,2.9036692,0.018244087,0.0008276369000000001,-0.0003071098,1.5422646999999999e-06,2.001837e-05
73,1609142400,6.014087999999999,6.014101000000001,-0.0033964397,-1.6287300000000002,3.6773629999999997,2.278548,3.3590909999999994,3.094444,0.12901636,2.668707,2.056697e-05,7.902825e-06,7.953411399999999e-06,1.02039856e-05,1.6633674000000002e-05,2.1887853e-05,3.7867175999999997e-05,8.484404e-05,2.8377549999999996,0.16849070000000002,0.0006042923,77.08407,55.67134000000001,0.00019983880000000004,6.272187000000001,0.03836317,62.58199,0.006242680299999999,0.00057113807,0.07773677999999999,248.8272,0.006242680299999999,0.00057113807,0.008466696,125.72792999999999,0.006242680299999999,0.00057113807,0.005983858999999999,127.68622999999998,0.006242680299999999,0.00057113807,0.0041312300000000005,9.374772e-06,2.36934e-05,0.019580673999999996,2.552455175,0.018624979,0.001442036,0.00017231824,1.40265e-06,1.9131439999999997e-05
73,1609143000,6.190384,6.190398999999999,-0.0025689993000000003,-1.5729060000000001,3.7655269999999996,2.3048599999999997,3.53786,3.243848,0.06544726,2.583086,2.397801e-05,1.1631068e-05,1.15235165e-05,1.3744537200000005e-05,1.9962066e-05,2.4759188000000002e-05,3.9196867999999996e-05,8.303758e-05,2.9107890000000003,0.18364909999999998,0.0005406631000000001,79.77752,55.96166000000001,0.0002057162,6.1940170000000006,0.03885383,65.24052999999999,0.0087223699,0.0007984559799999999,0.07908354999999999,256.91049999999996,0.0087223699,0.0007984559799999999,0.008761910999999999,164.97924,0.0087223699,0.0007984559799999999,0.006277402,167.91849,0.0087223699,0.0007984559799999999,0.0041501839999999995,9.411266e-06,2.385741e-05,-0.006457315,0.14105021,0.007387734,0.001473022,0.000163196368,8.276488e-07,1.1938140000000001e-05
73,1609143600,6.7268360000000005,6.726850000000001,0.0022360740000000002,-1.5462970000000003,3.989674,2.385291,3.6902250000000003,3.415641,0.14482097,2.922658,2.020064e-05,7.626171999999999e-06,7.1436762e-06,9.0368643e-06,1.4234657e-05,1.7520758e-05,2.8830037e-05,6.802224e-05,3.2035760000000004,0.1592277,0.0004559131,77.45743999999999,54.798570000000005,0.0002237384,5.854874,0.04045497,71.14624,0.00258065051,0.00023547301299999996,0.08292633,283.5645,0.00258065051,0.00023547301299999996,0.007747639000000001,71.49265,0.00258065051,0.00023547301299999996,0.005230089,71.0397,0.00258065051,0.00023547301299999996,0.004195546999999999,1.0291404e-05,2.45958e-05,-0.0019216100000000013,0.4638142,0.010951418000000001,0.0017598290000000003,0.00032279938,1.0332214000000002e-06,1.5109189999999999e-05
73,1609144200,5.075856,5.075868999999999,0.0035523300000000002,-1.521971,3.581959,2.0709779999999998,3.2459510000000003,2.971067,0.14837895,2.2619840000000004,2.596136e-05,1.3380257e-05,1.3836530809999998e-05,1.6348737299999998e-05,2.2442014e-05,2.8292780799999996e-05,4.3893756300000004e-05,8.980878999999999e-05,2.365736,0.17154429999999998,0.0004071324,75.01225,56.93159999999999,0.0001686694,5.984187,0.03472556,53.09402,0.006279017899999999,0.00057460193,0.07091694,207.8567,0.006279017899999999,0.00057460193,0.008287178,126.9286,0.006279017899999999,0.00057460193,0.0057967900000000004,128.67691000000002,0.006279017899999999,0.00057460193,0.0040750809999999995,8.199292000000001e-06,2.264876e-05,0.025603408,2.7799766000000004,0.017813266,0.0010388707,-0.00019870889,1.4143691e-06,2.0088280000000004e-05
73,1609144800,3.9601600000000006,3.9601750000000004,0.002393765,-1.390935,3.2530750000000004,1.8027190000000002,2.990042,2.712721,0.07963107,1.712452,2.2377460000000004e-05,8.9751509e-06,9.1240737e-06,1.07351225e-05,1.5140599000000003e-05,1.89845692e-05,2.9383301900000004e-05,5.9445584e-05,1.811476,0.16814980000000002,0.00029186456999999997,80.24902999999999,58.728730000000006,0.0001316097,5.906438,0.030150149999999997,41.72462,0.0011901788799999998,0.00010843216400000002,0.0621159,159.8457,0.0011901788799999998,0.00010843216400000002,0.005828907,30.793840999999997,0.0011901788799999998,0.00010843216400000002,0.0033385890000000003,30.451467700000002,0.0011901788799999998,0.00010843216400000002,0.00397032,6.5275309999999996e-06,2.0835259999999997e-05,0.016734456,1.1148154,0.010939673,0.0004780321600000001,-0.0006185589299999999,8.960772000000001e-07,1.1736375e-05
73,1609145400,2.79896,2.7989740000000003,0.0014506423000000001,-1.2573488000000002,2.952276,1.498462,2.609481,2.3137090000000002,0.09104788999999999,1.2582707,1.967969e-05,6.3913190999999995e-06,6.5724609e-06,7.9410151e-06,1.1141031999999998e-05,1.4451114999999999e-05,2.2633615000000004e-05,4.7884690000000005e-05,1.2208874,0.17821439999999997,0.00025562490000000007,83.85116000000001,63.179089999999995,9.294598e-05,6.470048000000001,0.02476611,29.3036,0.003962826599999999,0.00036249516900000003,0.050764390000000006,107.12665999999999,0.003962826599999999,0.00036249516900000003,0.006858622,73.898671,0.003962826599999999,0.00036249516900000003,0.004335601,75.15164100000001,0.003962826599999999,0.00036249516900000003,0.0038914360000000003,4.881851999999999e-06,1.917629e-05,-0.011801287699999998,5.863516,0.015505558,-0.00014931156000000002,-0.0011462358000000003,1.0790513e-06,1.4918964e-05
73,1609146000,1.9123559999999997,1.9123680000000003,-0.00017380282,-1.4566200000000002,2.2919950000000004,1.268892,2.0756129999999997,1.798181,0.03400811,0.8424796000000001,1.58007e-05,1.8982252000000002e-06,1.914559e-06,2.5963207e-06,4.019818e-06,5.291902999999999e-06,9.246463999999998e-06,2.1457135e-05,0.7766436999999999,0.1793102,0.00017465651,91.64948,68.97157999999999,6.351175e-05,6.51399,0.02110351,20.22083,0.004251212329999999,0.00038902747900000005,0.04065712,68.63517999999999,0.004251212329999999,0.00038902747900000005,0.006595025,76.88471200000001,0.004251212329999999,0.00038902747900000005,0.003947619000000001,78.422745,0.004251212329999999,0.00038902747900000005,0.0038104529999999997,3.4160659999999997e-06,1.7603550000000002e-05,0.007404071000000001,3.1176023,0.008426407,-0.0006791251,-0.0014826319999999998,8.5063e-07,1.1041831e-05
73,1609146600,1.293008,1.293023,0.0037633019000000005,-1.624367,1.72014,1.0588954,1.5326350000000002,1.4164949999999998,0.03280932,0.5784899,1.4967950000000001e-05,1.2318535999999998e-06,1.0805460200000001e-06,1.3849798999999996e-06,2.128534e-06,2.3108981e-06,3.5384733000000002e-06,8.168529e-06,0.5856149,0.0607915,7.590428e-05,85.11175999999999,59.42741000000001,4.300323e-05,5.596546999999999,0.01799648,13.57742,0.00043469345,3.9276613000000005e-05,0.03533589,51.48623,0.00043469345,3.9276613000000005e-05,0.004913516000000001,12.5015371,0.00043469345,3.9276613000000005e-05,0.0021025740000000003,12.128611099999999,0.00043469345,3.9276613000000005e-05,0.003776785,2.563892e-06,1.668402e-05,0.009205472000000001,0.8991296999999999,0.005226768,-0.0011063603,-0.0017601539999999999,7.284437e-07,8.848833000000001e-06
73,1609147200,1.1817069000000002,1.1817199999999999,0.0038847430000000004,-1.648742,1.653237,1.0119886,1.462696,1.347267,0.03307533,0.5370438999999999,1.501935e-05,1.1926788e-06,1.0876902e-06,1.3125008e-06,2.1350036000000002e-06,2.4990827e-06,3.908348e-06,8.958570999999998e-06,0.5402188,0.050534100000000005,7.759257e-05,85.27472,59.20942,3.9293059999999995e-05,5.934538,0.017581030000000004,12.318693999999999,0.00164014295,0.00014973849699999997,0.03367621,47.32463,0.00164014295,0.00014973849699999997,0.005593535,32.21163,0.00164014295,0.00014973849699999997,0.00274756,32.416337,0.00164014295,0.00014973849699999997,0.003771004,2.4011499999999994e-06,1.649364e-05,-0.026436390999999997,2.0806654,0.0068002060000000005,-0.0012055178,-0.001832659,6.906056999999999e-07,9.266449e-06
73,1609147800,1.4077220000000001,1.407737,0.0044443213,-1.6562940000000002,1.8224810000000002,1.1084239,1.607973,1.475069,0.029630769999999994,0.6247007,1.536415e-05,1.5731174999999998e-06,1.5821859e-06,2.0387744999999997e-06,3.4131710000000005e-06,5.007315e-06,8.022165e-06,1.8322905e-05,0.6551053,0.04858407,0.00013044957,77.94192000000001,57.20603,4.6784829999999995e-05,6.286338,0.01913181,14.415809999999999,0.00113086349,0.000103094931,0.03711123,56.80843000000001,0.00113086349,0.000103094931,0.005370998,26.478027999999995,0.00113086349,0.000103094931,0.002604322,26.326573500000002,0.00113086349,0.000103094931,0.003799558,3.3208949999999995e-06,1.7489389999999998e-05,-0.0098900332,0.7076089999999999,0.005881935999999999,-0.0008107381,-0.0015171470000000002,7.226018e-07,9.292419999999999e-06
73,1609148400,1.5535758000000002,1.5535913000000001,-0.0030856295,-1.703064,1.755653,1.1534429000000002,1.583672,1.479497,0.04350118,0.686177,1.6339739999999998e-05,2.7114903e-06,2.679238e-06,3.1985381199999997e-06,4.6553591e-06,5.6958121e-06,8.494815900000001e-06,1.8502576e-05,0.7254417,0.051178650000000006,0.00012059882000000002,80.19494999999999,57.618399999999994,5.165254e-05,6.0600950000000005,0.02000383,16.302759,0.00066037885,5.9908464e-05,0.03870306,63.859480000000005,0.00066037885,5.9908464e-05,0.005037242999999999,16.387601,0.00066037885,5.9908464e-05,0.002250617,16.1152434,0.00066037885,5.9908464e-05,0.00380628,3.5903169999999996e-06,1.776194e-05,-0.8601837449999999,29.841314969999996,0.007553785,-0.0007578637,-0.001478773,1.4423657e-06,1.7659453e-05
73,1609149000,3.679989,3.6800059999999997,0.0004048962,-1.7367270000000001,2.626654,1.794344,2.4050599999999998,2.2826169999999997,0.08413852000000001,1.6065360000000002,1.7133259999999998e-05,3.573386999999999e-06,3.14522641e-06,3.7227772e-06,6.298761e-06,7.3626174e-06,1.1110403799999999e-05,2.6339381000000002e-05,1.763549,0.07620435,0.00017764681999999998,78.88255,54.18643999999999,0.00012245391,5.863355,0.03052396,38.23151,0.004911841090000001,0.000449398554,0.060983710000000003,154.37936000000002,0.004911841090000001,0.000449398554,0.0071034340000000005,86.85351600000001,0.004911841090000001,0.000449398554,0.004591065,88.65756199999998,0.004911841090000001,0.000449398554,0.003959634,6.640154999999999e-06,2.10707e-05,0.12272905299999999,10.825419621,0.015647644,0.00043332854000000003,-0.0005661906,2.0819204999999997e-06,2.5413240000000005e-05
73,1609149600,2.8497139999999996,2.849727,-0.00069918351,-1.7052070000000001,2.400186,1.5760070000000002,2.161079,2.063538,0.053693719999999986,1.2550649999999999,2.180551e-05,8.6786171e-06,8.908988300000001e-06,1.04151992e-05,1.3926697e-05,1.82656165e-05,2.7640083e-05,5.509474399999999e-05,1.38181,0.04262410000000001,0.0002718958,71.5756,53.04205,9.47008e-05,6.184138,0.027041540000000003,30.036420000000003,0.0032997582,0.00030167632000000004,0.054428920000000006,121.9145,0.0032997582,0.00030167632000000004,0.006717862000000001,61.591387,0.0032997582,0.00030167632000000004,0.004163546,62.478062,0.0032997582,0.00030167632000000004,0.0038711630000000004,5.095026000000001e-06,1.934999e-05,-0.05629891199999999,4.03051451,0.013230829000000003,-3.3529173000000004e-05,-0.0009550729,1.0206425e-06,1.378759e-05
73,1609150200,3.37922,3.3792339999999994,-0.0006173769999999998,-1.719625,2.4610499999999997,1.7150500000000002,2.2772940000000004,2.212531,0.07477708,1.474398,1.6790129999999996e-05,3.6150915e-06,3.3427455e-06,4.1436181999999995e-06,6.972701999999999e-06,8.769451e-06,1.4296116999999998e-05,3.4160254e-05,1.6464120000000002,0.04289035,0.00022849342000000003,74.01392,52.63021,0.00011237818,5.881724,0.02963924,35.574310000000004,0.00492247216,0.00045041034599999996,0.05929228999999999,145.20850000000002,0.00492247216,0.00045041034599999996,0.007088242999999999,88.180214,0.00492247216,0.00045041034599999996,0.0045899899999999995,89.90435,0.00492247216,0.00045041034599999996,0.0038927799999999998,5.986164e-06,2.009957e-05,-0.35500642,9.054837869,0.009958859,0.00030589939999999997,-0.0006711620000000001,1.1117511999999999e-06,1.4572693999999997e-05
73,1609150800,3.5585050000000003,3.5585189999999995,-0.00035268579999999983,-1.672291,2.569655,1.749622,2.406411,2.3351580000000003,0.06430026,1.529285,1.968461e-05,6.788508400000001e-06,6.9499388999999985e-06,8.7668492e-06,1.3214697000000001e-05,1.77058782e-05,2.9364237100000002e-05,6.534363400000002e-05,1.752271,0.026466520000000004,0.0003584248,67.6457,51.50334,0.0001182687,6.234284000000001,0.030164649999999998,37.24617,0.00280387132,0.00025619432600000006,0.061265139999999996,154.1506,0.00280387132,0.00025619432600000006,0.006645820000000001,58.69065500000001,0.00280387132,0.00025619432600000006,0.004141311,59.247103,0.00280387132,0.00025619432600000006,0.0038912380000000004,5.833681e-06,1.9914340000000003e-05,-0.016493366,0.3363493000000001,0.008021894,0.0003558785,-0.0006743169,8.517174e-07,1.1688313e-05
73,1609151400,3.2373166666666666,3.2373322222222227,-0.0029155488888888887,-1.7149455555555557,2.43945,1.682047777777778,2.2180677777777777,2.1679844444444445,0.05319202222222222,1.4028588888888889,1.96645e-05,6.679605333333333e-06,6.835486555555555e-06,8.52594411111111e-06,1.2708587777777777e-05,1.6959466222222224e-05,2.823318711111111e-05,6.157380555555556e-05,1.5834166666666667,0.034775822222222225,0.00031840066666666663,71.25677777777778,52.17848888888889,0.00010757411111111111,6.172737777777777,0.02901337777777778,34.04798888888889,0.0011920946555555557,0.00010869875555555555,0.058346411111111114,139.81133333333335,0.0011920946555555557,0.00010869875555555555,0.0060046733333333335,41.06509111111111,0.0011920946555555557,0.00010869875555555555,0.0034540099999999995,40.239362222222226,0.0011920946555555557,0.00010869875555555555,0.0038477222222222224,5.047316666666667e-06,1.9142944444444445e-05,0.02330917444444445,0.3372516633333333,0.007895606666666666,0.00015683964444444446,-0.0007346295555555555,7.3711e-07,1.0614926666666668e-05
73,1609152000,3.710351,3.7103649999999995,-0.0020392041,-1.6599429999999997,2.7107699999999997,1.786521,2.5086389999999996,2.405923,0.0808344,1.6147959999999997,2.187681e-05,9.23134e-06,9.532904600000002e-06,1.1610113700000001e-05,1.6485814000000002e-05,2.1569987000000003e-05,3.4925079000000005e-05,7.400361999999999e-05,1.8168130000000002,0.03787438,0.00030433287999999994,69.67535,52.059900000000006,0.00012327410000000002,6.275399999999999,0.030677420000000004,39.09787000000001,0.00353883065,0.000323532179,0.06239385999999999,160.4828,0.00353883065,0.000323532179,0.006959420000000001,72.61839799999998,0.00353883065,0.000323532179,0.0044417,73.36167500000002,0.00353883065,0.000323532179,0.003910581,5.749120000000001e-06,1.999812e-05,0.005105374,0.29236593899999996,0.007459175,0.00042349920999999995,-0.0005942625999999999,7.315512000000001e-07,1.04805e-05
73,1609152600,3.6522027272727273,3.652217272727273,0.0025049738181818185,-1.6566954545454544,2.78787,1.7721427272727275,2.5193945454545457,2.3917536363636365,0.0627953090909091,1.5775627272727275,1.6698436363636365e-05,3.2750949090909093e-06,2.8349738272727272e-06,3.5140330000000004e-06,6.216779999999999e-06,7.056270454545454e-06,1.1587504272727275e-05,2.8364850909090904e-05,1.78185,0.044030763636363636,0.00015656196363636365,75.79383636363637,52.50702727272728,0.00012153672727272727,5.6761336363636365,0.02984495454545455,36.98476363636363,0.002893751090909091,0.0002643555727272727,0.0612546,154.06272727272727,0.002893751090909091,0.0002643555727272727,0.007021851818181818,63.288172727272716,0.002893751090909091,0.0002643555727272727,0.004525405454545453,63.593745454545456,0.002893751090909091,0.0002643555727272727,0.003944054545454545,6.129852727272727e-06,2.0504572727272724e-05,0.03589806545454546,0.4424969363636363,0.01066501090909091,0.00045224184,-0.0005743592727272726,8.472549999999998e-07,1.1992905454545454e-05
73,1609153200,5.152692,5.152709,0.004017269,-1.6386209999999999,3.199485,2.0965320000000003,3.008979,2.8877390000000003,0.07351941000000001,2.176746,2.629908e-05,1.3474355000000001e-05,1.3655729e-05,1.61222237e-05,2.2371604999999998e-05,2.8184651e-05,4.2423346e-05,8.908583e-05,2.5336989999999995,0.042135729999999996,0.00027447340000000004,69.11916,51.69348,0.0001713549,5.963616,0.03560719,52.688599999999994,0.0029781448,0.000271994879,0.07327264,220.28029999999998,0.0029781448,0.000271994879,0.007434763,68.76445999999999,0.0029781448,0.000271994879,0.004909728,68.73731,0.0029781448,0.000271994879,0.004114505,8.620073e-06,2.319745e-05,0.023988725,0.09231722499999999,0.008799337,0.0012523395,4.393083e-05,8.737148000000001e-07,1.1886550000000002e-05
73,1609153800,4.887341999999999,4.8873560000000005,0.003651144,-1.6462119999999998,3.1307090000000004,2.043743,2.919614,2.8028739999999996,0.06691496999999999,2.0915690000000002,2.5495219999999997e-05,1.2448654999999998e-05,1.2421665800000002e-05,1.4548969500000002e-05,1.9932033000000002e-05,2.5254284000000003e-05,3.8041954999999996e-05,7.7259585e-05,2.4011519999999997,0.04199749,0.00030928049999999995,70.41971,51.754369999999994,0.00016251369999999998,5.922058,0.035117600000000006,51.252570000000006,0.0016103568000000001,0.00014661254999999998,0.07175541,211.4817,0.0016103568000000001,0.00014661254999999998,0.007152757000000001,55.64817000000001,0.0016103568000000001,0.00014661254999999998,0.004575355,54.732049999999994,0.0016103568000000001,0.00014661254999999998,0.0040838179999999995,8.157517000000001e-06,2.2793419999999996e-05,-0.247893313,5.910509531,0.008184808,0.0010730445,-5.8525139999999996e-05,1.3963470999999998e-06,1.816356e-05
73,1609154400,3.9517430000000004,3.9517559999999996,-0.0008562656,-1.616025,2.866324,1.8334050000000002,2.681634,2.5462529999999997,0.05799521,1.697568,1.872419e-05,5.531225199999999e-06,5.42172568e-06,6.7918027e-06,1.0814003e-05,1.3856983e-05,2.24310404e-05,5.0641803e-05,1.92899,0.04644858,0.00031147410000000004,72.3221,52.43684999999999,0.0001313707,5.897342,0.03130824,41.45059,0.002750461,0.00025120785,0.06415219999999999,169.9651,0.002750461,0.00025120785,0.006973213999999998,61.1202,0.002750461,0.00025120785,0.0044366169999999995,61.18582,0.002750461,0.00025120785,0.004013864000000001,7.101067e-06,2.161603e-05,0.030916601000000005,0.4715782300000001,0.009036116,0.0007152896,-0.00032225268,8.770082e-07,1.188167e-05
73,1609155000,3.400303,3.400318,0.00099442713,-1.5725609999999999,2.7402830000000002,1.6931059999999998,2.570066,2.420548,0.04036191,1.4313829999999998,1.851138e-05,4.9706615e-06,4.9049848e-06,6.092744799999999e-06,9.663691e-06,1.2507023999999998e-05,2.0231377e-05,4.549216e-05,1.6579819999999998,0.04174949,0.0003104025,72.13597999999999,52.50451,0.00011304489999999999,6.155421,0.02890004,35.67679,0.0029969716799999996,0.000273872999,0.059612679999999994,146.01569999999998,0.0029969716799999996,0.000273872999,0.006667398,60.345132,0.0029969716799999996,0.000273872999,0.004143759,60.9633647,0.0029969716799999996,0.000273872999,0.003939147,6.083709e-06,2.0453869999999995e-05,0.018529085,0.39269366,0.007678451,0.00043067769999999994,-0.0005516069999999999,8.58133e-07,1.1711772000000002e-05
73,1609155600,3.566498,3.56651,0.0007830763000000001,-1.616425,2.7648849999999996,1.7458470000000001,2.5884410000000004,2.435998,0.04200393,1.52551,2.2701899999999997e-05,9.744948400000002e-06,9.9671152e-06,1.15575166e-05,1.5632206e-05,1.93993853e-05,2.9514786e-05,5.953020199999999e-05,1.729683,0.05318475,0.00021837088999999998,70.65444000000001,53.012750000000004,0.0001185785,6.05073,0.02963309,37.11448,0.0024127448000000004,0.00022028810999999998,0.06079027,151.7181,0.0024127448000000004,0.00022028810999999998,0.006715260000000001,52.487159999999996,0.0024127448000000004,0.00022028810999999998,0.0042114430000000005,52.66126999999999,0.0024127448000000004,0.00022028810999999998,0.003907729,5.576642999999999e-06,1.989231e-05,0.012810482999999998,0.15217217,0.006061138,0.0003131806,-0.0006760767999999999,6.999999000000001e-07,1.0028751e-05
73,1609156200,4.238206,4.23822,0.0004118521,-1.6140450000000002,3.038192,1.9048769999999997,2.81191,2.653806,0.056680980000000006,1.8212809999999997,2.1511260000000002e-05,8.407138e-06,8.1383876e-06,9.6044239e-06,1.3425619000000003e-05,1.6127792e-05,2.4792189099999998e-05,5.1763761e-05,2.0550300000000004,0.06374916,0.00018388559,73.08194999999999,53.04945,0.00014093720000000004,5.792096,0.03231872,44.171749999999996,0.0041997952,0.00038403004,0.06628639,180.31160000000003,0.0041997952,0.00038403004,0.007366537999999999,78.91594900000001,0.0041997952,0.00038403004,0.004877762,80.08390999999999,0.0041997952,0.00038403004,0.003969286,6.4780460000000005e-06,2.0869939999999998e-05,-0.10449327000000001,2.9163465000000004,0.010600523,0.0006224613,-0.0004832791999999999,1.1803758e-06,1.5214854e-05
73,1609156800,3.7721044444444445,3.772116666666667,0.0008331115555555555,-1.581883333333333,2.872752222222222,1.792392222222222,2.70754,2.5333277777777776,0.03377763333333334,1.5865422222222223,2.0052355555555556e-05,6.977976666666666e-06,7.182193333333334e-06,9.328332222222222e-06,1.3982067777777778e-05,1.883257777777778e-05,3.205415222222222e-05,7.096334444444443e-05,1.8234144444444444,0.06212247777777777,0.0003482312222222222,71.81101111111111,53.31892222222222,0.00012530333333333332,6.4617988888888895,0.030416622222222228,39.553799999999995,0.0030970535222222223,0.00028302617666666667,0.06250802222222222,160.65977777777778,0.0030970535222222223,0.00028302617666666667,0.006929677777777778,65.87307777777777,0.0030970535222222223,0.00028302617666666667,0.004415958888888889,66.31976666666667,0.0030970535222222223,0.00028302617666666667,0.003926277777777778,5.959715555555556e-06,2.0244066666666665e-05,0.012831525,0.2046001333333333,0.007343693333333333,0.0004380768888888889,-0.0006002582222222223,7.455547777777777e-07,1.0264398888888888e-05
73,1609157400,3.644735,3.644749,-0.0036503709999999995,-1.43441,2.969902,1.720239,2.794173,2.607643,0.038328600000000004,1.5338930000000002,1.632573e-05,2.9422837e-06,2.7109743599999997e-06,4.1450198e-06,7.355291e-06,8.991899e-06,1.6274989100000004e-05,3.9471285e-05,1.7669000000000001,0.05511076,0.00027171868999999996,75.82582,53.06091,0.00012117080000000001,5.899509,0.02941453,38.27732,0.00236212154,0.00021567823399999995,0.061552220000000005,155.59700000000004,0.00236212154,0.00021567823399999995,0.006802168999999999,53.95242,0.00236212154,0.00021567823399999995,0.004284063,53.99667000000001,0.00236212154,0.00021567823399999995,0.003998254,7.298076999999999e-06,2.159649e-05,0.028570553999999998,0.17287725999999998,0.007006351999999999,0.0007278635999999999,-0.00036947000000000005,9.511723e-07,1.1139369999999998e-05
73,1609158000,3.847753,3.8477690000000004,0.003089681,-1.6082049999999999,2.8509510000000002,1.8049779999999997,2.656917,2.5226270000000004,0.05425592,1.6307969999999998,2.2676669999999997e-05,1.0093173899999999e-05,1.038197577e-05,1.24971106e-05,1.7685943e-05,2.2300833499999997e-05,3.521221629999999e-05,7.3063959e-05,1.878752,0.044626309999999995,0.000306745,69.27335,52.37582,0.0001278642,6.208845,0.030985789999999996,40.505010000000006,0.0026572714000000002,0.00024269466999999998,0.06350797,165.7325,0.0026572714000000002,0.00024269466999999998,0.006689613,55.423641999999994,0.0026572714000000002,0.00024269466999999998,0.004210326,55.899112,0.0026572714000000002,0.00024269466999999998,0.003950293,7.085687000000001e-06,2.1115910000000003e-05,-0.011848045,0.31020301000000006,0.008436724000000001,0.0007242765,-0.0003442314,9.350050000000001e-07,1.1458613999999999e-05
73,1609158600,3.4887330000000008,3.4887449999999993,0.001908637,-1.6772680000000002,2.630405,1.739323,2.4558760000000004,2.3288199999999994,0.04338111,1.475271,2.0860770000000003e-05,7.694668800000001e-06,7.507983660000001e-06,8.662404400000001e-06,1.2310465e-05,1.43084906e-05,2.0760378900000003e-05,4.1685051999999994e-05,1.6903839999999999,0.053723940000000005,0.00013645331,74.56514,53.13393,0.00011605600000000002,5.602768,0.029587819999999997,36.399680000000004,0.004107232420000001,0.00037566122599999997,0.06007627,148.40800000000002,0.004107232420000001,0.00037566122599999997,0.007018928000000001,77.18054,0.004107232420000001,0.00037566122599999997,0.004530194,78.35814500000001,0.004107232420000001,0.00037566122599999997,0.003917076,6.3985979999999996e-06,2.0481160000000004e-05,0.010463583000000002,0.71411051,0.008980275,0.0005035416,-0.00048470610000000004,9.525100000000002e-07,1.236787e-05
73,1609159200,3.650978,3.650991,0.003409019,-1.659666,2.716732,1.774289,2.5389399999999998,2.408924,0.046208839999999994,1.5493130000000002,1.880485e-05,5.8679953e-06,5.7270104700000005e-06,7.0345674e-06,1.0786068e-05,1.3200120300000002e-05,2.0960974899999998e-05,4.6061905999999997e-05,1.769891,0.05525362,0.00022877527999999998,73.48314999999998,53.07862,0.0001214225,5.995847000000001,0.030282750000000004,38.27111,0.0031832262300000003,0.00029104694099999997,0.06157428999999999,155.8549,0.0031832262300000003,0.00029104694099999997,0.006837564,69.22668999999999,0.0031832262300000003,0.00029104694099999997,0.004335086,69.787144,0.0031832262300000003,0.00029104694099999997,0.003946694,6.697430999999999e-06,2.090542e-05,-0.001290321078,0.4533085450000002,0.008828652000000001,0.0005807807,-0.00042941530000000004,9.373298999999999e-07,1.2040790000000001e-05
73,1609159800,3.7301129999999993,3.7301289999999994,0.0019338504000000003,-1.712521,2.620807,1.8048849999999999,2.4317990000000003,2.344271,0.04850999999999999,1.59042,2.024961e-05,7.2969248e-06,7.10867832e-06,8.2562654e-06,1.1893970999999999e-05,1.4043959599999999e-05,2.1084181799999998e-05,4.35578e-05,1.811929,0.05277067,0.00023695069999999998,74.03541,52.88051,0.00012408249999999998,5.8123689999999995,0.03084094,38.81325,0.004540068959999999,0.0004153289289999999,0.06219166999999999,158.7913,0.004540068959999999,0.0004153289289999999,0.0072121910000000015,85.98064500000001,0.004540068959999999,0.0004153289289999999,0.004726038,87.24322000000001,0.004540068959999999,0.0004153289289999999,0.003943797000000001,6.679934999999999e-06,2.089619e-05,0.004334239700000001,2.7426937359999997,0.012079412,0.000569362,-0.0004356532,1.3443781e-06,1.7843899e-05
73,1609160400,3.9701719999999994,3.9701880000000003,0.00209962822,-1.6622610000000002,2.794886,1.850479,2.610453,2.500502,0.05240159,1.6791159999999998,1.950789e-05,6.566092e-06,6.4607563999999994e-06,8.137088399999999e-06,1.2618136999999997e-05,1.6210268299999997e-05,2.64998571e-05,5.981851299999999e-05,1.937629,0.046918180000000004,0.0003978459,71.74025,52.392680000000006,0.00013195590000000002,6.141748,0.031546790000000005,41.29645,0.00440372206,0.000402802434,0.06435062,169.9346,0.00440372206,0.000402802434,0.0074088,88.978646,0.00440372206,0.000402802434,0.004924796,90.06931,0.00440372206,0.000402802434,0.003958639,7.0843050000000004e-06,2.1166689999999998e-05,0.016273709,1.7764186910000006,0.014105197000000003,0.0007538139,-0.00031888749999999997,1.1841935e-06,1.6090409999999998e-05
73,1609161000,3.474737,3.474752,0.0059570709999999995,-1.673508,2.55004,1.7303570000000001,2.4011609999999997,2.3296470000000005,0.04449297000000001,1.4702800000000003,2.180468e-05,8.8348e-06,9.055673500000001e-06,1.0779781200000001e-05,1.5357840000000003e-05,1.9479021999999998e-05,3.0385384000000005e-05,6.306412e-05,1.7084430000000002,0.02840061,0.0003607138,69.68959000000001,51.653780000000005,0.00011549229999999999,6.341889999999999,0.029910430000000005,36.79324,0.00398682499,0.00036462722800000003,0.06066111999999999,151.1816,0.00398682499,0.00036462722800000003,0.006982231,76.727768,0.00398682499,0.00036462722800000003,0.004459467999999999,77.875621,0.00398682499,0.00036462722800000003,0.0039257450000000004,6.164627000000001e-06,2.0412750000000002e-05,0.012685266310000002,0.777875828,0.009456144,0.0004344441,-0.0005703253999999999,9.222963e-07,1.2697963e-05
73,1609161600,3.7873229999999998,3.787337,0.0029134618,-1.64242,2.7026700000000003,1.7961650000000002,2.547415,2.467538,0.054390530000000006,1.6226490000000002,2.045928e-05,7.435113999999999e-06,7.5398034e-06,9.459406e-06,1.4282969e-05,1.8846168999999998e-05,3.1469726999999995e-05,6.866435e-05,1.869267,0.023832379999999997,0.0003979562,69.03649,51.27394,0.0001258479,6.253191,0.03109573,40.01128,0.004409959430000001,0.000403353182,0.06340979,165.2648,0.004409959430000001,0.000403353182,0.0074068960000000005,82.44814,0.004409959430000001,0.000403353182,0.0049036620000000005,83.79644,0.004409959430000001,0.000403353182,0.003944260000000001,6.334089999999999e-06,2.0621169999999996e-05,0.005568188999999999,0.20252581000000003,0.007018636,0.0005501269,-0.0005095947,7.844381e-07,1.0734859e-05
73,1609162200,3.426627,3.42664,0.0041852927,-1.6809349999999998,2.561028,1.7215239999999998,2.412637,2.309809,0.03583846,1.44835,2.1785989999999997e-05,9.065361e-06,9.1031282e-06,1.0773537e-05,1.4876178e-05,1.887616e-05,2.9120679e-05,5.964392e-05,1.6730239999999998,0.03979071,0.0003401491,69.70092,52.37505,0.00011391048,6.252039999999999,0.029526860000000005,36.08343000000001,0.0036477338700000002,0.000333532931,0.059880279999999994,147.603,0.0036477338700000002,0.000333532931,0.006834962,72.05173699999999,0.0036477338700000002,0.000333532931,0.004324387000000001,72.833935,0.0036477338700000002,0.000333532931,0.003901562,5.70086e-06,1.995246e-05,-0.010462598,1.27784626,0.009332056,0.00031556680000000004,-0.0006634077,9.234888000000001e-07,1.2574499e-05
73,1609162800,3.2763150000000003,3.2763299999999993,0.0023968739900000003,-1.676819,2.6222300000000005,1.680583,2.3512820000000003,2.254757,0.04876415,1.430067,3.1456429999999995e-05,2.17551419e-05,1.8266520499999998e-05,1.69050029e-05,1.9355526e-05,2.206195e-05,3.1534753e-05,6.2899272e-05,1.6002230000000002,0.03743880000000001,0.00028505374,69.8624,52.33596,0.00010890826000000001,6.200018,0.029173769999999998,36.14110000000001,0.00535664528,0.0004974664589999999,0.05886427000000001,143.37859999999998,0.00535664528,0.0004974664589999999,0.0075351440000000006,97.999266,0.00535664528,0.0004974664589999999,0.005025179,100.184473,0.00535664528,0.0004974664589999999,0.003992917,8.7370722e-05,0.00010167485,-3.948109176,193.11966823999998,0.035984722999999996,0.0001516216,-0.0007666258999999999,0.00029386363320000003,0.0031355249710000007
73,1609163400,3.6720750000000004,3.6720930000000003,0.0053298270000000005,-1.5972250000000001,2.806772,1.7645170000000001,2.628567,2.4977259999999997,0.039727990000000005,1.5553140000000003,2.2274589999999998e-05,9.150241999999999e-06,9.229365200000001e-06,1.0927549500000002e-05,1.536556e-05,1.90679486e-05,2.9552527e-05,6.1564694e-05,1.7930160000000002,0.042525770000000004,0.0003316269,69.99688,52.35059,0.0001220789,6.148783,0.030200490000000003,38.638239999999996,0.0036972568999999998,0.00033802356,0.06207032999999999,158.2303,0.0036972568999999998,0.00033802356,0.007191849,75.187122,0.0036972568999999998,0.00033802356,0.004652731,76.17439399999999,0.0036972568999999998,0.00033802356,0.003926681,5.635051e-06,2.006434e-05,0.0053452000000000005,0.17262475,0.006907793000000001,0.00035629996999999994,-0.0006844891000000001,7.696605000000001e-07,1.0568175e-05
73,1609164000,3.255064,3.255078,-0.0023162290699999997,-1.584388,2.683133,1.660384,2.497539,2.344983,0.04981411,1.3849779999999998,1.8905489999999996e-05,5.2399549e-06,5.1988141e-06,6.4701279e-06,1.0001351e-05,1.2886796999999998e-05,2.1418200999999997e-05,4.7330432000000004e-05,1.576378,0.050734999999999995,0.00030702652,73.94707999999999,53.22414,0.00010818727,6.223044,0.027969880000000003,33.47286,0.0034519800199999994,0.000315598872,0.05776869,137.299,0.0034519800199999994,0.000315598872,0.006941195999999999,68.826475,0.0034519800199999994,0.000315598872,0.004402821,69.643213,0.0034519800199999994,0.000315598872,0.0039055849999999996,4.9813969999999996e-06,1.9492800000000004e-05,-0.047623971,1.53949654,0.008150174999999999,5.5515930000000004e-05,-0.0009281662999999999,8.448937e-07,1.1544819e-05
73,1609164600,2.685049,2.685062,-0.004707576,-1.683037,2.324659,1.525206,2.141727,2.020038,0.03943061,1.1425415,2.2685379999999997e-05,9.3004318e-06,9.60888531e-06,1.1202096200000001e-05,1.4860655999999998e-05,1.86972951e-05,2.81666291e-05,5.574741499999999e-05,1.2921137999999999,0.049998600000000004,0.00025336642,71.59799000000001,53.824920000000006,8.923062000000001e-05,6.1106679999999995,0.02591699,28.011309999999998,0.00299851106,0.00027410191,0.05243085000000001,113.44006999999999,0.00299851106,0.00027410191,0.006318281,55.543685,0.00299851106,0.00027410191,0.003739103999999999,56.34989899999999,0.00299851106,0.00027410191,0.0038515100000000003,4.282209000000001e-06,1.8658009999999997e-05,0.039788831000000004,1.8363366200000004,0.009490354000000001,-0.00024684643,-0.0010879944,8.624543000000001e-07,1.158983e-05
73,1609165200,3.190283,3.1903,-0.006402283,-1.594418,2.621705,1.645646,2.454376,2.3152450000000004,0.03497723,1.348372,1.933054e-05,6.0216023999999995e-06,6.069038e-06,7.4708868999999986e-06,1.1285770999999999e-05,1.4401263199999999e-05,2.3729355e-05,5.1644410000000004e-05,1.5420530000000001,0.05266596,0.00029591706,74.11892,53.376549999999995,0.00010602683,6.132011,0.02798621,33.40576,0.004469508200000001,0.000408865699,0.05744716,135.6692,0.004469508200000001,0.000408865699,0.007257579000000002,84.30007800000001,0.004469508200000001,0.000408865699,0.004736385,85.701342,0.004469508200000001,0.000408865699,0.0038888539999999997,4.985365e-06,1.9369860000000003e-05,0.014683588000000001,0.37765692,0.007406926999999999,6.813513e-05,-0.000889031,7.92609e-07,1.0464855e-05
73,1609165800,2.524113,2.524126,-0.006442295000000001,-1.5620649999999998,2.383724,1.44836,2.188116,2.056488,0.04857552,1.1022629,1.812093e-05,4.593297e-06,4.593685e-06,5.5153388e-06,8.261490999999999e-06,1.0554113e-05,1.7554623e-05,3.7593968e-05,1.2261631999999998,0.03560228,0.00019757181,71.47116000000001,52.992290000000004,8.38967e-05,6.203311,0.024592250000000003,26.285470000000004,0.00210556235,0.000192245815,0.05081831,107.59603,0.00210556235,0.000192245815,0.006312824,46.415206,0.00210556235,0.000192245815,0.00372624,46.490404999999996,0.00210556235,0.000192245815,0.003856464999999999,4.127828e-06,1.8502119999999998e-05,0.032326641999999996,1.6164546899999999,0.009674654999999999,-0.00031813504,-0.0012053520000000002,7.701309e-07,1.066282e-05
73,1609166400,2.2684140000000004,2.2684279999999997,-0.0038766821,-1.5289380000000001,2.312657,1.375051,2.120727,1.991311,0.031211829999999996,0.975096,1.913343e-05,5.6600035000000004e-06,5.8027614900000004e-06,6.9944359e-06,9.827555e-06,1.26288846e-05,2.0276604800000002e-05,4.207661e-05,1.0986290999999997,0.03530356,0.00016672896,72.07889,53.16442000000001,7.538058e-05,6.218877,0.023470650000000003,23.820089999999997,0.00109830839,9.9942021e-05,0.04854753999999999,96.81163000000001,0.00109830839,9.9942021e-05,0.005795622,27.116666000000002,0.00109830839,9.9942021e-05,0.0032044309999999998,26.874571000000003,0.00109830839,9.9942021e-05,0.003830572,3.9602350000000005e-06,1.822538e-05,0.0050432941999999994,7.20881835,0.012470445,-0.00040220910000000003,-0.001293105,1.3182516999999999e-06,1.6708743e-05
73,1609167000,1.814067,1.8140810000000003,0.004231424,-1.6240949999999998,2.014337,1.24968,1.859568,1.7339789999999997,0.03379278,0.7857736,1.702864e-05,3.3677302000000002e-06,3.4820499999999996e-06,4.192870599999999e-06,6.284778600000001e-06,8.0846948e-06,1.3274438699999998e-05,2.8908741999999998e-05,0.8657275,0.04108231,0.00015316041,76.05774,54.60174000000001,6.029512e-05,6.163045,0.02107869,18.896079999999998,0.0032384766999999995,0.00029615845,0.04295693000000001,75.92061,0.0032384766999999995,0.00029615845,0.006474868999999999,56.650661,0.0032384766999999995,0.00029615845,0.0038133310000000005,57.71825200000001,0.0032384766999999995,0.00029615845,0.003804498,3.079437e-06,1.739505e-05,-0.007246012000000001,0.74215281,0.0055466529999999995,-0.0008017104000000001,-0.0015139090000000001,7.478145999999999e-07,9.856405e-06
73,1609167600,1.89134,1.891352,0.0051964084,-1.5402650000000002,2.1483280000000002,1.2615159999999999,1.9647970000000001,1.825443,0.03619186,0.8307503,1.7498330000000004e-05,3.9369695e-06,4.0077887799999995e-06,5.0370819000000004e-06,7.521618600000001e-06,1.0042222099999999e-05,1.6832767700000004e-05,3.6824994999999994e-05,0.9028503000000001,0.042525770000000004,0.00020494751999999998,74.47733999999998,54.58753,6.282592e-05,6.387659,0.021449779999999998,20.10381,0.00188880763,0.00017246931099999997,0.0440227,80.07085,0.00188880763,0.00017246931099999997,0.005946011,38.43843,0.00188880763,0.00017246931099999997,0.003271344,38.67519,0.00188880763,0.00017246931099999997,0.003809567,3.3265890000000004e-06,1.758624e-05,0.07517434999999999,3.723531799999999,0.008871013,-0.0006976721,-0.001467162,9.097879000000001e-07,1.1586903e-05
73,1609168200,1.9115270000000002,1.91154,-0.005303606,-1.5168890000000002,2.172892,1.2657029999999998,1.9858730000000002,1.842432,0.021982983,0.81685,1.8030960000000005e-05,4.3046979e-06,4.316001840000001e-06,5.1836029599999995e-06,7.301859199999999e-06,9.2244861e-06,1.44835712e-05,3.0744621e-05,0.9114061,0.044033420000000004,0.00024481335,74.52968000000001,54.66521,6.352814999999999e-05,6.043575,0.0212556,19.80144,0.0004434926499999999,4.0002669999999994e-05,0.04406912,79.70236,0.0004434926499999999,4.0002669999999994e-05,0.0053783369999999995,17.820802500000003,0.0004434926499999999,4.0002669999999994e-05,0.002742626,17.101535700000003,0.0004434926499999999,4.0002669999999994e-05,0.0038125819999999997,3.342674e-06,1.763307e-05,-0.0019022429999999992,0.6586776,0.005145534,-0.0006439051000000001,-0.001442813,7.405468e-07,1.0052471999999999e-05
73,1609168800,1.811947,1.8119589999999999,-0.010806168,-1.6124870000000002,2.0227370000000002,1.249376,1.85248,1.7172150000000002,0.03373475,0.7846963999999998,1.734328e-05,3.5709717e-06,3.50596543e-06,4.04100722e-06,5.552456500000001e-06,6.6436301000000006e-06,9.8181002e-06,2.0613689999999998e-05,0.8631987000000001,0.042514539999999997,0.00020318800000000003,77.73614,54.777120000000004,6.027130000000001e-05,5.707807000000001,0.02093646,18.6931,0.0016972891099999998,0.000154889178,0.042784470000000005,75.25718,0.0016972891099999998,0.000154889178,0.00574869,32.787143,0.0016972891099999998,0.000154889178,0.003089516,33.016886,0.0016972891099999998,0.000154889178,0.0038078049999999996,3.029132e-06,1.73616e-05,0.04043215,0.21601847000000002,0.004170632,-0.0008032776,-0.001531039,7.019584e-07,8.8866e-06
73,1609169400,1.59301,1.593024,-0.013408406000000001,-1.587748,1.9014209999999998,1.168689,1.7648770000000003,1.626236,0.020693739,0.6870985000000001,1.582852e-05,1.9137767e-06,1.7999314000000003e-06,2.13208014e-06,3.3260138e-06,3.8751942e-06,6.172262700000001e-06,1.3999906000000003e-05,0.7531836000000001,0.0431295,0.00015668795,80.00929999999998,55.49145,5.2982530000000005e-05,5.680764,0.01962517,16.61289,0.00233830187,0.00021372531089999995,0.04007693,66.07045000000001,0.00233830187,0.00021372531089999995,0.00596436,43.345351,0.00233830187,0.00021372531089999995,0.003232541,43.8269637,0.00233830187,0.00021372531089999995,0.003804379,2.691611e-06,1.7062410000000002e-05,0.012620007999999999,1.3959091799999999,0.005536298,-0.0009798515999999999,-0.001680171,7.086354000000001e-07,9.447499000000001e-06
73,1609170000,2.470232,2.4702450000000002,-0.009163647,-1.56733,2.373634,1.443771,2.179641,2.0319629999999997,0.06036090000000001,1.0744256999999997,1.770406e-05,4.156825e-06,4.1106893e-06,4.8143684e-06,7.1621110000000005e-06,8.631778e-06,1.3537477999999999e-05,2.9362566000000003e-05,1.1843804,0.050420049999999994,0.00023983560000000003,75.02552,54.200019999999995,8.214299999999999e-05,6.071678,0.02436195,25.721349999999994,0.00151575627,0.000138242154,0.05010401999999999,103.95347999999998,0.00151575627,0.000138242154,0.006012942,36.699436000000006,0.00151575627,0.000138242154,0.003425131,36.451382,0.00151575627,0.000138242154,0.0038321479999999996,3.9547349999999995e-06,1.822476e-05,0.055581329,0.8219408500000001,0.006167594,-0.00033707719999999993,-0.0012042961,7.343219e-07,9.686282e-06
73,1609170600,1.5617450000000002,1.56176,-0.0028955647,-1.551486,1.9660350000000002,1.1499520000000003,1.7734299999999998,1.631899,0.04495532,0.7079755000000001,1.677662e-05,3.0250791999999996e-06,3.0022624e-06,3.5636894e-06,5.09575e-06,6.357376699999999e-06,1.0126143e-05,2.1536135e-05,0.7336918,0.04689738,0.00022863339999999998,77.20226000000001,56.19515,5.190704e-05,6.168539000000001,0.019313880000000002,16.40917,0.0020189153999999997,0.0001844132,0.039450080000000005,64.45435,0.0020189153999999997,0.0001844132,0.005926599,38.892554,0.0020189153999999997,0.0001844132,0.003209921,39.316635000000005,0.0020189153999999997,0.0001844132,0.0038052299999999997,4.014002e-06,1.8304739999999997e-05,-3.494736432999999,178.08471400000002,0.012642655999999999,-0.0009890329999999998,-0.001674088,4.8935677e-06,5.4519112e-05
73,1609171200,1.0007188,1.0007327,0.0004667002,-1.4509319999999999,1.6379359999999998,0.9092493000000001,1.474432,1.3379670000000001,0.025841541000000003,0.45342839999999995,1.592152e-05,1.7688361999999997e-06,1.75244993e-06,2.1264013499999997e-06,3.0668587000000003e-06,3.7990649000000003e-06,5.9634463e-06,1.2978666999999998e-05,0.4594116,0.04076942,0.00014518477,82.12872999999999,58.67337,3.326265e-05,6.099144000000001,0.015088550000000001,10.365934,0.00126571598,0.000115430684,0.03099831,40.147859999999994,0.00126571598,0.000115430684,0.005573631,25.966304,0.00126571598,0.000115430684,0.0026517679999999997,26.002563000000002,0.00126571598,0.000115430684,0.003799256,1.915751e-06,1.628419e-05,-0.09922937999999996,32.345396900000004,0.009988648,-0.0015180550000000001,-0.002102458,1.0753993999999998e-06,1.3608802e-05
73,1609171800,0.9463315,0.9463459000000001,0.004202814,-1.387591,1.616074,0.8791795,1.4606700000000001,1.3419409999999998,0.018841601,0.4217257,1.5887660000000004e-05,1.8654305000000003e-06,1.9110485999999997e-06,2.4081654800000002e-06,3.4585901e-06,4.566936939999999e-06,7.530742600000001e-06,1.6666386e-05,0.4425135,0.030450520000000002,0.00016108896,76.68742,56.52586,3.144373e-05,6.2692190000000005,0.014685450000000003,9.832022,0.00068552008,6.234372e-05,0.03070458,38.78317,0.00068552008,6.234372e-05,0.0052913840000000005,17.718396000000002,0.00068552008,6.234372e-05,0.00234843,17.421505000000003,0.00068552008,6.234372e-05,0.003792243,1.81711e-06,1.6154400000000002e-05,0.007341676,1.4873014,0.004923736999999999,-0.001514719,-0.002103503,7.726409e-07,9.058459e-06
73,1609172400,1.2196101,1.219624,-0.010368673,-1.175817,1.856719,0.9576331999999999,1.7139130000000002,1.569237,0.023490650000000002,0.5294684,1.7356569999999997e-05,3.4294678e-06,3.4634452e-06,4.1092395e-06,5.5712233999999995e-06,7.060405999999999e-06,1.0825110299999998e-05,2.2218927000000002e-05,0.5779093,0.031719540000000004,0.00011643081,74.79872,55.45991,4.05253e-05,6.262491,0.01629706,12.580062,0.0011814942,0.00010766230700000001,0.03480631,50.33425,0.0011814942,0.00010766230700000001,0.0055871160000000005,24.277271000000002,0.0011814942,0.00010766230700000001,0.0027739450000000003,24.180370999999997,0.0011814942,0.00010766230700000001,0.003797661,2.136146e-06,1.647928e-05,-0.22584330400000002,8.1003379,0.006960142,-0.0012459536,-0.0020440190000000002,7.4008e-07,9.528859e-06
73,1609173000,1.1383459999999999,1.1383603,-0.0167623,-1.2494739999999998,1.8219540000000003,0.942234,1.633174,1.4948700000000001,0.025808939999999995,0.5005512000000001,1.5693610000000002e-05,1.8428001000000003e-06,1.9083441e-06,2.4736884e-06,3.9539710000000004e-06,5.4001838e-06,9.378914000000001e-06,2.1081593000000002e-05,0.5364367999999999,0.03251743,0.00017131656,76.91216,55.91862999999999,3.780434e-05,6.537957999999999,0.01581792,11.734407,0.0011055887300000001,0.00010073108500000001,0.033667579999999996,46.77478000000001,0.0011055887300000001,0.00010073108500000001,0.005568744,23.529691,0.0011055887300000001,0.00010073108500000001,0.0027149559999999997,23.42803,0.0011055887300000001,0.00010073108500000001,0.003783552,2.001711e-06,1.6257099999999997e-05,0.027239531,1.8900128999999999,0.004945428,-0.0013283079999999998,-0.002052973,7.596157e-07,9.171152000000002e-06
73,1609173600,0.9115760000000002,0.9115905,-0.023259220000000004,-1.210542,1.6281120000000002,0.83971,1.480658,1.348804,0.01816585,0.4130236,1.575607e-05,1.7525418999999995e-06,1.78685017e-06,2.1744853e-06,3.1600219e-06,4.0327833e-06,6.4021775999999995e-06,1.3613505000000003e-05,0.4268383,0.02867211,0.00024291820000000002,78.85728,56.406690000000005,3.0292809999999996e-05,6.273135,0.01416599,9.482598,0.0010158485,9.251058499999999e-05,0.030143919999999998,37.35338,0.0010158485,9.251058499999999e-05,0.005472898,21.073269,0.0010158485,9.251058499999999e-05,0.00252509,21.003579,0.0010158485,9.251058499999999e-05,0.003788744,1.6723240000000003e-06,1.5991590000000004e-05,0.04071445,1.6351298,0.004369261000000001,-0.0015559330000000002,-0.0022074320000000005,6.581054e-07,8.134704e-06
73,1609174200,0.6890485000000001,0.689063,-0.030049980000000004,-1.1536607999999997,1.4242560000000002,0.7190175,1.2898520000000002,1.1666983,0.014648807,0.30395469999999997,1.639313e-05,2.9195734e-06,2.3015163000000006e-06,2.0738153e-06,2.5072137e-06,2.9311756000000004e-06,4.6168719e-06,9.987419e-06,0.31844490000000003,0.02581408,0.0002358193,81.44773,58.16272999999999,2.2886779999999998e-05,6.427881999999999,0.012103886999999999,7.195851,0.00111918344,0.00010231533999999998,0.02574766,28.06477,0.00111918344,0.00010231533999999998,0.005363773,21.303529,0.00111918344,0.00010231533999999998,0.002323479,21.329425,0.00111918344,0.00010231533999999998,0.0038331699999999995,1.5303994500000003e-05,2.962784e-05,-3.623808236,188.20331,0.0189610427,-0.001739804,-0.0023141389999999998,4.55622437e-05,0.000484687121
73,1609174800,0.4245825,0.42459700000000006,-0.0203800807,-0.9495495999999999,1.2042359999999999,0.5527214,1.0599319999999999,0.9530171,0.012215120999999999,0.194646,1.534137e-05,1.04974923e-06,1.0693674199999999e-06,1.3070007999999999e-06,1.8231605e-06,2.298691e-06,3.6022281000000003e-06,7.398868e-06,0.187811,0.02426968,0.0001909233,82.90031,61.54803,1.4102180000000002e-05,6.565487999999999,0.009365875,4.411573,0.000678437393,6.169912610000001e-05,0.019950429999999998,16.363580000000002,0.000678437393,6.169912610000001e-05,0.0050704009999999996,13.425471199999999,0.000678437393,6.169912610000001e-05,0.0018472313999999997,13.262757599999997,0.000678437393,6.169912610000001e-05,0.003807737,1.0488057e-06,1.552047e-05,-0.04236931000000001,4.669055,0.005361384,-0.0021019429999999998,-0.0025844989999999997,7.827334999999999e-07,9.436157e-06
73,1609175400,0.37204439999999994,0.3720587,0.014182149,-0.7528129,1.1960635,0.49468559999999995,1.0132429000000003,0.8997275,0.012009576000000001,0.18040260000000002,1.4836140000000001e-05,5.5980332e-07,5.689508e-07,7.5361891e-07,1.0963054999999996e-06,1.4365457e-06,2.3605226e-06,5.249787e-06,0.16234185,0.023518740000000003,0.00014886576000000003,85.19764,63.935579999999995,1.2353695e-05,6.373404,0.008697071999999998,3.9329430000000003,0.00024752349,2.219258e-05,0.01829632,14.301045000000002,0.00024752349,2.219258e-05,0.004568339,5.478168999999999,0.00024752349,2.219258e-05,0.0013128689,5.12496,0.00024752349,2.219258e-05,0.0037898969999999995,9.760894e-07,1.531893e-05,-0.11317956,8.594220900000002,0.004422416,-0.00216765,-0.0026262110000000003,7.261851999999999e-07,8.967470999999999e-06
73,1609176000,0.3134524,0.3134665,0.012503806000000001,-0.9290283,1.0774838,0.4753103,0.9266534999999999,0.8264503000000001,0.008319232000000001,0.14845460000000002,1.4524299999999997e-05,3.9155522999999995e-07,3.9333279e-07,5.3415614e-07,8.120474e-07,1.0473471999999998e-06,1.7723494e-06,4.055568999999999e-06,0.1375933,0.018969850000000003,0.00015319149,86.97708999999999,62.64188,1.0408256e-05,6.3471649999999995,0.008048635,3.322258,0.00041480451999999994,3.7522746999999994e-05,0.0170663,12.116167,0.00041480451999999994,3.7522746999999994e-05,0.004709806,8.150960999999999,0.00041480451999999994,3.7522746999999994e-05,0.0014422912000000001,7.897981999999999,0.00041480451999999994,3.7522746999999994e-05,0.0037728690000000003,9.243643e-07,1.512822e-05,0.05106221600000001,15.112926199999999,0.0065654056,-0.002225755,-0.002649401,8.221055e-07,1.0027614e-05
73,1609176600,0.29286139999999994,0.29287559999999996,0.005190870000000001,-0.8410927000000001,1.0742213,0.4535597,0.8987520999999999,0.7943117000000001,0.012684157999999997,0.14741330000000002,1.467053e-05,4.6785694e-07,4.6619355e-07,5.7148844e-07,7.988675e-07,9.884692799999999e-07,1.5201942e-06,3.3033311999999995e-06,0.12489544999999999,0.021346509999999996,0.00018014411,89.0636,65.44652999999998,9.733385e-06,6.314213,0.007625693,3.057363,0.00046223245,4.1856824e-05,0.016114540000000004,10.900587999999999,0.00046223245,4.1856824e-05,0.004780251000000001,9.222807,0.00046223245,4.1856824e-05,0.0015000122,8.98957,0.00046223245,4.1856824e-05,0.0037797429999999995,8.775956e-07,1.51357e-05,-0.21845486800000002,15.207632,0.0053712814,-0.00228076,-0.002699929,7.769964e-07,9.889047e-06
73,1609177200,0.3838525,0.3838666,-0.028636700000000005,-0.8149436999999999,1.1504220000000003,0.5098925999999999,1.0339063,0.9205781000000002,0.010102798,0.17072230000000002,1.495539e-05,8.751853999999999e-07,9.029926200000001e-07,1.1355421e-06,1.5985091e-06,2.0691637e-06,3.3120674e-06,7.05526e-06,0.1702418,0.021490889999999995,0.00017522819999999997,83.44993,61.4596,1.274336e-05,6.614578999999999,0.008897855,3.9894260000000004,0.000405482211,3.6704616999999994e-05,0.01899546,14.865350000000001,0.000405482211,3.6704616999999994e-05,0.004729572,8.314602,0.000405482211,3.6704616999999994e-05,0.0015167692,8.045808099999999,0.000405482211,3.6704616999999994e-05,0.003776337,9.683244999999998e-07,1.5214509999999999e-05,0.073757758,4.1301689999999995,0.0030914184,-0.0021296329999999997,-0.002600067,6.709398e-07,8.148061e-06
73,1609177800,0.3458926,0.34590679999999996,-0.032518570000000004,-0.924281,1.0933078,0.4959445999999999,0.9634048999999999,0.8552135,0.010252079999999998,0.1606765,1.4621309999999999e-05,5.329961199999999e-07,5.305992200000001e-07,6.695148800000001e-07,1.0460616e-06,1.33635405e-06,2.1847899e-06,4.9121408000000006e-06,0.1527816,0.02002383,0.00012920631999999998,82.52241,62.18090000000001,1.1492366e-05,6.324717000000001,0.008435248000000001,3.6164940000000003,0.00051064314,4.6326328e-05,0.01790643,13.353976,0.00051064314,4.6326328e-05,0.0046832309999999995,9.2697545,0.00051064314,4.6326328e-05,0.0014568913999999998,9.0905554,0.00051064314,4.6326328e-05,0.0037605100000000003,9.023156e-07,1.5023450000000003e-05,0.035497371,4.274602,0.003973405269999999,-0.002171063,-0.002635689,7.05219e-07,8.046353e-06
73,1609178400,0.35534699999999997,0.3553609,-0.024997949999999998,-0.7682263,1.1368865,0.48175110000000004,0.9911175,0.8851773999999999,0.010239828000000001,0.1699404,1.47492e-05,7.555226e-07,7.813891900000001e-07,9.738118499999999e-07,1.4146464e-06,1.8294769e-06,3.0177310999999997e-06,6.435197999999999e-06,0.1588023,0.018764419999999997,9.083511999999999e-05,82.64437000000001,61.26449,1.1801694999999999e-05,6.530463,0.008625157999999999,3.741393,0.000335489967,3.0282017899999997e-05,0.01827751,13.978075,0.000335489967,3.0282017899999997e-05,0.004670889,7.399839,0.000335489967,3.0282017899999997e-05,0.0014379231999999999,7.089391999999999,0.000335489967,3.0282017899999997e-05,0.0037570599999999996,8.862876999999999e-07,1.49831e-05,0.047860787,4.181176000000001,0.0043926752,-0.002176749,-0.002645481,6.917666e-07,8.100581e-06
73,1609179000,0.3717352,0.3717491,0.001564647,-0.7299089000000001,1.146222,0.479476,1.032446,0.9225281000000001,0.011211613000000002,0.17042719999999997,1.467074e-05,7.352545000000001e-07,7.601514e-07,9.203887999999999e-07,1.3340743e-06,1.7014824e-06,2.69751e-06,5.840767e-06,0.1678151,0.01795735,8.027667000000001e-05,82.09314,59.831320000000005,1.2348839999999999e-05,6.343539,0.009146793,3.8891039999999997,0.00042127483,3.8093052e-05,0.01890437,14.724470000000002,0.00042127483,3.8093052e-05,0.004790310000000001,8.805499,0.00042127483,3.8093052e-05,0.0015742099,8.473934400000001,0.00042127483,3.8093052e-05,0.0037578539999999993,9.183275000000001e-07,1.502041e-05,0.042617104,6.2487189999999995,0.004352565000000001,-0.002144824,-0.0026391970000000002,6.247083999999999e-07,7.933045e-06
73,1609179600,0.5986189000000001,0.5986331,0.019086699999999998,-0.9847849999999999,1.380379,0.6430703,1.248075,1.1381963000000002,0.017356567999999996,0.2771591,1.5849990000000002e-05,1.8430942000000001e-06,1.92039686e-06,2.2910412e-06,3.1940107e-06,4.1507632999999996e-06,6.566666699999999e-06,1.3300353e-05,0.28119320000000003,0.01798905,9.224190000000001e-05,75.98885,56.3362,1.9881289999999998e-05,6.50512,0.011450461,6.27377,0.00051724736,4.68932078e-05,0.024369999999999996,24.71703,0.00051724736,4.68932078e-05,0.004946067,11.043023999999999,0.00051724736,4.68932078e-05,0.0018646999999999997,10.773643,0.00051724736,4.68932078e-05,0.0037617579999999996,1.2401618000000001e-06,1.536838e-05,0.029060908000000003,2.1185832,0.0038178549999999998,-0.0018569639999999998,-0.0024323219999999998,7.282975e-07,8.173612e-06
73,1609180200,0.5119949,0.5120091,-0.006150617999999999,-0.8769505000000001,1.321167,0.5846262000000001,1.1714989999999998,1.0631192999999999,0.016606949000000003,0.23936940000000004,1.5217429999999998e-05,1.2546448000000001e-06,1.27986182e-06,1.5386744e-06,2.1467573e-06,2.7256731999999998e-06,4.234981e-06,8.838907e-06,0.2366758,0.019183589999999997,0.00011470059999999998,80.6291,57.737379999999995,1.7007030000000004e-05,6.430707,0.010563686,5.3459140000000005,0.0006971395999999999,6.334369e-05,0.02241054,20.76001,0.0006971395999999999,6.334369e-05,0.00513476,13.947268000000003,0.0006971395999999999,6.334369e-05,0.002004926,13.780906000000002,0.0006971395999999999,6.334369e-05,0.003766816,1.1409845e-06,1.5293940000000002e-05,-0.25008904000000004,11.286677100000002,0.005010036800000001,-0.001974565,-0.002525086,7.135844e-07,9.324273000000001e-06
73,1609180800,0.3985977,0.398612,0.014136569999999998,-0.7506614,1.1945999999999999,0.5050855,1.073132,0.9589798000000002,0.009413314,0.18205290000000002,1.4870960000000001e-05,6.46417e-07,6.5334599e-07,8.0068971e-07,1.1950294e-06,1.4901571e-06,2.3726631e-06,5.2583078000000005e-06,0.17900319999999997,0.020081529999999997,0.00020100802,83.47314,60.282709999999994,1.3244649999999999e-05,6.290874999999999,0.009235857000000002,4.175725,0.000564883368,5.1279452499999996e-05,0.0195205,15.674669999999997,0.000564883368,5.1279452499999996e-05,0.0049213569999999995,11.166344,0.000564883368,5.1279452499999996e-05,0.0017019887,10.92887,0.000564883368,5.1279452499999996e-05,0.0037833229999999995,9.504625000000001e-07,1.5254559999999998e-05,-0.0007585870000000012,1.8228110000000002,0.0022704144,-0.002147039,-0.0026351260000000002,7.065469e-07,7.962273000000001e-06
73,1609181400,0.5264692000000001,0.5264834,0.02061291,-0.9386879,1.3183899999999997,0.6025154,1.188224,1.0792100000000002,0.011847903000000002,0.2347776,1.516625e-05,1.0926804000000002e-06,1.10051586e-06,1.3205427299999999e-06,1.8956675e-06,2.3507855599999997e-06,3.7091312000000003e-06,7.892710299999999e-06,0.24464709999999998,0.01842745,0.00013964957,77.94232,57.33391,1.749531e-05,6.099972000000001,0.010654954000000001,5.491474999999999,0.00060995794,5.5380837999999994e-05,0.022747589999999998,21.426489999999998,0.00060995794,5.5380837999999994e-05,0.005030429,12.245068,0.00060995794,5.5380837999999994e-05,0.0019150290000000004,12.028815,0.00060995794,5.5380837999999994e-05,0.0037607640000000006,1.1285962e-06,1.524408e-05,0.042882226,7.018071399999999,0.0059191040000000006,-0.00197446,-0.002507989,6.821272e-07,8.239553999999999e-06
73,1609182000,0.37726669999999995,0.37728090000000003,0.02485744,-0.7876337999999999,1.166511,0.4935607,1.0348449,0.9283029,0.010682267,0.17495199999999997,1.4844669999999998e-05,8.6441776e-07,8.917405e-07,1.07526202e-06,1.5292273999999998e-06,1.93889809e-06,3.0614553000000003e-06,6.3958520999999995e-06,0.1710539,0.01749171,7.103174e-05,79.53377,59.45978,1.2534610000000001e-05,6.251016999999999,0.008952423,3.910586,0.00040564985,3.666725699999999e-05,0.019013790000000003,14.90788,0.00040564985,3.666725699999999e-05,0.004730716,8.215432999999999,0.00040564985,3.666725699999999e-05,0.0015333542,7.927576999999999,0.00040564985,3.666725699999999e-05,0.0037562299999999993,9.415036e-07,1.5032019999999999e-05,0.015183475999999998,2.878724,0.003808099,-0.002132873,-0.002622933,7.020318e-07,8.104632e-06
73,1609182600,0.4678044,0.46781819999999996,0.017198544,-1.0133763999999998,1.2256880000000003,0.578613,1.0975830000000002,0.9952801000000001,0.016666298,0.2160103,1.5313260000000002e-05,1.3904831000000002e-06,1.407512e-06,1.6513392999999998e-06,2.2350069999999998e-06,2.7374632e-06,4.162849e-06,8.312919e-06,0.21622539999999998,0.01758768,6.591571e-05,78.96884,57.80281000000001,1.554451e-05,6.234954999999999,0.010031772999999999,4.8610169999999995,0.00042909013000000005,3.8786659e-05,0.0212935,18.87939,0.00042909013000000005,3.8786659e-05,0.004835849,9.100464,0.00042909013000000005,3.8786659e-05,0.001691312,8.833004999999998,0.00042909013000000005,3.8786659e-05,0.003756272,1.0938421e-06,1.5174869999999999e-05,-0.040732450999999996,9.750759,0.0056162028,-0.00202758,-0.002512952,7.384870999999999e-07,8.9613e-06
73,1609183200,0.4210895,0.4211037,0.0067511216,-1.3683949,1.0919588,0.5841649,0.9661044000000001,0.8773769999999999,0.016083566,0.1978001,1.4896630000000001e-05,8.324102899999999e-07,8.4945721e-07,1.0167981900000002e-06,1.4610051e-06,1.7982315e-06,2.8556795999999997e-06,6.0604785e-06,0.19317299999999998,0.01729083,6.547736e-05,80.33265000000002,58.684760000000004,1.3996356000000002e-05,6.208017,0.009740547999999998,4.397241999999999,0.000472857424,4.2937154999999996e-05,0.020109380000000003,16.928899999999995,0.000472857424,4.2937154999999996e-05,0.004782588,10.231952999999999,0.000472857424,4.2937154999999996e-05,0.001582487,9.939158899999999,0.000472857424,4.2937154999999996e-05,0.003773505,9.394861e-07,1.5162040000000001e-05,0.05876287299999999,2.8210812,0.0043190615,-0.002165741,-0.002584604,6.476607e-07,7.938237e-06
73,1609183800,0.37602440000000004,0.3760385,-0.015048248,-1.0434852,1.138611,0.5296667,0.9823044999999999,0.8783892000000002,0.015255241,0.180985,1.460276e-05,5.0532975e-07,5.1401087e-07,6.5650665e-07,1.0438453e-06,1.3495791000000002e-06,2.208712e-06,5.1025407e-06,0.170174,0.0176859,0.00014040257,84.174,59.60963,1.2495149e-05,6.283081,0.008895856,3.9398989999999996,0.000486491584,4.4142928300000005e-05,0.01895286,14.90868,0.000486491584,4.4142928300000005e-05,0.004835278,10.084424,0.000486491584,4.4142928300000005e-05,0.0016176575999999998,9.827971000000002,0.000486491584,4.4142928300000005e-05,0.0037753220000000002,1.0624897e-06,1.525987e-05,-0.642289374,46.5875936,0.0085302245,-0.0021547,-0.002609721,8.411632e-07,1.0540766e-05
73,1609184400,0.5819374,0.5819513000000001,-0.02136594,-0.9933211,1.394406,0.6443285000000001,1.220924,1.1105575,0.01992718,0.27690590000000004,1.4396179999999998e-05,4.795189999999999e-07,4.3618091e-07,5.491308e-07,9.670778e-07,1.143109e-06,1.8414684000000002e-06,4.65666e-06,0.27010680000000004,0.020675179999999998,0.00017577136000000005,82.28702000000001,57.3048,1.9356120000000004e-05,5.7236139999999995,0.011199131999999999,6.094892,0.00050211739,4.55110494e-05,0.023932299999999997,23.68346,0.00050211739,4.55110494e-05,0.004917699,11.176046,0.00050211739,4.55110494e-05,0.001845414,10.919368,0.00050211739,4.55110494e-05,0.0037525999999999996,1.2129477e-06,1.5270460000000003e-05,0.039197262000000004,2.8921172,0.0034834107000000004,-0.0018741170000000002,-0.0024349410000000004,6.932404e-07,8.347808e-06
73,1609185000,0.4549175,0.45493179999999994,-0.01729624,-1.1637849999999998,1.1906611,0.5875812,1.0560322999999998,0.9407910000000002,0.018036287,0.2105647,1.5090319999999998e-05,1.0136763e-06,1.03831114e-06,1.2565629e-06,1.7734438999999998e-06,2.2456444000000003e-06,3.5693739e-06,7.551996999999999e-06,0.20710199999999998,0.020171539999999998,0.00016559270000000002,82.14014,59.66058999999999,1.510778e-05,6.483923,0.00988719,4.797983,0.00043088686,3.896571499999999e-05,0.02080564,18.25062,0.00043088686,3.896571499999999e-05,0.004821414,9.047754000000001,0.00043088686,3.896571499999999e-05,0.001651149,8.780221999999998,0.00043088686,3.896571499999999e-05,0.0037601580000000004,1.0430453e-06,1.5148650000000003e-05,0.014895979999999994,8.6861817,0.006749978000000001,-0.00208985,-0.002549979,7.640631000000001e-07,9.63045e-06
73,1609185600,0.4731915,0.4732054,0.0008805300000000002,-1.054717,1.253402,0.5894844,1.1017842999999998,0.9926185999999999,0.013724528000000003,0.2225171,1.516229e-05,1.3017944e-06,1.35416907e-06,1.5977250000000004e-06,2.2188472e-06,2.774131e-06,4.3215257000000005e-06,8.795549e-06,0.21576469999999998,0.020628309999999997,0.00017914140000000004,79.80320999999999,59.252480000000006,1.571848e-05,6.482477,0.009987429999999999,4.926572999999999,0.000741611229,6.74991094e-05,0.021241950000000002,18.83549,0.000741611229,6.74991094e-05,0.005022069999999999,14.038261,0.000741611229,6.74991094e-05,0.0018961844,13.92377,0.000741611229,6.74991094e-05,0.0037480029999999998,1.1203321999999998e-06,1.513761e-05,-0.34096479969999993,15.7172242,0.0052334154,-0.001987066,-0.002501964,7.446663e-07,8.831509e-06
73,1609186200,0.41229940000000004,0.41231340000000005,-0.02343385,-1.1662488,1.159873,0.5629703000000001,0.9984675000000001,0.8964646000000001,0.015414661000000001,0.1981512,1.440333e-05,4.695202e-07,4.5887700000000007e-07,5.747608e-07,9.488944e-07,1.1897221999999999e-06,1.9212247e-06,4.5967669999999995e-06,0.1859261,0.02007648,0.00013605928,85.06880000000001,60.058670000000006,1.3698481e-05,6.193347,0.009424616,4.312773999999999,0.0006008312,5.453341e-05,0.019800699999999997,16.29987,0.0006008312,5.453341e-05,0.004953126,11.397018,0.0006008312,5.453341e-05,0.0018001240000000002,11.201254,0.0006008312,5.453341e-05,0.0037381090000000007,1.0049041e-06,1.4962979999999997e-05,-0.008244320000000003,2.0229174,0.0030059749999999997,-0.0020645,-0.002529987,7.190679e-07,8.020687e-06
73,1609186800,0.4217603,0.4217747,-0.024347650000000002,-1.0970086000000001,1.127472,0.5610756000000001,1.032481,0.9336283999999999,0.007818923,0.18581769999999997,1.519247e-05,1.1864208000000005e-06,1.2162081199999997e-06,1.43774362e-06,1.9685122e-06,2.5017826e-06,3.7595183e-06,7.677952e-06,0.194733,0.01604177,8.444530000000002e-05,78.17362,57.7327,1.4014380000000001e-05,6.344305,0.009561944,4.419557,0.00034274106,3.0874394e-05,0.0204008,17.121319999999997,0.00034274106,3.0874394e-05,0.004783638000000001,7.953112000000002,0.00034274106,3.0874394e-05,0.0016003570000000002,7.5831409999999995,0.00034274106,3.0874394e-05,0.0037602489999999994,1.0117123e-06,1.5123979999999998e-05,0.08283584599999999,10.8259969,0.005184996,-0.002089558,-0.0025718250000000002,7.553244e-07,9.160579000000001e-06
73,1609187400,0.2766296,0.2766436,-0.010160480999999999,-0.8981840999999999,0.9958438000000001,0.4430537,0.8568636,0.7570355999999999,0.012667469,0.13662255,1.455568e-05,6.3786934e-07,6.531191000000001e-07,7.791501599999999e-07,1.1006261e-06,1.3807261e-06,2.1241624e-06,4.448966e-06,0.1212664,0.01696106,7.532295000000001e-05,84.95815999999999,63.27789000000001,9.186673e-06,6.422476999999999,0.0075199310000000005,2.907258,0.00042106003500000003,3.81713694e-05,0.015888930000000002,10.648621,0.00042106003500000003,3.81713694e-05,0.004651316,8.059677,0.00042106003500000003,3.81713694e-05,0.0013777413,7.817034000000001,0.00042106003500000003,3.81713694e-05,0.0037457339999999997,8.010825999999999e-07,1.4819569999999999e-05,0.022131045100000003,2.621893,0.0026670269999999998,-0.0022715139999999997,-0.0026918360000000004,6.731231000000001e-07,7.788349e-06
73,1609188000,0.33593270000000003,0.3359467,0.016029708,-1.2189402,1.0194315,0.5097058999999999,0.8867895000000001,0.7988493999999999,0.009360869999999999,0.15689369999999997,1.490184e-05,1.00917866e-06,1.03238113e-06,1.20495012e-06,1.6158146000000003e-06,1.92832331e-06,2.914583e-06,5.5709822999999994e-06,0.15303470000000002,0.01484204,7.322513e-05,81.89725000000001,59.37023999999999,1.1163852e-05,6.129531,0.008744832000000001,3.54223,0.000518709164,4.7088467300000006e-05,0.017995600000000004,13.463719000000001,0.000518709164,4.7088467300000006e-05,0.004808926,10.1989765,0.000518709164,4.7088467300000006e-05,0.001583916,9.937293299999999,0.000518709164,4.7088467300000006e-05,0.0037485860000000004,9.608778000000001e-07,1.4973930000000001e-05,-0.067656242,36.7593397,0.008035802300000002,-0.0022086410000000003,-0.002618364,9.295188e-07,1.0756208000000002e-05
73,1609188600,0.2381211,0.2381351,0.0139873984,-1.2447747,0.889227,0.43113060000000003,0.7470606999999999,0.6598702,0.009351389,0.1123568,1.4211320000000002e-05,2.0922531000000004e-07,2.0052915999999998e-07,2.6325766999999995e-07,4.5631169999999996e-07,5.6479996e-07,9.231962000000002e-07,2.2657864e-06,0.10033595,0.018606980000000002,0.00011237808,89.24148,67.42979,7.913693e-06,6.114364999999999,0.007175171999999999,2.508607,0.00034125158,3.0784242000000004e-05,0.014282669999999997,8.781963000000001,0.00034125158,3.0784242000000004e-05,0.0045641349999999995,6.568036000000001,0.00034125158,3.0784242000000004e-05,0.0012620302000000002,6.285038999999999,0.00034125158,3.0784242000000004e-05,0.003750731,8.048190000000001e-07,1.483535e-05,0.0206327,19.333469,0.007658207980000001,-0.002363599,-0.002737943,7.904819e-07,9.976659e-06
73,1609189200,0.231488,0.231502,-0.0008423279999999998,-1.553236,0.7849741,0.4410731,0.65852,0.5958182999999999,0.010079979,0.11154405,1.4293490000000004e-05,2.4303980000000005e-07,2.3894283e-07,3.1200891000000007e-07,5.159312e-07,6.278955999999999e-07,1.0600876e-06,2.4655996e-06,0.09644844999999999,0.01909554,0.00019436652999999996,89.60725,68.10576999999999,7.691614e-06,6.165408000000001,0.007452429999999999,2.4712400000000003,0.00036370608,3.2832575999999996e-05,0.01406388,8.518874,0.00036370608,3.2832575999999996e-05,0.004622949999999999,7.4989712000000015,0.00036370608,3.2832575999999996e-05,0.0013023459,7.222082899999998,0.00036370608,3.2832575999999996e-05,0.0037460519999999997,6.892874e-07,1.4712369999999998e-05,-0.023683546,3.3192272000000003,0.0022751757,-0.0024193080000000002,-0.0027490100000000005,6.551996e-07,7.785933999999999e-06
73,1609189800,0.28075760000000005,0.2807715,0.016652459,-1.0644419,0.9458162999999999,0.44825269999999995,0.8068747000000001,0.7150344,0.010781967,0.13470849999999998,1.4451150000000001e-05,3.2937598999999996e-07,3.2515833e-07,4.2232345e-07,6.659550600000001e-07,8.526950499999999e-07,1.3991395e-06,3.2822878999999996e-06,0.12184194000000001,0.01840588,0.00012323078,86.89676,68.48307,9.330194000000001e-06,6.260402999999999,0.007550309999999999,2.987047,0.000261233419,2.3571514500000003e-05,0.015246837,10.752545,0.000261233419,2.3571514500000003e-05,0.004476139,5.3745179,0.000261233419,2.3571514500000003e-05,0.0011634719,5.0752598,0.000261233419,2.3571514500000003e-05,0.0037703929999999995,8.004441999999999e-07,1.4993899999999997e-05,-0.0006766399999999978,13.518886,0.0051353822,-0.002342434,-0.0027311399999999995,7.145819000000001e-07,8.704769e-06
73,1609190400,0.22745949999999998,0.22747379999999998,0.015632878,-1.1590946,0.8452377,0.4145244,0.7428976,0.6496324,0.007593599000000001,0.10915654,1.4469500000000003e-05,3.593549e-07,3.834577e-07,4.963363999999999e-07,7.423622000000001e-07,9.886196999999998e-07,1.6463397e-06,3.6865439999999997e-06,0.09697352000000001,0.016678000000000002,6.95603e-05,86.04601,68.64006,7.5517410000000005e-06,6.413180999999999,0.006974478000000001,2.4019690000000002,0.00034490708399999997,3.11529004e-05,0.013948162,8.536000000000001,0.00034490708399999997,3.11529004e-05,0.004639596,7.027761,0.00034490708399999997,3.11529004e-05,0.0013043699,6.745447,0.00034490708399999997,3.11529004e-05,0.003762529999999999,6.593306e-07,1.480641e-05,0.04880586,2.841852,0.0029494143,-0.002440978,-0.0027937590000000003,6.499765e-07,7.683004e-06
73,1609191000,0.3050038,0.305018,0.017367222999999998,-1.1570676,0.9750681,0.4828876999999999,0.876552,0.7832863999999999,0.009093551,0.13736015,1.438272e-05,3.281548e-07,3.3441909999999996e-07,4.381322e-07,7.284427000000001e-07,9.530878e-07,1.6318408999999997e-06,3.902381e-06,0.13766178,0.014754879999999998,7.661e-05,84.01766,60.179629999999996,1.0130097e-05,6.345426000000001,0.008123229999999999,3.220089,0.000386638325,3.4939880900000004e-05,0.017049019999999998,12.140259000000002,0.000386638325,3.4939880900000004e-05,0.004708935,7.501508999999999,0.000386638325,3.4939880900000004e-05,0.0014486296,7.2120091,0.000386638325,3.4939880900000004e-05,0.0037630320000000004,8.198623000000001e-07,1.496383e-05,-0.96584391,40.991641900000005,0.003977206499999999,-0.0023074030000000004,-0.002703319,7.987254999999999e-07,9.720067e-06
73,1609191600,0.20707499999999998,0.20708929999999998,-0.028439029999999997,-1.2655632,0.8212751,0.4073367,0.6965087999999999,0.6162561999999999,0.004929567000000001,0.09886792,1.4519879999999998e-05,3.3798365999999995e-07,3.4067871e-07,4.0942825000000004e-07,5.883516e-07,7.336425e-07,1.1403421000000002e-06,2.5426411e-06,0.08728910000000001,0.016173680000000003,6.77244e-05,91.90890000000002,66.08289,6.876022e-06,6.325198,0.006781977,2.1938669999999996,0.0002181863,1.9496488000000003e-05,0.01363947,7.713706999999999,0.0002181863,1.9496488000000003e-05,0.004570718,5.235979,0.0002181863,1.9496488000000003e-05,0.0012173275,4.892062,0.0002181863,1.9496488000000003e-05,0.0037699969999999998,6.960532e-07,1.4890310000000001e-05,0.0736103,11.291220999999998,0.004563209,-0.00243126,-0.0027892399999999997,7.096767e-07,8.618524999999999e-06
73,1609192200,0.30954619999999994,0.30956020000000006,0.006258857,-0.9070263000000001,1.0719331,0.46660199999999996,0.9172030999999998,0.8082621,0.011513492,0.1492539,1.4531549999999998e-05,3.070470500000001e-07,2.9865561e-07,4.026424e-07,6.454317e-07,8.441660099999999e-07,1.43263435e-06,3.4343688e-06,0.1376697,0.01695786,0.00013754045,86.91447000000001,61.357569999999996,1.0283229999999999e-05,6.21254,0.008106387000000001,3.3013149999999998,0.00017883256499999996,1.60062032e-05,0.01709156,12.181194999999999,0.00017883256499999996,1.60062032e-05,0.004396194000000001,3.9782382,0.00017883256499999996,1.60062032e-05,0.0011038732,3.6193854,0.00017883256499999996,1.60062032e-05,0.0037838589999999997,9.107142999999999e-07,1.518701e-05,-0.36782953999999995,28.859987,0.007820022230000001,-0.002277823,-0.002700557,8.263192e-07,1.0395827e-05
73,1609192800,0.3749925,0.3750069,-0.0004997139999999992,-1.2336442,1.1095845000000002,0.5415049,0.9487413,0.8563385,0.012118235000000002,0.18159142999999997,1.4976089999999998e-05,7.749967e-07,8.0425447e-07,9.851026200000003e-07,1.3918189e-06,1.8147255000000001e-06,2.8032272e-06,6.1294481000000005e-06,0.1701265,0.01719359,0.00016060893000000002,80.28811,59.61992,1.2461877000000002e-05,6.220757999999999,0.009104512,3.982911,0.00050512865,4.5762964e-05,0.01900501,15.029315999999998,0.00050512865,4.5762964e-05,0.004923976000000001,10.317553,0.00050512865,4.5762964e-05,0.001686922,10.091064999999999,0.00050512865,4.5762964e-05,0.0037799139999999997,9.914078999999998e-07,1.524006e-05,0.043588954,24.549533800000003,0.007224252400000001,-0.002186795,-0.0026149360000000004,9.147621e-07,1.0929724e-05
73,1609193400,0.36203290000000005,0.36204719999999996,0.014636300999999999,-1.232648,1.0677706,0.5199418,0.9041151,0.8110374,0.0136883,0.17240623,1.4701569999999998e-05,5.488009500000001e-07,5.7175466e-07,7.3456375e-07,1.1451333999999999e-06,1.5198941e-06,2.5583187e-06,5.8478883e-06,0.16288697,0.01796409,0.00015189176,86.10302,62.49303,1.2022714e-05,6.511208000000001,0.008708566000000001,3.878787,0.000535990694,4.86711121e-05,0.01791173,14.455723,0.000535990694,4.86711121e-05,0.0048558460000000005,10.8205667,0.000535990694,4.86711121e-05,0.0015891642000000002,10.5785922,0.000535990694,4.86711121e-05,0.0037866379999999997,9.225399999999998e-07,1.522444e-05,-0.005535280000000002,16.010975900000002,0.006851274,-0.002271736,-0.0026707420000000003,7.380605e-07,9.351967000000001e-06
73,1609194000,0.5306576000000001,0.5306718,0.0094074248,-1.2849367,1.2514500000000002,0.6430170000000001,1.0795451,0.9835797000000002,0.020938098000000002,0.25749419999999995,1.544395e-05,1.2356950999999999e-06,1.2828157e-06,1.5467144e-06,2.20306e-06,2.8442982e-06,4.5598385e-06,9.582980000000002e-06,0.24776457999999998,0.01736141,0.00017819007000000002,79.34773,57.8655,1.7628674e-05,6.493801,0.010990640999999999,5.645287,0.0004916692800000001,4.458107449999999e-05,0.022644599999999994,21.921894,0.0004916692800000001,4.458107449999999e-05,0.004811510999999999,9.890092,0.0004916692800000001,4.458107449999999e-05,0.0016574795999999999,9.655800000000001,0.0004916692800000001,4.458107449999999e-05,0.0037832280000000005,1.2175478999999999e-06,1.549842e-05,0.01830789,16.1464812,0.005786258,-0.001986005,-0.0024531130000000003,7.485586e-07,9.115719e-06
73,1609194600,0.16446297,0.16447709,0.016832440000000004,-0.539933,0.8369883,0.3119891,0.7026213,0.6084560000000001,0.0066739090000000004,0.08327661,1.440915e-05,3.0629972999999996e-07,3.321768e-07,3.9559701000000003e-07,5.531400999999999e-07,7.223731000000001e-07,1.1104916e-06,2.3879994999999997e-06,0.06367595,0.01843356,0.00011567977,93.46748,75.05675,5.462611e-06,6.605223,0.005862681,1.8073307,0.00024180308999999998,2.1691864399999996e-05,0.011463286,5.697411000000001,0.00024180308999999998,2.1691864399999996e-05,0.004442297,4.780346,0.00024180308999999998,2.1691864399999996e-05,0.0010475789000000003,4.4588703999999995,0.00024180308999999998,2.1691864399999996e-05,0.003767401,8.546571000000001e-07,1.499971e-05,-0.21290971499999997,21.980356,0.006874254000000001,-0.002366859,-0.002780356,7.465755e-07,9.191903e-06
73,1609195200,0.1322805,0.1322947,-0.019240038999999997,-0.4660927,0.7849744000000001,0.28415460000000003,0.6344068,0.5396788000000001,0.008323728999999998,0.07730276,1.4723269999999998e-05,4.1125635000000004e-07,4.5620165999999996e-07,5.651780400000001e-07,7.523044000000001e-07,9.972689e-07,1.5562349e-06,3.0428804e-06,0.04766857,0.01839542,6.790048e-05,93.08220999999999,79.70251,4.387355e-06,6.702126,0.005487965,1.4499659999999999,0.00027985851000000004,2.5157182e-05,0.009913043,4.229497,0.00027985851000000004,2.5157182e-05,0.004533753,5.384055000000001,0.00027985851000000004,2.5157182e-05,0.00107967,5.072224,0.00027985851000000004,2.5157182e-05,0.0038000119999999997,1.0099854e-06,1.537635e-05,0.188474478,93.563839,0.013130370999999998,-0.002374205,-0.002776787,1.3917707e-06,1.6947718e-05
73,1609195800,0.24169270000000004,0.2417069,-0.0001919083000000002,-1.2091887000000001,0.894252,0.4278564,0.7373099000000001,0.6377069,0.016485596,0.12241667,1.4847649999999998e-05,5.7047749e-07,6.066770000000001e-07,7.566531e-07,1.1098387e-06,1.5196753000000002e-06,2.5093581e-06,5.7120990000000005e-06,0.10152036,0.0191868,0.00012576604000000003,86.30645999999999,69.39444,8.019731000000002e-06,6.699659,0.007635035,2.5814139999999997,0.000292667808,2.6374284100000004e-05,0.014111025000000003,8.924445,0.000292667808,2.6374284100000004e-05,0.004451816,6.0382749,0.000292667808,2.6374284100000004e-05,0.0010965942999999999,5.7284614,0.000292667808,2.6374284100000004e-05,0.0037986160000000003,1.1341171e-06,1.5447399999999997e-05,0.019834990000000004,76.17305300000001,0.014527473999999999,-0.0023672719999999997,-0.002757566,1.3678295e-06,1.670639e-05
73,1609196400,0.3569321,0.3569462,-0.019252301,-1.259193,0.9953935000000002,0.5125257,0.848501,0.768961,0.014209537999999999,0.16987123999999998,1.44487e-05,3.900692500000001e-07,3.8754255e-07,5.1466945e-07,8.445988999999999e-07,1.1191417e-06,1.9300801999999997e-06,4.4909233e-06,0.15842968,0.01996474,6.163438e-05,82.73762,65.54852000000001,1.1861023e-05,6.1856,0.008738883,3.8172159999999997,0.000498465782,4.52144291e-05,0.01744799,14.062403,0.000498465782,4.52144291e-05,0.004855768000000001,11.056102800000001,0.000498465782,4.52144291e-05,0.0016044671,10.809353699999999,0.000498465782,4.52144291e-05,0.0037578439999999998,9.408675999999997e-07,1.5019089999999998e-05,-0.130537389,18.3907502,0.007841469899999998,-0.002235523,-0.0026350270000000003,7.175206000000001e-07,9.319899e-06
73,1609197000,1.2291698000000002,1.2291857,-0.012822783,-1.2296087,1.9208459999999998,0.9605497,1.671275,1.547598,0.04538558,0.5886999,1.5321690000000002e-05,1.6272071e-06,1.5873074000000002e-06,2.0269658e-06,3.3065199999999997e-06,4.249328e-06,7.245682999999999e-06,1.6530218000000002e-05,0.5943409,0.020042979999999995,0.00016389964,74.84467000000001,53.39898000000001,4.085546e-05,6.411715000000001,0.016981630000000004,12.969149999999999,0.00150400657,0.0001372641357,0.03558316,52.42692999999999,0.00150400657,0.0001372641357,0.005786823,30.040239000000003,0.00150400657,0.0001372641357,0.0029772469999999997,30.172531499999998,0.00150400657,0.0001372641357,0.003761504,2.149416e-06,1.6205010000000006e-05,0.03722682069999999,2.3184512,0.006623398999999999,-0.0012178936,-0.0019864400000000003,7.457732000000001e-07,9.212647999999998e-06
73,1609197600,0.8575353,0.8575482000000001,-0.018155900000000003,-1.1568900000000002,1.579023,0.7899589,1.421181,1.318914,0.01938396,0.3798266,1.67257e-05,2.8737075000000002e-06,2.98988848e-06,3.524138099999999e-06,4.7854774e-06,6.0698086e-06,9.4025818e-06,1.8885638e-05,0.41383420000000004,0.014726920000000001,0.00015505053,72.01561000000001,53.63042,2.8483529999999998e-05,6.2816030000000005,0.013911590000000001,9.002905,0.0009330928,8.493383e-05,0.029569889999999998,36.43003,0.0009330928,8.493383e-05,0.0053762029999999995,18.707572000000003,0.0009330928,8.493383e-05,0.002420173,18.615518,0.0009330928,8.493383e-05,0.0037668109999999997,1.695747e-06,1.5829200000000004e-05,0.055995534,2.3779027,0.0060194253,-0.001541912,-0.0021848299999999996,7.055654e-07,8.824326e-06
73,1609198200,0.6344776999999999,0.6344920000000001,-0.014190138000000001,-1.3946671,1.330541,0.7101908,1.1350473,1.0349579,0.028641124,0.3167055,1.5745050000000003e-05,1.8899829000000001e-06,1.9570669199999997e-06,2.28152724e-06,3.119545199999999e-06,3.8723514e-06,5.934070400000001e-06,1.1868121000000002e-05,0.29859979999999997,0.01853902,6.732541e-05,75.80902,56.333510000000004,2.1074980000000003e-05,6.20882,0.012175957000000001,6.6397319999999995,0.0005073822819999999,4.6031938000000006e-05,0.024931639999999998,26.210680000000004,0.0005073822819999999,4.6031938000000006e-05,0.004759965,9.7254702,0.0005073822819999999,4.6031938000000006e-05,0.001707409,9.4916439,0.0005073822819999999,4.6031938000000006e-05,0.0037532330000000004,1.4878966999999999e-06,1.55152e-05,0.025045566,12.4586244,0.007782517,-0.0017778149999999999,-0.0022733759999999997,8.046821000000002e-07,1.0252263e-05
73,1609198800,0.8923888,0.8924032000000001,0.0003866399999999997,-1.61751,1.5055960000000002,0.8804131999999999,1.294089,1.178174,0.036194,0.41853379999999996,1.5342349999999997e-05,1.3068097000000002e-06,1.2980995999999997e-06,1.6380004999999995e-06,2.495025e-06,3.2136793999999996e-06,5.2851430000000006e-06,1.1802912e-05,0.39885950000000003,0.04720178,0.00010492907999999999,82.68787,60.708360000000006,2.9651170000000003e-05,6.411237,0.01507727,9.243876,0.00131880309,0.000120304517,0.028966460000000006,34.69954,0.00131880309,0.000120304517,0.005474841999999999,25.644945999999997,0.00131880309,0.000120304517,0.002509347,25.695040999999996,0.00131880309,0.000120304517,0.003790018,1.913619e-06,1.620266e-05,0.011352270000000001,9.527146300000002,0.008955385,-0.0015203060000000001,-0.002056799,9.157484999999999e-07,1.1558725e-05
73,1609199400,1.0327722,1.0327872,-0.002000354344,-1.703963,1.5275729999999998,0.9538866,1.31134,1.221563,0.03372372,0.4709903,1.513815e-05,1.1589142e-06,1.12018076e-06,1.4911604000000001e-06,2.3855808e-06,3.0486363e-06,5.2294969e-06,1.1940395999999997e-05,0.4725065,0.043766139999999995,8.596116e-05,80.68321999999999,58.44316,3.432758e-05,6.001984,0.01636243,10.893918000000001,0.0008007144399999999,7.293935029999999e-05,0.031698960000000005,41.6794,0.0008007144399999999,7.293935029999999e-05,0.005057420000000001,17.801652999999998,0.0008007144399999999,7.293935029999999e-05,0.002125164,17.610656999999996,0.0008007144399999999,7.293935029999999e-05,0.003783599,2.144412e-06,1.6340659999999998e-05,0.046538261000000004,9.815830599999998,0.011436562,-0.0014042031,-0.001958264,8.658131999999999e-07,1.1440538999999998e-05
73,1609200000,1.67258,1.672596,-0.0031134028,-1.518542,2.121779,1.194232,1.859158,1.6510269999999998,0.048877199999999996,0.7681302999999999,1.7884299999999997e-05,4.278358599999999e-06,4.48478917e-06,5.4490882999999995e-06,7.4816449e-06,9.8384564e-06,1.5531655800000002e-05,3.2507805e-05,0.6657532,0.17028780000000002,0.00016557039,87.09495,70.61759,5.550502999999999e-05,6.466030000000001,0.020409290000000004,17.761969999999998,0.003730520739999999,0.000341314659,0.03772975,59.06786999999999,0.003730520739999999,0.000341314659,0.006280082000000001,65.33773099999999,0.003730520739999999,0.000341314659,0.003564685,66.748338,0.003730520739999999,0.000341314659,0.0038091699999999993,3.281682e-06,1.750336e-05,0.03851973399999999,3.9602402,0.011078956,-0.0007707441,-0.001528317,9.449878999999998e-07,1.2724055000000001e-05
73,1609200600,3.1045050000000005,3.1045179999999997,-0.000609027,-1.729195,2.479276,1.657746,2.2758309999999997,2.118439,0.07754558,1.3547183999999999,2.041283e-05,6.927776300000001e-06,7.079613799999999e-06,8.417398700000001e-06,1.1842007000000002e-05,1.4404085300000002e-05,2.2105420299999996e-05,4.5723535999999995e-05,1.3857058,0.16622949999999997,0.0001937301,82.8176,61.195409999999995,0.00010317895999999999,6.155473,0.02865065,33.22531,0.0036462357300000004,0.00033346596399999996,0.05442127,123.44079000000002,0.0036462357300000004,0.00033346596399999996,0.00666355,70.630438,0.0036462357300000004,0.00033346596399999996,0.004129368,71.667907,0.0036462357300000004,0.00033346596399999996,0.003875262,5.3516589999999994e-06,1.9508349999999998e-05,0.005767514,1.163324008,0.011017882,0.00016938485,-0.0007589281999999999,9.311884999999999e-07,1.3032786000000002e-05
73,1609201200,3.5257220000000005,3.5257380000000005,-0.0016151107000000001,-1.7370800000000002,2.699781,1.774626,2.416349,2.253595,0.10304756,1.5885969999999998,2.1276199999999998e-05,8.117877e-06,8.140979999999999e-06,9.720586000000001e-06,1.347949e-05,1.7304871e-05,2.6505478e-05,5.4054279999999994e-05,1.593137,0.16936230000000002,0.00021906779999999998,80.59427,59.68562000000001,0.0001171629,6.282658,0.03029088,37.47426,0.0020732526999999996,0.00018924053,0.0585869,141.3813,0.0020732526999999996,0.00018924053,0.0066952949999999995,57.462724,0.0020732526999999996,0.00018924053,0.00415556,57.098673,0.0020732526999999996,0.00018924053,0.003935841000000001,6.338389000000001e-06,2.059696e-05,-0.011026260000000001,1.243363271,0.013505881000000003,0.00045212270000000003,-0.0004919559000000001,1.1793833999999998e-06,1.5579981e-05
73,1609201800,3.8755940000000004,3.8756079999999997,-0.0011682828,-1.736843,2.8126990000000003,1.854814,2.509238,2.335383,0.09615532,1.703353,2.0728660000000004e-05,7.67851e-06,8.008601999999999e-06,9.775567000000001e-06,1.4610783000000003e-05,1.9130541e-05,3.1208785000000004e-05,6.79663e-05,1.788957,0.14835330000000002,0.0003219307,79.2054,57.72841,0.000128718,6.4798029999999995,0.03200959,41.01517,0.007445668400000001,0.0006816385560000001,0.06191310999999999,158.2669,0.007445668400000001,0.0006816385560000001,0.007869935,130.58246000000003,0.007445668400000001,0.0006816385560000001,0.005383159,133.696166,0.007445668400000001,0.0006816385560000001,0.0039844270000000005,7.31584e-06,2.161268e-05,0.04278921,8.607565385,0.021070628,0.0006895224,-0.00035049589,1.7595619999999999e-06,2.08752e-05
73,1609202400,3.032433,3.032448,0.0005763985,-1.736399,2.468737,1.644746,2.2462790000000004,2.0776380000000003,0.07993270999999999,1.337905,1.762336e-05,4.2882902e-06,4.02334008e-06,4.8625107e-06,7.297829e-06,8.4640103e-06,1.35137172e-05,2.9238091000000003e-05,1.378499,0.1375071,0.00013477424999999997,83.35979999999999,59.13328,0.00010085248000000001,5.411574,0.02841905,32.05741,0.005676500249999999,0.000519613685,0.05438248,121.83689999999999,0.005676500249999999,0.000519613685,0.007322598999999999,107.82203,0.005676500249999999,0.000519613685,0.0048076510000000005,109.74341,0.005676500249999999,0.000519613685,0.003873902,5.5447739999999995e-06,1.967142e-05,-0.032674450999999986,3.5430702340000004,0.010915212999999998,0.00018249012,-0.0007414001,1.3885421000000002e-06,1.6969484000000004e-05
73,1609203000,2.76537,2.765385,-0.003590248,-1.553261,2.6965570000000003,1.5402239999999998,2.3449840000000006,2.0974019999999998,0.11457818,1.2904455,1.61893e-05,2.814973e-06,2.5463176e-06,3.2008211999999997e-06,5.258428e-06,6.131781099999999e-06,1.0141750800000001e-05,2.313486e-05,1.2435741999999999,0.13888360000000002,0.00017021447999999997,85.74434,60.38832,9.197673e-05,5.941408,0.02599477,29.63807,0.0033113682699999992,0.00030285427300000007,0.05155026,110.78335,0.0033113682699999992,0.00030285427300000007,0.006631239,67.605,0.0033113682699999992,0.00030285427300000007,0.004075850000000001,68.26671,0.0033113682699999992,0.00030285427300000007,0.003865313,5.016845000000001e-06,1.917966e-05,0.020226898,6.1924109000000005,0.018057808,-6.392447000000001e-05,-0.0009718628,1.2904707000000002e-06,1.7382359e-05
73,1609203600,2.132646,2.13266,-0.003985008,-1.360878,2.500576,1.322866,2.2334560000000003,1.943008,0.06853597,0.9480273,1.892054e-05,5.3616401e-06,5.4721967e-06,6.3899053e-06,8.562303000000001e-06,1.04405387e-05,1.5696392e-05,3.0865971e-05,0.8885471,0.17751299999999998,0.00017437929999999997,89.15277999999998,67.19651999999999,7.085912e-05,6.338281,0.021985200000000003,22.66802,0.00360943957,0.0003302608649,0.04343991,78.70611000000001,0.00360943957,0.0003302608649,0.006552906,68.17593500000001,0.00360943957,0.0003302608649,0.003931929999999999,69.271096,0.00360943957,0.0003302608649,0.003840694,4.529951999999999e-06,1.8632449999999995e-05,0.0066625600000000005,1.3865954999999999,0.010829548,-0.000256777,-0.0011165774999999998,9.600826999999998e-07,1.2616085000000002e-05
73,1609204200,3.078435,3.0784500000000006,-0.00344582,-1.0954859,3.145485,1.5190990000000002,2.7713720000000004,2.467051,0.07731036999999999,1.407702,1.852448e-05,5.2447293e-06,5.246810000000001e-06,6.332693299999999e-06,9.034479e-06,1.09489216e-05,1.7127824299999996e-05,3.674947599999999e-05,1.3484602,0.1904421,0.0002174645,85.54104000000001,62.85797,0.00010229626999999999,5.9762129999999996,0.025927440000000003,32.31074,0.00202947651,0.00018528637500000002,0.053413220000000004,118.55340999999999,0.00202947651,0.00018528637500000002,0.006120833,42.001954,0.00202947651,0.00018528637500000002,0.003631487,42.12978199999999,0.00202947651,0.00018528637500000002,0.0039102239999999995,5.937086e-06,1.9965790000000004e-05,0.05446349700000001,6.674295000000001,0.019520925,0.0002287462,-0.0008344324999999999,1.3769470000000001e-06,1.7349218000000002e-05
73,1609204800,2.510246,2.51026,-0.0015197739999999993,-0.7825022,2.974253,1.314161,2.7009820000000007,2.371048,0.053425770000000004,1.0958745,1.677507e-05,3.1969485e-06,3.3457888e-06,4.4749275e-06,7.121258000000001e-06,9.8247227e-06,1.6947636999999998e-05,3.735542500000001e-05,1.0712430999999998,0.1835136,0.00028071699999999993,84.09817000000001,64.83086999999999,8.336223e-05,6.16315,0.022608410000000002,26.787170000000003,0.00536855223,0.000491436651,0.047971820000000005,95.12168,0.00536855223,0.000491436651,0.0071570819999999995,96.00130500000002,0.00536855223,0.000491436651,0.0046429309999999994,98.04348999999999,0.00536855223,0.000491436651,0.0038897919999999996,5.163141e-06,1.928628e-05,-0.006946451000000001,1.229712,0.008356451,1.1347960000000003e-05,-0.0010444303,8.559175000000001e-07,1.0839876999999998e-05
73,1609205400,4.084719999999999,4.084734,0.003007866,-1.1883808999999999,3.442494,1.770895,3.1581970000000004,2.827062,0.08240569,1.764682,1.8674159999999995e-05,5.5704306e-06,5.413697e-06,6.6926523e-06,1.0143642e-05,1.27775124e-05,2.0871597000000004e-05,4.5720491e-05,1.8735359999999996,0.1684081,0.00030381239999999996,81.35023000000001,58.6712,0.0001358087,5.982467000000001,0.03015654,42.95771,0.00323751334,0.00029592551900000004,0.06301965,165.0218,0.00323751334,0.00029592551900000004,0.007030191999999999,69.170155,0.00323751334,0.00029592551900000004,0.004569914,69.777442,0.00323751334,0.00029592551900000004,0.003994614,7.362389999999999e-06,2.1446669999999997e-05,-0.0013840013999999981,1.9529458000000002,0.013976128999999999,0.0007522287000000001,-0.000451332291,1.0524719e-06,1.439281e-05
73,1609206000,4.937941,4.937956999999999,-0.003551981,-1.5576830000000002,3.511833,2.056954,3.160597,2.894975,0.10909499,2.16857,2.515137e-05,1.2660801000000002e-05,1.29598236e-05,1.53441115e-05,2.1242574999999997e-05,2.661154e-05,4.1131496999999996e-05,8.2594482e-05,2.314822,0.15351990000000001,0.00040545900000000005,77.55717,56.28293,0.000164058,6.1778,0.034511650000000005,51.7503,0.0038989722900000003,0.00035647132599999997,0.07031393,203.47179999999997,0.0038989722900000003,0.00035647132599999997,0.007122802999999999,73.86852400000001,0.0038989722900000003,0.00035647132599999997,0.004655852,75.019484,0.0038989722900000003,0.00035647132599999997,0.004072974,8.643886e-06,2.287529e-05,0.007786912400000001,0.9824898699999999,0.013388815000000002,0.0011780686,-3.492072000000001e-05,1.1051303000000002e-06,1.479446e-05
73,1609206600,4.331021999999999,4.331037,-0.0028394939999999993,-1.608173,3.160633,1.9299060000000001,2.8895759999999995,2.6529819999999997,0.0969473,1.8823899999999998,2.701762e-05,1.4043822e-05,1.43896026e-05,1.6740515e-05,2.2585269e-05,2.8556564000000005e-05,4.3240498e-05,8.520714000000001e-05,2.003138,0.1617108,0.0004235701,77.25902,57.72079,0.00014387270000000002,6.372819000000002,0.032478419999999994,45.44425,0.004913923860000001,0.00044964664800000006,0.06524617,176.2903,0.004913923860000001,0.00044964664800000006,0.007485105000000001,96.21052,0.004913923860000001,0.00044964664800000006,0.005005048,97.72954999999999,0.004913923860000001,0.00044964664800000006,0.004035084,7.903946e-06,2.229589e-05,0.0077302260000000015,2.79093598,0.019456214,0.0008686981,-0.00022908472,1.3529179e-06,1.886225e-05
73,1609207200,3.9036079999999997,3.903619999999999,-0.007643058999999999,-1.450267,3.2233360000000006,1.808014,2.925014,2.648744,0.06834446999999999,1.7068079999999999,2.2235860000000002e-05,8.9031936e-06,9.0981234e-06,1.0576499800000001e-05,1.4785820999999997e-05,1.8238753e-05,2.7828356e-05,5.5504279000000006e-05,1.773558,0.1777397,0.0003516405000000001,80.0207,59.20407,0.0001297445,6.185964,0.03013615,40.95949,0.00239505566,0.00021872934499999998,0.06159789,156.16259999999997,0.00239505566,0.00021872934499999998,0.006761812000000001,56.107884999999996,0.00239505566,0.00021872934499999998,0.004267947,56.377613,0.00239505566,0.00021872934499999998,0.004062153000000001,7.918632e-06,2.2436829999999997e-05,0.019153852,1.7645914999999999,0.013438582,0.0008696903000000001,-0.00028060167000000004,1.4426530000000002e-06,1.716871e-05
73,1609207800,4.036804,4.036817000000001,-0.004914473,-1.597426,3.1630700000000003,1.866394,2.8128859999999998,2.5368410000000003,0.11022814,1.7815450000000002,2.335407e-05,1.0253877e-05,1.06241734e-05,1.2784479000000002e-05,1.8008325000000003e-05,2.3303194999999997e-05,3.6014586e-05,7.437717000000001e-05,1.80368,0.21410150000000003,0.00042625660000000006,83.01267999999999,61.04083000000001,0.00013404663999999996,6.540675,0.03100331,41.707409999999996,0.0067617258999999996,0.0006189087000000001,0.06154417000000001,157.1596,0.0067617258999999996,0.0006189087000000001,0.008106084,126.91908000000001,0.0067617258999999996,0.0006189087000000001,0.005624796,129.28728,0.0067617258999999996,0.0006189087000000001,0.004101253,8.983633e-06,2.355758e-05,0.013544517,14.87299764,0.020224910000000002,0.0010273906,-0.00010358057,2.6335411000000003e-06,2.9227159999999998e-05
73,1609208400,4.163193,4.1632109999999996,-0.0038572840000000003,-1.635291,3.123809,1.904545,2.8153230000000002,2.535265,0.12357498999999998,1.8223030000000002,1.8607450000000004e-05,5.308264000000001e-06,5.353575699999999e-06,7.0391372999999994e-06,1.1155135e-05,1.4571534e-05,2.4878401e-05,5.6767543000000006e-05,1.8629950000000002,0.2180298,0.0004429445,84.5784,60.72586,0.00013825969999999997,6.321383,0.031851040000000004,43.48849,0.0063213503,0.00057853207,0.06279234,163.2996,0.0063213503,0.00057853207,0.00801569,118.27489,0.0063213503,0.00057853207,0.005562999000000001,120.71588999999999,0.0063213503,0.00057853207,0.004102276,8.91182e-06,2.34165e-05,-0.046442625,1.6640192800000002,0.014831234999999998,0.0010962576,-1.578612e-05,1.6612729e-06,1.80452e-05
73,1609209000,3.9881079999999995,3.9881240000000004,-0.004031654000000001,-1.68894,2.9469509999999994,1.8794629999999999,2.684782,2.4437239999999996,0.05012004999999999,1.6779389999999998,2.107328e-05,7.3774251e-06,7.4900449e-06,9.0585711e-06,1.3356735e-05,1.70020224e-05,2.7081874e-05,5.830364499999999e-05,1.7783609999999999,0.2151688,0.00037688459999999995,83.90455,60.82583999999999,0.0001325068,6.308064,0.031839309999999996,42.331100000000006,0.006922840249999999,0.0006337245079999999,0.061916070000000004,157.47320000000002,0.006922840249999999,0.0006337245079999999,0.007681651,123.672289,0.006922840249999999,0.0006337245079999999,0.005186234999999999,126.38584900000001,0.006922840249999999,0.0006337245079999999,0.0040187800000000004,7.126389999999999e-06,2.178916e-05,-0.007925794,2.016866841,0.015920722,0.0006460611000000001,-0.000361951,1.1405919e-06,1.5601383e-05
73,1609209600,4.200900000000001,4.200913,-0.0048143280000000005,-1.6736429999999998,3.000317,1.9236119999999999,2.761435,2.52334,0.08950779,1.8429940000000002,1.938721e-05,6.509045e-06,6.365287999999999e-06,7.914340000000001e-06,1.2330572e-05,1.5584736e-05,2.5842400000000005e-05,5.7351229999999996e-05,1.914494,0.18541449999999998,0.00040492560000000003,81.45647,59.04997999999999,0.0001395657,6.3346800000000005,0.032344950000000004,44.15755,0.004698127389999999,0.00042980474599999994,0.06389533,168.60499999999996,0.004698127389999999,0.00042980474599999994,0.007070464,91.266686,0.004698127389999999,0.00042980474599999994,0.004560554,92.62387,0.004698127389999999,0.00042980474599999994,0.0040472929999999996,7.957500999999999e-06,2.239368e-05,0.0294987,1.15027726,0.013285089,0.0009137793999999999,-0.00016373246,1.1257366000000003e-06,1.4093340000000002e-05
73,1609210200,4.398189,4.398204,-0.004224066,-1.7457239999999998,2.93784,1.9795079999999998,2.654257,2.48955,0.12111155999999998,1.9701060000000001,2.21025e-05,8.756654000000001e-06,8.830238999999999e-06,1.0659418000000001e-05,1.5464137e-05,1.9469674e-05,3.0422853999999994e-05,6.511565000000001e-05,2.030863,0.1676396,0.000426422,82.05073,57.833870000000005,0.00014614210000000002,6.461731,0.03347156,45.99776,0.005716423,0.00052308805,0.06565976999999999,178.4124,0.005716423,0.00052308805,0.007770328,116.18543999999997,0.005716423,0.00052308805,0.005280148,117.76509000000001,0.005716423,0.00052308805,0.004052874,8.012783e-06,2.249771e-05,0.01978355,2.26708957,0.017498681999999998,0.0009415654,-0.00010436723000000001,1.3250363e-06,1.717425e-05
73,1609210800,4.160302,4.160318000000001,-0.004778027999999999,-1.681053,3.0107039999999996,1.911263,2.733384,2.514452,0.10534415999999999,1.838218,2.036342e-05,6.821755e-06,6.645022300000001e-06,7.890869999999999e-06,1.1384294e-05,1.3679283999999997e-05,2.0981078e-05,4.451977e-05,1.9092680000000002,0.1704233,0.000341101,81.24763,58.28474,0.0001383627,6.114706,0.03259466,44.60315,0.0032051662699999995,0.000292972869,0.06421706,170.2269,0.0032051662699999995,0.000292972869,0.006856229,72.344181,0.0032051662699999995,0.000292972869,0.004342569000000001,72.74887000000001,0.0032051662699999995,0.000292972869,0.0040375969999999995,7.728019e-06,2.2208200000000002e-05,0.019633833000000003,2.05217515941,0.015885052,0.0008410557999999999,-0.00023284833000000003,1.2458216e-06,1.5432570000000003e-05
73,1609211400,4.490245,4.490260000000001,-0.005045395999999999,-1.6816929999999999,3.08777,1.9817919999999998,2.857622,2.617055,0.07141321,1.9135269999999998,2.530802e-05,1.2478648e-05,1.2842728500000003e-05,1.49430526e-05,2.0169715e-05,2.50393542e-05,3.7694205e-05,7.4833952e-05,2.065431,0.1790895,0.00039093800000000007,80.81354999999999,58.335429999999995,0.0001492497,5.9696240000000005,0.03351472999999999,47.42317,0.00744105642,0.0006812519409999999,0.06628679,182.394,0.00744105642,0.0006812519409999999,0.007799421000000001,130.215829,0.00744105642,0.0006812519409999999,0.005320851,133.336013,0.00744105642,0.0006812519409999999,0.004067224999999999,8.098973000000001e-06,2.2599110000000003e-05,0.02937362,1.16866504,0.011885523,0.0009636396999999998,-0.0001294644,1.2618209999999999e-06,1.571142e-05
73,1609212000,4.30677,4.306784,-0.0051780160000000006,-1.591892,3.2480130000000003,1.927255,2.901727,2.624854,0.11927239999999999,1.931149,1.939938e-05,6.035025e-06,5.7397688e-06,6.843456300000002e-06,1.0309557999999999e-05,1.2516901e-05,1.892893e-05,4.2055445e-05,1.9440949999999997,0.2088654,0.0003166334,85.65614,59.96364000000001,0.0001431833,6.055218999999999,0.032104129999999995,44.73189,0.00462901768,0.00042357681000000007,0.06406248,170.0193,0.00462901768,0.00042357681000000007,0.007558667,100.54068000000001,0.00462901768,0.00042357681000000007,0.005078298,101.629926,0.00462901768,0.00042357681000000007,0.004029061999999999,7.605097999999999e-06,2.199101e-05,0.026164617700000004,1.9450239600000003,0.016248165000000002,0.0008526756999999999,-0.00026559344000000003,1.2432472e-06,1.723676e-05
73,1609212600,4.133992,4.134009000000001,-0.006420378,-1.404123,3.3043,1.8491319999999998,3.0552179999999995,2.761923,0.058083459999999996,1.7559239999999998,2.4623419999999997e-05,1.1401176e-05,1.1600011799999999e-05,1.3668992599999998e-05,1.8788488000000002e-05,2.3673457e-05,3.6397593e-05,7.2310533e-05,1.899737,0.16671260000000002,0.0003490822,78.99316999999999,58.16105,0.00013734769999999998,6.305985999999999,0.03063392,42.738339999999994,0.00567407981,0.000519335572,0.06348929,165.6859,0.00567407981,0.000519335572,0.0074852059999999995,102.21846000000001,0.00567407981,0.000519335572,0.005036603,104.06125,0.00567407981,0.000519335572,0.004029505,7.238115e-06,2.1734880000000003e-05,0.016787855,0.6708084999999999,0.008731785,0.0007456117,-0.0004099694,9.808295e-07,1.275939e-05
73,1609213200,4.928915999999999,4.928929999999999,-0.004733273099999999,-1.424399,3.5974869999999997,2.0201140000000004,3.3185139999999995,3.0105910000000007,0.09408546,2.134118,2.079771e-05,7.838822e-06,7.87720576e-06,9.664319400000002e-06,1.4670966999999997e-05,1.88535013e-05,3.10187344e-05,6.7271403e-05,2.296021,0.1678972,0.0003775434,75.75127999999998,56.88489,0.00016385690000000002,5.927786,0.03397546,52.248659999999994,0.005888142000000001,0.00053875382,0.07020103,203.2214,0.005888142000000001,0.00053875382,0.007944314999999999,111.38707,0.005888142000000001,0.00053875382,0.005474541,113.43575999999999,0.005888142000000001,0.00053875382,0.004072256999999999,7.957103e-06,2.24481e-05,0.016876816000000003,2.6477367000000003,0.015494158,0.0009673714999999999,-0.00030697394,1.0828304e-06,1.4733670000000002e-05
73,1609213800,3.001295,3.0013069999999997,0.0025001199999999998,-1.1284070000000002,3.063581,1.5161099999999998,2.779922,2.490226,0.07328099,1.3552905,2.193575e-05,8.534726e-06,8.858993e-06,1.04672271e-05,1.4411533000000001e-05,1.8475707000000003e-05,2.8954556e-05,5.9180411000000004e-05,1.350298,0.1498814,0.0003111631,77.86033,60.25449000000001,9.971439000000001e-05,6.360548,0.02489461,30.563200000000005,0.0028971364800000005,0.000264781395,0.05307178,116.55767999999998,0.0028971364800000005,0.000264781395,0.006610088,56.920068,0.0028971364800000005,0.000264781395,0.004088656,57.56783299999999,0.0028971364800000005,0.000264781395,0.003941399999999999,5.47579e-06,1.9917010000000003e-05,0.006231191,1.9897363000000001,0.010935067,0.00012075608999999997,-0.0009763157999999999,9.561184e-07,1.3181569000000001e-05
73,1609214400,2.1907140000000003,2.190728,0.0030753254,-1.5855720000000002,2.271181,1.3640569999999999,2.01895,1.8726209999999999,0.07446088,0.9966570000000002,2.0488930000000002e-05,6.551410299999999e-06,6.7102471e-06,7.850662800000001e-06,1.069289e-05,1.3493753000000001e-05,2.0339429e-05,4.0150049e-05,1.0447912000000001,0.05022485,0.0002290569,72.44568,54.57917,7.281088e-05,6.232087,0.02301254,22.646549999999998,0.00299904716,0.00027421345,0.046913550000000005,91.08862,0.00299904716,0.00027421345,0.006313653999999999,55.683840999999994,0.00299904716,0.00027421345,0.0036806500000000006,56.41515199999999,0.00299904716,0.00027421345,0.00391895,5.132861e-06,1.9702070000000004e-05,0.03299561499999999,5.034335199999999,0.015956036,-0.00011603795999999997,-0.0010149719,1.3519185999999998e-06,1.6764046e-05
73,1609215000,1.7934180000000002,1.7934290000000002,0.006177741999999999,-1.5256589999999999,2.039087,1.215275,1.8557069999999996,1.7280149999999999,0.07218029000000001,0.8177327,1.829839e-05,4.4392379000000005e-06,4.41968426e-06,5.2677269e-06,7.5802534e-06,9.342787699999999e-06,1.4000413899999999e-05,2.7821285000000003e-05,0.867714,0.028712020000000005,0.00020399560000000004,72.75279000000002,53.43584,5.963405000000001e-05,5.908304,0.020704480000000004,18.72698,0.00136739145,0.000124657118,0.04260569000000001,76.04977,0.00136739145,0.000124657118,0.005792894999999999,30.217771999999997,0.00136739145,0.000124657118,0.003081433,30.183873,0.00136739145,0.000124657118,0.003883246,5.745454e-06,2.024911e-05,0.051025994000000005,77.5930232,0.030182539,-0.00052603086,-0.0013293372,9.5919503e-06,0.000106070126
73,1609215600,2.472867,2.47288,0.003948863,-1.493166,2.506165,1.42344,2.2282800000000003,2.086712,0.06789712,1.1276757,1.542189e-05,1.8433927999999997e-06,1.681609e-06,2.332978e-06,4.4729369999999995e-06,5.639039e-06,1.0264984e-05,2.5595817999999996e-05,1.2086042,0.0275121,0.0002644791,73.85284999999999,52.32451999999999,8.224458000000001e-05,5.9001470000000005,0.0242567,25.598930000000003,0.0032138997600000005,0.00029383337799999997,0.05056965,105.51207,0.0032138997600000005,0.00029383337799999997,0.006780108,59.62756499999999,0.0032138997600000005,0.00029383337799999997,0.004233,60.539549,0.0032138997600000005,0.00029383337799999997,0.003900286,5.116919e-06,1.953829e-05,-0.44240408000000003,15.225609599999999,0.012063647,-9.128182e-05,-0.001018958,1.8408731999999996e-06,2.2229315999999998e-05
73,1609216200,3.0170299999999997,3.017045,0.0030386226,-1.6076510000000002,2.6452560000000003,1.606447,2.344684,2.1988790000000003,0.06924432,1.346295,1.8849269999999997e-05,5.353876100000001e-06,5.5742531e-06,7.1455335e-06,1.0806859000000001e-05,1.46443632e-05,2.5033123000000002e-05,5.4366666e-05,1.436944,0.07105584000000001,0.0003862189,75.16939,54.72903,0.00010021432000000001,6.452871999999999,0.027437900000000005,31.80677,0.0021051958200000004,0.000192279942,0.05555871999999999,126.8557,0.0021051958200000004,0.000192279942,0.00654293,54.976499000000004,0.0021051958200000004,0.000192279942,0.003977627,54.783583,0.0021051958200000004,0.000192279942,0.003924267,5.6366779999999996e-06,2.011053e-05,-0.025134077999999997,3.6427116699999997,0.013483411,0.00015338835,-0.0007795847,1.1162551e-06,1.4346477999999999e-05
73,1609216800,4.456418,4.4564319999999995,-0.0027924101,-1.66335,3.07442,1.956007,2.836963,2.6167550000000004,0.12369443,1.9253389999999997,2.352599e-05,1.0447144999999998e-05,1.0718863e-05,1.3018139e-05,1.8719597e-05,2.444462e-05,3.9656589999999995e-05,8.24174e-05,2.105785,0.1217252,0.0004914879,74.12528,55.77717,0.00014805933999999997,6.505548,0.03304837,46.42226,0.0031380545500000003,0.000286815412,0.06653296,184.6791,0.0031380545500000003,0.000286815412,0.007237876999999999,77.847577,0.0031380545500000003,0.000286815412,0.0046952420000000005,77.86892599999999,0.0031380545500000003,0.000286815412,0.004046867000000001,7.3750810000000004e-06,2.200516e-05,0.022382702000000004,0.8083213499999999,0.013899658,0.0007932237,-0.00030827414100000007,9.862855000000001e-07,1.3767655999999997e-05
73,1609217400,4.093375,4.09339,-0.0015709775999999999,-1.700506,2.870751,1.8971060000000002,2.638917,2.4577139999999997,0.09255152,1.7681529999999999,2.2833900000000002e-05,9.431226e-06,9.623090800000002e-06,1.1622592299999999e-05,1.6517254e-05,2.1419648e-05,3.4321033e-05,7.115917e-05,1.921125,0.1249086,0.00047124259999999996,73.86565,56.21195,0.0001360216,6.2469269999999995,0.032348100000000005,43.33037,0.005773148109999999,0.000528389494,0.06418545,169.9085,0.005773148109999999,0.000528389494,0.007613394,108.43776400000004,0.005773148109999999,0.000528389494,0.005095762,110.270622,0.005773148109999999,0.000528389494,0.004031339,7.214913e-06,2.1845569999999998e-05,0.041605659,1.5936773700000002,0.014005523000000002,0.0007381091000000001,-0.00033947358000000003,1.0415571999999999e-06,1.386585e-05
73,1609218000,3.3652,3.365216,-0.005004477,-1.648367,2.76736,1.7127309999999998,2.510664,2.2794700000000003,0.06259591,1.44864,1.971077e-05,5.8428962e-06,5.7507784e-06,6.8765657e-06,1.0139694e-05,1.27502552e-05,2.01804375e-05,4.3053135e-05,1.5457800000000002,0.1362711,0.00043854410000000006,80.91496999999998,58.225,0.00011183419,6.0983670000000005,0.029028689999999996,35.681059999999995,0.0034482194799999996,0.000315357477,0.05761136,136.75099999999998,0.0034482194799999996,0.000315357477,0.006851602,68.724167,0.0034482194799999996,0.000315357477,0.00428897,69.33656599999999,0.0034482194799999996,0.000315357477,0.0039765700000000005,6.003187999999999e-06,2.0742550000000004e-05,0.020589844,1.7012595400000001,0.012622916000000001,0.00026759081,-0.0007128481,1.0569825e-06,1.4891224e-05
73,1609218600,4.402455000000001,4.402469999999999,-0.004380506000000001,-1.6430219999999998,3.099396,1.9533099999999997,2.8630260000000005,2.6237669999999995,0.09149757,1.893814,2.069349e-05,7.190756e-06,7.1735091e-06,8.8040794e-06,1.3328372000000001e-05,1.6984686000000002e-05,2.7701016999999998e-05,6.030900599999999e-05,2.066427,0.1341725,0.00048070409999999996,79.25487,56.26588,0.00014628900000000002,6.0682920000000005,0.032983910000000005,46.21809,0.00526187259,0.000481521569,0.06637968,182.0416,0.00526187259,0.000481521569,0.007778193000000001,110.41517399999998,0.00526187259,0.000481521569,0.005231589,111.65895599999999,0.00526187259,0.000481521569,0.004045508999999999,7.1291969999999996e-06,2.192811e-05,0.010662747000000002,1.3442999199999999,0.014299766,0.0006732569,-0.00040893394000000003,9.914057999999998e-07,1.4628390000000001e-05
73,1609219200,3.543919,3.543933,-0.0003217636,-1.712397,2.710883,1.766117,2.4765399999999995,2.277781,0.08944036999999999,1.5495599999999998,2.011816e-05,6.051595100000001e-06,6.085610799999999e-06,7.3792502e-06,1.098676e-05,1.39806065e-05,2.2394300000000003e-05,4.899943999999999e-05,1.6472269999999998,0.12422195999999999,0.0003887071,76.83758,56.99504,0.00011781126999999998,6.0561799999999995,0.02997499,37.41604,0.0023504756600000003,0.000214620359,0.05933450999999999,145.527,0.0023504756600000003,0.000214620359,0.006582411000000001,57.577352,0.0023504756600000003,0.000214620359,0.0039953340000000006,57.69846900000001,0.0023504756600000003,0.000214620359,0.003993029,6.102650999999999e-06,2.0966480000000002e-05,0.004925940000000001,1.5129398776999998,0.013060352,0.000322304343,-0.0006596011,1.1766814e-06,1.60249e-05
73,1609219800,2.4054740000000003,2.405492,0.0006414421299999999,-1.697916,2.2746710000000006,1.450022,2.030725,1.873595,0.06700753000000001,1.0779007,1.853181e-05,4.4432892e-06,4.5792524e-06,5.6931351999999995e-06,8.681314e-06,1.1591803e-05,1.9630258000000003e-05,4.3041e-05,1.1284253999999998,0.0738166,0.0003952771,76.39083000000001,56.386030000000005,7.989802999999999e-05,6.466139,0.02467427,25.34481,0.0017268861600000002,0.000157636022,0.04895468,99.49537,0.0017268861600000002,0.000157636022,0.005958374000000001,38.66821,0.0017268861600000002,0.000157636022,0.0032772379999999996,38.661389,0.0017268861600000002,0.000157636022,0.003916189,4.362854e-06,1.9236280000000003e-05,0.046610141,4.673176,0.014149781,-0.00036770164,-0.0011869626000000002,1.2030435000000002e-06,1.5861725e-05
73,1609220400,3.052608,3.0526229999999996,-0.0006537416999999998,-1.679749,2.4778510000000002,1.6217389999999998,2.2412199999999998,2.121853,0.10969926,1.4045148,2.032641e-05,6.8469308999999995e-06,6.80612e-06,7.9672258e-06,1.1581284000000002e-05,1.39191344e-05,2.1262171e-05,4.4775485e-05,1.454227,0.07158410999999999,0.00037430760000000003,76.60103,54.96905,0.00010147174000000002,6.058376,0.027711350000000003,32.09041,0.003433824,0.00031394935,0.055347820000000006,128.00241,0.003433824,0.00031394935,0.0067312480000000004,65.382821,0.003433824,0.00031394935,0.004148447000000001,66.10682800000001,0.003433824,0.00031394935,0.0039450480000000005,5.78646e-06,2.0394220000000003e-05,-0.058994173,5.627267979999999,0.016355907999999995,0.00013281515,-0.0007951070999999999,1.4560369999999999e-06,1.8713236e-05
73,1609221000,3.4752940000000003,3.4753099999999995,-0.001975086,-1.686148,2.737546,1.7431389999999998,2.493865,2.286896,0.07541716000000001,1.518308,1.619368e-05,2.235385e-06,2.0580518e-06,3.0327755e-06,5.987759999999999e-06,7.901906e-06,1.4808200000000002e-05,3.783092600000001e-05,1.6020789999999998,0.13503970999999998,0.0004530347000000001,82.5628,57.72759,0.00011550309999999999,6.114638,0.02960838,36.57669,0.00296812332,0.00027129793400000005,0.05851774999999999,141.2294,0.00296812332,0.00027129793400000005,0.006523798999999999,59.03550700000001,0.00296812332,0.00027129793400000005,0.003973994,59.668681000000014,0.00296812332,0.00027129793400000005,0.003971046000000001,5.97047e-06,2.068297e-05,0.014268449999999998,0.76773644,0.009442500999999999,0.0002908575,-0.0006818335,8.900155000000001e-07,1.1494638e-05
73,1609221600,3.8320330000000005,3.832049,-0.0037765249999999993,-1.65,3.065644,1.8329169999999997,2.700758,2.437161,0.10437437000000001,1.8072280000000003,2.13847e-05,7.871458e-06,7.9381155e-06,9.3786041e-06,1.3594188e-05,1.6769212400000005e-05,2.5777343999999995e-05,5.4858154000000004e-05,1.7427810000000001,0.1725989,0.0004939852,82.57669999999999,59.23415,0.00012735669999999999,6.112971,0.0307175,40.22963,0.005958034220000001,0.000545328847,0.06085028,153.28219999999996,0.005958034220000001,0.000545328847,0.007603938,110.220535,0.005958034220000001,0.000545328847,0.005098558999999999,112.341486,0.005958034220000001,0.000545328847,0.00401888,7.944296e-06,2.272119e-05,-0.22219986,83.88339502,0.029444098000000002,0.000436742021,-0.0005751789000000001,1.6867543999999999e-06,2.031338e-05
73,1609222200,3.6119099999999995,3.6119239999999997,0.0015517064,-1.597058,2.987604,1.7661639999999998,2.683845,2.43086,0.09990087,1.60597,2.3331829999999998e-05,9.702259000000001e-06,9.9675558e-06,1.18637451e-05,1.6605156999999997e-05,2.1092084000000004e-05,3.3528857e-05,6.780937899999999e-05,1.6369820000000002,0.1683432,0.0004499495,79.63095000000001,59.57351,0.00011995610000000001,6.460319,0.0295309,37.83968,0.00365524834,0.0003342358599999999,0.05895505999999999,143.8146,0.00365524834,0.0003342358599999999,0.006874998,79.12817500000001,0.00365524834,0.0003342358599999999,0.004310783,79.827235,0.00365524834,0.0003342358599999999,0.003980736,6.133976e-06,2.0851810000000003e-05,-0.011051198,1.3001506200000001,0.011219413000000001,0.00029578859000000004,-0.0006983525,1.1003734e-06,1.5092599999999998e-05
73,1609222800,2.6329830000000003,2.6329960000000003,0.0033682962,-1.6024770000000004,2.538752,1.513309,2.2623699999999998,2.043175,0.06917224000000001,1.1786486999999999,1.841133e-05,4.5032571e-06,4.5117506e-06,5.5435632e-06,8.241034000000001e-06,1.0533233800000001e-05,1.7196774000000003e-05,3.7400725e-05,1.1462582,0.16974240000000002,0.00040085470000000004,86.58798,63.37498000000001,8.741839000000001e-05,6.265586000000001,0.025463620000000003,27.730970000000003,0.0045229209,0.00041383198,0.04927143,100.76982000000001,0.0045229209,0.00041383198,0.007027414000000001,81.13712000000001,0.0045229209,0.00041383198,0.0044697849999999996,82.77331799999999,0.0045229209,0.00041383198,0.0038915420000000004,4.701741e-06,1.921607e-05,-0.001533949999999995,7.207702299999999,0.018674226,-0.000224989609,-0.0010978625999999998,1.4030715000000001e-06,1.9102366000000002e-05
73,1609223400,2.9791360000000005,2.9791510000000003,0.0009247252000000001,-1.6888349999999999,2.564778,1.614334,2.2771440000000003,2.0878019999999995,0.08139479,1.3239779000000003,2.3651620000000004e-05,1.0118733999999998e-05,1.0498858e-05,1.2025398e-05,1.5861914e-05,1.9686471e-05,2.9249048999999995e-05,5.590656999999999e-05,1.3173704999999998,0.17165210000000003,0.0003800288,83.09948,62.205099999999995,9.89167e-05,6.462338,0.027332049999999997,31.24196,0.0037414388,0.000342234909,0.052658250000000004,115.79035000000002,0.0037414388,0.000342234909,0.006511782000000001,67.0740922,0.0037414388,0.000342234909,0.0039721980000000014,68.3081911,0.0037414388,0.000342234909,0.0038974509999999997,5.123067e-06,1.9560820000000002e-05,0.008603622,2.11269795,0.013106068000000002,-1.5636496999999997e-05,-0.000885855,1.1130902e-06,1.4636266999999999e-05
73,1609224000,2.5345640000000005,2.5345779999999998,0.0009452178000000002,-1.576235,2.531664,1.4809990000000002,2.2627440000000005,2.009723,0.07081696999999999,1.1400783999999997,1.900018e-05,5.213897100000001e-06,5.3714318e-06,6.5090299e-06,9.320915e-06,1.1747404999999999e-05,1.8967006e-05,3.9184939999999994e-05,1.1094427,0.157365,0.00037412919999999997,84.91174,62.677260000000004,8.414979e-05,6.448660000000001,0.02478964,26.647730000000003,0.00231509843,0.000211499902,0.0485109,97.61072,0.00231509843,0.000211499902,0.006020304,43.863803000000004,0.00231509843,0.000211499902,0.0034255460000000002,44.356959999999994,0.00231509843,0.000211499902,0.003892235,4.643509e-06,1.9165700000000002e-05,0.042693782,5.57285862,0.013054193,-0.00026650438,-0.0011328660999999998,1.1070393e-06,1.3291462999999998e-05
73,1609224600,3.2357640000000005,3.2357800000000005,0.00037764290000000006,-1.721547,2.6081290000000004,1.69929,2.3678969999999993,2.169554,0.04427744,1.35985,2.1155580000000003e-05,7.4321359000000014e-06,7.521555200000001e-06,8.840415199999998e-06,1.2245569999999998e-05,1.50116935e-05,2.3227852000000004e-05,4.7024638e-05,1.4619110000000002,0.155498,0.0003448427,80.25981,59.61381,0.00010752988,6.223415000000001,0.028781579999999994,34.141639999999995,0.00467767127,0.0004281104369999999,0.05605674000000001,129.1083,0.00467767127,0.0004281104369999999,0.0071977019999999985,95.452319,0.00467767127,0.0004281104369999999,0.004649426,96.69696300000001,0.00467767127,0.0004281104369999999,0.003921413,5.380229e-06,1.992668e-05,0.0036959405999999985,0.6574154329999999,0.008237997,0.0001229674001,-0.0008016549999999999,8.987824e-07,1.1791899e-05
73,1609225200,3.66451,3.6645250000000003,0.0008346537000000001,-1.704674,2.8271740000000003,1.79453,2.539991,2.310334,0.08782553000000001,1.6163159999999999,2.021988e-05,6.493304999999999e-06,6.566686000000001e-06,8.162334999999999e-06,1.2239541999999997e-05,1.5948696e-05,2.64443e-05,5.7516420000000005e-05,1.687807,0.1438661,0.00044435860000000005,79.0899,58.162299999999995,0.0001217456,6.479151,0.030217,38.2489,0.0065889671999999995,0.0006030925700000001,0.059689080000000005,147.9826,0.0065889671999999995,0.0006030925700000001,0.008002095,121.91547,0.0065889671999999995,0.0006030925700000001,0.005497205,124.44577999999998,0.0065889671999999995,0.0006030925700000001,0.003975726,6.144207e-06,2.0825659999999997e-05,0.005277724100000001,1.12071108,0.011147559999999999,0.00035116738,-0.000641559231,9.725464e-07,1.3711500000000002e-05
73,1609225800,3.423957,3.423972,0.00130963148,-1.588627,2.924413,1.7155340000000003,2.5961290000000004,2.3684220000000002,0.08302488,1.497776,2.263965e-05,9.1718491e-06,9.295733499999998e-06,1.09026873e-05,1.4892198e-05,1.84291292e-05,2.7977364000000002e-05,5.6671990999999984e-05,1.548911,0.1625621,0.0003510072,82.48724,59.78167,0.00011378029000000002,6.3685480000000005,0.028931079999999998,36.319210000000005,0.00365676738,0.0003344689,0.05753891,137.09531,0.00365676738,0.0003344689,0.0068046899999999995,74.14479700000001,0.00365676738,0.0003344689,0.0042596629999999995,75.106143,0.00365676738,0.0003344689,0.003963774999999999,6.052866e-06,2.067121e-05,0.203864427,13.400170999999997,0.017307078,0.00021534177,-0.0007642604,1.6474687e-06,2.0801361e-05
73,1609226400,2.497673,2.497687,0.0034227969999999996,-1.4120545999999998,2.6362560000000004,1.442059,2.3854110000000004,2.11469,0.06398577000000001,1.1062271000000001,2.0859770000000004e-05,6.8258106e-06,7.039842300000001e-06,8.3165205e-06,1.1152159999999999e-05,1.43061044e-05,2.1749163e-05,4.343511699999999e-05,1.0732759,0.17507070000000002,0.00037075590000000005,82.99207000000001,64.43989,8.293904999999999e-05,6.291792000000001,0.023932210000000002,26.39172,0.00333088823,0.000304585757,0.0477441,94.62105,0.00333088823,0.000304585757,0.006569482999999999,62.270412,0.00333088823,0.000304585757,0.003975597,63.338676,0.00333088823,0.000304585757,0.0039276630000000005,4.978616e-06,1.9645530000000002e-05,-0.010305878000000001,2.7610631999999997,0.013084294,-0.00018386635600000002,-0.0010791528,9.831522e-07,1.3246299e-05
73,1609227000,3.065518,3.065533,-0.0010475662999999999,-1.6221989999999997,2.688571,1.6303899999999998,2.4349849999999997,2.200755,0.051429380999999996,1.3129784,1.864236e-05,4.8479511e-06,4.7699116000000004e-06,5.8391616e-06,8.554897000000002e-06,1.0713743e-05,1.6780697999999998e-05,3.6232906e-05,1.3785619999999998,0.1537337,0.0003722117,86.17618999999999,60.53072999999999,0.00010184606,6.203962999999999,0.027395609999999997,32.26022999999999,0.004259618079999999,0.00038965716099999997,0.05410383,121.51061999999999,0.004259618079999999,0.00038965716099999997,0.006970866000000001,79.16942000000002,0.004259618079999999,0.00038965716099999997,0.004422884,80.486406,0.004259618079999999,0.00038965716099999997,0.003939534,5.698482e-06,2.023266e-05,0.0398680795,2.11390034,0.012255975999999998,0.00016821669,-0.0007843541,9.627476000000002e-07,1.2688507e-05
73,1609227600,3.758789,3.758802,-0.003086991,-1.583298,3.018242,1.7825329999999997,2.69232,2.469038,0.11741747999999999,1.72871,1.9825729999999998e-05,6.319635699999999e-06,6.3191396e-06,7.8037914e-06,1.138119e-05,1.4659256e-05,2.3302907000000003e-05,5.1461279e-05,1.7506109999999997,0.12823810000000002,0.000417658,80.75237999999999,57.33475000000001,0.00012493721000000001,6.135246,0.03009138,39.76317,0.00661906954,0.0006058869640000001,0.060698850000000006,154.678,0.00661906954,0.0006058869640000001,0.007655986000000001,113.42513500000003,0.00661906954,0.0006058869640000001,0.005156022,116.15859300000002,0.00661906954,0.0006058869640000001,0.003983196,6.6964229999999995e-06,2.11719e-05,0.035714506,4.206050137,0.013939350999999999,0.00048801694,-0.0005354613,1.2343188e-06,1.6085002e-05
73,1609228200,3.561622,3.561637,0.00013723260000000009,-1.6951060000000002,2.7227330000000003,1.771142,2.51944,2.3249199999999997,0.05775651,1.53084,2.2692989999999997e-05,9.6195989e-06,9.631227899999999e-06,1.1200371100000001e-05,1.5252384999999997e-05,1.85095037e-05,2.7460107199999994e-05,5.6411137999999997e-05,1.6639389999999998,0.11635979999999999,0.000355766,77.70956,56.644639999999995,0.00011840245,5.95839,0.02997435,37.44805000000001,0.00379249149,0.00034682348899999995,0.05969538,146.7555,0.00379249149,0.00034682348899999995,0.007189092000000001,81.733326,0.00379249149,0.00034682348899999995,0.00466711,82.4417512,0.00379249149,0.00034682348899999995,0.003943777,6.329415e-06,2.0683849999999997e-05,0.0064707900000000014,1.11471837,0.011684387999999999,0.00045749659,-0.0005343831000000001,9.510198999999999e-07,1.323688e-05
73,1609228800,3.470794,3.47081,0.0020415749999999995,-1.6594099999999998,2.801109,1.736982,2.534103,2.32496,0.08047603,1.538765,1.926481e-05,5.6461889e-06,5.614914e-06,6.792629600000001e-06,1.0024671e-05,1.25929441e-05,2.0123295000000004e-05,4.356551400000001e-05,1.610181,0.1247293,0.00037660739999999997,81.31308,57.34353,0.00011537231,6.189743999999999,0.029371970000000004,36.57208000000001,0.00309603903,0.00028307506600000004,0.05861034,142.0581,0.00309603903,0.00028307506600000004,0.006719593,69.42871299999999,0.00309603903,0.00028307506600000004,0.004215502,69.832135,0.00309603903,0.00028307506600000004,0.003939857,6.162476e-06,2.0535060000000003e-05,0.024090199399999998,1.3644062300000002,0.011974208000000002,0.00037242416999999997,-0.0006033348000000001,9.700883000000002e-07,1.3426759999999999e-05
73,1609229400,3.7751490000000003,3.7751620000000004,-0.0034244579999999996,-1.4674350000000003,3.07622,1.7633750000000004,2.82031,2.571792,0.09343390999999998,1.6804779999999997,1.9089770000000003e-05,5.7607472e-06,5.6408921e-06,7.0658650000000005e-06,1.0912390000000002e-05,1.3785363600000002e-05,2.28413262e-05,5.1806745e-05,1.769848,0.11720409999999999,0.000399518,77.15464,56.388310000000004,0.00012547008,6.136153,0.029912350000000004,39.92128,0.0039748388,0.000363612204,0.06145244000000001,156.2788,0.0039748388,0.000363612204,0.006822697,75.437091,0.0039748388,0.000363612204,0.0042980629999999995,76.566957,0.0039748388,0.000363612204,0.003995376,6.8030730000000005e-06,2.1316499999999998e-05,-0.25303725000000005,9.160757749999998,0.017625046,0.0005327270999999999,-0.0005881191,1.8626232999999998e-06,2.4055750000000004e-05
73,1609230000,3.2146919999999994,3.2147079999999995,-0.00535156,-1.38533,2.9919559999999996,1.621621,2.6932940000000003,2.4330349999999994,0.07104184,1.4168003000000002,2.075345e-05,7.2543356e-06,7.2893798000000005e-06,8.541683800000001e-06,1.2102470999999999e-05,1.4604885500000002e-05,2.2770656e-05,4.7008598e-05,1.4666270000000001,0.1402597,0.0003342821,80.28291,58.91429000000001,0.00010684375999999999,6.109757,0.0271202,33.798719999999996,0.0008543144899999999,7.7560953e-05,0.05594443,129.30839,0.0008543144899999999,7.7560953e-05,0.006134657,33.89483,0.0008543144899999999,7.7560953e-05,0.003612928,33.047625,0.0008543144899999999,7.7560953e-05,0.003950502,5.858846e-06,2.0335840000000002e-05,0.0022261909999999993,2.1072591,0.01210267,0.0002485304,-0.0008080015,1.0590742e-06,1.3771724e-05
73,1609230600,1.958688,1.9587029999999999,0.009371401,-1.23225,2.439185,1.253253,2.232855,1.979947,0.03204435,0.8483988,1.780738e-05,3.8510423e-06,3.99863426e-06,4.8902313e-06,6.9378227e-06,8.999047200000002e-06,1.42925967e-05,3.0862022e-05,0.8576900999999999,0.12128899999999998,0.00028672439999999995,85.08930000000001,62.49017000000001,6.506109000000001e-05,6.376936,0.020720649999999997,20.707,0.00280978879,0.0002570180557,0.04286663,75.72529999999999,0.00280978879,0.0002570180557,0.006049284,50.829527000000006,0.00280978879,0.0002570180557,0.0033937950000000002,51.65478519999999,0.00280978879,0.0002570180557,0.003861253,3.828712000000001e-06,1.830401e-05,0.010941212,0.6809671,0.006548573,-0.0005602059999999999,-0.001390316,7.814787999999999e-07,9.952825999999998e-06
73,1609231200,2.133895,2.133909,0.010888364,-1.0199744000000002,2.6761570000000003,1.258787,2.381547,2.119191,0.06273008,0.9643902000000001,1.5392739999999995e-05,1.4844282999999999e-06,1.3008995000000002e-06,1.7117406999999999e-06,3.256408e-06,3.8191500000000005e-06,6.602760000000001e-06,1.6820270000000004e-05,0.9306518,0.1360017,0.00025827729999999995,88.61907,63.110879999999995,7.094852e-05,6.0102649999999995,0.021180590000000003,22.66646,0.0024567761,0.00022457410100000004,0.044519659999999996,82.37208,0.0024567761,0.00022457410100000004,0.006207808,48.937560000000005,0.0024567761,0.00022457410100000004,0.003587962,49.44384,0.0024567761,0.00022457410100000004,0.003861211,4.326478e-06,1.8596069999999998e-05,-0.0030036579999999998,4.613111,0.011640514000000001,-0.00035366215299999996,-0.001281744,1.1391016999999998e-06,1.403228e-05
73,1609231800,2.23361,2.233623,0.014276571000000002,-1.2519455,2.6112029999999997,1.337922,2.33437,2.0938749999999997,0.07645632999999999,1.0023735,1.7620819999999997e-05,3.9482212e-06,3.950233099999999e-06,4.8330007000000006e-06,7.344922999999999e-06,9.477690000000002e-06,1.5059109e-05,3.2582118e-05,0.9867398999999999,0.1295543,0.00042718340000000006,83.30452,61.84342,7.420307e-05,6.390626,0.02214278,23.35235,0.00314546771,0.000287683828,0.04572769,86.52444,0.00314546771,0.000287683828,0.006578413,62.20657,0.00314546771,0.000287683828,0.003977882,62.99798,0.00314546771,0.000287683828,0.003878208,4.695556000000001e-06,1.903582e-05,0.028072637,4.470627840000001,0.01413384,-0.00023537241999999997,-0.0011257256,1.0642146e-06,1.3791543e-05
73,1609232400,1.582375,1.582389,0.020549783999999998,-1.1215831,2.3251090000000003,1.1027666,2.024498,1.7563659999999999,0.04309706,0.7204625,1.546776e-05,1.5434403e-06,1.5242925999999998e-06,1.9790416e-06,3.3777012999999995e-06,4.261432899999999e-06,7.335540600000001e-06,1.7593895e-05,0.6402452,0.1505338,0.00036920759999999996,92.50403,69.45862,5.254957e-05,6.159953,0.018515700000000003,16.749200000000005,0.00135571998,0.0001236714117,0.03692413,56.47236,0.00135571998,0.0001236714117,0.005825353,31.945159,0.00135571998,0.0001236714117,0.003064693,31.792841999999997,0.00135571998,0.0001236714117,0.0038427080000000002,3.7643380000000003e-06,1.8107890000000003e-05,0.14684230399999998,17.7349734,0.01808688,-0.000722623,-0.001528313,1.7229253999999999e-06,2.1024686e-05
73,1609233000,2.138153,2.138165,0.013174217500000002,-1.0870155,2.6658440000000003,1.281674,2.3757720000000004,2.085101,0.07720407000000001,0.9808606,1.8811719999999996e-05,4.9392817999999995e-06,5.1099502e-06,6.03775e-06,8.463974e-06,1.0442828e-05,1.6356633000000002e-05,3.318365e-05,0.9149189000000002,0.1537627,0.00030407309999999995,85.67405999999998,64.93741,7.101765e-05,6.272820999999999,0.02112317,22.488970000000002,0.00358574648,0.000327989593,0.04398974,80.53002000000001,0.00358574648,0.000327989593,0.006795287,67.989795,0.00358574648,0.000327989593,0.004192694000000001,69.156426,0.00358574648,0.000327989593,0.00387326,4.330966e-06,1.870211e-05,-0.014219759999999998,2.7362303000000003,0.011633328,-0.00038286019,-0.0012803460000000001,1.0454669000000002e-06,1.3519424e-05
73,1609233600,1.757112,1.757126,0.00017771920000000008,-1.302333,2.319633,1.1939499999999998,2.034887,1.8143429999999998,0.05085017000000001,0.7984952999999999,1.805428e-05,4.4284466e-06,4.898670899999999e-06,6.452121e-06,8.185127000000001e-06,1.0870265e-05,1.6501351000000004e-05,3.3981049999999995e-05,0.7780153999999999,0.10017527,0.0002756781,80.60699,61.54887,5.833708e-05,6.562924,0.01987569,18.55461,0.00149416389,0.00013632360099999997,0.04074198,68.42469999999999,0.00149416389,0.00013632360099999997,0.005883731,34.027301,0.00149416389,0.00013632360099999997,0.0032241240000000005,33.979338,0.00149416389,0.00013632360099999997,0.004017007000000001,7.769616999999999e-06,2.1967510000000003e-05,-0.0038509199999999986,6.5565356999999995,0.018579171,0.0005007999,-0.000422668,1.6792722999999998e-06,1.8756654e-05
73,1609234200,1.9739459999999998,1.973959,0.0004948061999999999,-1.505038,2.1957660000000003,1.2772929999999998,1.9661839999999997,1.825632,0.05590661,0.9110480000000001,1.573586e-05,2.0332536e-06,1.94255485e-06,2.45576826e-06,4.348795500000001e-06,5.3611985e-06,9.0995686e-06,2.0829363000000003e-05,0.9460692999999999,0.040624299999999995,0.0002312498,76.36034000000001,54.270439999999994,6.563225000000002e-05,5.744684,0.0216633,20.5554,0.0023633196700000004,0.00021597167140000002,0.04464084,82.86885000000001,0.0023633196700000004,0.00021597167140000002,0.006126835000000001,44.150569,0.0023633196700000004,0.00021597167140000002,0.003507786,44.669409,0.0023633196700000004,0.00021597167140000002,0.0038333059999999994,4.1619019999999995e-06,1.8352100000000003e-05,0.0232843606,3.0831797,0.011690775,-0.0003959148048999999,-0.0012273285,9.727445e-07,1.3114628999999999e-05
73,1609234800,1.559491,1.559507,0.001296679,-1.639358,1.930896,1.1654560000000003,1.7255040000000001,1.575912,0.03729408,0.7072137,1.8553229999999996e-05,4.9805898000000005e-06,5.1392313e-06,5.9794270999999995e-06,8.25343e-06,1.02306421e-05,1.5702244600000004e-05,3.0634542e-05,0.7247149,0.05473145,0.000214369,76.05805000000001,57.1391,5.1817279999999995e-05,6.3207830000000005,0.01968835,16.49942,0.00199044145,0.0001818833008,0.03936286,63.97364,0.00199044145,0.0001818833008,0.0057785860000000005,40.557983,0.00199044145,0.0001818833008,0.003052018,40.78479299999999,0.00199044145,0.0001818833008,0.0038025460000000004,3.574242e-06,1.770384e-05,-0.0018375599999999992,1.4652007,0.00709579,-0.0006381926000000001,-0.001386102,7.882380999999999e-07,1.0159039999999998e-05
73,1609235400,1.7697669999999999,1.7697830000000003,0.007781507000000003,-1.464921,2.16899,1.2051968,1.9284960000000002,1.737391,0.08189194,0.8301320000000001,1.617453e-05,2.5819731999999998e-06,2.5889102600000003e-06,3.2935517999999998e-06,5.2283732e-06,6.977923099999999e-06,1.1792543899999998e-05,2.5658747000000004e-05,0.8423467,0.04223018,0.0002469625,78.05124,55.456050000000005,5.88131e-05,6.325906,0.02034126,18.4924,0.0015456772099999999,0.00014100045999999996,0.04186033,73.80998000000001,0.0015456772099999999,0.00014100045999999996,0.005887448,33.987511,0.0015456772099999999,0.00014100045999999996,0.003185638,33.972926,0.0015456772099999999,0.00014100045999999996,0.0038272099999999997,3.856424e-06,1.807002e-05,-0.086688397,12.435879199999999,0.016404696000000003,-0.000628795,-0.0014293768999999999,1.556833e-06,1.8906695e-05
73,1609236000,2.572869,2.572885,-0.00506743,-1.6459879999999998,2.282395,1.483196,2.094252,2.005637,0.06864655,1.143464,2.148939e-05,8.118178400000001e-06,8.361700300000001e-06,9.7826308e-06,1.332216e-05,1.6663915400000002e-05,2.5537774e-05,4.9687506999999994e-05,1.265339,0.020697789999999997,0.00025989730000000003,68.41358,51.65724,8.552718000000001e-05,6.232486,0.025521270000000002,27.04596,0.00257752464,0.000235552228,0.05202509000000001,111.51404,0.00257752464,0.000235552228,0.006255727000000001,49.990213,0.00257752464,0.000235552228,0.0036829990000000006,50.48831799999999,0.00257752464,0.000235552228,0.0038527070000000004,4.954054999999999e-06,1.908659e-05,0.024221880984,1.9107084859999997,0.010391913,-1.2300549999999999e-05,-0.0008962715,9.773526e-07,1.2461182000000001e-05
73,1609236600,2.410913,2.4109279999999997,-0.0045369966,-1.658744,2.2087790000000003,1.430807,2.012162,1.905546,0.10014212999999998,1.1199179000000001,1.697635e-05,3.4206556e-06,3.2672523e-06,3.9987717e-06,6.322224000000002e-06,7.325342599999999e-06,1.1736074800000001e-05,2.6605181999999998e-05,1.1869079,0.01820527,0.0002782164,70.46664000000001,51.607899999999994,8.020732e-05,5.736996,0.02480553,25.33785,0.00261150715,0.00023875588300000002,0.050146100000000006,104.46676,0.00261150715,0.00023875588300000002,0.006250393,49.434305,0.00261150715,0.00023875588300000002,0.003648725,50.107627,0.00261150715,0.00023875588300000002,0.003853832,4.746099000000001e-06,1.8965659999999998e-05,0.010067389999999999,8.2599095,0.019072686999999998,-0.00017677029999999997,-0.001041479,1.5421130000000002e-06,2.0278539000000002e-05
73,1609237200,2.6907110000000003,2.6907259999999997,-0.0006669501599999999,-1.575257,2.4190869999999998,1.499718,2.222617,2.126241,0.07392193999999999,1.22148,1.768484e-05,4.3241897e-06,4.321900050000001e-06,5.3184529e-06,8.060784199999999e-06,1.00418547e-05,1.65706231e-05,3.7158271e-05,1.3320349999999999,0.012884000000000001,0.00034357660000000005,67.73271,50.98024,8.950175e-05,5.7207159999999995,0.02612101,28.784270000000003,0.00203949307,0.00018620291599999998,0.05357887,118.30566000000002,0.00203949307,0.00018620291599999998,0.006274215000000001,46.12288400000001,0.00203949307,0.00018620291599999998,0.0037056999999999993,46.165489,0.00203949307,0.00018620291599999998,0.0038906419999999997,5.687189e-06,1.9881660000000004e-05,0.0444865495,4.7510007000000005,0.014870041,-5.3755050000000006e-05,-0.0010079492,2.2282265e-06,2.1330044e-05
73,1609237800,2.687796,2.6878110000000004,-0.006977431000000001,-1.6705010000000002,2.3340699999999996,1.5188609999999998,2.111013,2.0212369999999997,0.08305486,1.2239432,1.9448539999999998e-05,5.989649000000001e-06,6.059536399999999e-06,7.2782631e-06,1.0486375e-05,1.3378149100000002e-05,2.0981633900000004e-05,4.5363651e-05,1.3186525000000002,0.02480845,0.0003230481,69.57446999999999,51.96577,8.935800000000001e-05,6.08046,0.02627103,28.524189999999997,0.00102780908,9.347340499999999e-05,0.05311603,116.80735999999999,0.00102780908,9.347340499999999e-05,0.005749922,30.081312000000004,0.00102780908,9.347340499999999e-05,0.003152915,29.512252999999998,0.00102780908,9.347340499999999e-05,0.0038535879999999994,4.6828639999999995e-06,1.892318e-05,0.018561368999999998,5.428302159999999,0.015940667,-0.00014101321000000003,-0.0010282784,1.2613111e-06,1.6057632999999997e-05
73,1609238400,2.2183220000000006,2.218336,-0.0052280285,-1.7060679999999997,2.054913,1.3915389999999999,1.8808320000000003,1.8006169999999997,0.05951573,0.9958142999999999,1.606414e-05,2.7805794e-06,2.68919056e-06,3.4299787000000004e-06,5.644128000000001e-06,7.1790723e-06,1.2269395300000001e-05,2.8579669000000002e-05,1.0817397999999998,0.02699917,0.00035705679999999997,72.88601999999999,52.50082,7.375907e-05,6.059330999999999,0.02396143,23.29746,0.00191001282,0.00017436188399999998,0.048110520000000004,95.21914,0.00191001282,0.00017436188399999998,0.005964,38.055600000000005,0.00191001282,0.00017436188399999998,0.003371715,38.354299000000005,0.00191001282,0.00017436188399999998,0.003789936,3.832432e-06,1.7863510000000003e-05,0.03422729,3.12112869,0.010519268000000002,-0.0004356411,-0.0012081619999999998,1.0121989999999998e-06,1.3478769000000002e-05
73,1609239000,2.80034,2.800355,0.001982602,-1.63188,2.4627369999999997,1.5405149999999999,2.2131300000000005,2.1140899999999996,0.08395631,1.305094,1.944499e-05,6.3355573e-06,6.403151679999999e-06,7.612147420000001e-06,1.0716300000000001e-05,1.33035057e-05,2.0930854900000002e-05,4.4062862e-05,1.3787114,0.02096593,0.0003768622,68.55091999999999,51.57921,9.310818999999999e-05,6.028917999999999,0.026397289999999997,29.049970000000002,0.0016220472,0.00014789736,0.054042080000000006,120.68042999999997,0.0016220472,0.00014789736,0.006199106,39.979674,0.0016220472,0.00014789736,0.0036548740000000002,39.67891100000001,0.0016220472,0.00014789736,0.003844003000000001,4.786508e-06,1.8897949999999998e-05,0.048384738999999996,4.05749858,0.011279299,-5.352209999999999e-05,-0.0009521561000000002,1.0258124e-06,1.2920185999999999e-05
73,1609239600,3.230578,3.230595,0.009025515000000001,-1.5767149999999999,2.709235,1.6471139999999997,2.476276,2.341346,0.10687353,1.4823020000000002,2.2546560000000003e-05,9.561534999999999e-06,9.818312e-06,1.1523615e-05,1.5897358e-05,2.0080707999999998e-05,3.116694299999999e-05,6.367845999999999e-05,1.584698,0.03010195,0.0003187446,68.50018,51.97727,0.00010736633,6.347244999999999,0.028086520000000004,33.49544,0.0017717229000000002,0.00016157554000000002,0.05797479,138.8349,0.0017717229000000002,0.00016157554000000002,0.006407049,44.97187000000001,0.0017717229000000002,0.00016157554000000002,0.0038770660000000006,44.74638600000001,0.0017717229000000002,0.00016157554000000002,0.0038742040000000004,5.359925e-06,1.9478440000000003e-05,0.07566219599999999,5.8407432,0.016834442,0.00014163492,-0.0008267432999999999,1.4736343e-06,1.8415966999999998e-05
73,1609240200,2.6411830000000003,2.6411970000000005,0.013174311,-1.575809,2.497089,1.497608,2.2675059999999996,2.1320889999999997,0.07233472999999999,1.1849352,1.788921e-05,4.5672766e-06,4.5993025999999994e-06,5.76679e-06,8.812705e-06,1.15353259e-05,1.9513816e-05,4.3240465e-05,1.2807369999999998,0.039398630000000004,0.0003473011,74.36235,53.03878999999999,8.777650999999999e-05,6.260587,0.02550247,27.841339999999995,0.0025956227,0.00023716396,0.05237598,112.96896,0.0025956227,0.00023716396,0.00646331,51.451008,0.0025956227,0.00023716396,0.003927857,51.947058000000006,0.0025956227,0.00023716396,0.003814774,4.343452e-06,1.836055e-05,0.014126518,1.5701493000000002,0.009601647000000001,-0.00021549471,-0.0010606482,8.116063000000001e-07,1.0710994e-05
73,1609240800,2.630442,2.630455,0.0073730565,-1.654701,2.422837,1.499316,2.150503,2.0215749999999995,0.06763908,1.179699,2.05722e-05,7.5565010000000015e-06,7.7441247e-06,9.0436084e-06,1.2564672e-05,1.57305408e-05,2.4382391999999997e-05,4.9859688e-05,1.2752001000000002,0.03946898,0.00041526720000000005,72.30684,53.156420000000004,8.741654e-05,6.298433,0.02557565,27.553790000000003,0.0017029551199999999,0.000155337602,0.051950220000000005,112.13877,0.0017029551199999999,0.000155337602,0.005879486000000001,32.318428999999995,0.0017029551199999999,0.000155337602,0.003326137,32.53221,0.0017029551199999999,0.000155337602,0.003815342,4.442231e-06,1.848137e-05,-0.419785715,14.971838299999998,0.014467525,-0.00023567003,-0.0010432765999999999,1.5843118e-06,2.0425992999999998e-05
73,1609241400,3.5162659999999994,3.516281,-0.000971675,-1.639837,2.7132449999999997,1.7322499999999998,2.502639,2.3693229999999996,0.12323168999999998,1.5695829999999997,1.8811719999999996e-05,5.6261610999999995e-06,5.47299496e-06,6.789105930000002e-06,1.0510419e-05,1.32250529e-05,2.17685635e-05,4.8557018e-05,1.710897,0.04653964000000001,0.0005761638,73.75296999999999,52.71388,0.00011690706999999999,6.013598,0.02985797,37.27476,0.005877144999999999,0.00053786859,0.060521389999999994,151.3946,0.005877144999999999,0.00053786859,0.007635022,103.196521,0.005877144999999999,0.00053786859,0.005126101,105.49046299999998,0.005877144999999999,0.00053786859,0.003895198,5.554329999999999e-06,1.980039e-05,0.013309430000000002,3.92045635,0.018218803,0.0002516469,-0.0006914289000000001,1.3948896999999999e-06,1.9158802e-05
73,1609242000,3.01698,3.016997,0.006131689000000001,-1.583396,2.655043,1.598411,2.422949,2.263045,0.06340383,1.3283800000000001,1.786174e-05,4.3892793e-06,4.156440570000001e-06,4.93933273e-06,7.411852e-06,8.6966167e-06,1.37668544e-05,2.9694865e-05,1.460134,0.047759710000000004,0.0005174789999999999,74.01295999999999,53.228109999999994,0.00010035723,5.810127,0.02727075,31.787890000000004,0.00297527287,0.000271990802,0.055949879999999994,128.9551,0.00297527287,0.000271990802,0.006420751,59.258718,0.00297527287,0.000271990802,0.0038709449999999998,59.924246,0.00297527287,0.000271990802,0.003874618,4.980145e-06,1.923753e-05,0.021573222,1.9113807999999994,0.010455184,4.97567e-05,-0.0008880487000000001,1.001943e-06,1.3283530000000001e-05
73,1609242600,2.672726,2.6727399999999997,0.0003467483999999997,-1.674795,2.3851459999999998,1.5218770000000001,2.1803540000000003,2.0249499999999996,0.07358943,1.16578,1.907585e-05,5.6612509000000005e-06,5.701392e-06,6.966774999999999e-06,1.0053103e-05,1.2894208999999999e-05,2.0575937e-05,4.423717e-05,1.2872759999999999,0.04835257,0.000623786,73.17385,53.75022,8.880654000000001e-05,6.3629679999999995,0.02585246,27.88026,0.0022174825400000002,0.000202493375,0.052321759999999995,113.08638,0.0022174825400000002,0.000202493375,0.0063197,47.267131,0.0022174825400000002,0.000202493375,0.0037694309999999993,47.573049000000005,0.0022174825400000002,0.000202493375,0.003867135,4.964895999999999e-06,1.9234439999999996e-05,0.065323569,6.08523653,0.015923165,-6.856865599999999e-05,-0.0009211394000000001,1.2186532e-06,1.6032405e-05
73,1609243200,2.435766,2.4357809999999995,-0.0065136477,-1.7214040000000002,2.190704,1.4570850000000002,1.976499,1.8689059999999997,0.09472616,1.1066467,2.0018180000000003e-05,6.6307983e-06,6.749433799999999e-06,7.9098986e-06,1.0995468e-05,1.3775635800000001e-05,2.1401841699999996e-05,4.2882206000000004e-05,1.1684553000000002,0.04880944,0.0005010669,74.38661,54.183029999999995,8.094782e-05,6.222937999999999,0.02508819,25.91603,0.0025060326700000004,0.000229103406,0.049883809999999994,103.68024,0.0025060326700000004,0.000229103406,0.006280592,51.410881,0.0025060326700000004,0.000229103406,0.003668631,51.70326300000001,0.0025060326700000004,0.000229103406,0.003840881,4.355882e-06,1.8618379999999996e-05,0.03613401000000001,8.2785025,0.018772436,-0.00032064522000000003,-0.0011016389,1.2490365999999998e-06,1.6682393e-05
73,1609243800,2.853374,2.853388,0.003378552,-1.6773019999999998,2.4712870000000002,1.5713589999999997,2.216618,2.0861520000000002,0.07771578999999999,1.2817700000000003,1.6423819999999998e-05,2.7473868e-06,2.5201227e-06,3.1458854e-06,5.457883e-06,6.449434799999999e-06,1.0775042599999999e-05,2.5865585e-05,1.382258,0.043872930000000004,0.0004953448,77.69535,53.14199,9.48984e-05,5.939997,0.02682714,29.89584,0.0025054203,0.000228958985,0.0542673,121.63381999999999,0.0025054203,0.000228958985,0.006261322999999999,52.683611,0.0025054203,0.000228958985,0.003676949,53.00965,0.0025054203,0.000228958985,0.0038668469999999996,4.583346000000001e-06,1.9002559999999997e-05,-0.0058561180000000004,3.22156415,0.01059414,-0.00014649633,-0.0009932308,8.467810000000001e-07,1.1719586999999998e-05
73,1609244400,2.645555,2.6455690000000005,0.009523949,-1.5968170000000002,2.452163,1.494074,2.230493,2.0944009999999995,0.0666236,1.1768618000000002,2.0031409999999997e-05,6.553724899999999e-06,6.6409680999999995e-06,7.8596896e-06,1.1019732e-05,1.3894314199999998e-05,2.18079787e-05,4.4573436e-05,1.2780326,0.04403281,0.0005895526,72.28907000000001,53.530550000000005,8.795803999999999e-05,6.051938,0.02573978,28.21098,0.0026059569900000004,0.00023810716800000002,0.05227535,113.34979000000001,0.0026059569900000004,0.00023810716800000002,0.006323165,50.429129,0.0026059569900000004,0.00023810716800000002,0.0037457689999999995,50.970475,0.0026059569900000004,0.00023810716800000002,0.0038523010000000002,4.49642e-06,1.876511e-05,-0.11680621200000003,12.591794599999998,0.015653299,-0.00025553960000000004,-0.0011203951,1.5201101e-06,1.959838e-05
73,1609245000,2.521281,2.5212930000000005,0.0015443798999999995,-1.718806,2.232519,1.4866629999999998,2.025024,1.90217,0.07244807,1.1254712,1.8418329999999998e-05,5.0590273e-06,5.097581299999999e-06,6.2797152e-06,9.197122e-06,1.1920220999999999e-05,1.9726740999999997e-05,4.1865189e-05,1.2103958,0.04955026,0.0005902499,73.73924,54.05449,8.378055e-05,6.310922,0.0253249,26.09946,0.0005997293900000001,5.4445729e-05,0.05065132,105.77875999999999,0.0005997293900000001,5.4445729e-05,0.005531331,26.276301999999998,0.0005997293900000001,5.4445729e-05,0.002946726,25.404987,0.0005997293900000001,5.4445729e-05,0.0038239550000000004,4.1471949999999995e-06,1.833728e-05,0.028514045999999998,0.9625444999999999,0.008027326,-0.0002683396,-0.0010872712,8.152475999999999e-07,1.0726101e-05
73,1609245600,2.7344869999999997,2.734502,-0.0032483304000000004,-1.733389,2.264956,1.551307,2.0638759999999996,1.9672330000000002,0.06540939,1.1917429999999998,1.692642e-05,3.4424737000000004e-06,3.197448e-06,3.92091167e-06,6.149162e-06,7.396618500000001e-06,1.18374216e-05,2.7079003e-05,1.311849,0.0547904,0.0005356995,77.15633,54.04966999999999,9.096401e-05,5.784299,0.02676504,28.956290000000003,0.00294976305,0.00026968067,0.053083000000000005,116.09248,0.00294976305,0.00026968067,0.006292639,55.37367300000001,0.00294976305,0.00026968067,0.0037347280000000005,56.006097,0.00294976305,0.00026968067,0.003836626,4.5738399999999996e-06,1.874357e-05,0.038916453000000004,5.90328277,0.014713352999999998,-0.00011743752999999998,-0.000965915,1.1491198e-06,1.4965745e-05
73,1609246200,2.692324,2.6923350000000004,-0.0043585286,-1.756759,2.19258,1.544556,2.009087,1.935359,0.05132281000000001,1.1584248,1.754939e-05,4.4915002e-06,4.604001799999999e-06,5.930589399999999e-06,9.203356e-06,1.2406983000000002e-05,2.1300522e-05,4.7608684e-05,1.275116,0.07033638,0.0005987819,76.22716,55.30498,8.942234000000001e-05,6.465413,0.02655172,28.158030000000004,0.00300491634,0.00027478322000000006,0.052164449999999994,111.92645999999999,0.00300491634,0.00027478322000000006,0.006248551,57.85202999999999,0.00300491634,0.00027478322000000006,0.003699285000000001,58.568742,0.00300491634,0.00027478322000000006,0.0038096860000000005,4.356263000000001e-06,1.8414669999999996e-05,0.007303786399999998,2.4008498059999996,0.010684525,-0.00014535923000000002,-0.0009530437999999998,9.494288e-07,1.2631001000000001e-05
73,1609246800,3.7595959999999997,3.759610000000001,-0.0038011258999999997,-1.733389,2.574191,1.8146360000000001,2.40135,2.3091340000000002,0.13149460999999998,1.719135,2.2825519999999998e-05,9.845992000000002e-06,1.0027776720000001e-05,1.1808082499999998e-05,1.6044450000000002e-05,2.0030924400000004e-05,3.1138948800000005e-05,6.3780375e-05,1.8068839999999997,0.07213735000000002,0.0006063758000000001,72.64533,53.976729999999996,0.00012498120000000002,6.064504000000001,0.031168390000000008,38.96442,0.00324772964,0.00029704165900000003,0.061815949999999995,158.02500000000003,0.00324772964,0.00029704165900000003,0.0067318640000000015,74.1941,0.00324772964,0.00029704165900000003,0.004207369,74.359916,0.00324772964,0.00029704165900000003,0.003893643000000001,5.9087240000000005e-06,2.002598e-05,0.0016129257499999966,5.190620216999999,0.016084093,0.0004298860000000001,-0.00054095864,1.4815194e-06,1.9229288e-05
73,1609247400,2.9517179999999996,2.9517320000000007,-0.006622278,-1.7298550000000001,2.249319,1.608622,2.102052,2.0458749999999997,0.07327238,1.2914470000000002,2.1606380000000002e-05,8.4295572e-06,8.4725978e-06,9.9361747e-06,1.3288435e-05,1.64848487e-05,2.5071847399999998e-05,4.9825338e-05,1.428726,0.04639818999999999,0.0005950246,72.07399000000001,53.27325,9.812377000000001e-05,6.087679,0.02759384,30.39365,0.00323599372,0.000295969074,0.05498464000000001,124.53049999999999,0.00323599372,0.000295969074,0.006355141,64.56572700000001,0.00323599372,0.000295969074,0.0038087879999999996,65.2416885,0.00323599372,0.000295969074,0.003835974,4.63301e-06,1.879249e-05,0.034985561000000005,2.3178079599999997,0.010866203,-2.1452314999999992e-05,-0.0008770973000000002,9.278457e-07,1.2709038e-05
73,1609248000,2.5982650000000005,2.5982790000000002,-0.0063354637,-1.7372980000000002,2.132315,1.510168,1.971547,1.9116589999999998,0.04342468,1.1317763,2.130678e-05,8.059138099999998e-06,8.215955489999999e-06,9.592222339999999e-06,1.2729731999999999e-05,1.6036842000000004e-05,2.446488e-05,4.8525233000000005e-05,1.253877,0.044577509999999994,0.0005432598,71.61894,53.55144,8.635965999999998e-05,6.204345,0.02601813,26.990789999999997,0.00247228129,0.000225879505,0.051649560000000004,109.83267999999998,0.00247228129,0.000225879505,0.006188630999999999,50.829916,0.00247228129,0.000225879505,0.003623455,51.205177000000006,0.00247228129,0.000225879505,0.0038111469999999995,4.070587000000001e-06,1.821959e-05,0.031398883,0.14417499,0.005380914999999999,-0.0002473916,-0.0010501946,7.048468000000001e-07,9.117002999999999e-06
73,1609248600,2.1187519999999997,2.1187630000000004,0.0006287252000000008,-1.713873,2.028662,1.359746,1.8420199999999998,1.7248659999999998,0.08429839,0.9847249999999999,1.831839e-05,4.9971694e-06,5.0771439e-06,5.9791623e-06,8.382121e-06,1.05004005e-05,1.6332838100000003e-05,3.372442e-05,1.0156222000000001,0.04337082999999999,0.0002931753,75.60058000000001,54.286519999999996,7.041498e-05,6.058128,0.02322252,21.877860000000002,0.0035982069300000002,0.000329120508,0.04617422,88.52942999999999,0.0035982069300000002,0.000329120508,0.006262722,61.11015200000001,0.0035982069300000002,0.000329120508,0.003676233,62.403054,0.0035982069300000002,0.000329120508,0.0037835900000000007,3.7127309999999994e-06,1.773031e-05,-0.007726074999999999,12.275441140000002,0.015613375999999998,-0.00054667946,-0.0012623105000000002,1.4329257000000001e-06,1.8022543e-05
73,1609249200,2.452187,2.452203,0.006811137000000002,-1.7341759999999997,2.153054,1.468487,1.9943490000000001,1.865869,0.04718477,1.0719863,1.90796e-05,5.6891555e-06,5.7051520999999995e-06,6.673952600000001e-06,9.385065e-06,1.1386473799999999e-05,1.75141101e-05,3.6076215000000006e-05,1.1684461,0.057301979999999995,0.0002472417,76.31008,54.730290000000004,8.151644e-05,6.017404999999999,0.02494994,25.52973,0.0030112324999999997,0.000275345781,0.0497608,102.44221999999999,0.0030112324999999997,0.000275345781,0.006168842,55.21287099999999,0.0030112324999999997,0.000275345781,0.003610052,56.03444,0.0030112324999999997,0.000275345781,0.0037990289999999998,3.908383e-06,1.801269e-05,-0.014653817000000003,4.386356879999999,0.010016051999999998,-0.00034865974,-0.0011159124999999999,9.146168e-07,1.2251435000000002e-05
73,1609249800,3.17377,3.1737849999999996,0.0026838010000000004,-1.737341,2.3875480000000002,1.6732030000000002,2.2109189999999996,2.1253409999999997,0.06637523,1.387241,1.9853899999999996e-05,6.711519000000001e-06,6.67021517e-06,7.7923998e-06,1.1113228e-05,1.3544916499999998e-05,2.0992296299999996e-05,4.3987751000000005e-05,1.5251820000000003,0.061320240000000005,0.00026703349999999997,75.20047000000001,53.902829999999994,0.00010552619999999999,5.970312000000001,0.02862683,33.065839999999994,0.00274132735,0.000250560035,0.05704412,133.8167,0.00274132735,0.000250560035,0.006360758000000001,53.164214,0.00274132735,0.000250560035,0.0038570970000000003,53.722893,0.00274132735,0.000250560035,0.0038456890000000007,5.037101e-06,1.914208e-05,0.004030129999999998,4.616324840000001,0.015202098,0.00013336922300000002,-0.0007551225,1.2685038999999998e-06,1.6803647e-05
73,1609250400,3.4025040000000004,3.4025179999999997,0.0038307510000000003,-1.687319,2.534776,1.711834,2.345322,2.26657,0.08235271999999999,1.498764,2.418773e-05,1.1199565e-05,1.1598769e-05,1.3811291000000001e-05,1.8842399e-05,2.4443252e-05,3.8389651e-05,7.818987999999999e-05,1.6687440000000002,0.03185688,0.00044399309999999993,67.61122000000002,51.95832,0.00011304048000000001,6.455333,0.029170420000000002,34.873290000000004,0.00166063199,0.000151454154,0.059341660000000004,145.2249,0.00166063199,0.000151454154,0.006223725,42.2118,0.00166063199,0.000151454154,0.003685993,41.9497444,0.00166063199,0.000151454154,0.003882626,5.315334e-06,1.956038e-05,0.04818076,2.1243786200000003,0.014998414999999998,0.00024495277999999997,-0.0006977706,1.0154239999999999e-06,1.4472741e-05
73,1609251000,3.1265669999999997,3.126582,0.005303824300000001,-1.639988,2.5171150000000004,1.6335540000000002,2.33081,2.2333790000000002,0.07937590999999998,1.3817669999999997,1.91764e-05,6.128558099999999e-06,5.90800192e-06,6.99414114e-06,1.0128759000000002e-05,1.2287882600000002e-05,1.9202637499999997e-05,4.0284554999999994e-05,1.5377390000000002,0.02502184,0.0004167715,72.24751,51.653,0.00010399891999999999,5.935468,0.02789547,32.3056,0.0030792165,0.000281433322,0.05714624,134.3581,0.0030792165,0.000281433322,0.0068460149999999996,64.29081599999999,0.0030792165,0.000281433322,0.0043292439999999995,64.78502599999999,0.0030792165,0.000281433322,0.0038652520000000004,4.91395e-06,1.917512e-05,-0.027462702000000005,3.27300415,0.008727221,8.612811e-05,-0.0008543765,1.0428773999999998e-06,1.3491071999999999e-05
73,1609251600,2.579842,2.5798560000000004,0.009351484,-1.5941269999999998,2.42775,1.475061,2.170454,2.078726,0.058702960000000005,1.1674010000000001,1.978983e-05,6.2272082e-06,6.26351692e-06,7.500852300000001e-06,1.0711970999999999e-05,1.3545648199999999e-05,2.1607288899999997e-05,4.4424680999999996e-05,1.2680729999999998,0.02136812,0.0003650567,68.98854000000001,51.738629999999986,8.578399e-05,6.090089999999999,0.02521637,26.87661,0.0015546708999999998,0.000141747386,0.051949390000000005,111.25003,0.0015546708999999998,0.000141747386,0.006066798,38.204483999999994,0.0015546708999999998,0.000141747386,0.0034821069999999995,38.085852,0.0015546708999999998,0.000141747386,0.003850543,4.346204e-06,1.866729e-05,-0.007959747,6.6634342,0.01163974,-0.00023782709999999995,-0.0011424211999999999,1.0813825000000002e-06,1.3148636e-05
73,1609252200,2.81803,2.818045,0.012886833,-1.504413,2.623617,1.517939,2.380649,2.2444430000000004,0.06305182,1.2549055,2.295162e-05,9.8304392e-06,1.0066758399999998e-05,1.1749124500000001e-05,1.5633683000000003e-05,1.9520642000000002e-05,2.9952588e-05,5.774978e-05,1.379072,0.02923811,0.0005412869999999999,69.91009,52.19651,9.366835000000001e-05,6.176143000000001,0.025891270000000004,29.17136,0.0029589757,0.00027043323,0.053928739999999996,120.44265,0.0029589757,0.00027043323,0.006528021,54.71936000000001,0.0029589757,0.00027043323,0.003995021,55.567468,0.0029589757,0.00027043323,0.00385374,4.813923e-06,1.8997010000000002e-05,-0.5163876179999999,23.095168800000003,0.016814155,-6.752240000000001e-05,-0.001048551,1.7231769e-06,2.2364183e-05
73,1609252800,1.9363830000000004,1.936397,0.010817748999999998,-1.498912,2.2035670000000005,1.263788,2.0003490000000004,1.85777,0.05173267,0.8545136,1.7372459999999997e-05,3.793482e-06,3.76655838e-06,4.526346400000001e-06,6.692610999999999e-06,8.3770767e-06,1.3346016999999999e-05,2.8750087e-05,0.9382069999999999,0.029245150000000004,0.0006666655999999999,73.37192000000002,53.183899999999994,6.437075000000001e-05,6.244905,0.02137461,20.00712,0.00150835862,0.00013758198079999998,0.044485769999999994,81.82924,0.00150835862,0.00013758198079999998,0.005994316,34.759155,0.00150835862,0.00013758198079999998,0.0033535730000000008,34.584066,0.00150835862,0.00013758198079999998,0.0038234109999999997,3.3779609999999997e-06,1.773508e-05,-0.018026119999999996,9.8377915,0.011732282,-0.0006806936,-0.0014929680000000001,9.982422000000002e-07,1.3097425e-05
73,1609253400,1.3355322,1.3355456,0.02591337,-1.2531750000000001,1.9798350000000002,1.0149427,1.7911659999999998,1.624063,0.03967976,0.5968229,1.642968e-05,2.7056343e-06,2.73241061e-06,3.2436401200000004e-06,4.647974099999999e-06,5.8624629e-06,9.3511442e-06,1.9679603e-05,0.6379598,0.029205709999999996,0.0005501888,76.72262,54.611760000000004,4.439269e-05,6.124687,0.01735772,13.912168000000003,0.00144370184,0.00013173305000000002,0.03671477,55.85621,0.00144370184,0.00013173305000000002,0.0056826260000000005,28.236955000000002,0.00144370184,0.00013173305000000002,0.0029075660000000003,28.334564,0.00144370184,0.00013173305000000002,0.003773791,2.341044e-06,1.64751e-05,0.010537052,5.6294743,0.008700476000000002,-0.0011741986999999998,-0.001915857,7.857189999999999e-07,9.718821e-06
73,1609254000,1.0540734999999999,1.0540871,0.03855134,-1.227269,1.816106,0.8992362999999999,1.6031360000000003,1.44222,0.07250903,0.5283710000000001,1.714644e-05,3.4203528999999997e-06,3.5715344199999995e-06,4.17402941e-06,5.667358199999999e-06,7.3306310999999995e-06,1.15091691e-05,2.3055641999999998e-05,0.48680210000000007,0.03959969,0.0005720541,76.0836,58.165800000000004,3.500858e-05,6.380293,0.01534798,11.249974,0.0012008313560000002,0.00010955397450000001,0.03193169999999999,43.24106999999999,0.0012008313560000002,0.00010955397450000001,0.005499207,25.399588,0.0012008313560000002,0.00010955397450000001,0.002593475,25.291536999999998,0.0012008313560000002,0.00010955397450000001,0.0037751679999999998,2.183032e-06,1.629457e-05,-0.094365258,21.7034935,0.014602134,-0.0014171519,-0.002056819,1.3027299999999998e-06,1.5872799999999998e-05
73,1609254600,1.1283646,1.12838,0.021425177,-1.316646,1.8241679999999998,0.9509490000000002,1.624213,1.462694,0.044236125,0.5145312000000001,1.618382e-05,2.4308342e-06,2.4597988e-06,2.9066629999999997e-06,4.011742e-06,4.928344e-06,7.671862e-06,1.6030438999999998e-05,0.5273506,0.03646168,0.00032680869999999996,80.57965,56.65263,3.748701e-05,6.266455,0.015989780000000002,11.800975,0.00128201393,0.00011691424799999998,0.0333827,46.25251,0.00128201393,0.00011691424799999998,0.005396958,23.608542,0.00128201393,0.00011691424799999998,0.00256201,23.784255999999996,0.00128201393,0.00011691424799999998,0.0037713329999999995,2.2760280000000002e-06,1.636726e-05,-0.769355335,42.683433300000004,0.014024628,-0.0013637854,-0.002015911,1.3293850000000001e-06,1.5935158999999997e-05
73,1609255200,1.1389644,1.1389787,0.03609076,-1.228647,1.8036179999999997,0.931112,1.6565740000000002,1.5209350000000001,0.024932879999999998,0.49668140000000005,1.4818910000000002e-05,1.0216783000000002e-06,9.2505376e-07,1.2522097e-06,2.3146264e-06,2.9808263100000003e-06,5.3383265e-06,1.3058020999999998e-05,0.5420041,0.02701817,0.00043250529999999996,77.98765,55.08646,3.786146e-05,6.178858,0.015909529999999998,11.818808999999998,0.0014851031,0.00013550676000000003,0.033758510000000005,47.37221000000001,0.0014851031,0.00013550676000000003,0.005786790000000001,30.144876,0.0014851031,0.00013550676000000003,0.0029608029999999997,30.295672000000003,0.0014851031,0.00013550676000000003,0.003768489,2.1420530000000004e-06,1.6241119999999997e-05,-0.05913027,26.3002123,0.0123201052,-0.001373953,-0.002055026,1.1408456e-06,1.4385501e-05
73,1609255800,1.4510180000000001,1.451031,-0.0022742740000000006,-1.588902,1.908246,1.1093571,1.6634369999999996,1.542422,0.05236591,0.6808527,1.6267370000000004e-05,2.6544009e-06,2.6618906000000005e-06,3.2425844000000003e-06,4.8439818e-06,6.3025053e-06,9.877228600000002e-06,2.3124006e-05,0.6887295,0.0361441,0.0005802385,76.80897,55.21817,4.823729e-05,6.323815000000001,0.01855591,14.816930000000003,0.0017193052600000002,0.000156955962,0.03794448,59.5278,0.0017193052600000002,0.000156955962,0.005811703,33.673100999999996,0.0017193052600000002,0.000156955962,0.003109074,33.883796000000004,0.0017193052600000002,0.000156955962,0.0037853329999999997,3.0428839999999997e-06,1.71309e-05,0.107379274,30.924754999999998,0.018393221999999997,-0.0010662326999999999,-0.001727235,2.4805967000000003e-06,2.9341694e-05
73,1609256400,1.2381550000000001,1.23817,-0.020236927000000002,-1.7170099999999997,1.6012250000000001,1.0452073,1.454146,1.337516,0.03201363,0.5541505000000001,1.587754e-05,2.0185304000000004e-06,2.02325425e-06,2.5358709699999997e-06,3.6124786000000004e-06,4.6008569e-06,7.484548499999999e-06,1.6505066e-05,0.5826274,0.035750870000000004,0.0006584341000000001,80.99801,55.969640000000005,4.1144670000000004e-05,6.246337,0.01780839,13.038240000000002,0.00200487222,0.00018316556699999998,0.03522264,51.206630000000004,0.00200487222,0.00018316556699999998,0.005615238,35.742543,0.00200487222,0.00018316556699999998,0.002803544,36.273039,0.00200487222,0.00018316556699999998,0.0037663190000000006,2.3898669999999995e-06,1.647489e-05,-0.023353053,14.743426349999998,0.010591830399999998,-0.0012268687999999997,-0.0018051770000000003,1.1169758999999999e-06,1.3955714e-05
73,1609257000,0.9448416,0.9448554999999998,0.006767880999999999,-1.5327380000000002,1.6012999999999997,0.8929528,1.399429,1.2765400000000002,0.03463281,0.441178,1.551942e-05,1.8003877e-06,1.8321029999999999e-06,2.2524429999999995e-06,3.347897e-06,4.3950260000000006e-06,7.231989e-06,1.5912591999999995e-05,0.43571779999999993,0.03600833,0.0006564137,78.83842999999999,57.97877,3.138371e-05,6.548836,0.014812440000000001,9.699293999999998,0.0011328108200000001,0.00010333648870000001,0.03017554,37.78463,0.0011328108200000001,0.00010333648870000001,0.0053798,22.8260316,0.0011328108200000001,0.00010333648870000001,0.002498289,22.8291528,0.0011328108200000001,0.00010333648870000001,0.0037552139999999998,1.8245030000000001e-06,1.5861720000000002e-05,0.05139606299999999,30.935450300000003,0.011158205000000001,-0.001553905,-0.0020857799999999998,9.813880999999999e-07,1.2626529999999999e-05
73,1609257600,0.5746192,0.5746332000000001,0.001268422,-1.485965,1.3090899999999999,0.6963558999999999,1.1224085,0.9677168999999999,0.03827383,0.2881293,1.5164979999999998e-05,1.2067869e-06,1.2625551000000002e-06,1.4954863e-06,2.137273e-06,2.737251e-06,4.394415e-06,9.471611e-06,0.2532458,0.033728589999999996,0.0003113982,80.76253,62.249430000000004,1.9092849999999998e-05,6.571689000000001,0.011482534999999999,5.936089,0.00065531553,5.954942e-05,0.02284434,22.01025,0.00065531553,5.954942e-05,0.004822643999999999,12.554784,0.00065531553,5.954942e-05,0.001739615,12.418952999999998,0.00065531553,5.954942e-05,0.0037684590000000005,1.2698139e-06,1.541113e-05,0.05880890000000001,29.401248899999995,0.010440243,-0.002000816,-0.002436105,1.1521977999999998e-06,1.4481757e-05
73,1609258200,0.4638285,0.46384240000000004,0.0018543409999999996,-1.3918579999999998,1.200637,0.6195564,1.0277193,0.9026531,0.023748016000000004,0.22530540000000002,1.471969e-05,7.983883e-07,7.929569999999999e-07,9.297531999999999e-07,1.4254738999999997e-06,1.7664502e-06,2.8457636e-06,6.356286999999999e-06,0.2025096,0.02909796,0.0002911137,87.76567,63.063790000000004,1.540658e-05,6.498232,0.010348071,4.854170000000001,0.0010296168300000003,9.386617899999999e-05,0.020574119999999998,17.677599999999998,0.0010296168300000003,9.386617899999999e-05,0.005170071,18.866090000000003,0.0010296168300000003,9.386617899999999e-05,0.0020275700000000002,18.873172999999998,0.0010296168300000003,9.386617899999999e-05,0.003753886,1.2227975e-06,1.5251779999999999e-05,0.08323961999999999,60.12106,0.013487565000000002,-0.002065179,-0.002469364,1.2539485e-06,1.5907075e-05
73,1609258800,0.2371299,0.23714400000000002,0.035748736999999996,-1.0284641,0.9411282,0.4164314,0.7868864,0.6801207,0.010047721999999999,0.11720954000000001,1.4355460000000002e-05,3.7293030999999995e-07,3.9440158999999993e-07,4.71285e-07,6.635871000000001e-07,8.422644e-07,1.356728e-06,2.989276e-06,0.09092067,0.02740163,0.00023510369999999998,94.03242999999999,74.97734,7.874615e-06,6.512608,0.007085168,2.504995,0.00058811322,5.3385499e-05,0.013645653999999998,7.936135,0.00058811322,5.3385499e-05,0.0048823899999999995,10.617203,0.00058811322,5.3385499e-05,0.0015781278999999998,10.469844,0.00058811322,5.3385499e-05,0.0037546869999999996,7.039320999999999e-07,1.4765189999999998e-05,-0.387855057,76.70753140000001,0.00880632149,-0.002507307,-0.002822612,1.1233883e-06,1.3851886000000002e-05
73,1609259400,0.2043977,0.2044118,0.063081911,-0.4727124999999999,0.9277775,0.34948949999999995,0.7733861,0.6487320999999999,0.015186802999999999,0.11399664000000001,1.4340380000000001e-05,2.706969099999999e-07,2.9087534000000006e-07,3.6626300999999996e-07,5.758649e-07,7.735243599999999e-07,1.3231925e-06,3.1518678999999994e-06,0.07733780000000001,0.024710299999999998,0.0001436568,93.4627,79.94037,6.787957000000001e-06,6.412935999999999,0.006330215,2.141949,0.00047619386000000006,4.3131008e-05,0.011931569999999999,6.712418000000001,0.00047619386000000006,4.3131008e-05,0.004774176999999999,8.994185,0.00047619386000000006,4.3131008e-05,0.0014236664,8.772034999999999,0.00047619386000000006,4.3131008e-05,0.0037627430000000003,6.862966e-07,1.4798030000000002e-05,-0.14915466,83.261492,0.0110924519,-0.0025792559999999994,-0.0028901540000000002,9.371272000000001e-07,1.2135142000000002e-05
73,1609260000,0.3349666,0.3349807,0.015136176999999997,-1.2738669999999999,1.0567068,0.5188666,0.8851023999999998,0.7767611999999999,0.020834718,0.17120180000000002,1.440765e-05,4.0444411999999995e-07,4.2229436000000004e-07,5.551392099999999e-07,8.953383000000002e-07,1.2456727e-06,2.1590771e-06,5.033032e-06,0.14361144,0.02370191,0.0001585511,85.63749,64.94774,1.1122307999999999e-05,6.493871,0.008616315999999999,3.542445,0.00029897916999999997,2.6897464e-05,0.01727707,12.657630000000001,0.00029897916999999997,2.6897464e-05,0.004628729999999999,6.598380999999999,0.00029897916999999997,2.6897464e-05,0.0013912800000000002,6.267039,0.00029897916999999997,2.6897464e-05,0.0037524230000000004,9.073526e-07,1.4938830000000002e-05,-0.14483116000000001,75.0785602,0.01078450371,-0.002317263,-0.0026850520000000003,1.0792816999999999e-06,1.3442384e-05
73,1609260600,0.2137489,0.213763,0.04364376,-1.0488197,0.9242904999999999,0.40227709999999994,0.7539228999999998,0.6462573,0.0117181,0.11245843,1.4659239999999996e-05,5.9354347e-07,6.1582392e-07,7.108810900000002e-07,9.639855999999999e-07,1.2121629e-06,1.8334891999999997e-06,3.664808400000001e-06,0.086047,0.02067073,0.0001464477,89.2594,70.43897,7.095692e-06,6.459283000000001,0.006724188000000001,2.267093,0.000126178262,1.11532476e-05,0.013349739999999999,7.5565,0.000126178262,1.11532476e-05,0.004325677,3.313429,0.000126178262,1.11532476e-05,0.0009757813000000001,2.9319783999999998,0.000126178262,1.11532476e-05,0.0037672549999999997,7.653765999999999e-07,1.4898280000000001e-05,0.064854178,101.74020399999999,0.013260259000000002,-0.002515866,-0.002846585,1.0275615999999997e-06,1.3309169000000001e-05
73,1609261200,0.5492699000000001,0.5492836000000001,0.0184687193,-1.2300014000000001,1.271889,0.6447882999999999,1.1143834,0.9913050999999999,0.039869338000000004,0.28703969999999995,1.453791e-05,5.835498e-07,5.731636e-07,7.6476209e-07,1.3078342e-06,1.70794817e-06,3.0073400999999998e-06,7.222196099999999e-06,0.25459889999999996,0.019852260000000004,0.0001679179,82.14056,58.66351999999999,1.8256333e-05,6.340019,0.010848647,5.745595,0.0010342326699999999,9.4252438e-05,0.022567320000000002,22.298157,0.0010342326699999999,9.4252438e-05,0.005317674,19.509658999999996,0.0010342326699999999,9.4252438e-05,0.0021983709999999997,19.546602,0.0010342326699999999,9.4252438e-05,0.003765105,1.3144962e-06,1.540849e-05,0.005984569999999993,38.268347,0.013564779999999999,-0.0020167960000000004,-0.002482429,1.1253642e-06,1.3033385999999998e-05
73,1609261800,0.4044324,0.4044466,0.05224986,-0.6726105,1.280777,0.5111466,1.0806330999999998,0.9462298,0.023178228,0.20387309999999997,1.4736720000000002e-05,6.749702099999999e-07,6.7114037e-07,7.868639200000001e-07,1.1743987e-06,1.4488586699999998e-06,2.2757081000000002e-06,4.938848599999999e-06,0.18141420000000003,0.020493749999999998,0.0002957583,83.16522,60.45602,1.344209e-05,6.012492,0.009275319,4.2378979999999995,0.000554556026,5.03637476e-05,0.01943898,15.857340000000002,0.000554556026,5.03637476e-05,0.004900546,10.943231,0.000554556026,5.03637476e-05,0.0017041209000000002,10.723651,0.000554556026,5.03637476e-05,0.003768034,9.818772e-07,1.5126749999999999e-05,0.05359179000000001,43.809324000000004,0.0093416939,-0.0022417160000000004,-0.002702307,9.656013e-07,1.1714271e-05
73,1609262400,0.2963855,0.29639950000000004,0.04369887,-0.9757763,1.0662706,0.4592351,0.8804521999999999,0.7773987,0.015854228,0.15717951,1.4567030000000003e-05,5.717677600000001e-07,5.991408800000001e-07,7.2889162e-07,1.0911011199999999e-06,1.44070176e-06,2.363671e-06,5.248391200000001e-06,0.12768847,0.02024348,0.0002482145,88.08122,66.22036,9.839135e-06,6.470318000000001,0.007736928,3.112391,0.0005058865700000001,4.59371077e-05,0.015960579999999995,11.148280999999999,0.0005058865700000001,4.59371077e-05,0.004624128,9.2882549,0.0005058865700000001,4.59371077e-05,0.0013588695,9.077620199999998,0.0005058865700000001,4.59371077e-05,0.0037469670000000004,7.739096000000001e-07,1.477889e-05,-0.09463190099999999,38.890035999999995,0.008716997019999999,-0.002400115,-0.002759714,9.668739e-07,1.1908112e-05
73,1609263000,0.20316299999999998,0.203177,0.06661998,-0.6382037300000001,0.8964271,0.3602058,0.763223,0.6629826999999999,0.011526693000000001,0.09804211,1.440753e-05,4.0268054e-07,4.250468e-07,4.981544700000001e-07,7.141976e-07,9.012757999999999e-07,1.4050978e-06,3.0823193000000002e-06,0.08087056,0.02049344,0.00020953390000000004,89.87255,73.71471,6.744497e-06,6.561431000000001,0.0063642329999999995,2.1704909999999997,0.00032563149999999995,2.9364528e-05,0.012588237999999998,7.1074600000000006,0.00032563149999999995,2.9364528e-05,0.004525914000000001,6.2761981,0.00032563149999999995,2.9364528e-05,0.0011885713,6.0147761,0.00032563149999999995,2.9364528e-05,0.0037468019999999996,7.502603e-07,1.473411e-05,0.22717467299999994,72.24940959999999,0.0097490459,-0.002535278,-0.002841229,1.0933029999999998e-06,1.3096226e-05
73,1609263600,0.26605359999999995,0.2660675,0.05350726,-0.9644159,1.0014682000000001,0.4392266,0.8596391999999999,0.7563981999999999,0.010056722,0.12892443,1.4428539999999999e-05,5.945443e-07,6.276011e-07,7.524619000000001e-07,1.0703021999999999e-06,1.396361e-06,2.2460515999999997e-06,4.760066e-06,0.11403047,0.018809239999999998,0.0001749252,80.5457,64.97917,8.83887e-06,6.478413000000001,0.007444719,2.791394,0.0005431579,4.927473399999999e-05,0.01541923,9.948407,0.0005431579,4.927473399999999e-05,0.00484106,10.393186,0.0005431579,4.927473399999999e-05,0.0015842105,10.224574,0.0005431579,4.927473399999999e-05,0.003737443,8.290076e-07,1.473997e-05,-0.06397503,49.3563048,0.0087529589,-0.002435327,-0.002773857,1.0300961999999999e-06,1.1431741000000002e-05
73,1609264200,0.3834396,0.3834533,0.029896363,-1.1546615,1.1323103,0.5403675,0.9655049,0.8669142000000001,0.019562149,0.1916656,1.4503919999999998e-05,6.4701625e-07,6.421563700000001e-07,7.7246905e-07,1.1279010999999998e-06,1.3647835100000002e-06,2.13901796e-06,4.706353399999999e-06,0.1742935,0.01724864,0.0001650449,83.16529,59.685230000000004,1.2747841e-05,6.048798,0.00913349,4.042115000000001,0.00030783345,2.7699855e-05,0.01905121,15.326265999999999,0.00030783345,2.7699855e-05,0.004761850999999999,7.848567,0.00030783345,2.7699855e-05,0.0015806670000000002,7.4652330000000005,0.00030783345,2.7699855e-05,0.0037378259999999996,9.751262e-07,1.4891849999999999e-05,-0.07846422099999999,85.9160357,0.011659561600000002,-0.002254678,-0.002648358,1.1286001e-06,1.3400146e-05
73,1609264800,0.43326539999999997,0.4332793,-0.0037705970000000014,-1.3536899999999998,1.1357606,0.5847347999999999,0.9674924,0.8698016000000001,0.030770753,0.2309844,1.537749e-05,1.4580106e-06,1.50925282e-06,1.7339728999999998e-06,2.3367375999999996e-06,2.9201864000000002e-06,4.409204600000001e-06,8.539350000000002e-06,0.1984774,0.01799429,0.00013658512,76.56101,59.346979999999995,1.4396483999999998e-05,6.223718,0.009831438,4.556239,0.000723830798,6.591932599999999e-05,0.020046050000000003,17.407559999999997,0.000723830798,6.591932599999999e-05,0.004915822,13.5015704,0.000723830798,6.591932599999999e-05,0.0017529864,13.3423911,0.000723830798,6.591932599999999e-05,0.0037506309999999995,1.1713637e-06,1.5158399999999999e-05,-0.536274999,118.7943506,0.016554623799999998,-0.0021937360000000004,-0.002588091,1.4346503e-06,1.7537983e-05
73,1609265400,0.5277675000000001,0.5277814,-0.003248557209999999,-1.1861210000000002,1.3188789999999997,0.6345978999999999,1.1287468999999999,1.0174439,0.025092588,0.26005930000000005,1.442625e-05,6.223286e-07,5.9568739e-07,6.9312921e-07,1.100945e-06,1.2526738000000001e-06,1.9762314999999997e-06,4.532618999999999e-06,0.2423632,0.02131749,0.00019174330000000002,83.7012,58.45355000000001,1.754782e-05,6.102594999999999,0.010739809,5.540785,0.000501821167,4.54957134e-05,0.02255753,21.26617,0.000501821167,4.54957134e-05,0.004939961,11.089782000000001,0.000501821167,4.54957134e-05,0.0018428932999999998,10.87077,0.000501821167,4.54957134e-05,0.003744107,1.2055845e-06,1.5165450000000002e-05,-0.032463055000000005,45.024735500000006,0.0119856807,-0.0020338989999999996,-0.002505226,1.0028309000000002e-06,1.2025309e-05
73,1609266000,0.4731885,0.4732024,-0.002094968,-1.0036717000000002,1.323978,0.5921424999999999,1.0820957999999998,0.9556414999999999,0.023269807999999996,0.24121969999999998,1.50305e-05,1.2767524000000001e-06,1.3377537399999998e-06,1.5629518199999998e-06,2.1366201e-06,2.70252581e-06,4.1805233e-06,8.386273e-06,0.20992539999999998,0.02641557,0.00023053819999999998,80.14982,62.19712,1.5723295000000002e-05,6.365139,0.009881002,4.891445,0.00037893785199999994,3.4268477200000006e-05,0.02071927,18.215882,0.00037893785199999994,3.4268477200000006e-05,0.0046466940000000016,7.7516620000000005,0.00037893785199999994,3.4268477200000006e-05,0.0015330725,7.448612299999999,0.00037893785199999994,3.4268477200000006e-05,0.003739473,1.2519333999999999e-06,1.51621e-05,-0.132150959,75.0284715,0.012860872200000002,-0.0021025870000000004,-0.0025414979999999997,1.4284993e-06,1.6432299e-05
73,1609266600,0.4586488,0.45866289999999993,0.007769854,-0.9322939,1.308189,0.5717277,1.1142345000000002,0.9658796000000001,0.032609646000000006,0.2367654,1.555232e-05,1.6368462300000001e-06,1.71706674e-06,2.0047983600000003e-06,2.6576361e-06,3.3554403999999997e-06,5.087549e-06,9.8939416e-06,0.2062096,0.02292377,0.0001628377,82.12622999999999,60.88601,1.523222e-05,6.422122,0.009702885999999999,4.825249,0.000576503731,5.241742039999999e-05,0.020606279999999998,18.12484,0.000576503731,5.241742039999999e-05,0.0047771179999999995,11.312683400000001,0.000576503731,5.241742039999999e-05,0.0016161542000000001,11.10418794,0.000576503731,5.241742039999999e-05,0.0037588400000000003,1.1804214e-06,1.5238329999999998e-05,0.087523775,44.744274299999994,0.012007398790000002,-0.0021177640000000003,-0.002570316,1.2871828e-06,1.5322717e-05
73,1609267200,0.5218543999999999,0.5218684999999998,-0.000655069,-1.2918979,1.2445499999999998,0.6435461,1.1075590000000002,1.0001933,0.016604342999999997,0.2405583,1.573046e-05,1.9046692e-06,1.9930397999999998e-06,2.3269863999999997e-06,3.1126688e-06,3.969933500000001e-06,6.0342674e-06,1.1951147e-05,0.24020939999999996,0.020435329999999998,0.00024944420000000005,77.47521000000002,58.183119999999995,1.7331829999999998e-05,6.649478,0.010728453,5.366503,0.00045373612999999996,4.107863e-05,0.02239944,20.793020000000002,0.00045373612999999996,4.107863e-05,0.004783249999999999,9.996974,0.00045373612999999996,4.107863e-05,0.0016884530000000001,9.688730999999999,0.00045373612999999996,4.107863e-05,0.003747563,1.1174049e-06,1.5120649999999999e-05,-0.07642828400000001,60.812267199999994,0.010042082799999998,-0.0020802710000000003,-0.0025199479999999997,1.0873436e-06,1.3614138000000003e-05
73,1609267800,0.49789469999999997,0.49790919999999994,-0.002573106,-1.3000260000000001,1.22805,0.6331195,1.0615833999999997,0.9538411,0.021919435,0.2394388,1.535955e-05,1.17702613e-06,1.21579741e-06,1.4530613999999999e-06,2.041009e-06,2.5716376e-06,4.060036e-06,8.532528e-06,0.226715,0.022010349999999998,0.00019987760000000004,77.50749,59.29942000000001,1.654801e-05,6.33467,0.010571565000000002,5.1921859999999995,0.0008306196340000001,7.565175559999999e-05,0.02176536,19.79619,0.0008306196340000001,7.565175559999999e-05,0.005060165,15.359516,0.0008306196340000001,7.565175559999999e-05,0.0019044816000000002,15.278678,0.0008306196340000001,7.565175559999999e-05,0.0037890190000000002,1.1472057e-06,1.543921e-05,-0.075659274,54.106553100000006,0.010176199,-0.002153423,-0.002583739,1.2475116e-06,1.3779365e-05
73,1609268400,0.3740796,0.3740939,0.024042514,-1.1500394999999999,1.087571,0.5344912,0.9679797000000001,0.8717888,0.017048761,0.17939889999999997,1.494903e-05,6.729141000000001e-07,6.6954009e-07,7.752259400000001e-07,1.1091074e-06,1.3552943e-06,2.0473033e-06,4.426792e-06,0.1685739,0.01829969,0.00015437693,84.55387,60.21277,1.2434259e-05,6.141495000000001,0.008978990000000001,3.940229,0.0004953606000000001,4.49531683e-05,0.018801039999999998,14.82339,0.0004953606000000001,4.49531683e-05,0.004795008,9.619428,0.0004953606000000001,4.49531683e-05,0.0015577392000000003,9.388270000000002,0.0004953606000000001,4.49531683e-05,0.0037839569999999997,8.478507000000001e-07,1.5139840000000001e-05,0.008570262,11.90673,0.0066796308,-0.0023065760000000003,-0.002691629,6.723545e-07,8.603936999999999e-06
73,1609269000,0.30240269999999997,0.3024169,0.06312695,-0.8385901,1.0381816000000001,0.4421486,0.8871268000000001,0.7697109999999999,0.026088262,0.15845575,1.492225e-05,7.5285411e-07,7.9678156e-07,9.6692926e-07,1.39925382e-06,1.8727831200000003e-06,3.0992415e-06,6.555610899999998e-06,0.13324391,0.017763140000000004,0.00017806889999999999,85.45196999999999,66.86143999999999,1.0034121e-05,6.566806,0.007628863999999999,3.2000260000000003,0.000296150384,2.6824476e-05,0.015756022,11.690465999999999,0.000296150384,2.6824476e-05,0.004461686,5.963053199999999,0.000296150384,2.6824476e-05,0.0011591701000000002,5.625547199999999,0.000296150384,2.6824476e-05,0.003780032,8.685634e-07,1.5099770000000002e-05,0.0976025412,27.055859699999996,0.008454663999999999,-0.002426973,-0.002787694,1.072097e-06,1.2125778000000002e-05
73,1609269600,0.2513139,0.251328,0.0236225048,-0.9916505999999998,0.9666669000000001,0.42827069999999995,0.7936742999999999,0.7018715,0.017192731,0.13581566,1.445505e-05,2.9934308999999996e-07,3.3295992e-07,4.4860286000000003e-07,7.837804000000001e-07,1.11081289e-06,2.0107881e-06,4.8280903e-06,0.10892169,0.01656467,0.0001604387,84.75453999999999,64.94290000000001,8.3405e-06,6.560708,0.007269765,2.646771,0.00040612565999999993,3.6714160999999995e-05,0.014850871999999998,9.534756,0.00040612565999999993,3.6714160999999995e-05,0.004686458,7.936297999999999,0.00040612565999999993,3.6714160999999995e-05,0.0013735415,7.6697109999999995,0.00040612565999999993,3.6714160999999995e-05,0.003776831,8.822610999999999e-07,1.5075009999999998e-05,-0.7666711100000001,144.1210575,0.014937892920000001,-0.0024619900000000003,-0.0027933209999999997,1.2634323e-06,1.5562052e-05
73,1609270200,0.31400730000000004,0.31402159999999996,0.004650772000000001,-1.1288271,1.0182303000000001,0.48805940000000003,0.8786893000000001,0.786849,0.013551331,0.14974539,1.4999890000000001e-05,7.729275599999999e-07,8.186121999999998e-07,9.891796999999998e-07,1.4132904e-06,1.8661877000000003e-06,3.0170687999999998e-06,6.277471299999999e-06,0.13987460000000002,0.01699365,0.00011927262,83.60798000000001,61.62578,1.0426853e-05,6.553527,0.008246802,3.295844,0.00059947775,5.443364999999999e-05,0.01707418,12.280247000000001,0.00059947775,5.443364999999999e-05,0.004964968,11.427647,0.00059947775,5.443364999999999e-05,0.001680541,11.245143,0.00059947775,5.443364999999999e-05,0.0037885900000000005,8.029515999999998e-07,1.5125029999999999e-05,0.05701816500000001,47.6526867,0.0073082732,-0.0024019900000000005,-0.002762303,8.428820000000001e-07,1.0427324e-05
73,1609270800,0.30568629999999997,0.3057003,-0.0033776761999999997,-1.1780753999999998,1.0324819,0.4792783,0.8549887,0.7334096,0.030334834000000005,0.17035205999999997,1.474038e-05,5.7877092e-07,5.8102975e-07,6.7410929e-07,9.697833e-07,1.20614853e-06,1.8392027399999999e-06,4.0132269e-06,0.13358052000000004,0.019039350000000003,0.00021291207999999998,86.89139,64.5033,1.0159968e-05,6.198866000000001,0.008004734000000001,3.216302,0.00032718807,2.9472081e-05,0.01615086,11.674699,0.00032718807,2.9472081e-05,0.004667071,7.109856599999999,0.00032718807,2.9472081e-05,0.0013833779999999998,6.8430686,0.00032718807,2.9472081e-05,0.003780174,9.576400000000002e-07,1.5169239999999998e-05,0.09101769999999999,93.7914333,0.0140263422,-0.002400986,-0.0027489359999999996,1.1845813e-06,1.4664119999999999e-05
73,1609271400,0.30426880000000006,0.30428279999999996,0.017619783,-1.1786889999999999,1.0297435,0.4889112000000001,0.8778265,0.7708735999999999,0.016786544,0.1562173,1.4709530000000002e-05,5.1036524e-07,5.242557500000001e-07,6.275378700000001e-07,9.147457999999998e-07,1.1731556999999999e-06,1.8283763000000001e-06,4.0921241e-06,0.13338449,0.01847929,0.00026026360000000004,87.07024,62.80875999999999,1.0108598000000001e-05,6.3426540000000005,0.008147527999999998,3.214439,0.000552412576,5.01439218e-05,0.016682549999999997,11.695497999999999,0.000552412576,5.01439218e-05,0.004854997,10.545646000000001,0.000552412576,5.01439218e-05,0.0015636031999999998,10.363195999999999,0.000552412576,5.01439218e-05,0.003785567,8.048019e-07,1.5100669999999999e-05,0.07369350699999999,43.2943564,0.007139126469999998,-0.0023930189999999997,-0.0027420000000000005,8.505409999999999e-07,1.0678579e-05
73,1609272000,0.3088733,0.3088876,0.049329229999999995,-1.1594250000000001,1.0541948,0.49072570000000004,0.8990525,0.8010619,0.009751526,0.1471724,1.4742850000000002e-05,5.2109487e-07,5.3886335e-07,6.586300400000002e-07,9.835876999999998e-07,1.3152990000000001e-06,2.1093412999999998e-06,4.6321502e-06,0.1366768,0.017447240000000003,0.0003013848,86.38401999999999,61.51138999999999,1.0258003e-05,6.516792000000001,0.008243716,3.2799280000000004,0.00035136207,3.1751351200000005e-05,0.017038750000000002,11.988845,0.00035136207,3.1751351200000005e-05,0.004618939000000001,7.2873418,0.00035136207,3.1751351200000005e-05,0.0013384487000000001,6.9808572,0.00035136207,3.1751351200000005e-05,0.0037808980000000004,9.152304999999999e-07,1.516415e-05,-0.043275256,78.43683509999998,0.0115643552,-0.002356432,-0.002704931,9.266346000000001e-07,1.1388347999999999e-05
73,1609272600,0.24838949999999999,0.24840379999999995,0.007190915999999999,-1.0447167,0.9463034000000002,0.423885,0.7553856999999999,0.6591577,0.021878807000000004,0.14196970000000003,1.5049050000000001e-05,7.5632351e-07,7.936754299999999e-07,9.086186099999999e-07,1.1984175799999999e-06,1.6172966000000003e-06,2.2706317e-06,4.5291955e-06,0.10404955,0.01994834,0.00018394659999999998,89.50445,69.19551999999999,8.247773000000002e-06,6.393799,0.007291513000000001,2.6578009999999996,0.00010900044,9.522190499999999e-06,0.014219078000000001,9.151458000000002,0.00010900044,9.522190499999999e-06,0.004266418999999999,2.5673120999999997,0.00010900044,9.522190499999999e-06,0.0009090912000000002,2.1714699000000004,0.00010900044,9.522190499999999e-06,0.0037997720000000007,1.0702264e-06,1.540682e-05,-0.71608495,128.463666,0.016230264,-0.0024139889999999996,-0.0027420279999999997,1.2895864999999998e-06,1.5081787e-05
73,1609273200,0.15552777,0.15554161,0.028466246999999993,-0.7194459,0.8269011000000001,0.3151007,0.6606202,0.5710299000000001,0.011742713999999998,0.09143296,1.4351629999999999e-05,3.2937865999999996e-07,3.4856504e-07,4.3180220000000003e-07,5.997394999999999e-07,8.706638999999999e-07,1.2007129e-06,2.5647501e-06,0.059954049999999995,0.017587349999999998,0.0002155147,92.77053,75.36071,5.160033999999999e-06,6.651381000000001,0.005727147,1.668898,0.000300526465,2.71450926e-05,0.010944038,5.253582999999999,0.000300526465,2.71450926e-05,0.004458569,5.7330934000000005,0.000300526465,2.71450926e-05,0.0010705340000000002,5.436859319999999,0.000300526465,2.71450926e-05,0.0037495179999999994,7.8503e-07,1.4786880000000001e-05,-0.098648895,73.8551301,0.0100962897,-0.0025048099999999997,-0.0028072360000000003,1.1631366e-06,1.4207846000000002e-05
73,1609273800,0.2647651,0.2647792,0.0004709457999999997,-1.367778,0.9037396999999998,0.455478,0.7577856,0.6729579000000001,0.010150799,0.12695731000000002,1.45558e-05,5.3294899e-07,5.555103799999999e-07,6.9562739e-07,1.00002854e-06,1.3357135e-06,2.1255733e-06,4.5951935e-06,0.11691387999999998,0.015263649999999998,0.0001935897,88.84821,64.46587000000001,8.786806000000002e-06,6.561058,0.0077033660000000006,2.808637,0.0003527605199999999,3.19400885e-05,0.015347045,10.270404000000001,0.0003527605199999999,3.19400885e-05,0.004552743,6.9794261,0.0003527605199999999,3.19400885e-05,0.0012542234999999998,6.7012698,0.0003527605199999999,3.19400885e-05,0.00375952,8.603589e-07,1.494881e-05,0.039369158,80.61808599999999,0.010744631000000001,-0.002401215,-0.0027257780000000003,1.1304789000000001e-06,1.3531571000000002e-05
73,1609274400,0.3839742222222222,0.38398844444444447,0.007078789777777779,-1.0447571111111111,1.1439935555555556,0.5287807777777779,0.9668633333333333,0.838526111111111,0.03823020666666667,0.2111504888888889,1.4773888888888889e-05,8.289969777777778e-07,8.440209555555557e-07,1.0412967333333333e-06,1.475435888888889e-06,1.889864222222222e-06,3.0123135555555554e-06,6.537305666666667e-06,0.1760036222222222,0.01584667777777778,0.00012000636666666668,81.13000000000001,59.974488888888885,1.2757697777777777e-05,6.247316666666666,0.008991975555555556,4.048915555555556,0.00015597285111111113,1.3863849666666665e-05,0.018714377777777777,15.505624444444445,0.00015597285111111113,1.3863849666666665e-05,0.004463056666666666,4.911433333333333,0.00015597285111111113,1.3863849666666665e-05,0.0012402827777777776,4.5076554444444445,0.00015597285111111113,1.3863849666666665e-05,0.0037599466666666664,1.0861361111111111e-06,1.5142477777777777e-05,-0.07803662555555557,92.01917966666667,0.01654670711111111,-0.002254617777777778,-0.002647433333333333,1.1382286666666668e-06,1.4712416666666662e-05
73,1609275000,0.22450376363636365,0.2245175636363636,0.018319672363636363,-0.7256199090909091,0.9279492727272728,0.3893841818181819,0.774432818181818,0.6849071818181819,0.010092410909090908,0.11566040909090908,1.4465827272727272e-05,5.678354818181818e-07,5.939602e-07,7.339308727272728e-07,1.0014177272727273e-06,1.3183465454545455e-06,2.031089e-06,4.233908454545455e-06,0.09401305454545454,0.018107654545454547,0.0001198250818181818,86.12542727272726,68.74508181818182,7.453369090909092e-06,6.510579090909091,0.006775274545454546,2.3986027272727273,0.00019530102090909094,1.7482954454545455e-05,0.01376578,8.305042727272728,0.00019530102090909094,1.7482954454545455e-05,0.004377487272727272,4.269542818181819,0.00019530102090909094,1.7482954454545455e-05,0.0010602319090909091,3.916744181818182,0.00019530102090909094,1.7482954454545455e-05,0.003742239090909091,7.612736363636364e-07,1.4717281818181818e-05,-0.010006497272727278,45.67875272727273,0.008623431209090909,-0.002442179090909091,-0.0027748018181818182,9.207891818181818e-07,1.1031792727272727e-05
73,1609275600,0.30989700000000003,0.30991066666666667,0.01336865333333333,-1.4387355555555557,0.9588626666666666,0.5068072222222222,0.8331087777777778,0.7348141111111111,0.016205803333333334,0.1588127777777778,1.4559455555555556e-05,8.367377777777776e-07,8.735851111111111e-07,1.0720474444444443e-06,1.4911388888888887e-06,1.9633034444444442e-06,3.0784128888888893e-06,6.514622222222222e-06,0.13622233333333333,0.01854402222222222,0.0001653063333333333,84.46641111111111,62.30055555555556,1.0285354444444444e-05,6.688685555555555,0.00852774111111111,3.2762055555555554,0.0005789447466666666,5.2618709111111115e-05,0.016951611111111112,11.980987777777777,0.0005789447466666666,5.2618709111111115e-05,0.004670411111111111,10.481594444444447,0.0005789447466666666,5.2618709111111115e-05,0.0014569912222222223,10.364673777777778,0.0005789447466666666,5.2618709111111115e-05,0.003721067777777778,9.99440111111111e-07,1.4786822222222223e-05,-0.5857797111111112,101.46887871111112,0.013051757555555555,-0.0022691422222222224,-0.0026157533333333333,1.4503175555555555e-06,1.7862553333333335e-05
73,1609276200,0.2833819,0.2833958,0.0017959033999999999,-1.1756603,0.9671179999999999,0.4626118,0.8169996000000002,0.714584,0.023583684,0.15228574,1.4528450000000001e-05,6.073405799999999e-07,6.293806899999999e-07,7.818609999999999e-07,1.0920156000000001e-06,1.4196069e-06,2.2181424000000005e-06,4.679984699999999e-06,0.12032122999999999,0.021231609999999998,0.00012602094,86.84338,66.52761,9.413658e-06,6.500972,0.007903287,3.0086749999999993,0.00036001184999999994,3.2520875e-05,0.015617930000000002,10.59367,0.00036001184999999994,3.2520875e-05,0.004568454000000001,7.189823,0.00036001184999999994,3.2520875e-05,0.0012875976,6.919911400000001,0.00036001184999999994,3.2520875e-05,0.003746588,9.802885e-07,1.494667e-05,-0.004671884000000001,130.1299886,0.0162348299,-0.002346903,-0.0026999400000000005,1.1988004e-06,1.4937372e-05
73,1609276800,0.22756629999999997,0.2275802,0.007920153,-1.0726179999999998,0.9406414000000002,0.4164408999999999,0.7631108,0.6651577,0.012663322000000001,0.1208493,1.416887e-05,2.2439405000000001e-07,2.2517708e-07,3.1480171e-07,4.980232e-07,6.411876e-07,1.1131531999999998e-06,2.7018176e-06,0.09255534,0.021014400000000003,0.00020734810000000003,93.13593,69.40799000000001,7.5576779999999995e-06,6.4232190000000005,0.007010056000000001,2.41538,0.00057468018,5.2172563e-05,0.01388721,8.129877,0.00057468018,5.2172563e-05,0.00483024,10.506953,0.00057468018,5.2172563e-05,0.0015217804,10.368856999999998,0.00057468018,5.2172563e-05,0.0037408109999999993,7.120428000000001e-07,1.4671349999999998e-05,-0.114213152,46.7497551,0.0083968,-0.002446892,-0.002771399,8.870762000000001e-07,1.1099373e-05
73,1609277400,0.29477970000000003,0.29479350000000004,-0.013729013999999998,-1.4541353,0.9269161,0.4943453,0.7556480999999999,0.6770456,0.018578162000000002,0.1475753,1.3999059999999998e-05,2.0362121e-07,1.7816464999999998e-07,2.4985513e-07,4.3132200000000003e-07,5.053490000000001e-07,8.570558000000001e-07,2.2092630999999997e-06,0.12633739,0.020793609999999997,0.0002536222,91.35778,64.44550999999998,9.792888999999999e-06,6.168591,0.008669209,3.146371,0.00050021776,4.5365348300000004e-05,0.016315989999999995,11.127859,0.00050021776,4.5365348300000004e-05,0.00470823,9.1921848,0.00050021776,4.5365348300000004e-05,0.00146214,9.030152099999999,0.00050021776,4.5365348300000004e-05,0.0037300130000000008,9.360330999999999e-07,1.478377e-05,0.15163475299999998,95.84778800000001,0.0136210743,-0.0023067010000000004,-0.002652212,1.2489746e-06,1.5412567e-05
73,1609278000,0.1977796,0.1977934,0.012019747,-1.503434,0.7432352,0.4096871,0.6395818999999999,0.570205,0.006432854,0.09163981,1.423336e-05,2.9249533e-07,2.9996516999999995e-07,4.0624809000000003e-07,5.755042e-07,7.164603e-07,1.1243042e-06,2.4227058999999995e-06,0.07812196,0.020481770000000003,0.00027918999999999996,93.66775,71.85908,6.5655009999999995e-06,6.483620999999999,0.006892757000000001,2.1164259999999997,0.00041004533000000003,3.7078874000000004e-05,0.0128059,6.8791780000000005,0.00041004533000000003,3.7078874000000004e-05,0.004674215,8.251672,0.00041004533000000003,3.7078874000000004e-05,0.0013474575,8.012485999999999,0.00041004533000000003,3.7078874000000004e-05,0.0037299559999999995,8.673931e-07,1.4766659999999998e-05,0.0068614067,4.027448,0.0030103926,-0.002243237,-0.0025914329999999998,6.428134e-07,7.829741e-06
73,1609278600,0.28337029999999996,0.2833841,0.009217093,-1.3251595,0.9302917,0.4770003000000001,0.7855365000000001,0.6966962999999999,0.026848307999999998,0.15570982,1.4169790000000002e-05,4.7972789e-07,4.9734223e-07,6.704008e-07,9.741588e-07,1.2914683e-06,2.1410308e-06,4.6890457e-06,0.12132324999999997,0.02009238,0.0002581678,86.28409,65.42627999999999,9.407943e-06,6.496779000000001,0.008160938000000001,3.032409,0.00029482262999999995,2.6553517099999997e-05,0.01571727,10.717586,0.00029482262999999995,2.6553517099999997e-05,0.004479814,6.1444971,0.00029482262999999995,2.6553517099999997e-05,0.0012300679,5.843013999999999,0.00029482262999999995,2.6553517099999997e-05,0.0037174439999999994,1.1203730000000002e-06,1.4869130000000002e-05,-0.09779257999999999,57.44487610000001,0.0137597643,-0.002140344,-0.00252334,1.1631373e-06,1.5041143000000002e-05
73,1609279200,0.4200953,0.42010890000000006,0.02381755,-1.2525121000000001,1.1488844,0.5714848,0.9771299000000001,0.8668764,0.021854307000000003,0.2101003,1.44756e-05,7.026589000000001e-07,7.045275e-07,8.826767600000001e-07,1.3482643000000002e-06,1.6496494e-06,2.7404888e-06,5.810155000000001e-06,0.18934573999999998,0.020361570000000002,0.00032535079999999997,83.47396,61.35428,1.3962741000000002e-05,6.431517000000001,0.009785085,4.519664000000001,0.000596904391,5.425659889999999e-05,0.01965698,16.807846,0.000596904391,5.425659889999999e-05,0.004875888,12.137365999999998,0.000596904391,5.425659889999999e-05,0.0017075763,11.955243,0.000596904391,5.425659889999999e-05,0.0037340929999999995,1.330669e-06,1.519031e-05,0.006046379999999995,52.99198510000001,0.012234466999999999,-0.002003987,-0.002438311,1.0521157999999998e-06,1.1961897e-05
73,1609279800,0.31173480000000003,0.31174899999999994,0.03720534,-1.2423644,1.0174062999999998,0.4993086,0.8866395,0.7881241,0.013825658000000001,0.1488837,1.4260100000000001e-05,4.3438452000000004e-07,4.4288669e-07,5.753546e-07,8.702634e-07,1.0959987999999998e-06,1.8071765e-06,3.9217480000000006e-06,0.1352114,0.020400790000000002,0.0002451833,87.23664,63.26632000000001,1.0355232000000001e-05,6.338463,0.008303065000000002,3.309857,0.000605328272,5.501926920000001e-05,0.01696005,11.900450000000001,0.000605328272,5.501926920000001e-05,0.004746669,10.830833,0.000605328272,5.501926920000001e-05,0.0015156417,10.714701000000002,0.000605328272,5.501926920000001e-05,0.003729413000000001,9.768306000000002e-07,1.486396e-05,-0.003792726000000001,4.262115500000001,0.003918085,-0.0021317659999999998,-0.0025298359999999997,6.771575e-07,8.31821e-06
73,1609280400,0.20753228999999998,0.20754623999999997,0.067644354,-0.8637771000000001,0.8999900000000001,0.36798820000000004,0.6911835,0.5988557,0.023923431000000002,0.12366877999999999,1.421746e-05,3.0399096e-07,3.2248673e-07,4.3387163999999997e-07,6.3548999e-07,8.475909999999999e-07,1.3782414e-06,3.0786589999999994e-06,0.08417364999999999,0.0193038,0.00028103119999999996,93.08347,77.24502,6.892462e-06,6.4805019999999995,0.006364607999999999,2.250414,0.000470600027,4.26709277e-05,0.012036813,7.437870000000001,0.000470600027,4.26709277e-05,0.0045787910000000005,8.583714,0.000470600027,4.26709277e-05,0.0012235622,8.3772529,0.000470600027,4.26709277e-05,0.0037509810000000005,1.0546725e-06,1.5036179999999999e-05,0.089184347,77.32243600000001,0.014454465,-0.0023614020000000003,-0.002712747,1.4903871e-06,1.6886834999999998e-05
73,1609281000,0.18211616999999997,0.18212997,0.059224701000000005,-0.8139457999999999,0.8528509,0.3560264,0.7041964999999999,0.5940181999999999,0.014998232,0.10050495,1.429497e-05,4.363727400000001e-07,4.6580507999999995e-07,6.06406e-07,8.634359e-07,1.189032e-06,2.0701581e-06,4.573381e-06,0.07115606,0.01970287,0.00018809997,91.05445,75.38264,6.040223e-06,6.562113999999999,0.006416501,2.0128296,0.0004585394299999999,4.153234e-05,0.011837176000000001,6.304015,0.0004585394299999999,4.153234e-05,0.0046380860000000005,8.581330999999999,0.0004585394299999999,4.153234e-05,0.0012997408000000002,8.397195,0.0004585394299999999,4.153234e-05,0.003753104,1.6237012999999999e-06,1.5485939999999996e-05,-0.019254980000000012,125.447494,0.021811542,-0.0023221229999999997,-0.0026952979999999996,2.9761998999999996e-06,3.2460375000000003e-05
73,1609281600,0.3502804,0.3502939,0.034904716,-1.1556343999999998,1.0620319,0.5200682,0.9302164000000002,0.82135,0.013064946999999999,0.16909239999999998,1.4914479999999998e-05,1.2288485e-06,1.2832593e-06,1.5206399500000002e-06,1.9752217e-06,2.4991206e-06,3.7036910000000006e-06,7.282606e-06,0.15286082,0.022050939999999998,0.0002068183,83.90095999999998,63.41902,1.1631502e-05,6.471203,0.008858854,3.783901,0.0006563846899999999,5.9671344199999996e-05,0.017989250000000002,13.619128,0.0006563846899999999,5.9671344199999996e-05,0.004899704,12.30606,0.0006563846899999999,5.9671344199999996e-05,0.0017043378,12.1717294,0.0006563846899999999,5.9671344199999996e-05,0.0037215539999999997,1.0651044e-06,1.4871489999999999e-05,0.09810357,22.411842099999998,0.007764662,-0.002091622,-0.002499717,8.820751e-07,1.0616265999999999e-05
73,1609282200,0.2646229,0.26463659999999994,0.052423811,-0.7627141,1.0310183000000002,0.4154367,0.8435134999999999,0.7362598,0.018086191999999997,0.1422891,1.448787e-05,7.9715439e-07,8.531229399999999e-07,1.03229899e-06,1.3649882e-06,1.7884395999999998e-06,2.7777099e-06,5.6823350000000005e-06,0.10404096,0.028054840000000004,0.0002004351,89.57117000000001,75.12989,8.779351000000002e-06,6.636784999999999,0.007343299,2.7732810000000003,0.00054774081,4.973951470000001e-05,0.014148808000000002,9.073497999999999,0.00054774081,4.973951470000001e-05,0.0047322580000000005,10.459241500000001,0.00054774081,4.973951470000001e-05,0.0014809292,10.3186056,0.00054774081,4.973951470000001e-05,0.003720758,1.1561321e-06,1.4898500000000003e-05,-0.29837120999999994,99.57185100000001,0.017744487299999997,-0.002203093,-0.0026056460000000005,1.2767579e-06,1.5504407e-05
73,1609282800,0.28201750000000003,0.2820313,-0.0027976330000000003,-1.2490689,0.9936308,0.46885570000000004,0.7898494,0.7016093,0.021758732000000003,0.15131454,1.4263210000000002e-05,5.2052871e-07,5.318307400000001e-07,6.660447e-07,9.272251999999999e-07,1.1547025999999998e-06,1.8215721e-06,3.833434200000001e-06,0.11751719000000001,0.0233263,0.00015456818,88.71368,68.11240000000001,9.368485e-06,6.274985,0.007918987999999998,2.984623,0.000527960833,4.79547266e-05,0.015447800000000001,10.330589999999997,0.000527960833,4.79547266e-05,0.004684828,9.582314100000001,0.000527960833,4.79547266e-05,0.0014259604000000001,9.4244671,0.000527960833,4.79547266e-05,0.0037350030000000006,1.0648666000000001e-06,1.493368e-05,-0.40340861199999994,83.20572800000001,0.013964184999999999,-0.00223823,-0.002623332,1.3122587000000002e-06,1.5910056999999998e-05
73,1609283400,1.0511854999999999,1.0511982999999998,0.002741789899999999,-1.2527963000000002,1.7076159999999998,0.8907131999999999,1.5571959999999998,1.436595,0.030687836000000003,0.47228250000000005,1.646056e-05,2.7729551e-06,2.85982777e-06,3.4356815000000002e-06,4.8944438e-06,6.1970863e-06,9.9469326e-06,2.0292021000000002e-05,0.5080756,0.01731044,0.0001535014,72.11616000000001,53.662890000000004,3.4927740000000004e-05,6.1218650000000014,0.015392419999999999,10.910772,0.0007345647999999999,6.672057e-05,0.032642870000000004,44.49633000000001,0.0007345647999999999,6.672057e-05,0.0054624849999999996,18.688049999999997,0.0007345647999999999,6.672057e-05,0.002612741,18.367109999999997,0.0007345647999999999,6.672057e-05,0.00375553,2.180078e-06,1.6176419999999998e-05,-0.24382721000000002,30.508100300000002,0.011036405,-0.0013468606999999999,-0.002030888,1.2915336e-06,1.5404233e-05
73,1609284000,1.556453,1.5564675000000001,-0.006183104,-1.544972,1.935734,1.1353456000000002,1.7178149999999999,1.5731709999999999,0.09413815,0.7700273,1.480478e-05,1.1280728e-06,1.0025075e-06,1.4425809000000001e-06,2.78331e-06,3.5913837999999997e-06,6.390105999999999e-06,1.6540116e-05,0.7517539999999998,0.02630945,0.00012985195,75.35283000000001,53.56729,5.174648000000001e-05,5.950989000000001,0.019397530000000003,16.448479,0.00118944448,0.00010848622049999999,0.039655630000000004,66.37825000000001,0.00118944448,0.00010848622049999999,0.005571224,29.880909000000003,0.00118944448,0.00010848622049999999,0.0028205389999999995,29.659945,0.00118944448,0.00010848622049999999,0.0037875950000000004,3.273598e-06,1.7320910000000003e-05,0.03851818,26.2946395,0.022177848,-0.0008917771600000001,-0.00160673,1.9084252e-06,2.3393916e-05
73,1609284600,0.8241542000000001,0.8241675,-0.0062220323,-1.5201350000000002,1.4768329999999998,0.8275551,1.2738755000000002,1.1562356,0.02673547,0.39450110000000005,1.468439e-05,1.1196169000000002e-06,1.1217526e-06,1.4918416e-06,2.4023278e-06,3.1805788e-06,5.494042299999999e-06,1.2543186999999998e-05,0.3893086,0.02263168,0.00010824821999999999,79.32964000000001,56.03242,2.737816e-05,6.2745500000000005,0.014081960000000001,8.723254999999998,0.00116417422,0.00010616972,0.028568119999999995,34.388279999999995,0.00116417422,0.00010616972,0.005257959999999999,20.654577999999997,0.00116417422,0.00010616972,0.00232103,20.760707000000004,0.00116417422,0.00010616972,0.0037326569999999995,1.8632880000000001e-06,1.5701659999999996e-05,0.06210504,6.7686635,0.008641260000000001,-0.0015025350000000002,-0.002061158,8.025553e-07,9.778114e-06
73,1609285200,1.5349447,1.5349571000000002,-0.0037265706000000004,-1.4844940000000002,1.9930359999999996,1.1176252999999998,1.767504,1.6101869999999998,0.06377083,0.7272885,1.6583950000000002e-05,3.3657432000000002e-06,3.3622384999999997e-06,4.041529199999999e-06,5.6925555e-06,7.126287500000001e-06,1.1143149e-05,2.3690743e-05,0.7300084,0.037267079999999994,0.00013481253,76.33789999999999,55.50491000000001,5.1022250000000004e-05,6.011214000000001,0.01888481,16.097288,0.0010831351799999998,9.867604680000001e-05,0.03893927999999999,64.26912000000002,0.0010831351799999998,9.867604680000001e-05,0.005587314,27.030275,0.0010831351799999998,9.867604680000001e-05,0.002878099,26.787487,0.0010831351799999998,9.867604680000001e-05,0.0037413770000000006,3.12808e-06,1.681966e-05,-0.073037354,18.2751607,0.018977532999999998,-0.0008738193,-0.0016008490000000001,1.6474884999999997e-06,2.0789088e-05
73,1609285800,1.8277269999999999,1.8277410000000003,-0.0024866355,-1.470997,2.143828,1.226175,1.9191209999999999,1.764542,0.08345910000000001,0.8691625999999999,1.4911960000000001e-05,1.5357352000000002e-06,1.32487568e-06,1.7277180000000003e-06,3.0932163999999997e-06,3.6243125e-06,6.170690199999999e-06,1.5267617e-05,0.8728463999999999,0.04087086,0.00011233267999999999,78.81264,54.743860000000005,6.079560999999999e-05,5.871981,0.0207849,19.062850000000005,0.0013258743600000002,0.00012093817530000001,0.042857990000000006,76.56775,0.0013258743600000002,0.00012093817530000001,0.0056408050000000005,27.804364000000003,0.0013258743600000002,0.00012093817530000001,0.0029995069999999998,27.7654,0.0013258743600000002,0.00012093817530000001,0.0037743940000000004,3.3941109999999995e-06,1.7311420000000003e-05,0.017459939,13.631178300000002,0.017231062999999998,-0.0007244387999999999,-0.00151434,1.4755220000000003e-06,1.8362417999999998e-05
73,1609286400,1.80962,1.809638,0.005190025199999999,-1.1406608,2.4338989999999994,1.1869770000000002,2.1536169999999997,1.9029580000000004,0.048006019999999996,0.8062550999999999,1.670212e-05,3.2873528e-06,3.3150314e-06,4.0513292000000005e-06,5.935322e-06,7.432687999999999e-06,1.1818119e-05,2.5277277000000003e-05,0.7711804,0.13338438000000002,0.00018253781,90.26947999999999,64.57688,6.008684e-05,6.428202999999999,0.019759740000000005,19.22112,0.00405655299,0.000371210615,0.040725790000000005,68.31092000000001,0.00405655299,0.000371210615,0.006523356000000001,71.20984899999999,0.00405655299,0.000371210615,0.003907598,72.676879,0.00405655299,0.000371210615,0.003780995,3.389607e-06,1.726105e-05,0.01857729,4.5059463,0.013143975999999998,-0.0007187837,-0.001563668,9.724378000000001e-07,1.2790478000000002e-05
73,1609287000,1.6123850000000002,1.612398,0.012026173000000001,-1.3530701,2.3001709999999997,1.156417,1.9451100000000001,1.675926,0.06698451,0.7728678,1.659642e-05,3.2137739999999998e-06,3.2621101000000003e-06,3.7901631e-06,5.3875747e-06,6.4211638e-06,9.7737716e-06,1.9594323e-05,0.6490241999999999,0.15690260000000003,0.0002108261,91.72007,69.60589999999999,5.3533200000000004e-05,6.175776000000001,0.01921362,17.06731,0.0011231650100000001,0.00010233289299999999,0.03717917,57.30054000000001,0.0011231650100000001,0.00010233289299999999,0.00553378,25.800064,0.0011231650100000001,0.00010233289299999999,0.002863055,25.653892999999993,0.0011231650100000001,0.00010233289299999999,0.003744956,3.1546260000000006e-06,1.687433e-05,0.08046123699999999,7.080425700000001,0.010808032,-0.0008016287,-0.001565323,1.0723137e-06,1.3019344e-05
73,1609287600,2.336852,2.3368650000000004,0.0007024368530000001,-1.648063,2.36756,1.4353289999999999,2.079514,1.8925330000000002,0.06574721000000001,1.0591961,1.612799e-05,2.9506064e-06,2.9239896299999997e-06,3.7622134999999996e-06,5.86423e-06,7.708927699999998e-06,1.2096993e-05,2.8275392000000002e-05,0.9908918,0.1772176,0.00024954359999999995,88.01365000000001,65.41396999999999,7.764129999999999e-05,6.082656999999999,0.024325199999999998,24.758869999999998,0.00416892553,0.00038148072600000004,0.04600632,87.53186000000001,0.00416892553,0.00038148072600000004,0.006416211,72.87315910000001,0.00416892553,0.00038148072600000004,0.003882563,74.43555269999999,0.00416892553,0.00038148072600000004,0.0038127030000000006,4.904871e-06,1.8670459999999997e-05,-0.020507299,6.0822928,0.016448629,-0.00014868354999999998,-0.0010264189,1.6255202e-06,1.7565447e-05
73,1609288200,2.414931,2.414946,-0.0018149124999999999,-1.62927,2.4103850000000007,1.452012,2.148478,1.9203579999999998,0.06728131,1.096655,1.67037e-05,3.3595803e-06,3.2135226999999996e-06,3.8954597e-06,5.883219000000001e-06,7.0337926e-06,1.1118189400000001e-05,2.3854967e-05,1.0616597,0.14555279999999998,0.00019170336,87.41102000000001,62.39584,8.024658999999999e-05,6.123265999999999,0.024452639999999998,25.38784,0.00322526627,0.00029493637,0.04747596999999999,93.43782,0.00322526627,0.00029493637,0.006297026999999999,58.050771999999995,0.00322526627,0.00029493637,0.0037549230000000003,59.09190100000001,0.00322526627,0.00029493637,0.0038210099999999997,4.774356e-06,1.870537e-05,0.140743466,10.383148199999997,0.020550305,-0.00019861866000000003,-0.0010462573,1.5454181e-06,1.7830839000000002e-05
73,1609288800,2.024357,2.0243689999999996,-0.0020915433600000003,-1.4412451000000002,2.3330200000000003,1.3015856,2.079439,1.8338060000000003,0.060146710000000006,0.9173739,1.634124e-05,2.9328488e-06,2.9425236e-06,3.6712001e-06,5.592502999999999e-06,7.166624999999999e-06,1.1714281999999998e-05,2.5022797000000002e-05,0.8377241999999999,0.17421170000000002,0.0001802087,87.37591,68.06154000000001,6.724179e-05,6.217924,0.02164962,21.124969999999998,0.00354038791,0.0003239021,0.041872040000000006,73.33886,0.00354038791,0.0003239021,0.006781066999999999,73.004268,0.00354038791,0.0003239021,0.004197513,73.808958,0.00354038791,0.0003239021,0.0037859819999999994,3.9652909999999995e-06,1.780358e-05,0.031703069,1.6163630000000002,0.010721774,-0.0004076224,-0.0012365063,9.030048000000001e-07,1.1873155e-05
73,1609289400,1.8040030000000002,1.804017,-0.0029109390000000004,-1.1913604,2.398836,1.196392,2.132765,1.868495,0.03579455,0.7932555,1.603169e-05,2.5179706000000004e-06,2.4839101099999997e-06,3.1024806e-06,4.8983631e-06,5.9620307e-06,9.7539453e-06,2.143271e-05,0.7324459,0.1693274,0.00017601112000000001,90.82630999999999,69.20272000000001,5.99074e-05,6.124152,0.01963678,18.955550000000002,0.0034317475499999993,0.00031393821699999993,0.03939696,64.40029000000001,0.0034317475499999993,0.00031393821699999993,0.006759675,67.20198,0.0034317475499999993,0.00031393821699999993,0.004143394,68.16040000000001,0.0034317475499999993,0.00031393821699999993,0.0037953220000000003,3.930534e-06,1.784355e-05,-0.015720605000000006,3.3345131,0.011171417,-0.00050626979,-0.0013193814,1.0319384e-06,1.3861142000000002e-05
73,1609290000,2.100243,2.100256,-0.003502849,-1.4870860000000001,2.373672,1.3335430000000001,2.1097779999999995,1.8746449999999997,0.06471494,0.9660627999999999,1.589882e-05,2.2490456000000002e-06,2.1069418e-06,2.5612963e-06,4.129444e-06,4.5709297e-06,7.0338337e-06,1.6060774e-05,0.8803110999999999,0.16962460000000001,0.00014501815,92.60116000000001,66.56811,6.983894999999999e-05,5.893214,0.0223322,22.346089999999997,0.0023830415,0.00021780086000000001,0.04329689,78.032,0.0023830415,0.00021780086000000001,0.006108419999999999,48.885909999999996,0.0023830415,0.00021780086000000001,0.0034931619999999997,49.34961,0.0023830415,0.00021780086000000001,0.0038336220000000005,4.611918000000001e-06,1.868488e-05,-0.025094711000000002,9.1205199,0.01839253,-0.00026378044,-0.0011212535000000002,1.3558845e-06,1.7878818e-05
73,1609290600,2.965513,2.965528,-0.0017519177,-1.5457420000000002,2.7548350000000004,1.598754,2.461763,2.2000800000000003,0.09114158000000001,1.330038,1.891532e-05,5.628300999999999e-06,5.6995066999999996e-06,6.871766999999999e-06,9.903898999999999e-06,1.2602746999999999e-05,2.0109058999999998e-05,4.2169427e-05,1.2860090000000002,0.19638830000000002,0.00025155859999999997,83.07972,63.47169000000001,9.852496e-05,6.251361,0.02674182,31.373820000000002,0.0038945509000000004,0.00035621782,0.05235167,113.67354,0.0038945509000000004,0.00035621782,0.0070298570000000005,77.95336,0.0038945509000000004,0.00035621782,0.004519252,79.10624,0.0038945509000000004,0.00035621782,0.00389089,5.6457090000000005e-06,1.980072e-05,0.0042649320000000025,2.6607778,0.014350400000000003,0.00015584314,-0.0007953726000000001,1.0170917999999999e-06,1.3396019e-05
73,1609291200,3.5414380000000003,3.5414540000000003,0.0014194096,-1.640673,2.895952,1.7596510000000003,2.5765160000000003,2.307221,0.08652787,1.589054,2.005368e-05,6.842168599999998e-06,6.975610500000002e-06,8.2264508e-06,1.2135126e-05,1.4699956e-05,2.3331017e-05,4.7690565e-05,1.5176429999999999,0.2526565,0.0002955482,88.74563,64.80004,0.00011762526,5.98069,0.029524859999999997,37.19738,0.011517943899999999,0.0010549885099999999,0.056642899999999996,133.61948,0.011517943899999999,0.0010549885099999999,0.008916009999999999,198.03751000000003,0.011517943899999999,0.0010549885099999999,0.00646501,203.29924,0.011517943899999999,0.0010549885099999999,0.003937802,6.252898000000001e-06,2.0501899999999998e-05,0.008959180890000001,0.60052797,0.010654774,0.00042570847300000007,-0.0005956469000000001,8.975842999999999e-07,1.2121938000000002e-05
73,1609291800,5.817094999999999,5.81711,7.273000000000001e-06,-1.7358810000000002,3.398953,2.2734499999999995,3.109859,2.893624,0.12666892999999999,2.574312,2.342769e-05,1.1154134e-05,1.1439520999999999e-05,1.4121713999999999e-05,2.1025226e-05,2.7413091000000002e-05,4.5532969e-05,9.800934000000001e-05,2.68152,0.22628239999999997,0.0005077183999999999,77.91751,57.92258,0.0001932429,6.350766999999999,0.03850478,60.700869999999995,0.0025558427499999996,0.00023359551100000003,0.07553387,235.223,0.0025558427499999996,0.00023359551100000003,0.007196559,75.023011,0.0025558427499999996,0.00023359551100000003,0.004684586999999999,74.48477799999999,0.0025558427499999996,0.00023359551100000003,0.00411025,9.166742e-06,2.3406170000000004e-05,0.032964508,0.80801702,0.013152552000000001,0.0014380525000000002,0.00023967246,1.0950835000000002e-06,1.526804e-05
73,1609292400,6.027367,6.027381,-0.0005095608999999999,-1.703128,3.5780970000000005,2.310343,3.268712,3.001067,0.10073944000000001,2.59304,2.668198e-05,1.4029199999999998e-05,1.4050987100000003e-05,1.6339029e-05,2.2564319999999998e-05,2.7311809e-05,4.176923900000001e-05,8.212031000000001e-05,2.783674,0.2294251,0.00035309050000000003,80.08491999999998,57.68296,0.0002003787,5.833824,0.03869829,62.10291000000001,0.00466629398,0.0004267188619999999,0.07685333000000001,242.4545,0.00466629398,0.0004267188619999999,0.00757767,83.615514,0.00466629398,0.0004267188619999999,0.005099373,85.15037399999999,0.00466629398,0.0004267188619999999,0.0041327000000000004,9.580531999999998e-06,2.3805280000000003e-05,-0.0024413647000000012,0.38475306,0.012206198000000001,0.001541202,0.00028934568999999994,1.0235175e-06,1.4928550000000001e-05
73,1609293000,6.842721,6.842734,0.00034250093999999996,-1.70761,3.7490650000000003,2.452824,3.417217,3.187861,0.14202659,2.984084,1.920634e-05,7.1179310000000016e-06,6.955791000000001e-06,9.475436599999999e-06,1.6852314e-05,2.27160402e-05,4.03878819e-05,9.581725000000001e-05,3.2354060000000002,0.185165,0.0005848480999999999,77.80955,55.59737,0.00022738230000000003,6.236282000000001,0.041569539999999995,71.80767999999999,0.00707967251,0.0006478705329999999,0.08301075,284.8483,0.00707967251,0.0006478705329999999,0.008781603,148.12537,0.00707967251,0.0006478705329999999,0.006260439,149.91653,0.00707967251,0.0006478705329999999,0.004226588000000001,1.0948479000000001e-05,2.5271469999999998e-05,0.0025818020000000002,0.6262287000000001,0.015199506000000002,0.00185618,0.0005278905,1.2605383e-06,1.737286e-05
73,1609293600,6.450282,6.450296999999999,0.001391626,-1.631149,3.848743,2.3626829999999996,3.5081569999999997,3.2240119999999997,0.17861359,2.8704739999999997,2.9681949999999998e-05,1.7449839e-05,1.8101803999999998e-05,2.1841891e-05,3.056995e-05,3.9751519999999995e-05,6.376846e-05,0.00013215062,3.0098599999999998,0.2143761,0.0005667344,75.18414,56.751310000000004,0.00021423280000000002,6.5206849999999985,0.03991477,67.89004,0.01105452329,0.001012227461,0.08020433,265.4625,0.01105452329,0.001012227461,0.009493512999999999,198.80128,0.01105452329,0.001012227461,0.007012597000000001,203.33348,0.01105452329,0.001012227461,0.004208036,1.0282816e-05,2.478788e-05,0.019613170000000003,0.94316709,0.015902756,0.001654815,0.00034487627,1.2250824000000002e-06,1.672135e-05
73,1609294200,5.932796000000001,5.932813,0.00020239329999999995,-1.659497,3.623849,2.2804130000000002,3.3634409999999995,3.072133,0.06946768,2.4964579999999996,2.6419160000000003e-05,1.3736633999999998e-05,1.4019055260000002e-05,1.66626933e-05,2.3801998999999997e-05,2.99112755e-05,4.68907852e-05,0.000100066478,2.7455950000000002,0.2200841,0.00046153799999999994,78.80342,57.466570000000004,0.0001971126,6.136557999999999,0.03829310999999999,61.93745,0.007522039039999999,0.0006885981529999999,0.07660618999999999,240.95999999999998,0.007522039039999999,0.0006885981529999999,0.008451951000000001,148.35243999999997,0.007522039039999999,0.0006885981529999999,0.005966425,150.51447,0.007522039039999999,0.0006885981529999999,0.0041603460000000005,9.556258e-06,2.402856e-05,0.012286391499999999,0.023725271569999998,0.007692277,0.001499665,0.00028947052,9.499094e-07,1.220053e-05
73,1609294800,6.273281,6.273296,-0.0019091880000000002,-1.6358530000000002,3.787954,2.338362,3.480707,3.160672,0.11271323,2.6782209999999997,1.83841e-05,5.454325e-06,4.8744559e-06,6.383091500000001e-06,1.1589194000000001e-05,1.3938707500000001e-05,2.4230944400000002e-05,5.9120701e-05,2.886146,0.2499499,0.00041543090000000003,81.49828,58.12065,0.00020855690000000002,5.729045,0.03926277,65.74620999999999,0.007008180629999999,0.000641427146,0.07849217,254.1171,0.007008180629999999,0.000641427146,0.008472169,139.65107,0.007008180629999999,0.000641427146,0.0059942,141.78415,0.007008180629999999,0.000641427146,0.004173648,9.762401e-06,2.42507e-05,0.016896091999999998,0.71958948,0.013734266,0.0015057570000000001,0.000247274792,1.0947474e-06,1.610252e-05
73,1609295400,4.756107999999999,4.756126,-0.0015177389000000001,-1.657556,3.245686,2.043724,3.020493,2.709982,0.048901440000000004,1.9932570000000003,2.26802e-05,9.554771999999999e-06,9.533223800000001e-06,1.12979659e-05,1.5904742e-05,1.9361777999999998e-05,3.0478019e-05,6.171464299999999e-05,2.122244,0.2552987,0.00034628519999999996,85.08716999999999,60.84646999999999,0.000158077,6.174446000000001,0.03426378000000001,49.75968,0.009435100399999998,0.0008639077299999999,0.06731042000000001,186.4528,0.009435100399999998,0.0008639077299999999,0.008636242999999998,167.68939899999998,0.009435100399999998,0.0008639077299999999,0.006196689,171.703189,0.009435100399999998,0.0008639077299999999,0.004042341,7.654667000000001e-06,2.214281e-05,0.0026926170000000004,0.11473652000000001,0.006855582000000001,0.0009016075,-0.00022858651000000002,7.934319000000002e-07,1.1238739999999999e-05
73,1609296000,4.510473,4.510486,-0.00047292458,-1.7410259999999997,2.998703,2.0086079999999997,2.7219069999999994,2.557392,0.09012566999999999,1.9808409999999999,2.5826879999999997e-05,1.31550464e-05,1.3338964199999999e-05,1.5507981e-05,2.1282402e-05,2.59180953e-05,3.9298381e-05,7.747922099999999e-05,2.0585530000000003,0.1961351,0.0003302993,79.69895,58.768600000000006,0.0001498873,5.960573,0.03414945,47.68519,0.0015064880800000004,0.00013720073199999998,0.06645822,181.9683,0.0015064880800000004,0.00013720073199999998,0.006773526,57.835209,0.0015064880800000004,0.00013720073199999998,0.004255528,56.862928,0.0015064880800000004,0.00013720073199999998,0.004069197000000001,8.342951e-06,2.2817390000000002e-05,0.032907968200000005,2.7298364800000003,0.016490921999999998,0.0010332452,-8.008196000000001e-05,1.5647378e-06,1.937265e-05
73,1609296600,6.142931,6.142943,-0.0014809275,-1.7495090000000002,3.3619409999999994,2.331028,3.103333,2.9315020000000005,0.11817621,2.6611089999999997,2.0389170000000003e-05,7.714405e-06,7.3510017e-06,9.309698999999999e-06,1.5297520000000002e-05,1.889973e-05,3.1706492e-05,7.381745999999999e-05,2.9133210000000003,0.1575163,0.0004579036999999999,77.12731000000001,55.30508999999999,0.00020419819999999999,6.219097,0.03997973,65.05325,0.00694338345,0.000635467588,0.07894962,258.094,0.00694338345,0.000635467588,0.008471081,141.42323900000002,0.00694338345,0.000635467588,0.005935705,143.37901399999998,0.00694338345,0.000635467588,0.004193019,1.0211589e-05,2.467301e-05,0.044621909,1.7873534899999999,0.020930487999999997,0.0016323169999999999,0.00039876604,1.500971e-06,1.985936e-05
73,1609297200,5.0862430000000005,5.086256999999999,-0.0023011299999999993,-1.7127959999999998,3.220599,2.1136709999999996,2.941328,2.730833,0.10025675999999999,2.188502,2.045385e-05,7.54498e-06,7.493272749999999e-06,9.3031814e-06,1.4563568999999997e-05,1.8297269000000004e-05,3.0735416900000006e-05,6.6834588e-05,2.3837559999999995,0.1587729,0.00043170739999999995,80.78902,56.3976,0.00016902170000000002,6.051558,0.0360427,53.88038,0.0045474248,0.00041594952,0.07146421,211.002,0.0045474248,0.00041594952,0.007799576,97.80594,0.0045474248,0.00041594952,0.005299571,98.68644300000001,0.0045474248,0.00041594952,0.004088685999999999,8.663976999999999e-06,2.31499e-05,0.009273891,11.487603449999998,0.021036594999999998,0.0011351712,-1.7762940000000002e-05,1.7999982999999997e-06,2.200217e-05
73,1609297800,4.245833999999999,4.245846,-0.0012503637,-1.7170840000000003,2.9697899999999997,1.9384439999999998,2.705333,2.492814,0.0830168,1.8189119999999999,2.232082e-05,8.824563e-06,9.005824e-06,1.08411883e-05,1.5438368e-05,1.95223498e-05,3.0881992e-05,6.6138189e-05,1.950409,0.17196289999999997,0.00037641240000000004,79.16004000000001,58.175770000000014,0.00014107770000000003,6.2538659999999995,0.03308191,45.03468,0.0045023856099999995,0.000411863562,0.06479836,172.8923,0.0045023856099999995,0.000411863562,0.007220591,91.208059,0.0045023856099999995,0.000411863562,0.004707225,92.481294,0.0045023856099999995,0.000411863562,0.004015958,7.349605e-06,2.184515e-05,0.027242886,2.1835412300000003,0.016268903999999997,0.0007608555999999999,-0.00030009789,1.2760287e-06,1.791672e-05
73,1609298400,5.287381,5.287394,-0.00031292559999999996,-1.745907,3.137683,2.1639429999999997,2.881888,2.730384,0.14048985,2.3377919999999994,2.01593e-05,7.410997000000001e-06,7.209894999999998e-06,9.014325e-06,1.4157755999999998e-05,1.80113103e-05,2.9941400099999996e-05,6.8614737e-05,2.4856059999999998,0.1574993,0.0004246428,77.44908999999998,56.073159999999994,0.0001757168,6.055379,0.03691242,55.45864,0.003578395520000001,0.000327053307,0.0728459,218.9143,0.003578395520000001,0.000327053307,0.007433083,83.39653899999999,0.003578395520000001,0.000327053307,0.004939617,83.812568,0.003578395520000001,0.000327053307,0.004079991999999999,8.619647000000002e-06,2.2983680000000004e-05,-0.008401906999999997,0.76039481,0.014219968,0.0011963008,7.47631e-05,1.08995e-06,1.5474220000000003e-05
73,1609299000,4.783127,4.783143000000001,-9.999630000000002e-05,-1.660085,3.236686,2.046729,2.9873039999999995,2.746021,0.07343390000000001,2.0517209999999997,1.911234e-05,6.090671000000001e-06,6.093845000000001e-06,8.120476999999998e-06,1.3420457000000002e-05,1.7985222000000002e-05,3.163865e-05,7.306821000000001e-05,2.230695,0.1601677,0.0005391969,78.05136999999999,56.8231,0.0001588393,6.450104999999999,0.03434798000000001,49.83412,0.005049337730000001,0.000461933333,0.06891930000000002,195.5425,0.005049337730000001,0.000461933333,0.007937488,107.5855,0.005049337730000001,0.000461933333,0.005507972999999999,108.6963,0.005049337730000001,0.000461933333,0.0040394079999999995,7.840205e-06,2.220519e-05,0.024366976999999998,0.553341559,0.011256152,0.0009861393,-0.00015184817999999999,1.0047512000000001e-06,1.3210719999999997e-05
73,1609299600,3.7036059999999997,3.703622,-0.0005496286,-1.7050830000000001,2.817461,1.8097559999999997,2.5513149999999998,2.3437840000000003,0.07792282,1.605818,1.640641e-05,3.1676250000000004e-06,2.8596429e-06,3.824576999999999e-06,6.9357249999999996e-06,8.447768e-06,1.4910870999999999e-05,3.6034720000000004e-05,1.7001249999999999,0.15121579999999998,0.0003835008,84.74117000000001,58.277379999999994,0.0001230945,6.253731,0.030513530000000004,38.71623,0.00321075855,0.00029351046199999997,0.06016442000000001,149.1584,0.00321075855,0.00029351046199999997,0.006902375,65.36719000000001,0.00321075855,0.00029351046199999997,0.00443173,66.11082,0.00321075855,0.00029351046199999997,0.003961388000000001,6.65422e-06,2.099947e-05,0.005204270000000001,3.77167177,0.019538829,0.0005272046000000001,-0.0004832681,1.5500743e-06,2.092615e-05
73,1609300200,4.386492000000001,4.386506,0.00042083689,-1.7156789999999997,3.0149800000000004,1.964594,2.720557,2.514789,0.1050735,1.924322,2.1762989999999997e-05,8.60667e-06,8.60018569e-06,1.0520730300000001e-05,1.5491598e-05,1.94416872e-05,3.14234767e-05,6.715560699999999e-05,2.0524650000000007,0.14018149000000002,0.0004323587,77.77126,56.61586,0.00014577250000000002,6.187348,0.03295707000000001,44.886739999999996,0.00614538151,0.000562538989,0.06572631,178.1817,0.00614538151,0.000562538989,0.008066094999999999,130.826854,0.00614538151,0.000562538989,0.005569884999999999,132.38926300000003,0.00614538151,0.000562538989,0.0040199120000000005,7.5234479999999995e-06,2.1929399999999997e-05,0.012644606999999999,1.2965317199999997,0.012142687000000003,0.0008606102000000001,-0.00022030894999999998,1.2281300000000001e-06,1.678923e-05
73,1609300800,4.734894,4.734907999999999,0.00142596089,-1.6870999999999998,2.993004,2.023868,2.7713709999999994,2.6740570000000004,0.10607073999999998,2.085985,2.147257e-05,8.390906e-06,8.625006399999999e-06,1.09232043e-05,1.6944397999999998e-05,2.20530989e-05,3.7067812e-05,8.3720392e-05,2.313688,0.0530691,0.0004961923,68.90916999999999,52.275040000000004,0.00015737470000000002,6.192723,0.03450816999999999,48.63874,0.00317236774,0.00028991038000000005,0.06997432,201.4391,0.00317236774,0.00028991038000000005,0.007319244,71.99987,0.00317236774,0.00028991038000000005,0.00478063,72.36049,0.00317236774,0.00028991038000000005,0.004070088,8.070576999999999e-06,2.2615790000000004e-05,0.026822192,1.3982711939999999,0.012742590000000002,0.0010287739,-0.00012004196000000001,1.1562605000000001e-06,1.496278e-05
73,1609301400,4.935656,4.935671999999999,0.0015017239999999999,-1.699906,2.9755279999999997,2.067662,2.7717470000000004,2.7005689999999993,0.08937512,2.146214,2.411942e-05,1.1360906e-05,1.15904978e-05,1.4134604899999997e-05,2.0810794e-05,2.67940404e-05,4.385287e-05,9.179718999999999e-05,2.4203580000000002,0.046751179999999996,0.0004903403,69.61386,51.94097000000001,0.00016404520000000002,6.1710590000000005,0.0358106,51.662369999999996,0.00160892391,0.00014689740700000003,0.07194256000000002,212.9875,0.00160892391,0.00014689740700000003,0.006763633,55.431650000000005,0.00160892391,0.00014689740700000003,0.004217849,54.615334000000004,0.00160892391,0.00014689740700000003,0.004074245,8.25525e-06,2.2701039999999998e-05,0.017017681,0.7717404700000001,0.0124302,0.0011405015,-5.36247415e-05,1.1082228e-06,1.464018e-05
73,1609302000,5.470127000000001,5.47014,0.0016558871,-1.688276,3.125908,2.1755299999999997,2.948454,2.876675,0.11154088,2.3663809999999996,2.7260150000000004e-05,1.5036232e-05,1.5331410999999997e-05,1.8261431e-05,2.5532315e-05,3.2579934e-05,5.181561e-05,0.00010588819999999999,2.690089,0.044217269999999996,0.0004784804,68.31849,51.64622000000001,0.0001818586,6.450025999999999,0.037608340000000004,57.48255,0.00515476748,0.00047152975,0.07593387,237.07349999999997,0.00515476748,0.00047152975,0.007731105999999999,99.687518,0.00515476748,0.00047152975,0.005213404,101.21541400000001,0.00515476748,0.00047152975,0.004113107,9.074656e-06,2.341134e-05,-0.013018460200000002,1.479454773,0.015248537000000001,0.0013853259999999999,0.00013594489,1.3343708e-06,1.826376e-05
73,1609302600,4.775443,4.775459,0.0022002077000000003,-1.662782,3.142223,2.02652,2.8589369999999996,2.7096459999999998,0.12801045,2.131092,2.226174e-05,9.248961e-06,9.0845173e-06,1.08208728e-05,1.6102870000000003e-05,1.9317878e-05,2.9937377999999995e-05,6.601696e-05,2.326765,0.0604144,0.0003736907,72.61944,52.62899,0.0001587934,5.921571999999999,0.03490432,50.609840000000005,0.0021355806,0.00019476602000000003,0.07066214,205.82929999999996,0.0021355806,0.00019476602000000003,0.00706078,53.896328,0.0021355806,0.00019476602000000003,0.004519007,53.659372000000005,0.0021355806,0.00019476602000000003,0.004078808000000001,8.512198e-06,2.2906020000000002e-05,0.014242314,2.8326210000000005,0.019949548,0.0010969132999999998,-7.147557e-05,1.6058171e-06,2.013914e-05
73,1609303200,3.548056,3.5480729999999996,0.0038682434,-1.591994,2.9021,1.749439,2.6685049999999997,2.4447750000000004,0.0507751,1.5005929999999998,1.932872e-05,6.0217453e-06,6.0653495e-06,7.5769960999999995e-06,1.1550757e-05,1.4888722500000002e-05,2.5060587e-05,5.4817485e-05,1.650109,0.12337944999999999,0.0004099272,77.00531,57.02587,0.00011789000000000001,6.181005000000001,0.02942384,37.28075,0.0036129890899999997,0.000330350369,0.05951603,145.4034,0.0036129890899999997,0.000330350369,0.007168054,78.38503999999998,0.0036129890899999997,0.000330350369,0.004643752,79.142274,0.0036129890899999997,0.000330350369,0.003956111,6.3034180000000006e-06,2.073421e-05,0.013008529,0.21505170999999995,0.0073939270000000015,0.00042466629999999997,-0.0005689422000000001,7.714757e-07,1.0449675e-05
73,1609303800,3.9691400000000003,3.9691549999999998,0.009525955999999999,-1.613017,3.020268,1.844764,2.7795460000000003,2.524615,0.09034143,1.71524,2.2154349999999996e-05,8.8244807e-06,9.017004899999999e-06,1.08789305e-05,1.5661568999999998e-05,1.95232772e-05,3.1085560799999996e-05,6.5482602e-05,1.854159,0.12971939999999998,0.0005242117000000001,76.68442999999999,56.90445,0.00013186278,6.207677000000001,0.031113189999999995,41.80458,0.00282194225,0.000257858116,0.06260537000000001,163.44469999999995,0.00282194225,0.000257858116,0.006969943000000001,67.052451,0.00282194225,0.000257858116,0.004459796,67.091859,0.00282194225,0.000257858116,0.003998476,7.192908e-06,2.1613679999999998e-05,-0.29066321900000003,8.58926903,0.013594163000000001,0.0006440103889999999,-0.0004359478,2.1502905e-06,2.662448e-05
73,1609304400,4.38343,4.3834420000000005,0.010871747000000001,-1.628971,3.189473,1.9473090000000002,2.9311269999999996,2.6750680000000004,0.06472254,1.885897,2.255999e-05,9.113173000000002e-06,9.269990199999999e-06,1.0969853e-05,1.5675622e-05,1.9213617999999998e-05,3.055004e-05,6.356554e-05,2.041519,0.14946560000000003,0.0005649267999999999,80.72254000000001,57.01964,0.0001457133,6.351134,0.033094609999999997,46.88336,0.0056512197000000005,0.00051709308,0.06624193,181.6347,0.0056512197000000005,0.00051709308,0.007718494000000001,109.033018,0.0056512197000000005,0.00051709308,0.005195509,110.859421,0.0056512197000000005,0.00051709308,0.0040288730000000005,7.379092999999999e-06,2.195197e-05,-0.031132120999999995,1.8782968899999997,0.011642206,0.0007444039,-0.000334518,1.0189331000000001e-06,1.391733e-05
73,1609305000,4.072389,4.072405999999999,0.006152922,-1.678707,2.9930399999999997,1.8912600000000002,2.727944,2.528739,0.05714235999999999,1.7399550000000001,2.273672e-05,9.598013e-06,9.656746000000001e-06,1.1305825899999999e-05,1.5778527999999998e-05,1.9353532000000005e-05,2.9373847000000002e-05,6.1633112e-05,1.900586,0.13500739999999997,0.00043732219999999993,78.30017000000001,56.66463,0.00013537570000000002,6.095709,0.03200842999999999,42.9481,0.00445559834,0.000407570387,0.06389098,167.6884,0.00445559834,0.000407570387,0.007065523999999999,80.1842,0.00445559834,0.000407570387,0.004560493,81.584245,0.00445559834,0.000407570387,0.003998921,7.039464000000001e-06,2.152811e-05,0.007424703520000001,1.0208253,0.013288923,0.0006764026,-0.0003636679,1.0609666e-06,1.48504e-05
73,1609305600,3.2504729999999995,3.250488,0.0051403346,-1.6614170000000001,2.72727,1.6844549999999998,2.426287,2.256181,0.06731925999999999,1.4324270000000001,2.2729749999999997e-05,9.3017524e-06,9.699037300000001e-06,1.16899015e-05,1.6212169e-05,2.08053979e-05,3.35411593e-05,6.890596800000001e-05,1.5060559999999998,0.11852920999999998,0.0004743649,77.5593,57.28818000000001,0.00010791920000000001,6.372170000000001,0.028433560000000004,34.03957,0.005078329,0.0004646709400000001,0.05668927,132.3261,0.005078329,0.0004646709400000001,0.007420230999999999,92.95935999999999,0.005078329,0.0004646709400000001,0.004913023,94.77757,0.005078329,0.0004646709400000001,0.003927113,5.946981e-06,2.033568e-05,-0.021890342,2.79461936,0.013271509999999997,0.00026748427,-0.0006814394999999999,1.1643426e-06,1.5085268e-05
73,1609306200,3.6962379999999997,3.69625,0.010558736,-1.515191,3.1584589999999997,1.7653510000000001,2.7833360000000003,2.5288139999999997,0.10010560000000002,1.6477650000000001,2.3094739999999997e-05,1.0160440999999999e-05,1.0544816000000002e-05,1.2723731e-05,1.7763301e-05,2.299325e-05,3.683182e-05,7.483716e-05,1.685925,0.16142797,0.0005680106000000001,76.44931,58.89787,0.00012272114,6.498107,0.029550109999999997,38.8231,0.0037952989199999997,0.000347098047,0.05980303,148.42159999999998,0.0037952989199999997,0.000347098047,0.007070752,78.865074,0.0037952989199999997,0.000347098047,0.00459426,79.696214,0.0037952989199999997,0.000347098047,0.003987758,6.9270089999999995e-06,2.128624e-05,0.02337365,4.194290099999999,0.015493199,0.00055679405,-0.0005041117400000001,1.5503137000000002e-06,1.813758e-05
73,1609306800,5.316024,5.316037,0.009165488999999999,-1.5410599999999999,3.631084,2.123382,3.293501,3.0128019999999998,0.10732199,2.3234729999999995,2.046678e-05,7.478639e-06,7.2735907e-06,9.212147899999999e-06,1.451014e-05,1.8315026e-05,3.1172048000000004e-05,6.878544e-05,2.477675,0.1795678,0.0006053655,82.34917,56.92116,0.00017669240000000002,6.21543,0.03559945,55.525200000000005,0.0105887569,0.0009695900700000001,0.07256339,217.45770000000002,0.0105887569,0.0009695900700000001,0.009524095,196.30937999999998,0.0105887569,0.0009695900700000001,0.007068396,200.37367,0.0105887569,0.0009695900700000001,0.004115871,8.907192e-06,2.337639e-05,-0.001542871,0.742723083,0.01167429,0.0012363856000000002,2.086029999999998e-06,1.1532425e-06,1.567441e-05
73,1609307400,4.756461,4.756474000000001,0.009392700999999998,-1.519517,3.489519,2.010823,3.122458,2.80336,0.11731992,2.098802,2.3830020000000002e-05,1.08968745e-05,1.1075861100000002e-05,1.32729871e-05,1.9220355000000003e-05,2.4517861199999998e-05,3.928974199999999e-05,8.226316799999999e-05,2.160853,0.21656470000000003,0.0006042316,80.40705,59.55874999999999,0.00015797556999999998,6.356586,0.03367916,49.965430000000005,0.0061285012400000005,0.000560887464,0.06761295000000002,190.08660000000003,0.0061285012400000005,0.000560887464,0.007752467000000001,112.487456,0.0061285012400000005,0.000560887464,0.005302159999999999,114.604379,0.0061285012400000005,0.000560887464,0.0040731429999999996,8.130506e-06,2.264492e-05,0.008151807,3.5578730399999996,0.018670785000000002,0.0009328283,-0.0001991193,1.4754772e-06,1.929147e-05
73,1609308000,3.434691,3.434706,0.0059995959,-1.369538,3.2058969999999993,1.6946299999999996,2.868688,2.5320030000000004,0.05972318,1.468745,2.316168e-05,1.01024073e-05,1.0294340999999998e-05,1.20203714e-05,1.6189600999999998e-05,2.00399897e-05,3.0632191e-05,5.9578444999999995e-05,1.491697,0.22506619999999997,0.0004143653,83.81411,63.256310000000006,0.00011411112999999999,6.2936950000000005,0.027921510000000004,36.13732,0.00603352311,0.000552278933,0.056437400000000006,131.4362,0.00603352311,0.000552278933,0.007817628,116.68182000000002,0.00603352311,0.000552278933,0.005356442,118.69571,0.00603352311,0.000552278933,0.003929717,6.017996999999999e-06,2.02888e-05,0.06810573,9.270626799999999,0.019351311000000003,0.0002275325,-0.0008043683000000001,1.4242699000000001e-06,1.7776698000000003e-05
73,1609308600,3.262963,3.2629780000000004,0.0012319017,-1.513903,2.899512,1.671841,2.62823,2.3541359999999996,0.05851366,1.415517,1.991841e-05,6.1522855e-06,6.18752278e-06,7.459376299999999e-06,1.0847973999999999e-05,1.3630290199999998e-05,2.20020462e-05,4.6855415e-05,1.4194959999999999,0.2114528,0.0004115284,84.87353999999999,63.06749000000001,0.00010837971000000001,6.105823,0.027852460000000002,34.26432,0.0053314368299999994,0.00048794326399999993,0.05506341,124.7064,0.0053314368299999994,0.00048794326399999993,0.0070071529999999995,90.820892,0.0053314368299999994,0.00048794326399999993,0.004520765,92.95358000000002,0.0053314368299999994,0.00048794326399999993,0.003931032,5.592810000000001e-06,2.005483e-05,0.006080959999999998,2.0886240999999997,0.012836855999999999,0.00016760395900000002,-0.0008270164,1.0080354e-06,1.3997423000000002e-05
73,1609309200,3.230715,3.230731,0.0010265913,-1.516969,2.948977,1.6651070000000001,2.6497569999999997,2.347384,0.055301409999999995,1.3942339999999998,1.7100250000000003e-05,3.6053458999999997e-06,3.6578144999999996e-06,4.8993163e-06,8.090261000000001e-06,1.0840695e-05,1.8988531999999997e-05,4.351461e-05,1.392503,0.22229360000000004,0.0004650504000000001,87.47564000000001,63.93432,0.0001072835,6.435333999999999,0.027466619999999997,33.5437,0.008023025300000002,0.00073461865,0.054373229999999995,121.6369,0.008023025300000002,0.00073461865,0.008094166000000002,138.91757099999998,0.008023025300000002,0.00073461865,0.0056426919999999995,142.34717,0.008023025300000002,0.00073461865,0.003916482,5.739383e-06,2.005279e-05,-0.0142312767,1.8251923,0.010123249,0.00023003046000000002,-0.0007535005,1.0566979e-06,1.3250813000000004e-05
73,1609309800,4.009797000000001,4.009809,0.0032309950000000004,-1.488773,3.2510110000000005,1.842321,2.942079,2.6310800000000003,0.14247618,1.806391,2.2443900000000004e-05,9.358961e-06,9.578342e-06,1.1604946e-05,1.6687991e-05,2.1544235999999998e-05,3.4770935e-05,7.341563999999999e-05,1.8065150000000003,0.1977201,0.0004786254,81.89583,59.999990000000004,0.00013316479999999996,6.5156220000000005,0.03071952,42.07438,0.00613475381,0.00056145998,0.062037140000000005,158.8741,0.00613475381,0.00056145998,0.007660501,116.786939,0.00613475381,0.00056145998,0.005189457,118.8391558,0.00613475381,0.00056145998,0.003984312,6.702642000000001e-06,2.111769e-05,-0.012622756000000002,1.81611887,0.014468876,0.0005574886999999999,-0.0005192252,1.0160021e-06,1.3868890000000001e-05
73,1609310400,5.211480999999999,5.211497,0.0022603399999999996,-1.558589,3.5674449999999993,2.1047110000000004,3.25645,2.975491,0.10342029000000001,2.280969,2.1343290000000002e-05,8.498552399999999e-06,8.269072900000001e-06,9.712972300000002e-06,1.4091249000000002e-05,1.69284374e-05,2.663799e-05,5.5695771e-05,2.3905420000000004,0.2146525,0.0003962129,85.26387,58.45949,0.0001732637,6.025131,0.035101150000000005,54.253930000000004,0.0038594097600000003,0.000352920153,0.07105409000000001,209.29939999999996,0.0038594097600000003,0.000352920153,0.0072627230000000004,76.915896,0.0038594097600000003,0.000352920153,0.004806731999999999,77.787451,0.0038594097600000003,0.000352920153,0.004069937,8.220658000000001e-06,2.262977e-05,0.021156732,2.3288474700000004,0.015832573000000003,0.0010354118,-0.0001461188,1.2523958e-06,1.6614979999999998e-05
73,1609311000,4.7346710000000005,4.734686999999999,0.0023802695999999997,-1.61766,3.361566,2.02578,3.049818,2.769085,0.08110284999999999,2.0232390000000002,2.6461730000000003e-05,1.3258157e-05,1.3481430400000001e-05,1.5773802e-05,2.1246326999999997e-05,2.6151084e-05,3.985476e-05,7.7865e-05,2.1692210000000003,0.1974742,0.00042061519999999996,80.85452,58.44104,0.0001573042,6.3030930000000005,0.03392984,49.515750000000004,0.006966176900000001,0.000637591596,0.06798226,190.47880000000004,0.006966176900000001,0.000637591596,0.008072135000000001,132.68805,0.006966176900000001,0.000637591596,0.005604789000000001,135.08094,0.006966176900000001,0.000637591596,0.004083742999999999,8.531714e-06,2.303021e-05,-0.11252389,3.7749199999999994,0.01864655,0.0009479889,-0.00019043293000000003,1.873102e-06,1.9068379999999997e-05
73,1609311600,6.131939999999998,6.131953000000001,0.0021641116999999996,-1.614845,3.7636520000000004,2.303845,3.4670549999999998,3.169635,0.10872283999999999,2.6185270000000003,2.754676e-05,1.5408151999999998e-05,1.5720048e-05,1.8706028e-05,2.6517033e-05,3.3371608e-05,5.239713e-05,0.00010759936,2.868589,0.19655250000000002,0.0005462466999999999,77.49425,56.46532,0.00020370689999999999,6.421425999999999,0.03851743,63.53150000000001,0.00548356827,0.0005015886960000001,0.07808016999999999,250.67020000000002,0.00548356827,0.0005015886960000001,0.008170476000000001,112.52380000000001,0.00548356827,0.0005015886960000001,0.005696560000000001,113.82927,0.00548356827,0.0005015886960000001,0.004186258,1.0197168e-05,2.4645150000000002e-05,-0.07348535000000002,1.9438379000000001,0.01603632,0.0015243420000000001,0.00024444958,1.6915092999999997e-06,1.885315e-05
73,1609312200,6.54041,6.540425999999999,0.0023491719999999996,-1.595499,3.9163179999999995,2.374694,3.635398,3.321926,0.06423551999999999,2.7839029999999996,2.0968250000000004e-05,7.732891e-06,7.2284779e-06,8.7413317e-06,1.3828364e-05,1.6379863e-05,2.6024095999999996e-05,5.97819e-05,3.039526,0.2301208,0.00041276529999999994,81.10342,57.14258000000001,0.000217523,6.020233,0.03951813999999999,67.38914,0.0076272093999999995,0.000698059261,0.08025685,264.60749999999996,0.0076272093999999995,0.000698059261,0.009005442999999998,151.45898,0.0076272093999999995,0.000698059261,0.006512253,153.83533,0.0076272093999999995,0.000698059261,0.00423728,1.0750054e-05,2.53359e-05,-0.020911131,0.5879391999999999,0.012969740000000002,0.001696466,0.00036472345999999996,1.2756855e-06,1.6282070000000002e-05
73,1609312800,5.734522,5.734535999999999,0.0032915680000000004,-1.558919,3.789378,2.2177770000000003,3.430905,3.1234689999999996,0.11165633000000001,2.490561,2.282342e-05,9.668832e-06,9.638130400000002e-06,1.1470421799999998e-05,1.7144118e-05,2.11669997e-05,3.3221446e-05,7.295365e-05,2.666721,0.19988460000000002,0.00047160679999999996,80.84751999999999,57.029650000000004,0.0001906191,6.187011,0.03700869999999999,59.639070000000004,0.0068853262999999994,0.0006300510800000001,0.07536245999999999,233.5493,0.0068853262999999994,0.0006300510800000001,0.008232342,124.48985,0.0068853262999999994,0.0006300510800000001,0.005742913,126.94479999999999,0.0068853262999999994,0.0006300510800000001,0.004199371999999999,9.959771999999999e-06,2.468719e-05,-0.07647798,1.8989342,0.01664981,0.001414859,0.00010752563999999999,1.503901e-06,1.8444200000000002e-05
73,1609313400,4.145982999999999,4.145997,0.007870321,-1.501343,3.339477,1.8598549999999996,2.952729,2.672782,0.13054823,1.9620309999999996,2.1220040000000003e-05,7.6512679e-06,7.665305700000001e-06,9.2326007e-06,1.3438334000000001e-05,1.64803363e-05,2.6521106e-05,5.6078657000000005e-05,1.8894069999999998,0.1829206,0.0005196183999999999,80.62923,59.47529000000001,0.00013777724999999998,6.153999000000001,0.03094085,43.15719,0.0044038993,0.00040275023999999997,0.06269964,165.407,0.0044038993,0.00040275023999999997,0.0077772480000000005,95.64999500000002,0.0044038993,0.00040275023999999997,0.0052764050000000005,96.81206999999999,0.0044038993,0.00040275023999999997,0.004066659,7.581611999999999e-06,2.2298879999999996e-05,-0.047197750999999996,3.8135588,0.018255658,0.0006205968,-0.00049847819,1.6119670000000001e-06,1.808516e-05
73,1609314000,3.507145,3.5071570000000003,0.010943140999999998,-1.3909680000000002,3.1452960000000005,1.7066370000000002,2.8554509999999995,2.565715,0.06533205,1.5266600000000001,1.982287e-05,6.442279999999999e-06,6.7499669999999995e-06,8.375756e-06,1.2592688000000001e-05,1.6627451999999998e-05,2.7568637e-05,6.0427210000000004e-05,1.5806680000000002,0.1722113,0.0005492133999999999,79.84930999999999,59.87393000000001,0.00011647279999999998,6.355615,0.028468539999999997,37.09642,0.00649851424,0.0005949277949999999,0.0582844,139.7585,0.00649851424,0.0005949277949999999,0.007764549999999999,119.22966999999998,0.00649851424,0.0005949277949999999,0.005279295,121.59692,0.00649851424,0.0005949277949999999,0.004015154999999999,7.074116999999999e-06,2.1598430000000002e-05,-0.009083898999999998,3.01636474,0.014870227000000003,0.0005197800000000001,-0.0005611412,1.4548214e-06,1.7677120000000002e-05
73,1609314600,4.068603,4.068617000000001,0.007201236,-1.523907,3.216885,1.858804,2.9313149999999997,2.63978,0.07675719,1.781814,2.2715940000000003e-05,9.5137803e-06,9.5995634e-06,1.13625556e-05,1.5959522e-05,1.99909593e-05,3.1034574e-05,6.5466618e-05,1.843569,0.1900687,0.0004915326,82.54019000000001,59.63550999999999,0.00013516223999999997,6.237729,0.031009620000000005,42.55914,0.0024072518199999998,0.000219973702,0.06251426,161.9735,0.0024072518199999998,0.000219973702,0.006678823,65.80968,0.0024072518199999998,0.000219973702,0.004166030999999999,65.43066999999999,0.0024072518199999998,0.000219973702,0.003986862999999999,6.798329000000001e-06,2.1177569999999997e-05,0.008226380000000002,1.0439877599999998,0.010981228,0.00060209337,-0.00047465497999999996,1.00962e-06,1.3650334e-05
73,1609315200,4.1464680000000005,4.1464799999999995,0.006848520999999999,-1.5446630000000001,3.33164,1.8860810000000001,2.947591,2.65827,0.11351975,1.8698260000000002,1.9880459999999998e-05,6.6511600000000005e-06,6.801258800000001e-06,8.537775500000001e-06,1.3079072000000002e-05,1.7339511000000002e-05,2.8700597e-05,6.3764754e-05,1.877888,0.19464360000000003,0.0005504951000000001,80.89773,59.68872,0.00013774179999999998,6.329894,0.03141446,43.358940000000004,0.008028692799999999,0.0007350530500000001,0.06311224,164.81550000000001,0.008028692799999999,0.0007350530500000001,0.008334606,142.16079,0.008028692799999999,0.0007350530500000001,0.005873921,145.56462,0.008028692799999999,0.0007350530500000001,0.004025556,7.5708349999999995e-06,2.195538e-05,0.033449308,2.98052229,0.016477842,0.0007778688000000001,-0.000332326655,1.4041281000000001e-06,1.79483e-05
73,1609315800,2.715934,2.7159459999999997,0.012451034,-1.334722,2.8446489999999995,1.4947540000000001,2.567141,2.2784940000000002,0.04166348,1.167685,1.804419e-05,4.3576151000000006e-06,4.433811e-06,5.4655789e-06,8.272488000000001e-06,1.06313332e-05,1.7615351e-05,3.7728402e-05,1.1553902,0.20206110000000002,0.00042211410000000005,86.9792,65.00164,9.018553e-05,6.284186000000001,0.02457961,28.48179,0.006943902239999999,0.0006358031170000001,0.049648580000000005,101.43739000000001,0.006943902239999999,0.0006358031170000001,0.007738513000000001,123.21996999999999,0.006943902239999999,0.0006358031170000001,0.005243820999999999,126.15749999999998,0.006943902239999999,0.0006358031170000001,0.0039006660000000005,5.045933e-06,1.943962e-05,-0.0028153039999999994,2.1101231,0.009811678,-6.596704999999999e-05,-0.0010239672,8.842113000000001e-07,1.1200315999999999e-05
73,1609316400,3.1801640000000004,3.180179,0.012328115,-1.328933,3.0877679999999996,1.6120830000000002,2.75431,2.454187,0.08664513,1.4147700000000003,1.9299399999999997e-05,5.7361888e-06,5.665148520000001e-06,6.812925899999999e-06,9.803604999999999e-06,1.19936014e-05,1.86762189e-05,4.035527699999999e-05,1.3805103,0.2090929,0.0003742085,86.81101,63.50507,0.00010568327,5.848015999999999,0.026550960000000002,33.23195,0.006768116019999999,0.0006197167250000001,0.05404461000000001,120.97086999999999,0.006768116019999999,0.0006197167250000001,0.007690188999999998,117.386525,0.006768116019999999,0.0006197167250000001,0.005213874,120.298555,0.006768116019999999,0.0006197167250000001,0.003923822,5.683174e-06,2.0012600000000002e-05,0.018010563999999996,2.7639752,0.012490535,0.00016077740800000002,-0.0008482036,1.1166823e-06,1.4940671e-05
73,1609317000,3.314373,3.3143860000000003,0.008330119,-1.502519,2.9736920000000002,1.6780269999999997,2.682232,2.4108,0.05257999,1.4559210000000002,1.9245190000000003e-05,5.760660100000001e-06,5.8989486e-06,7.342207899999998e-06,1.1176676000000002e-05,1.44941014e-05,2.3593643999999998e-05,5.2501356e-05,1.4875479999999999,0.1690317,0.00048132219999999997,83.52932999999999,60.47735,0.00011006545999999999,6.342321,0.02787825,34.670370000000005,0.00474971421,0.0004346270870000001,0.05627782,130.57336,0.00474971421,0.0004346270870000001,0.007251265,90.30838000000001,0.00474971421,0.0004346270870000001,0.004749068,91.75168,0.00474971421,0.0004346270870000001,0.003941814,6.320965e-06,2.061886e-05,0.03793416609999999,0.8942352999999998,0.012037754000000001,0.0003674865,-0.0006324391000000001,1.0599296e-06,1.2694351e-05
73,1609317600,2.820791,2.8208019999999996,0.007117999,-1.536585,2.714521,1.557311,2.459887,2.2069039999999998,0.05286345,1.228354,1.6843460000000003e-05,3.261188e-06,3.185213e-06,4.085358e-06,6.720897e-06,8.467161e-06,1.4655606999999998e-05,3.33788e-05,1.238724,0.1712049,0.0003885612,88.02120000000001,62.265049999999995,9.367678999999999e-05,6.44036,0.025893310000000003,29.664529999999996,0.0039414922,0.00036053619,0.05146605,108.98958,0.0039414922,0.00036053619,0.006736713,76.895452,0.0039414922,0.00036053619,0.0041961609999999995,78.020104,0.0039414922,0.00036053619,0.0038845169999999997,4.965878999999999e-06,1.932263e-05,0.012495873000000001,0.44881289999999996,0.007416869999999999,-3.7750179999999995e-05,-0.0009492221000000003,8.388193999999999e-07,1.0928581e-05
73,1609318200,3.400907,3.4009210000000003,0.008212296,-1.526316,2.9972040000000004,1.702636,2.67642,2.423286,0.09822051000000001,1.543903,1.7367800000000003e-05,3.9583792e-06,3.81407589e-06,4.842316900000001e-06,7.838757000000001e-06,9.564495699999999e-06,1.6212862e-05,3.776325e-05,1.533364,0.1666178,0.0003842071,84.47428,60.123929999999994,0.00011302942000000001,5.988577,0.028354860000000003,35.66930000000001,0.00656389821,0.000600882365,0.057085569999999995,134.9177,0.00656389821,0.000600882365,0.007676924999999999,115.71852899999999,0.00656389821,0.000600882365,0.005220377,118.29874900000002,0.00656389821,0.000600882365,0.003909169,5.730661e-06,1.999707e-05,-0.007053511,3.3614927999999997,0.014159017000000001,0.00022548908,-0.0007530111,1.1741937000000001e-06,1.5282339e-05
73,1609318800,2.7877490000000003,2.787764,0.006383269,-1.4816029999999998,2.7514589999999997,1.522791,2.437875,2.2034540000000002,0.07998022999999999,1.2543619,2.0013910000000002e-05,6.660112900000001e-06,6.87136975e-06,8.327264999999998e-06,1.161907e-05,1.50311165e-05,2.3999617600000003e-05,4.9900942e-05,1.2454174999999998,0.14800480000000002,0.0003243194,83.89144999999999,61.349959999999996,9.259032e-05,6.331825,0.02527658,29.262880000000003,0.0026153069299999997,0.000239040988,0.050944,109.6976,0.0026153069299999997,0.000239040988,0.006556339,59.773115000000004,0.0026153069299999997,0.000239040988,0.0040137589999999996,60.074777,0.0026153069299999997,0.000239040988,0.003866298,5.039754e-06,1.918885e-05,-0.016457222699999996,3.9114495,0.010962593,-8.981388000000001e-05,-0.0009907816,1.2492675e-06,1.5025883e-05
73,1609319400,1.6390879999999999,1.6391019999999998,0.005652507000000001,-1.342015,2.227231,1.1608429999999998,1.955687,1.7241890000000002,0.051441629999999995,0.7487884,1.7221979999999997e-05,3.3412661e-06,3.4428618999999995e-06,4.0793041e-06,5.8157043e-06,7.085769099999999e-06,1.0964628300000001e-05,2.2904682999999998e-05,0.6700668999999999,0.14925870000000002,0.00015692941,89.13149,68.63525000000001,5.445071999999999e-05,6.1200079999999994,0.01916572,17.240460000000002,0.0022409649119999996,0.00020487129659999998,0.037746180000000004,58.98101999999999,0.0022409649119999996,0.00020487129659999998,0.005876409,41.389482,0.0022409649119999996,0.00020487129659999998,0.0031597479999999996,41.95545800000001,0.0022409649119999996,0.00020487129659999998,0.0038165449999999997,3.3986239999999998e-06,1.76437e-05,0.037494815099999995,5.6064089,0.010626755,-0.0007530964999999999,-0.00151869,1.0897746e-06,1.2278388000000001e-05
73,1609320000,1.2502779,1.2502922,-0.0005827059,-1.689323,1.709677,1.0436054000000001,1.448444,1.357168,0.054870760000000005,0.6184723000000001,1.6411939999999997e-05,2.6270808e-06,2.6684966e-06,3.3118148e-06,4.894967e-06,6.2144736e-06,1.001169e-05,2.1408195e-05,0.5537286000000001,0.07121065,0.00014600453,83.78997999999999,61.73537,4.152542e-05,6.491956,0.01784396,13.150659,0.0017157485900000003,0.00015665151299999998,0.03399395,48.66752,0.0017157485900000003,0.00015665151299999998,0.005568251000000001,32.869433,0.0017157485900000003,0.00015665151299999998,0.002721116,33.158477999999995,0.0017157485900000003,0.00015665151299999998,0.0038032549999999997,2.9970719999999997e-06,1.723088e-05,-1.0483540750000002,47.48850710000001,0.011696427999999998,-0.0010386814999999998,-0.001721816,1.7372131000000002e-06,2.0391902000000003e-05
73,1609320600,0.8371727,0.8371862,-0.006695026999999999,-1.695588,1.365004,0.8562274000000001,1.183425,1.1084213000000003,0.03862313,0.40826350000000006,1.4780880000000001e-05,9.037118e-07,8.961922999999999e-07,1.2075406000000002e-06,2.1246749e-06,2.673461e-06,4.7491991e-06,1.1043792999999998e-05,0.3759441,0.04236065,0.0002571815,84.51034,60.66575,2.780594e-05,6.274739,0.014593040000000002,8.823675,0.0013059435300000002,0.00011916534169999999,0.02807537,33.05058000000001,0.0013059435300000002,0.00011916534169999999,0.005312412999999999,23.358677,0.0013059435300000002,0.00011916534169999999,0.002334531,23.544512500000003,0.0013059435300000002,0.00011916534169999999,0.0037796550000000007,2.6853300000000003e-06,1.678484e-05,2.0778110880000003,110.34376169999999,0.020713143999999996,-0.001360301,-0.0019327259999999998,2.2567841999999996e-06,2.6003338e-05
73,1609321200,1.0493379,1.0493529000000001,0.02874181,-1.3946549999999998,1.759515,0.9240958999999999,1.5424960000000003,1.381167,0.038914330000000004,0.49608869999999994,1.682289e-05,3.1100449999999996e-06,3.21739702e-06,3.8444729e-06,5.4690279e-06,6.728629500000001e-06,1.0540266400000001e-05,2.1075694e-05,0.4881554,0.036199329999999995,0.00025722029999999995,79.77081,57.112930000000006,3.4855759999999996e-05,6.397001,0.01555312,11.063606000000002,0.00107402799,9.788030999999999e-05,0.03206981,43.00513,0.00107402799,9.788030999999999e-05,0.005291535,21.755142,0.00107402799,9.788030999999999e-05,0.0024104060000000004,21.717667,0.00107402799,9.788030999999999e-05,0.0037747130000000003,2.711376e-06,1.6783169999999997e-05,-0.012518330999999999,2.4474454999999997,0.0074531910000000005,-0.0010899368,-0.0017334930000000002,7.701098999999999e-07,9.744743000000003e-06
73,1609321800,1.8548930000000001,1.854905,0.015740511999999998,-1.5121129999999998,2.1600270000000004,1.2432720000000002,1.956136,1.791992,0.07123144000000001,0.8519365000000001,1.877526e-05,5.409084e-06,5.545006e-06,6.551404e-06,9.0927045e-06,1.1335117199999999e-05,1.77255875e-05,3.5314279000000004e-05,0.8842303000000001,0.04285211,0.0002680284,73.93953,54.77722,6.164128000000001e-05,6.294799,0.021000369999999997,19.50721,0.00186651143,0.000170476212,0.04315969000000001,77.83122,0.00186651143,0.000170476212,0.005706965,36.165052,0.00186651143,0.000170476212,0.0030614869999999995,36.45790100000001,0.00186651143,0.000170476212,0.003803386,3.768596e-06,1.7829420000000004e-05,0.016337909999999997,4.789001399999999,0.013146136,-0.0005706534999999999,-0.0013597563999999999,9.665651e-07,1.2184636e-05
73,1609322400,1.3636921000000002,1.3637065,0.012803998,-1.658159,1.7648769999999998,1.0809592,1.5621110000000002,1.45107,0.045718909999999995,0.6325679,1.581358e-05,2.2253559e-06,2.2328714e-06,2.7841875e-06,4.415841e-06,5.573852699999999e-06,9.053382799999999e-06,1.9935478e-05,0.6538765,0.027714850000000003,0.00020696077999999996,77.04992999999999,54.377210000000005,4.5326570000000005e-05,6.166545000000001,0.018502150000000002,14.501631,0.0011714564599999999,0.00010683401999999999,0.03723004,57.95031,0.0011714564599999999,0.00010683401999999999,0.0056035979999999996,29.374472000000004,0.0011714564599999999,0.00010683401999999999,0.0028234849999999997,29.175887,0.0011714564599999999,0.00010683401999999999,0.0037695770000000005,3.157886e-06,1.7112200000000002e-05,0.25287243,17.2103869,0.013565313,-0.0008994595999999999,-0.0015808950000000001,7.963738e-07,1.0327493000000002e-05
73,1609323000,1.0459172,1.0459293,0.010479383,-1.608113,1.552884,0.9283693,1.351391,1.250965,0.05060985,0.5142773,1.577795e-05,2.1762911e-06,2.19025521e-06,2.6644285e-06,4.0414440999999994e-06,4.8499107e-06,7.610837399999999e-06,1.6313409000000003e-05,0.49893409999999994,0.023878310000000003,0.00010295024,78.36971,55.31118,3.4764409999999996e-05,6.192372999999999,0.0158708,11.022703000000002,0.0016959134200000003,0.000154892313,0.031865529999999996,43.923869999999994,0.0016959134200000003,0.000154892313,0.005363224,29.619410999999996,0.0016959134200000003,0.000154892313,0.0024666143000000003,30.009756499999998,0.0016959134200000003,0.000154892313,0.0037643299999999998,2.662991e-06,1.664941e-05,0.17476856,12.896785099999999,0.013199711999999999,-0.0011253895,-0.0017559029999999996,8.995683000000001e-07,1.1845485999999999e-05
73,1609323600,1.392878,1.3928924,0.010280945,-1.295251,2.00001,1.033593,1.770655,1.6078620000000001,0.06746239000000001,0.6599636999999999,1.542357e-05,1.8371365e-06,1.7487485200000001e-06,2.2210276000000006e-06,3.700206e-06,4.3461776e-06,7.128763299999999e-06,1.6595411e-05,0.6743152,0.021974860000000002,0.00010915164,76.01776,53.46336,4.6322140000000004e-05,6.047397,0.01788833,14.71677,0.00223134016,0.00020390665900000003,0.037571190000000004,59.51458,0.00223134016,0.00020390665900000003,0.00605757,40.27003,0.00223134016,0.00020390665900000003,0.0032968489999999997,40.832418000000004,0.00223134016,0.00020390665900000003,0.003788839,3.378427e-06,1.739911e-05,0.004416472400000001,14.690522300000001,0.017809651,-0.0008295853100000002,-0.0015588770000000002,1.5179393e-06,1.9038404e-05
73,1609324200,1.2592539999999999,1.259268,0.028325953999999997,-1.2005762,1.997836,0.9794759000000001,1.749466,1.5880999999999998,0.056099600000000006,0.616995,1.690992e-05,2.9445777999999997e-06,3.009064e-06,3.6733177999999994e-06,5.256108e-06,6.5040979000000005e-06,1.0240084e-05,2.1768592e-05,0.6020098999999999,0.02730963,0.0002508672,74.94516,54.47274,4.184282e-05,6.293969,0.01690892,13.25837,0.0010069359199999998,9.17371532e-05,0.03578687,53.02559,0.0010069359199999998,9.17371532e-05,0.005271817,20.351537,0.0010069359199999998,9.17371532e-05,0.0024511190000000003,20.310084999999997,0.0010069359199999998,9.17371532e-05,0.0038012689999999995,2.9883099999999997e-06,1.722195e-05,-0.0246687163,3.8350845999999996,0.008536018000000001,-0.0009514748,-0.001662984,9.210745000000001e-07,1.1572300000000001e-05
73,1609324800,1.447034,1.447047,0.028915999999999997,-1.273192,2.0584370000000005,1.0609888,1.858819,1.7181529999999998,0.03432252,0.6471881,1.711099e-05,3.543728899999999e-06,3.62769624e-06,4.2972305e-06,6.0476367e-06,7.488475400000001e-06,1.1272195499999998e-05,2.4019060999999995e-05,0.6880507,0.03510596,0.000295616,77.23442,54.94864,4.8090140000000005e-05,6.115989999999999,0.01816121,15.212039999999998,0.0012627606899999998,0.00011512865299999999,0.038306389999999996,60.46968999999999,0.0012627606899999998,0.00011512865299999999,0.005572087,26.678461000000006,0.0012627606899999998,0.00011512865299999999,0.0028441799999999995,26.642010100000004,0.0012627606899999998,0.00011512865299999999,0.00379501,3.613117e-06,1.7653790000000003e-05,0.026654143,2.2989587,0.009510540000000001,-0.0005860473999999999,-0.0013555669999999998,8.792031000000001e-07,1.1195386e-05
73,1609325400,1.5853570000000001,1.5853739999999998,0.020910280000000003,-1.38672,2.069801,1.125914,1.853006,1.7088139999999998,0.052617229999999994,0.7421369,1.705582e-05,3.4462642e-06,3.4911814e-06,4.1999937e-06,6.020835e-06,7.375833e-06,1.1680427999999999e-05,2.4355559e-05,0.7590838,0.033302359999999996,0.00022934737,74.84355000000002,54.43522,5.269975e-05,6.131792,0.019310329999999997,16.66785,0.0015673369,0.000143038522,0.040085670000000004,66.78812,0.0015673369,0.000143038522,0.005714759,32.842971,0.0015673369,0.000143038522,0.0030047120000000005,32.86473,0.0015673369,0.000143038522,0.0037933809999999997,3.2639489999999997e-06,1.73747e-05,-0.04296674,3.6718151000000008,0.008762284,-0.0007863308,-0.001535365,9.062644e-07,1.1037931999999999e-05
73,1609326000,2.2241600000000004,2.224175,0.006836699999999999,-1.609363,2.215568,1.3769179999999999,2.036835,1.919196,0.054148039999999995,0.9833545999999999,1.69723e-05,3.3825104999999998e-06,3.22243334e-06,3.922242729999999e-06,6.0065189999999995e-06,7.194359e-06,1.15576371e-05,2.5410594999999997e-05,1.0762962999999999,0.03547561999999999,0.00024486279,75.14278999999999,53.24642,7.398381e-05,5.777107999999999,0.02360218,23.60738,0.00197863072,0.000180682647,0.048090139999999997,95.24408,0.00197863072,0.000180682647,0.005933814,38.670533,0.00197863072,0.000180682647,0.003325086,38.899308000000005,0.00197863072,0.000180682647,0.0038169770000000005,3.993768e-06,1.818142e-05,-0.30597027805,9.6461273,0.011995539,-0.00046120229999999996,-0.0012623051,1.2714321e-06,1.5129022000000004e-05
73,1609326600,2.7512999999999996,2.751316,0.012381091,-1.6412399999999998,2.439637,1.534174,2.2443300000000006,2.1199389999999996,0.05098918,1.1931228,1.9539379999999997e-05,5.9639197000000005e-06,5.860405499999999e-06,6.906766199999999e-06,9.789069000000001e-06,1.1830625299999998e-05,1.8322886799999995e-05,3.826239000000001e-05,1.337299,0.03776251,0.0004846242000000001,71.94273000000001,52.820989999999995,9.149986e-05,6.000051000000001,0.02637519,29.27221,0.00171505079,0.00015645803589999999,0.05358185,118.61756,0.00171505079,0.00015645803589999999,0.006246786999999999,40.454936,0.00171505079,0.00015645803589999999,0.0036500069999999994,40.363158,0.00171505079,0.00015645803589999999,0.003870955,4.572483999999999e-06,1.9006860000000003e-05,-0.028646236,1.2773922,0.009776913,-0.00017165505,-0.0010255495,9.040667999999999e-07,1.2308335e-05
73,1609327200,2.318094,2.31811,0.024941784,-1.4570899999999998,2.426775,1.372656,2.208367,2.063839,0.046328640000000004,1.0319812000000002,2.190761e-05,8.729729e-06,9.054044999999998e-06,1.0725427000000001e-05,1.4504832e-05,1.8691821e-05,2.909923e-05,5.695555e-05,1.1245017,0.03393343,0.00045598260000000005,69.27645,53.02719,7.698217000000001e-05,6.497105,0.02352567,24.406409999999997,0.0023163907,0.00021158938,0.0489454,99.21985,0.0023163907,0.00021158938,0.006352683,48.659440000000004,0.0023163907,0.00021158938,0.003741513999999999,48.90933,0.0023163907,0.00021158938,0.003836504,3.971194e-06,1.825141e-05,-0.005364260999999999,3.0167115000000004,0.009344946,-0.0004198371700000001,-0.0012902285000000002,8.606867e-07,1.1333719000000002e-05
73,1609327800,2.319639,2.319655,0.0285192,-1.417265,2.523565,1.3696899999999999,2.2670190000000003,2.0853639999999998,0.0849372,1.0612186,1.708137e-05,3.4810251999999997e-06,3.52886946e-06,4.5754951e-06,7.218485e-06,9.6678733e-06,1.65973121e-05,3.7065073000000005e-05,1.1168795999999999,0.04242796,0.0004279605999999999,75.84409000000001,53.77969,7.707915e-05,6.157471,0.02341735,24.50651,0.0026242558,0.000239818634,0.04885314,98.71870000000001,0.0026242558,0.000239818634,0.006469968000000001,50.70927,0.0026242558,0.000239818634,0.0038900040000000003,51.288520000000005,0.0026242558,0.000239818634,0.003829306,3.949707999999999e-06,1.815559e-05,-0.0013548579999999987,2.2724927999999998,0.010391301,-0.00042251656,-0.0012958339999999998,9.145331999999999e-07,1.2639637000000001e-05
73,1609328400,2.342711,2.342726,0.02348756,-1.481816,2.455724,1.394567,2.2514570000000003,2.0635,0.05994744,1.0385223,2.0497719999999997e-05,7.2277804e-06,7.392544199999999e-06,8.6629781e-06,1.1576104e-05,1.4444713800000001e-05,2.19735758e-05,4.327538700000001e-05,1.120828,0.05005277,0.0003538689,73.3592,54.33322999999999,7.786271e-05,6.212637,0.023718459999999997,24.78219,0.0017516837,0.00015983587,0.04903257,99.10745,0.0017516837,0.00015983587,0.006097474,38.650876,0.0017516837,0.00015983587,0.003518693,38.699841,0.0017516837,0.00015983587,0.0038113320000000006,4.014424999999999e-06,1.8103079999999998e-05,0.0025700319999999942,9.6460331,0.017056639000000002,-0.0003954884000000001,-0.0012691319999999999,1.2283591999999998e-06,1.6667744e-05
73,1609329000,2.7756680000000005,2.775684,0.011360028,-1.500049,2.629617,1.5150569999999999,2.406561,2.23443,0.05592751,1.2212277,1.6240009999999998e-05,3.0591649e-06,3.0053753000000002e-06,4.0276786e-06,6.9685750000000004e-06,9.18239e-06,1.6448281e-05,3.8594028999999996e-05,1.340572,0.04676376,0.0004148504,73.3702,53.5067,9.227687e-05,6.2847219999999995,0.02577841,29.244190000000003,0.00218760072,0.00019977716799999997,0.05346681000000001,118.39469000000001,0.00218760072,0.00019977716799999997,0.0063670609999999985,49.185808,0.00218760072,0.00019977716799999997,0.0038037010000000005,49.271833,0.00218760072,0.00019977716799999997,0.003847482,4.586613e-06,1.8728020000000002e-05,0.0032764448999999993,0.771729,0.008737809000000001,-0.00011086228999999999,-0.0010590904,8.254754e-07,1.1324678e-05
73,1609329600,3.531223,3.5312379999999997,0.0099834177,-1.4837690000000001,2.972227,1.7027070000000002,2.710172,2.504026,0.11864762,1.600142,2.24091e-05,9.488385899999999e-06,9.5784212e-06,1.1207488200000001e-05,1.5608846e-05,1.9216833000000002e-05,2.9580957000000003e-05,5.954099500000001e-05,1.721489,0.043315599999999996,0.0006457966000000001,71.26432000000001,52.560590000000005,0.00011739529999999999,6.200931,0.028915530000000002,36.55526,0.0026227607,0.00023954408000000001,0.06033548000000001,150.46880000000002,0.0026227607,0.00023954408000000001,0.006673582,53.934889999999996,0.0026227607,0.00023954408000000001,0.0041738159999999995,54.21286999999999,0.0026227607,0.00023954408000000001,0.003926512000000001,5.935718999999999e-06,2.0179659999999996e-05,-0.032480819,3.2992424999999996,0.016857444,0.00034111446,-0.0007463670999999999,1.2197317999999999e-06,1.635564e-05
73,1609330200,3.34626,3.346275,0.02641943,-1.489294,2.874463,1.659169,2.6530180000000003,2.494727,0.05660891,1.4436940000000003,2.068161e-05,7.545742399999999e-06,7.647208800000002e-06,9.3081908e-06,1.3725932999999999e-05,1.7456889999999998e-05,2.8354469999999996e-05,6.1362241e-05,1.63062,0.041484370000000007,0.0008715519,71.05206000000001,52.539570000000005,0.00011118891,6.350289999999999,0.02833219,34.95214,0.00285269172,0.000260649031,0.05905596,143.221,0.00285269172,0.000260649031,0.006734077,58.424929999999996,0.00285269172,0.000260649031,0.004217423,58.91677000000001,0.00285269172,0.000260649031,0.0039157309999999996,5.579211e-06,1.994637e-05,-0.030655894,1.2792290000000002,0.009679898000000001,0.000246129024,-0.0007889403,1.0160272e-06,1.3703647e-05
73,1609330800,3.4380960000000003,3.4381099999999996,0.028032579999999994,-1.4873759999999998,2.923177,1.679242,2.700457,2.521278,0.05656531,1.467468,1.971671e-05,6.5173742e-06,6.50328141e-06,7.76658131e-06,1.1582694e-05,1.4263928499999999e-05,2.30727289e-05,4.7586275999999996e-05,1.671625,0.04650496,0.0007950683,73.63188999999998,52.85054,0.00011431939999999999,6.004119,0.02865997,36.00543,0.0041974199999999995,0.00038389085,0.05971095,146.951,0.0041974199999999995,0.00038389085,0.0075137860000000015,82.96455,0.0041974199999999995,0.00038389085,0.005013041,84.03788,0.0041974199999999995,0.00038389085,0.003918187,6.307266e-06,2.0574599999999998e-05,0.016723593,60.320971099999994,0.023127151,0.000264402024,-0.0007948459,3.4615313000000003e-06,4.0615555e-05
73,1609331400,2.5603300000000004,2.560346,0.03460057,-1.433161,2.635056,1.4409379999999998,2.375847,2.200792,0.07392531999999999,1.1530776999999997,1.740749e-05,4.0105255e-06,4.0571805e-06,5.2363728e-06,8.479197e-06,1.1207653e-05,1.9200958e-05,4.346497e-05,1.2408709999999998,0.03838554,0.0008094908999999999,74.56685999999999,53.13445,8.505087e-05,6.389191,0.0245015,26.6376,0.0030523514,0.00027902194999999996,0.0512969,108.70644999999999,0.0030523514,0.00027902194999999996,0.006836017,62.10964800000001,0.0030523514,0.00027902194999999996,0.004304839999999999,62.759029,0.0030523514,0.00027902194999999996,0.003838530999999999,4.549192e-06,1.865064e-05,-0.070947577,6.5647688,0.013841819,-0.00020339975000000003,-0.0011502157,1.2191745999999999e-06,1.6128481e-05
73,1609332000,1.8537679999999999,1.8537809999999997,0.05710335,-1.1403338,2.4039360000000003,1.183154,2.190779,1.9866239999999997,0.058760889999999996,0.8385147999999999,1.7411049999999997e-05,3.9369491e-06,3.9629463999999995e-06,4.695481100000001e-06,6.5963228e-06,8.1691659e-06,1.28024732e-05,2.6499139e-05,0.8629519999999999,0.06316437,0.0006940166,81.47371000000001,57.23042,6.162896000000001e-05,6.194543,0.02025611,19.755029999999998,0.00242764059,0.0002218976753,0.042857639999999995,76.46957,0.00242764059,0.0002218976753,0.006158486999999999,45.655820000000006,0.00242764059,0.0002218976753,0.00352404,46.217597000000005,0.00242764059,0.0002218976753,0.003782227,3.331491e-06,1.727816e-05,-0.05488475499999999,4.7102457,0.010767589,-0.0006993407200000001,-0.001584684,8.991977e-07,1.0716364000000001e-05
73,1609332600,1.9475570000000002,1.94757,0.04753754,-1.1988079999999999,2.4477,1.2237268000000001,2.207618,1.9960729999999998,0.055677370000000004,0.8752679000000001,1.6405e-05,3.1082931e-06,3.1213376e-06,3.835789900000001e-06,5.9084115e-06,7.543771999999999e-06,1.24697624e-05,2.7221348999999997e-05,0.9019910999999998,0.07101410999999999,0.0007060714999999999,79.73242,57.4981,6.471792e-05,6.043761,0.02084981,20.48162,0.00408276722,0.000373562203,0.04379390000000001,79.3346,0.00408276722,0.000373562203,0.006889549,72.941474,0.00408276722,0.000373562203,0.004307946,74.32478799999998,0.00408276722,0.000373562203,0.003774495,3.3943229999999994e-06,1.728775e-05,0.00406939,13.679832,0.015062054,-0.0006440742,-0.001546123,1.1599519999999999e-06,1.533741e-05
73,1609333200,2.105301,2.105316,0.022927017,-1.651332,2.256106,1.355211,2.006198,1.8473419999999998,0.0439625,0.9487196000000001,2.045177e-05,7.122435999999999e-06,7.437376e-06,8.80949e-06,1.1965392999999998e-05,1.5466784999999998e-05,2.3935305e-05,4.8575530000000005e-05,0.9827873999999998,0.0688793,0.0008547530000000001,74.72803,56.71734,6.990382e-05,6.555467999999999,0.022741749999999998,21.90721,0.0026601955300000002,0.000243282802,0.04566848,86.01754000000001,0.0026601955300000002,0.000243282802,0.0059569919999999995,51.335066,0.0026601955300000002,0.000243282802,0.0033576560000000005,51.9691191,0.0026601955300000002,0.000243282802,0.003788894,3.5303160000000003e-06,1.764071e-05,0.009184846300000004,3.7551199100000003,0.007877459,-0.0005813117000000001,-0.001312987,8.707093e-07,1.1272655e-05
73,1609333800,2.0285990000000003,2.0286169999999997,0.03838330999999999,-1.529794,2.2523929999999996,1.303351,2.034735,1.8922700000000003,0.06258521,0.9141602000000001,1.975758e-05,6.2299883e-06,6.326371899999999e-06,7.433172100000001e-06,1.0022767e-05,1.25572341e-05,1.9339152e-05,3.971073e-05,0.9701778000000001,0.04315625,0.0008571498,73.70366999999999,54.30600999999999,6.741418e-05,6.272584,0.02218619,21.34547,0.0010703142399999999,9.7462667e-05,0.045484010000000005,85.36011999999998,0.0010703142399999999,9.7462667e-05,0.005673223999999999,28.347570999999995,0.0010703142399999999,9.7462667e-05,0.0030355879999999997,28.04226,0.0010703142399999999,9.7462667e-05,0.003822039,4.049443e-06,1.821261e-05,-0.022011507,17.623128200000004,0.021817747999999998,-0.0005775190000000001,-0.001373668,2.0689351999999996e-06,2.3646366000000005e-05
73,1609334400,1.7016069999999999,1.7016189999999998,0.024384190000000004,-1.718825,1.9281960000000002,1.227567,1.7443650000000002,1.611463,0.02691814,0.7261588000000001,1.941766e-05,6.0516436e-06,6.246461700000001e-06,7.3183087e-06,9.7067399e-06,1.2350899200000001e-05,1.91701102e-05,3.7294154e-05,0.7933029,0.05657376000000001,0.0008227053,76.21439999999998,56.89353,5.650949999999999e-05,6.3546700000000005,0.02067123,17.692619999999998,0.0017728362099999999,0.000161905368,0.04104754000000001,69.41866999999999,0.0017728362099999999,0.000161905368,0.00562188,36.461413,0.0017728362099999999,0.000161905368,0.002957084,36.652173,0.0017728362099999999,0.000161905368,0.00375005,2.9172e-06,1.683436e-05,-0.034807693,2.1263267999999997,0.0072822220000000005,-0.000854049,-0.0014859769999999999,8.207157e-07,1.0778665999999998e-05
73,1609335000,1.8937920000000001,1.8938030000000001,0.03756402999999999,-1.520079,2.1854919999999995,1.2556850000000002,2.0007989999999998,1.8491439999999997,0.049528630000000004,0.8212403,1.5841159999999997e-05,2.8107783000000003e-06,2.808186e-06,3.624012e-06,5.681367e-06,7.652786e-06,1.3137525000000001e-05,2.9652090000000003e-05,0.8987856000000001,0.04725161,0.0007905048999999999,75.92177000000001,55.3217,6.292322e-05,6.469726,0.0211042,19.60206,0.0009380875599999999,8.532511300000001e-05,0.04350419,78.43682,0.0009380875599999999,8.532511300000001e-05,0.005617314,26.68213,0.0009380875599999999,8.532511300000001e-05,0.003021729,26.254095000000007,0.0009380875599999999,8.532511300000001e-05,0.0037439170000000007,3.2657110000000004e-06,1.7007789999999996e-05,0.05039568299999999,14.622593799999999,0.015967677,-0.00070600003,-0.001491105,1.151897e-06,1.5161155e-05
73,1609335600,1.7929650000000001,1.7929780000000002,0.023684969999999996,-1.6512740000000001,2.0945879999999995,1.246525,1.8337320000000001,1.682,0.05802681999999999,0.8155681000000001,1.652186e-05,3.162497e-06,3.0598043000000007e-06,3.6623358e-06,5.418353e-06,6.5138081e-06,1.0225571e-05,2.2400695e-05,0.8534115999999999,0.0425123,0.0005005696000000001,77.44507999999999,54.89388,5.9608790000000004e-05,6.200930999999999,0.021193159999999996,18.976099999999995,0.00051845624,4.69549e-05,0.04270193,75.41233000000001,0.00051845624,4.69549e-05,0.005147617,17.118302000000003,0.00051845624,4.69549e-05,0.0024908709999999995,16.571560999999996,0.00051845624,4.69549e-05,0.0037602420000000004,3.2225589999999998e-06,1.710701e-05,0.05954672999999999,11.847727800000001,0.016543556999999997,-0.0007782151000000001,-0.0014607080000000002,1.0758676e-06,1.3558106e-05
73,1609336200,2.201936,2.2019539999999997,0.0208269,-1.7184789999999999,2.1118759999999996,1.391691,1.946423,1.8302790000000002,0.050615628999999995,0.9589567999999999,1.9122219999999996e-05,5.6971251e-06,5.867607e-06,7.0017909e-06,9.799676999999999e-06,1.24568469e-05,1.96445883e-05,4.0626467000000005e-05,1.0478771,0.052231320000000005,0.0007516620000000001,74.03131,54.86478000000001,7.316002e-05,6.285258000000001,0.023791180000000002,23.389180000000003,0.00325865565,0.00029806363300000007,0.047397260000000004,92.82139,0.00325865565,0.00029806363300000007,0.0061364769999999996,57.69040600000001,0.00325865565,0.00029806363300000007,0.0035509679999999994,58.680448999999996,0.00325865565,0.00029806363300000007,0.003774044,3.6715889999999996e-06,1.7670959999999998e-05,-0.022692138,8.606010743,0.012020878000000002,-0.0005061327,-0.0012063167,1.2654729000000002e-06,1.5646789e-05
73,1609336800,3.209741,3.209753,0.015530950000000002,-1.705321,2.545729,1.6736540000000002,2.3054580000000002,2.19153,0.10550708000000002,1.4504949999999999,1.9589169999999997e-05,6.7017884e-06,6.62262264e-06,7.822779900000001e-06,1.0871089000000002e-05,1.3421545099999998e-05,2.0913753100000003e-05,4.3218201e-05,1.5531830000000002,0.05088668,0.0006863069,74.03,53.258320000000005,0.00010674404,6.01396,0.028437599999999997,33.10648,0.0011169440799999998,0.00010175172900000001,0.0573848,135.63259999999997,0.0011169440799999998,0.00010175172900000001,0.005974795,36.609687,0.0011169440799999998,0.00010175172900000001,0.003447912,35.886624,0.0011169440799999998,0.00010175172900000001,0.0038372670000000005,4.973927e-06,1.906616e-05,-0.0164039116,5.6198359369999995,0.016905711,9.2895e-05,-0.0007770091,1.2160558e-06,1.6665097000000003e-05
73,1609337400,2.626832,2.6268459999999996,0.025092419999999997,-1.6619690000000003,2.391636,1.508334,2.214855,2.070024,0.037175799999999995,1.1239504,2.147635e-05,8.1072297e-06,8.32404252e-06,9.790481649999999e-06,1.3616272e-05,1.7223196799999997e-05,2.57637136e-05,5.1104001e-05,1.2630329999999999,0.04955832,0.0006815246000000001,73.2421,53.864729999999994,8.729e-05,6.186895,0.025509160000000003,27.27908,0.00389385093,0.000356172341,0.051813050000000006,110.44342000000002,0.00389385093,0.000356172341,0.006754939,69.900276,0.00389385093,0.000356172341,0.0042483320000000005,71.326445,0.00389385093,0.000356172341,0.0039300030000000005,6.031121e-06,2.016268e-05,-0.710731691,27.390967339999996,0.013330825000000001,0.00017637160999999996,-0.0006855001,2.0364283000000003e-06,2.1518094e-05
73,1609338000,2.6134570000000004,2.6134709999999997,0.034223819999999995,-1.524841,2.5361260000000003,1.4790550000000002,2.346971,2.173154,0.06933840999999999,1.1579840000000001,2.149702e-05,8.2517149e-06,8.514324339999999e-06,1.0077240699999998e-05,1.3594257e-05,1.7409601600000003e-05,2.72225199e-05,5.462350299999999e-05,1.257767,0.04809584,0.0007186625,70.99114,53.78901,8.683791999999999e-05,6.3170850000000005,0.02486424,26.93556,0.0011836192799999999,0.000107786146,0.05161051999999999,109.70437999999999,0.0011836192799999999,0.000107786146,0.00583897,32.595915000000005,0.0011836192799999999,0.000107786146,0.003307551,32.165769,0.0011836192799999999,0.000107786146,0.0038174150000000002,4.18494e-06,1.8279269999999998e-05,-0.073067411,5.0381215,0.010419442999999999,-0.0002519832,-0.0011453701000000002,1.0522572e-06,1.3611445e-05
73,1609338600,2.8713850000000005,2.871399,0.03180147999999999,-1.5555439999999998,2.6460440000000003,1.551465,2.393812,2.234994,0.07077926,1.2677429999999998,2.2270609999999997e-05,9.248459999999999e-06,9.603441e-06,1.1311883e-05,1.5356769e-05,1.9592627e-05,3.0384129e-05,6.20513e-05,1.392251,0.04240258,0.0008723390000000001,71.3054,53.10299,9.539989000000001e-05,6.4725980000000005,0.0262916,29.806919999999998,0.0033844435999999998,0.00030943382000000005,0.05428562,121.79768999999999,0.0033844435999999998,0.00030943382000000005,0.006711714999999998,63.490687000000015,0.0033844435999999998,0.00030943382000000005,0.0041779880000000005,64.427255,0.0033844435999999998,0.00030943382000000005,0.003850911,4.8173320000000005e-06,1.897868e-05,0.03485975,13.311385800000002,0.021053695,-9.553873000000002e-05,-0.0010487826000000003,1.8996573e-06,2.3686915e-05
73,1609339200,1.7876079999999999,1.78762,0.02911349,-1.6324070000000002,2.0106240000000004,1.234931,1.848168,1.708551,0.05674403,0.8020954,1.703816e-05,3.5704083e-06,3.5770323e-06,4.3640455999999995e-06,6.374483e-06,8.1637822e-06,1.3171644900000001e-05,2.8003915000000006e-05,0.8555043,0.03757039,0.0006586967000000001,73.21383,54.39964,5.940301e-05,6.201754,0.02082871,18.56152,0.00161926106,0.000147791744,0.04233141,74.6901,0.00161926106,0.000147791744,0.0056283470000000006,30.782335999999997,0.00161926106,0.000147791744,0.002960652,30.957819999999998,0.00161926106,0.000147791744,0.0037775969999999997,3.0483869999999998e-06,1.7132649999999996e-05,0.012067623,16.163953199999998,0.015102374999999998,-0.0008468458,-0.001524454,1.2691250000000001e-06,1.6726113000000005e-05
73,1609339800,0.8982384,0.8982525000000001,0.028577691999999995,-1.6256910000000002,1.499934,0.8807997000000001,1.3262284,1.2159733000000001,0.019721649,0.40815900000000005,1.5188239999999999e-05,1.3643475e-06,1.32510298e-06,1.6049296799999998e-06,2.4140028e-06,2.9475708000000003e-06,4.7998983e-06,1.0447456999999999e-05,0.4166987,0.03181223,0.0005820074,80.64809,57.24817999999999,2.986504e-05,6.105753999999999,0.014844400000000002,9.426617,0.0009858923969999999,8.98765591e-05,0.02973922,36.64345,0.0009858923969999999,8.98765591e-05,0.005135454,19.724712000000004,0.0009858923969999999,8.98765591e-05,0.002198266,19.673021,0.0009858923969999999,8.98765591e-05,0.003755607,1.631729e-06,1.5693439999999997e-05,0.001129687999999998,7.10070208,0.007300855999999999,-0.001645244,-0.0021150900000000005,7.337053e-07,9.107072e-06
73,1609340400,0.42887240000000004,0.42888660000000006,0.06776900999999999,-1.2719893999999998,1.1967720000000002,0.5821031,1.0273435999999998,0.8989016,0.033109356,0.2213022,1.4587469999999998e-05,4.806582599999999e-07,4.8303096e-07,6.1179118e-07,9.855847000000001e-07,1.2557103e-06,2.0753941e-06,4.7673933e-06,0.187949,0.02596345,0.0005124107000000001,87.78168000000001,63.20894,1.4254085999999998e-05,6.183879,0.009794947,4.595148,0.0006267645649999998,5.69453254e-05,0.01970794,16.62881,0.0006267645649999998,5.69453254e-05,0.004948302000000001,12.582114,0.0006267645649999998,5.69453254e-05,0.0017564868,12.427574,0.0006267645649999998,5.69453254e-05,0.003769539,1.1896691e-06,1.5300159999999997e-05,0.08055622000000001,53.897745,0.014753079999999998,-0.0021698929999999996,-0.002580807,1.3150772e-06,1.6308460000000002e-05
73,1609341000,0.6571630999999999,0.6571775,0.04122342999999999,-1.4083268,1.387544,0.732003,1.222537,1.1005463000000002,0.024866898000000002,0.30732370000000003,1.4895999999999998e-05,7.62837e-07,7.2140889e-07,9.013299099999999e-07,1.4200732999999999e-06,1.7629337000000002e-06,2.9129947e-06,6.644784e-06,0.3014032,0.02656758,0.0005949849,83.83833,58.646969999999996,2.184936e-05,6.169029,0.012350147,6.9114840000000015,0.0005155827430000001,4.67898673e-05,0.02517467,26.468709999999998,0.0005155827430000001,4.67898673e-05,0.004865757,11.419399,0.0005155827430000001,4.67898673e-05,0.001788305,11.174125,0.0005155827430000001,4.67898673e-05,0.0037922669999999998,1.3476511999999998e-06,1.5678439999999998e-05,-0.010862802999999996,17.916464299999998,0.0091253306,-0.001931773,-0.002406161,8.401903999999999e-07,1.0050058e-05
73,1609341600,0.5648481000000001,0.5648621,0.02529493,-1.494087,1.287226,0.6917861,1.1249593999999998,0.9923927000000001,0.017609535000000003,0.2609631,1.492128e-05,8.485741999999999e-07,8.449700499999999e-07,1.0610441899999999e-06,1.6273103999999999e-06,2.0730384999999998e-06,3.4728173000000005e-06,7.659125999999999e-06,0.2510285,0.030707289999999998,0.0006695561999999999,82.82858,61.14833,1.8761870000000002e-05,6.368269,0.011532200000000001,5.925804000000001,0.00048663275999999997,4.407915500000001e-05,0.023041319999999997,21.944290000000002,0.00048663275999999997,4.407915500000001e-05,0.004745945999999999,9.737894,0.00048663275999999997,4.407915500000001e-05,0.001637553,9.505999000000001,0.00048663275999999997,4.407915500000001e-05,0.0037710270000000006,1.252019e-06,1.540865e-05,-0.033009497,49.44875900000001,0.010965303000000001,-0.002042388,-0.002459994,1.2455411000000002e-06,1.5186721e-05
73,1609342200,0.5319510000000001,0.5319651000000001,0.006903658000000002,-1.551615,1.2398989999999999,0.6732653000000001,1.0334939,0.9163406000000001,0.039093595999999994,0.2806103,1.4899009999999998e-05,1.0191676000000001e-06,1.0517709399999999e-06,1.31733814e-06,1.9242348e-06,2.4820277e-06,4.0894797e-06,8.873170999999999e-06,0.2341421,0.03117626,0.0006352091,84.27404,62.48393,1.766227e-05,6.387682,0.011297333,5.6074,0.0007372947,6.707694200000001e-05,0.02201649,20.51578,0.0007372947,6.707694200000001e-05,0.004824851000000001,13.0550749,0.0007372947,6.707694200000001e-05,0.0017113601,12.9583519,0.0007372947,6.707694200000001e-05,0.0037538260000000005,1.1884211e-06,1.521002e-05,0.052458509,36.451302459999994,0.0109296956,-0.002087124,-0.002493583,1.1601664e-06,1.3827496000000002e-05
73,1609342800,0.3308757,0.3308897,0.006064480799999999,-1.538341,0.9656929,0.5288212000000001,0.8200375,0.7261724,0.010117239,0.1558225,1.4618270000000002e-05,7.6108018e-07,7.873189000000001e-07,9.644711e-07,1.3549147999999998e-06,1.7737134e-06,2.8651009999999997e-06,5.949501e-06,0.14128212,0.02392713,0.0002135423,86.45915,65.77075,1.0983504e-05,6.6991190000000005,0.008761658,3.427664,0.00045110025000000005,4.08389e-05,0.016991109999999997,12.251061,0.00045110025000000005,4.08389e-05,0.004675775,8.8894613,0.00045110025000000005,4.08389e-05,0.0014497202,8.6372141,0.00045110025000000005,4.08389e-05,0.0037348860000000006,7.14284e-07,1.4643840000000001e-05,0.04248558,9.0635153,0.0047874356600000004,-0.0023702109999999997,-0.002690356,6.696603999999999e-07,8.014225e-06
73,1609343400,0.39100000000000007,0.391014,0.001455229,-1.527224,1.0596695999999999,0.5742156999999999,0.8897525000000002,0.7993743,0.022150563,0.2029035,1.4099659999999999e-05,2.2455644000000002e-07,2.0889168e-07,3.1631306000000004e-07,6.410375e-07,8.4057916e-07,1.6194332999999998e-06,4.1241905e-06,0.1726408,0.02256851,0.0002822214,86.89131,62.33415,1.2992036e-05,6.319063,0.009649705,4.111248000000001,0.00042567745,3.8503931999999997e-05,0.018925690000000002,15.08699,0.00042567745,3.8503931999999997e-05,0.0047469289999999996,9.3144031,0.00042567745,3.8503931999999997e-05,0.0015629722000000002,9.008454400000002,0.00042567745,3.8503931999999997e-05,0.0037446969999999995,9.939944e-07,1.4938160000000001e-05,-0.08342016999999999,75.34019800000002,0.01423417,-0.0022737430000000004,-0.002622701,1.102982e-06,1.3811412e-05
73,1609344000,0.5915996,0.5916135,0.015712673000000003,-1.3209075000000001,1.2729772000000001,0.6597497999999999,1.0708451,0.9453662000000002,0.045252101999999995,0.3163334,1.4710410000000001e-05,7.8843459e-07,8.077268499999999e-07,1.0844392099999999e-06,1.7192505000000002e-06,2.3822766000000003e-06,4.2011683e-06,9.571162e-06,0.27100039,0.02457051,0.0002072296,87.37179999999998,61.947289999999995,1.9644363e-05,6.563451000000001,0.011186831999999999,6.238033,0.00049734932,4.5069123100000006e-05,0.02240183,23.840807,0.00049734932,4.5069123100000006e-05,0.00487487,11.140668,0.00049734932,4.5069123100000006e-05,0.0017577229999999999,10.887602,0.00049734932,4.5069123100000006e-05,0.00376246,1.4039374e-06,1.5440729999999998e-05,-0.10286695500000001,55.390649399999994,0.016278191,-0.002055689,-0.0024732440000000003,1.4637106e-06,1.8083488000000004e-05
73,1609344600,0.7405208,0.7405347,0.009145296,-1.5105849999999998,1.3992049999999998,0.7897151000000001,1.2546009999999999,1.1488858,0.013423429,0.3290486,1.5542309999999996e-05,1.6815123999999996e-06,1.7178880399999997e-06,2.04096893e-06,2.888972e-06,3.6158082e-06,5.7257091e-06,1.2061779e-05,0.3429588,0.026974710000000002,0.00029569129999999994,78.04363000000001,57.450450000000004,2.4609110000000002e-05,6.324838999999999,0.013185359999999998,7.707169,0.00114612729,0.000104481882,0.02699047,29.99672,0.00114612729,0.000104481882,0.005395471000000001,21.863314,0.00114612729,0.000104481882,0.0024071239999999996,21.942692,0.00114612729,0.000104481882,0.003758404,1.2796580000000001e-06,1.539367e-05,0.012208167999999998,0.63156202,0.0025358856,-0.001850351,-0.002328676,6.493141e-07,7.700972e-06
73,1609345200,0.6274763,0.6274905000000001,-0.00919205,-1.6871689999999997,1.1960254999999997,0.7404028,1.0482685999999999,0.9605921000000001,0.024111835999999998,0.2882095,1.480323e-05,7.94061e-07,7.878868099999999e-07,1.02814648e-06,1.640489e-06,2.14396724e-06,3.7297596000000003e-06,8.558087000000001e-06,0.28810860000000005,0.02537648,0.0002333816,82.75732,58.610670000000006,2.084682e-05,6.235243,0.01260044,6.622468,0.00085133721,7.7496219e-05,0.02464002,25.404829999999997,0.00085133721,7.7496219e-05,0.004942801,15.280773,0.00085133721,7.7496219e-05,0.0018650948000000001,15.245340599999997,0.00085133721,7.7496219e-05,0.003769534,1.2897055e-06,1.543863e-05,0.05358479000000001,29.027947519999998,0.010420444,-0.001973423,-0.002391955,9.846642000000002e-07,1.2436828999999999e-05
73,1609345800,0.4867604,0.48677479999999995,0.004611381,-1.488549,1.1441968,0.6358088,0.9844056,0.8885141999999998,0.029579023,0.2479009,1.5500430000000004e-05,1.3825211000000002e-06,1.4429799600000001e-06,1.7019844100000002e-06,2.3333344000000004e-06,2.9254933e-06,4.4738309e-06,9.290146e-06,0.21725270000000002,0.025952970000000002,0.0001493927,81.75122000000002,61.381550000000004,1.616895e-05,6.303025999999999,0.010737834999999998,5.145634,0.0005124110599999999,4.646845e-05,0.02124518,19.16405,0.0005124110599999999,4.646845e-05,0.004890708,12.225010999999999,0.0005124110599999999,4.646845e-05,0.0017104668,11.944473,0.0005124110599999999,4.646845e-05,0.0037777290000000005,1.1589563000000001e-06,1.536897e-05,0.03136383419999999,79.24765633499999,0.012015085940000001,-0.002151179,-0.0025536699999999996,1.2324657e-06,1.5032586999999997e-05
73,1609346400,0.2689035,0.2689177,0.017279270000000003,-1.339718,0.9568787000000001,0.4706794,0.7857989999999999,0.6882957999999999,0.016791839999999995,0.13958900000000002,1.4703520000000002e-05,5.260264799999999e-07,5.364342e-07,6.555378400000001e-07,8.915837e-07,1.12690744e-06,1.8033597999999998e-06,3.7474507999999995e-06,0.1109961,0.0233146,0.00013043632999999998,90.3358,67.63476000000001,8.930368000000001e-06,6.429136,0.007738944,2.807881,0.00045533156899999996,4.1320990800000005e-05,0.015222809999999998,9.706233000000001,0.00045533156899999996,4.1320990800000005e-05,0.004567534999999999,8.116485200000001,0.00045533156899999996,4.1320990800000005e-05,0.0012691162000000003,7.909996100000001,0.00045533156899999996,4.1320990800000005e-05,0.0037728819999999995,6.989932000000001e-07,1.4911680000000004e-05,-0.7439952200000001,27.575678500000002,0.0050871213000000005,-0.002466338,-0.002786546,7.579347e-07,9.500796e-06
73,1609347000,0.4372256000000001,0.43723980000000007,0.03201501999999999,-1.0396674000000001,1.2132363,0.5616953,1.0428687,0.9361425000000001,0.018267992999999996,0.20569539999999997,1.4945869999999998e-05,9.333971e-07,9.500146e-07,1.1708051999999999e-06,1.6683797000000002e-06,2.1133105e-06,3.4824685000000006e-06,7.477881000000001e-06,0.19942944,0.01901004,0.0001546463,80.99707,59.979139999999994,1.4525194999999997e-05,6.4902109999999995,0.009619977,4.542048,0.000332932702,3.0075398600000004e-05,0.020134809999999996,17.36488,0.000332932702,3.0075398600000004e-05,0.004623703,7.2836210999999995,0.000332932702,3.0075398600000004e-05,0.0014516443,6.97417045,0.000332932702,3.0075398600000004e-05,0.003774641000000001,1.1216123e-06,1.52862e-05,-0.20497738799999995,67.0242834,0.015730946899999997,-0.002200497,-0.002642131,1.4045401999999998e-06,1.7757810000000002e-05
73,1609347600,0.5764689000000001,0.5764827,0.025748577,-1.0931833,1.391255,0.6459017,1.1842481,1.068633,0.033007832,0.2993328,1.525295e-05,1.2474024e-06,1.2789794e-06,1.6094727e-06,2.2833149000000005e-06,2.9652253000000003e-06,4.925636e-06,1.0527989e-05,0.2673479,0.02063905,0.00022139160000000002,79.7433,57.84407000000001,1.914789e-05,6.580747,0.011164447000000001,6.010311,0.00054851252,4.97395884e-05,0.02343279,23.395,0.00054851252,4.97395884e-05,0.005047785,12.223404999999998,0.00054851252,4.97395884e-05,0.0019402100000000002,11.931463400000002,0.00054851252,4.97395884e-05,0.003777713,1.2843199e-06,1.548772e-05,-0.9894378400000001,49.7673559,0.010736181,-0.002044928,-0.0025315840000000004,9.871694e-07,1.2043811999999998e-05
73,1609348200,0.4418754,0.4418896,-0.01575702,-1.607602,1.0906828000000002,0.619584,0.9118774999999999,0.8197376000000001,0.015310035999999999,0.21242680000000003,1.5122880000000002e-05,9.764691e-07,9.897687e-07,1.2436583e-06,1.7030918e-06,2.2104686000000003e-06,3.4998943e-06,7.290108e-06,0.1994262,0.02123428,0.00025837740000000004,79.2046,59.911939999999994,1.468076e-05,6.446652,0.010370881,4.631852,0.0008768766800000001,7.98643338e-05,0.0206012,17.56612,0.0008768766800000001,7.98643338e-05,0.005104367,16.225716,0.0008768766800000001,7.98643338e-05,0.0019250391,16.1737478,0.0008768766800000001,7.98643338e-05,0.0037737739999999997,1.0557535e-06,1.527345e-05,-0.007363393,4.391431800000001,0.006036896000000001,-0.002098447,-0.002492752,6.888937e-07,8.646602999999998e-06
73,1609348800,0.3849192,0.3849333,-0.006520006,-1.2177237,1.124172,0.5487175000000001,0.9532049,0.8530761,0.01905673,0.19193259999999998,1.5182490000000002e-05,1.1844474e-06,1.2250689000000002e-06,1.4710506000000001e-06,1.9628848e-06,2.4657079000000002e-06,3.737152e-06,7.689526000000001e-06,0.1707245,0.02157537,0.00013886396999999997,80.70673,61.57305,1.2781136e-05,6.460928,0.009305421,4.019478,0.00052744972,4.7848032e-05,0.018955569999999998,14.918375000000001,0.00052744972,4.7848032e-05,0.004767285,10.299297,0.00052744972,4.7848032e-05,0.0015604538,10.0826986,0.00052744972,4.7848032e-05,0.0037737889999999996,1.1901129e-06,1.5344e-05,-0.193604364,77.9704148,0.013661683599999998,-0.0022108759999999996,-0.002608134,1.3064225e-06,1.5208908999999999e-05
73,1609349400,0.35285140000000004,0.3528657,-0.012862302,-1.4512222000000001,1.0089305000000002,0.5363688,0.8381510000000001,0.7460105,0.029092903000000003,0.19377048,1.452662e-05,3.9150281999999994e-07,3.7298585e-07,5.003608399999999e-07,7.834582e-07,9.903314e-07,1.5991253999999999e-06,3.8609836e-06,0.15662908,0.019690179999999998,9.737256e-05,86.01089999999999,62.787789999999994,1.1729159e-05,6.259087,0.008964617999999999,3.7031140000000002,0.000473184233,4.29202672e-05,0.017704279999999996,13.733592000000002,0.000473184233,4.29202672e-05,0.004797793000000001,10.187936,0.000473184233,4.29202672e-05,0.0015340650999999999,9.8843104,0.000473184233,4.29202672e-05,0.0037802239999999996,1.0066007e-06,1.523863e-05,-0.12765604200000003,69.47600360000001,0.012080021799999998,-0.002290216,-0.002641284,1.3132018999999999e-06,1.6416368e-05
73,1609350000,0.26433169999999995,0.2643458,-0.0100546146,-1.501794,0.8533383999999999,0.47391380000000005,0.7451476,0.6608826,0.009566524000000002,0.12447543999999999,1.4382629999999999e-05,3.2163444e-07,3.3069778e-07,4.670673e-07,7.379764e-07,1.0021587e-06,1.7407991999999998e-06,4.0826542e-06,0.11375877999999999,0.01830284,9.481318e-05,82.78327999999999,64.29113000000001,8.778498e-06,6.34475,0.007887034,2.78012,0.000373408704,3.37584028e-05,0.015505350000000001,9.984503,0.000373408704,3.37584028e-05,0.004567705,7.2441243,0.000373408704,3.37584028e-05,0.0012655628000000003,6.989163099999999,0.000373408704,3.37584028e-05,0.0037635790000000004,7.311737999999999e-07,1.4866809999999997e-05,0.005361900000000001,20.145837000000004,0.0065329321,-0.002418878,-0.0027397160000000005,6.715653e-07,8.664094e-06
73,1609350600,0.4270096,0.4270239,-0.008136566,-1.437293,1.0724959,0.5857102000000001,0.9386164000000001,0.8472637000000001,0.019363452,0.20214469,1.4984259999999999e-05,1.0351657e-06,1.0825558e-06,1.3907024e-06,1.98827e-06,2.7181713e-06,4.463876999999999e-06,9.718448e-06,0.19537401999999998,0.017987549999999998,0.00011927308,78.73256,59.72703,1.4173374000000001e-05,6.658564,0.009857557999999999,4.434569,0.00070183091,6.3805107e-05,0.01993499,17.036782,0.00070183091,6.3805107e-05,0.005062735,14.266377,0.00070183091,6.3805107e-05,0.0018869018000000001,14.119656999999998,0.00070183091,6.3805107e-05,0.0037657510000000003,1.2199931999999997e-06,1.530885e-05,0.007132939999999999,117.52750799999998,0.017920449999999997,-0.002176652,-0.002560777,1.2023372000000002e-06,1.4733493999999997e-05
73,1609351200,0.5140395,0.5140537,-0.012014928,-1.5758610000000002,1.1734855,0.6584380000000001,0.9681295999999999,0.8768898,0.029663483,0.26835679999999995,1.5217750000000002e-05,1.2037315999999999e-06,1.23606058e-06,1.5195232000000001e-06,2.0829429e-06,2.65077e-06,4.2320398e-06,9.011958000000001e-06,0.23640190000000003,0.02036319,0.00023175409999999998,77.10844999999999,58.64395999999999,1.708042e-05,6.400265,0.011037953,5.343275,0.000615047078,5.58784678e-05,0.022030509999999996,20.6198,0.000615047078,5.58784678e-05,0.004827246,11.677809,0.000615047078,5.58784678e-05,0.00169792,11.496813900000001,0.000615047078,5.58784678e-05,0.0037557399999999996,1.1108393e-06,1.5164389999999998e-05,0.07894266,42.00580280000001,0.011682782,-0.0021056060000000003,-0.0025014309999999997,8.432925e-07,1.0649716000000001e-05
73,1609351800,0.6252747000000001,0.6252888,-0.0042352158,-1.2326449999999998,1.3744549999999998,0.6926368,1.2125629999999998,1.1054207999999999,0.025157059,0.30071590000000004,1.4862030000000001e-05,8.111122000000002e-07,7.978090399999998e-07,1.0553732999999998e-06,1.6334859e-06,2.1389016999999998e-06,3.6796051000000006e-06,8.586947e-06,0.29578519999999997,0.016560610000000003,0.0002718345,79.22108,55.557590000000005,2.0778780000000004e-05,6.419147,0.01186141,6.596706999999999,0.0004953190700000001,4.4839304e-05,0.02503045,26.066889999999994,0.0004953190700000001,4.4839304e-05,0.004951613,10.763339,0.0004953190700000001,4.4839304e-05,0.00185492,10.518040000000001,0.0004953190700000001,4.4839304e-05,0.003781818,1.2161664e-06,1.5489530000000003e-05,-0.017915130000000005,5.192883499999999,0.0056298723,-0.0019564,-0.002457135,7.339425999999999e-07,8.901829e-06
73,1609352400,0.5134051000000001,0.5134192,-0.0035422479,-1.2829032999999999,1.2493859999999999,0.6354363000000001,1.0854336,0.9667049999999999,0.018359391999999995,0.236652,1.5123320000000001e-05,1.0760805000000002e-06,1.09273808e-06,1.3582946899999998e-06,1.8948675e-06,2.4429398e-06,3.913876600000001e-06,8.274487000000001e-06,0.23949629999999997,0.017028549999999996,0.00015663345999999997,79.36166999999999,57.06961,1.705961e-05,6.261065,0.010729074,5.326745000000001,0.0003839645089999999,3.46888017e-05,0.02236278,20.90103,0.0003839645089999999,3.46888017e-05,0.004767579,8.589053,0.0003839645089999999,3.46888017e-05,0.0016301058,8.290884000000002,0.0003839645089999999,3.46888017e-05,0.0037798069999999996,1.2734111e-06,1.548607e-05,-0.040520082,78.9708838,0.0134466679,-0.0020924249999999998,-0.002528889,1.1640206e-06,1.3421652e-05
73,1609353000,0.4862819,0.4862961,-0.0095540551,-1.398065,1.213799,0.6321032,1.0352193,0.9265402999999998,0.035907867999999996,0.2536115,1.533695e-05,1.4155939e-06,1.4915005000000002e-06,1.8490090999999996e-06,2.5445413000000003e-06,3.3755753000000005e-06,5.468024e-06,1.1422494e-05,0.2261397,0.016728049999999998,0.00024397110000000003,76.33088000000001,57.19701,1.614062e-05,6.609444000000001,0.010541256,5.110359,0.00067502605,6.1373755e-05,0.021726950000000002,19.889300000000002,0.00067502605,6.1373755e-05,0.004966653999999999,13.187081000000001,0.00067502605,6.1373755e-05,0.0018258949,13.039082000000002,0.00067502605,6.1373755e-05,0.0037546130000000004,1.1387959e-06,1.5188769999999999e-05,0.08932261600000001,44.8587799,0.010334547699999998,-0.002094639,-0.0025065210000000003,1.0094336e-06,1.2051278999999998e-05
73,1609353600,0.40004420000000007,0.40005809999999997,-0.009714022,-1.3719454,1.0864462,0.5646250000000002,0.9250036999999999,0.8235999999999999,0.020342452,0.20523244,1.50548e-05,1.2022853999999999e-06,1.23949258e-06,1.4909573e-06,1.9472814999999998e-06,2.463977e-06,3.7917344000000003e-06,7.6597455e-06,0.18450055,0.015315310000000002,0.00018521663,80.28832,58.908550000000005,1.3287547999999999e-05,6.3401510000000005,0.009465652000000001,4.207758,0.00046206652000000005,4.188947179999999e-05,0.01939772,16.193430999999997,0.00046206652000000005,4.188947179999999e-05,0.004698173000000001,9.761326999999998,0.00046206652000000005,4.188947179999999e-05,0.0015108476999999999,9.5048043,0.00046206652000000005,4.188947179999999e-05,0.0037366250000000004,9.258472999999999e-07,1.48541e-05,0.0514633766,10.2728751,0.008106341000000001,-0.0022069179999999996,-0.002578282,7.62904e-07,9.117766e-06
73,1609354200,0.21938765,0.21940160999999997,0.0008218150000000007,-1.0049848,0.8579513000000001,0.40238530000000006,0.7156343,0.6351192999999999,0.010293409,0.10769868,1.408852e-05,2.0584835999999996e-07,2.0013814999999998e-07,2.9723183e-07,4.6083390000000004e-07,5.855963e-07,9.969619e-07,2.4028759999999997e-06,0.09291953,0.01667192,9.672165e-05,86.76986000000001,68.31075,7.291413999999999e-06,6.1289929999999995,0.006837589,2.3137227,0.000343805512,3.1052356900000005e-05,0.013604384,8.188922,0.000343805512,3.1052356900000005e-05,0.004604817000000001,7.0967590000000005,0.000343805512,3.1052356900000005e-05,0.0013015549999999998,6.8248085000000005,0.000343805512,3.1052356900000005e-05,0.0037338049999999998,9.038907999999999e-07,1.4771509999999998e-05,0.074337324,142.4631967,0.0127905635,-0.0024522990000000002,-0.0027625880000000003,1.2491054000000001e-06,1.4689790999999997e-05
73,1609354800,0.43182,0.43183409999999994,-0.015952139999999997,-1.360361,1.1246974,0.5837233,0.9723668999999999,0.8539006,0.039010798,0.22969174999999992,1.4319340000000001e-05,3.6335071000000007e-07,3.4759261000000005e-07,5.211946699999999e-07,9.162206e-07,1.2532973e-06,2.29625436e-06,5.754265199999999e-06,0.20133576,0.014454819999999998,0.00010748814000000001,80.21941000000001,57.83873,1.4346025000000001e-05,6.072616999999999,0.009728368000000001,4.484404,0.00024499676000000004,2.1921688e-05,0.02008702,17.581582000000004,0.00024499676000000004,2.1921688e-05,0.004654675,6.161952000000001,0.00024499676000000004,2.1921688e-05,0.0014781960000000002,5.7855170000000005,0.00024499676000000004,2.1921688e-05,0.003757024,1.0077156e-06,1.5074620000000001e-05,0.15342539000000002,20.5601943,0.008041806280000001,-0.002181378,-0.0025843739999999995,8.501979e-07,1.1218659e-05
73,1609355400,0.2917936,0.2918075,-0.012850403000000002,-1.4232259999999999,0.9370785999999999,0.49164899999999995,0.7817863,0.7009338,0.010750484,0.143831,1.4287579999999999e-05,3.4861529999999995e-07,3.4367958e-07,4.955329000000001e-07,7.583295000000001e-07,1.0293395000000002e-06,1.8016251000000002e-06,4.231776000000001e-06,0.1323114,0.01347234,0.00010329564,82.19482,59.521600000000014,9.692062000000001e-06,6.46314,0.008276219000000001,3.0543130000000005,0.00048896137,4.42959e-05,0.01668508,11.543702,0.00048896137,4.42959e-05,0.004782601,9.335081,0.00048896137,4.42959e-05,0.0015317370000000002,9.122539999999999,0.00048896137,4.42959e-05,0.003753327,9.253059999999998e-07,1.4945170000000002e-05,0.081774399,87.7309072,0.012569644699999999,-0.002360355,-0.002697184,9.882941000000001e-07,1.217184e-05
73,1609356000,0.4086025999999999,0.40861659999999994,-0.013780572,-1.452376,1.1307722000000002,0.577154,0.9087653,0.8031623999999999,0.02791139,0.22594250000000002,1.4893150000000002e-05,8.4464072e-07,8.518701600000001e-07,1.0511603e-06,1.4408329e-06,1.8381812e-06,2.8344924e-06,6.111680000000001e-06,0.18627011,0.017842570000000002,0.00017256141,82.10641000000001,59.92877000000001,1.3576598e-05,6.244318000000001,0.009704759,4.3268189999999995,0.00035361594,3.19680407e-05,0.01942615,16.356037999999998,0.00035361594,3.19680407e-05,0.004597275999999999,7.686715000000002,0.00035361594,3.19680407e-05,0.0013887863,7.368301899999999,0.00035361594,3.19680407e-05,0.0037659409999999996,1.1144591e-06,1.5225070000000004e-05,0.15962214800000002,34.94444709999999,0.009452756000000001,-0.0021713209999999995,-0.0025691570000000003,8.312266e-07,1.0180568999999999e-05
73,1609356600,0.4361901,0.4362043,-0.011749267,-1.427531,1.1162214,0.5948857000000001,0.9576298,0.8665018,0.020316499999999998,0.2079959,1.494508e-05,9.802954000000002e-07,9.897675799999997e-07,1.19628677e-06,1.6003961000000002e-06,1.97402786e-06,2.9724534e-06,6.1070012e-06,0.1998617,0.017941850000000002,0.00027471950000000005,82.17137,58.93312999999999,1.4497430000000002e-05,6.265269,0.010022918,4.62373,0.000516494896,4.6857033199999996e-05,0.02035517,17.51621,0.000516494896,4.6857033199999996e-05,0.004792692,10.208391,0.000516494896,4.6857033199999996e-05,0.0016234004,9.9830105,0.000516494896,4.6857033199999996e-05,0.0037599160000000007,1.1321322e-06,1.5209730000000002e-05,0.01678605999999999,19.752912399999996,0.008744248,-0.0021043290000000003,-0.002525019,7.567478e-07,9.576289e-06
73,1609357200,0.2617707,0.26178460000000003,-0.00018932099999999994,-1.0228601,0.9563913000000002,0.43872440000000007,0.8093498,0.7206218,0.012338543,0.12486534,1.4324230000000001e-05,4.2712307e-07,4.3031685e-07,5.6354954e-07,7.935961e-07,1.0347930999999998e-06,1.6784063999999998e-06,3.806765e-06,0.11442704,0.016295370000000003,0.00015396228000000002,86.17613,63.84498,8.693190999999999e-06,6.477006,0.007473925000000001,2.7660970000000002,0.0005647787300000001,5.124357700000001e-05,0.01536505,10.059368000000001,0.0005647787300000001,5.124357700000001e-05,0.0048754819999999996,10.318344,0.0005647787300000001,5.124357700000001e-05,0.001601157,10.178191000000002,0.0005647787300000001,5.124357700000001e-05,0.0037423020000000003,8.393372999999999e-07,1.4804789999999999e-05,0.07238109,33.7599,0.007974746000000001,-0.0023410350000000004,-0.0027061969999999996,8.869088999999999e-07,1.0776677000000002e-05
73,1609357800,0.2629764,0.26299039999999996,-0.006668991000000001,-1.0566980000000001,0.9624295999999999,0.4452306999999999,0.8230749999999999,0.7148467,0.017048195999999998,0.13888569999999997,1.4320589999999999e-05,4.5820030000000004e-07,4.7178408999999997e-07,6.162767e-07,8.743849e-07,1.1521537e-06,1.891338e-06,4.147551000000001e-06,0.11400914,0.01736444,0.00010442959999999999,84.26619000000001,63.64331,8.732351e-06,6.514911000000001,0.007455877000000001,2.753152,0.00038626755500000004,3.4947840999999996e-05,0.01542521,9.998959000000001,0.00038626755500000004,3.4947840999999996e-05,0.004647933,7.8369399,0.00038626755500000004,3.4947840999999996e-05,0.0013891064,7.5859529,0.00038626755500000004,3.4947840999999996e-05,0.003727387,8.496808e-07,1.469513e-05,0.050864663,80.40462799999997,0.010475231,-0.0023506200000000003,-0.002708978,1.0748727999999999e-06,1.2793130000000002e-05
73,1609358400,0.5445538,0.544567,-0.01219806,-1.336991,1.2488654000000001,0.6511924,1.1042591,0.9710544000000001,0.043284007,0.2778577,1.498143e-05,1.4021487e-06,1.4353725599999998e-06,1.73552147e-06,2.4273164e-06,3.1184985999999995e-06,4.9172425000000005e-06,1.0144401e-05,0.25556200000000007,0.01656998,0.00011788575000000001,77.57732,57.06731,1.808852e-05,6.33995,0.011010755,5.759599,0.0008291871799999999,7.5477537e-05,0.02275735,22.50389,0.0008291871799999999,7.5477537e-05,0.005000899,15.137530000000002,0.0008291871799999999,7.5477537e-05,0.0019261840000000003,15.061687999999998,0.0008291871799999999,7.5477537e-05,0.003718027,1.1762437e-06,1.49464e-05,0.069307695,19.243304,0.009735263999999999,-0.0020033800000000004,-0.002458964,8.709512e-07,1.0908137000000001e-05
73,1609359000,0.3583799,0.35839380000000004,-0.010728404,-1.5042470000000001,0.9865427999999999,0.5460702,0.8603517,0.7628483,0.016768375,0.1711284,1.4492950000000003e-05,7.429224600000001e-07,7.4308714e-07,9.226492899999998e-07,1.3013711000000001e-06,1.6340703600000002e-06,2.4887989e-06,5.4063664000000005e-06,0.1644332,0.01464624,9.614155e-05,80.38636,58.491049999999994,1.1908074000000001e-05,6.141327,0.009218927,3.769202,0.000496880532,4.50640395e-05,0.018630059999999997,14.466525999999998,0.000496880532,4.50640395e-05,0.004740071,9.621589399999998,0.000496880532,4.50640395e-05,0.0015560654,9.432160499999998,0.000496880532,4.50640395e-05,0.003724884,1.0163718999999998e-06,1.483032e-05,-0.1769426,81.8023039,0.012808412,-0.0022319030000000004,-0.002595083,1.2949781e-06,1.5934092000000002e-05
73,1609359600,0.31644219999999995,0.3164561,0.006053759799999999,-1.4446869999999998,1.0420075,0.5153147,0.8287753999999999,0.7148842999999999,0.017136367000000003,0.1594684,1.432229e-05,5.1638797e-07,5.408261e-07,7.27365e-07,1.1080344e-06,1.5289501e-06,2.5982233e-06,5.9763335e-06,0.13795565,0.01989127,0.000360396,82.52839999999999,63.13636,1.0500619999999999e-05,6.519417,0.008722345000000001,3.383587,0.000196998709,1.77124692e-05,0.017004250000000002,12.095253000000001,0.000196998709,1.77124692e-05,0.004508797,5.8221674,0.000196998709,1.77124692e-05,0.0012709136,5.3990879,0.000196998709,1.77124692e-05,0.0037391470000000004,1.0598698999999999e-06,1.496432e-05,-0.735277575,66.89746969999999,0.0125117927,-0.0022441150000000005,-0.002611491,1.093515e-06,1.3251423999999999e-05
73,1609360200,0.45767990000000003,0.45769400000000005,-0.005734660999999999,-1.5527440000000001,1.0790574000000002,0.6161738999999999,0.9393665,0.845576,0.02213486,0.21498090000000003,1.4760930000000002e-05,7.582797000000001e-07,7.685465100000001e-07,9.669092e-07,1.4277293e-06,1.8221915e-06,2.9504095e-06,6.532605000000001e-06,0.21265609999999996,0.01586727,0.0003004448,81.10535,57.88349999999999,1.5209438999999999e-05,6.396718999999999,0.010398702,4.866346999999999,0.00016324698,1.45609561e-05,0.020848169999999996,18.730970000000003,0.00016324698,1.45609561e-05,0.004419451,4.581771399999999,0.00016324698,1.45609561e-05,0.0012518076000000002,4.1772455,0.00016324698,1.45609561e-05,0.003750898,1.0631835000000001e-06,1.509515e-05,0.08085068999999999,16.7754536,0.008519325999999999,-0.0021194350000000002,-0.002510992,8.595075999999999e-07,1.0740594999999998e-05
73,1609360800,0.22685070000000002,0.22686470000000006,0.05217452,-1.051503,0.9267657000000001,0.4183243,0.7915366,0.6785456999999999,0.011168912999999999,0.11066323,1.458218e-05,5.345988e-07,5.5478588e-07,7.031242e-07,9.493080999999999e-07,1.234757e-06,2.0059242000000003e-06,4.2652136999999996e-06,0.09497238,0.018218639999999998,0.0002231112,87.00712,66.37797,7.5298779999999995e-06,6.477064,0.006971353,2.4044459999999996,0.000446605346,4.04629488e-05,0.0142041,8.385907999999999,0.000446605346,4.04629488e-05,0.004720825,8.324808,0.000446605346,4.04629488e-05,0.0013896202,8.1169581,0.000446605346,4.04629488e-05,0.003760993,7.600695e-07,1.4862479999999997e-05,-0.029057086000000003,59.007619999999996,0.009646618,-0.002467394,-0.0027890980000000003,8.743738999999999e-07,1.0510222000000002e-05
73,1609361400,0.3209422,0.320956,0.014472232699999999,-1.3469671,1.021345,0.5088825,0.8447507,0.7457101999999999,0.011177880999999999,0.15184477000000002,1.4395499999999998e-05,5.320209e-07,5.321064399999999e-07,6.786293e-07,9.428627e-07,1.1961062e-06,1.9058232000000001e-06,4.1935455e-06,0.13983196,0.02032525,0.0003030294,87.40916000000001,63.590109999999996,1.0662744999999998e-05,6.2915030000000005,0.008567897000000001,3.366907,0.000518957699,4.7112419700000006e-05,0.017058350000000003,12.23733,0.000518957699,4.7112419700000006e-05,0.004696102,9.4902467,0.000518957699,4.7112419700000006e-05,0.0014747075000000002,9.325390799999997,0.000518957699,4.7112419700000006e-05,0.0037364789999999996,8.550479000000002e-07,1.4774839999999999e-05,-0.026777595000000005,58.1529753,0.0086800198,-0.0023246509999999996,-0.002663656,8.987792e-07,1.1328346e-05
73,1609362000,0.5353166,0.5353312,0.0149013654,-1.468931,1.238401,0.6613747,1.0528819999999999,0.946754,0.033391731,0.2798859,1.470094e-05,8.747426e-07,8.5834535e-07,1.06044489e-06,1.5478756e-06,1.9489835e-06,3.0825557999999997e-06,6.871637000000001e-06,0.25079850000000004,0.016583430000000003,0.0002591685,79.16125,56.720389999999995,1.77959e-05,6.19381,0.011196161999999999,5.651934,0.0008811008699999998,8.0234374e-05,0.0227988,22.076930000000004,0.0008811008699999998,8.0234374e-05,0.005125275,16.591158999999998,0.0008811008699999998,8.0234374e-05,0.002034039,16.588356,0.0008811008699999998,8.0234374e-05,0.0037438000000000007,1.3032491999999998e-06,1.5230929999999999e-05,-0.020966009999999983,57.64748900000001,0.016877535,-0.002023867,-0.0024590560000000003,1.2407369e-06,1.5100267000000001e-05
73,1609362600,0.3560122,0.3560261,0.004572929000000001,-1.33134,1.0283558,0.5381125,0.9194154000000001,0.8249503,0.011130662,0.1636121,1.456966e-05,7.409688999999999e-07,7.699052e-07,9.883135e-07,1.4525523e-06,1.9357744000000005e-06,3.203912e-06,7.001328000000002e-06,0.1619004,0.01596857,0.00012004980999999999,78.52781,59.24679,1.1819246e-05,6.545399000000001,0.009002501,3.783359,0.0006194550729999999,5.63104258e-05,0.01858099,14.30417,0.0006194550729999999,5.63104258e-05,0.004883105,11.74944,0.0006194550729999999,5.63104258e-05,0.0016722401000000002,11.6156262,0.0006194550729999999,5.63104258e-05,0.0037401459999999997,8.414458e-07,1.481041e-05,-0.155373349,7.7715202,0.0041916794,-0.0022575299999999998,-0.0026311430000000003,6.231541e-07,7.977684000000001e-06
73,1609363200,0.4108298,0.410844,0.019640519000000002,-1.0649764,1.191299,0.5548657,1.0183439,0.8902395999999999,0.031660882,0.20996090000000006,1.469838e-05,5.8136285e-07,5.9579107e-07,7.9884242e-07,1.2115148e-06,1.6178989999999998e-06,2.7356074e-06,6.3770441e-06,0.1862351,0.01901568,0.00014842694,81.83726000000001,59.94651,1.364731e-05,6.298655999999999,0.009359635000000002,4.332599,0.00029182078199999995,2.62998601e-05,0.01963563,16.37552,0.00029182078199999995,2.62998601e-05,0.00461254,6.793903,0.00029182078199999995,2.62998601e-05,0.0013978813,6.469556,0.00029182078199999995,2.62998601e-05,0.0037744399999999996,1.0478967e-06,1.5231229999999998e-05,0.005303211999999994,71.21112099999999,0.013911666999999999,-0.002224439,-0.00263163,1.1219960000000001e-06,1.4193314000000002e-05
73,1609363800,0.34671339999999995,0.34672739999999996,0.033097071,-1.1783389,1.0478199,0.5093326,0.9176537000000001,0.8213881000000001,0.016683234999999998,0.16547092000000002,1.4496759999999999e-05,7.4387242e-07,7.6208976e-07,9.638901499999998e-07,1.3472679e-06,1.7448413999999998e-06,2.7993349999999995e-06,6.0338168000000005e-06,0.15506931,0.01811822,0.00015380389999999997,84.65314,61.866399999999985,1.1512165999999998e-05,6.409553,0.008759836,3.682687,0.0007043821200000001,6.404239500000002e-05,0.017862660000000002,13.663751,0.0007043821200000001,6.404239500000002e-05,0.0049613520000000005,12.772263,0.0007043821200000001,6.404239500000002e-05,0.0017563162,12.6803612,0.0007043821200000001,6.404239500000002e-05,0.0037321309999999996,1.026186e-06,1.4884679999999999e-05,0.021725030000000003,54.57790490000001,0.012097256899999999,-0.0022763419999999998,-0.002642469,1.3245186e-06,1.4655693e-05
73,1609364400,0.46252190000000004,0.4625356,-0.0007978799999999997,-1.495959,1.1356467000000001,0.614391,0.9655419000000001,0.8562261,0.025906507000000002,0.22996163999999997,1.4672630000000001e-05,8.391451000000001e-07,8.708321499999999e-07,1.11286444e-06,1.617456e-06,2.1530650000000003e-06,3.4144787000000003e-06,7.6394567e-06,0.20789323999999998,0.023152849999999996,0.00019614680000000002,84.89018999999999,62.13618,1.5356939e-05,6.396522,0.010267755,4.8683819999999995,0.0010833568000000002,9.88009918e-05,0.02047117,18.321457,0.0010833568000000002,9.88009918e-05,0.005173503,19.436925000000002,0.0010833568000000002,9.88009918e-05,0.0020260328,19.5343435,0.0010833568000000002,9.88009918e-05,0.0037408949999999997,1.0789343999999998e-06,1.5029249999999998e-05,-0.30324171,17.80477141,0.007522690000000001,-0.0021117930000000003,-0.002502792,8.086368000000001e-07,1.0026765999999999e-05
73,1609365000,0.3551807,0.35519480000000003,-0.005120589059999999,-1.1874809,1.0858085000000002,0.5257383,0.9312657,0.8327505000000001,0.010262587,0.16716199999999998,1.4542250000000001e-05,7.3075308e-07,7.2720314e-07,9.006286500000001e-07,1.2450833e-06,1.572399e-06,2.4230476000000002e-06,5.2074346999999996e-06,0.1541853,0.02313609,0.0002551459,85.85801000000001,63.58894,1.1796672999999998e-05,6.411373,0.008938591,3.8226819999999995,0.000292324686,2.65226009e-05,0.01811995,13.662419,0.000292324686,2.65226009e-05,0.004433508,6.4091714,0.000292324686,2.65226009e-05,0.0012138372999999998,6.0854053,0.000292324686,2.65226009e-05,0.003735149,9.979834999999999e-07,1.4898719999999998e-05,0.041211611999999995,33.3758754,0.0089748721,-0.0021992830000000002,-0.0025798550000000003,8.750732999999999e-07,1.0299537e-05
73,1609365600,0.4198269,0.4198411999999999,-0.012288711,-1.3924397,1.1086848000000002,0.5781033000000001,0.9318283,0.8260011,0.038851078,0.228815,1.538475e-05,1.4060390000000002e-06,1.45141563e-06,1.7237023899999999e-06,2.2972136999999995e-06,2.91096222e-06,4.463502299999999e-06,8.9199546e-06,0.1900381,0.019697069999999997,0.00015355147,80.59421999999999,60.67624000000001,1.3946134000000002e-05,6.342136999999999,0.009943415,4.529904,0.000270429477,2.4329259800000002e-05,0.019676069999999997,16.912100000000002,0.000270429477,2.4329259800000002e-05,0.004569588,6.542743,0.000270429477,2.4329259800000002e-05,0.0013610446000000003,6.1511265,0.000270429477,2.4329259800000002e-05,0.003765595,1.2658026000000001e-06,1.535389e-05,0.03801596,96.42542780000001,0.016944378,-0.00213745,-0.0025363960000000002,1.426432e-06,1.7056466e-05
73,1609366200,0.36534140000000004,0.3653554,0.0137800435,-1.457754,1.0270806000000001,0.5529987999999999,0.8807143,0.7894363999999999,0.019326588,0.18470390000000003,1.5102290000000002e-05,9.727816e-07,9.9460971e-07,1.19353366e-06,1.5818372e-06,1.9945933999999997e-06,2.9929943999999996e-06,6.139895100000001e-06,0.163235,0.01924928,0.0001692873,83.10830999999999,60.818450000000006,1.2137278e-05,6.192165999999999,0.009311362,3.8874199999999997,0.0006156051250000001,5.603012920000001e-05,0.01860368,14.417390000000001,0.0006156051250000001,5.603012920000001e-05,0.004790717999999999,11.8233427,0.0006156051250000001,5.603012920000001e-05,0.0015469602999999999,11.679491699999998,0.0006156051250000001,5.603012920000001e-05,0.003775047,9.583037e-07,1.5178859999999999e-05,-0.45788674,20.9924274,0.005500096,-0.0022146910000000004,-0.002596172,7.761106000000001e-07,9.500745e-06
73,1609366800,0.20705059999999995,0.20706480000000002,-0.007422052,-1.0044464999999998,0.8621886999999999,0.3905746,0.7176221,0.6179437999999999,0.009955645999999999,0.10360921000000001,1.4554700000000001e-05,4.5421021000000006e-07,4.850947699999999e-07,6.327402700000001e-07,8.677205200000001e-07,1.1424811899999998e-06,1.9039133999999998e-06,4.0684823e-06,0.08423168,0.01920485,7.872634000000002e-05,88.06412,70.81075999999999,6.872635000000002e-06,6.559413000000001,0.0066423179999999995,2.2063289999999998,0.000321853787,2.90308305e-05,0.01304827,7.428926,0.000321853787,2.90308305e-05,0.004602549999999999,6.334863,0.000321853787,2.90308305e-05,0.0012495237,6.044104,0.000321853787,2.90308305e-05,0.0037679869999999996,8.295499999999999e-07,1.496084e-05,0.03678949,37.456843500000005,0.008262782100000001,-0.0024806600000000004,-0.0028045619999999996,1.0008792e-06,1.1889326999999999e-05
73,1609367400,0.9248426999999999,0.9248567,-0.0143977,-1.6147479999999999,1.4631443000000002,0.8691552,1.2564,1.164974,0.04922597999999999,0.4698821000000001,1.50159e-05,1.1104066000000002e-06,1.10287132e-06,1.4987409999999998e-06,2.4986057e-06,3.3503084999999994e-06,5.9272978e-06,1.3639128e-05,0.44281,0.01945036,0.00013094211,77.40874,55.629549999999995,3.073832e-05,6.146973,0.014895796,9.896563,0.00105409865,9.603284400000001e-05,0.02995423,39.387460000000004,0.00105409865,9.603284400000001e-05,0.005317906,20.690647000000002,0.00105409865,9.603284400000001e-05,0.002347201,20.654071000000002,0.00105409865,9.603284400000001e-05,0.003779531,1.968141e-06,1.6146740000000002e-05,0.054382299999999995,27.093456300000003,0.013954886,-0.0015556293,-0.002080202,1.2329185e-06,1.5247043e-05
73,1609368000,0.8020662,0.8020790999999999,-0.013546322999999999,-1.7212800000000001,1.287902,0.8336845,1.1270588,1.054421,0.030102584999999998,0.3762331,1.69769e-05,2.9827711e-06,3.1017653199999992e-06,3.6308475e-06,4.6656297999999995e-06,5.836551599999999e-06,8.600717099999999e-06,1.6875537e-05,0.3771561,0.023622769999999998,0.00020514589999999998,79.95057,56.798069999999996,2.6640559999999998e-05,6.370547,0.014376460000000002,8.476049,0.0013063203599999998,0.00011918198200000002,0.02805039,33.31209,0.0013063203599999998,0.00011918198200000002,0.005258631,22.986428500000002,0.0013063203599999998,0.00011918198200000002,0.0022327363,23.1890041,0.0013063203599999998,0.00011918198200000002,0.003780593,1.686337e-06,1.5934780000000004e-05,-0.04274954500000001,7.362050631000001,0.0079317569,-0.001646734,-0.002139526,8.019006000000001e-07,1.0210476e-05
73,1609368600,0.5880841,0.5880981000000001,0.029037883000000004,-1.2055338,1.391594,0.6724816,1.1737870000000001,1.0379573,0.03811258,0.2984719,1.529828e-05,1.3573864000000001e-06,1.4040895999999998e-06,1.7619739e-06,2.4601386e-06,3.2712373000000003e-06,5.269547700000001e-06,1.1457638e-05,0.2608091,0.032904369999999995,0.00030030229999999995,81.07525999999999,62.44195,1.952244e-05,6.444261999999999,0.011441000999999998,6.194155,0.001208913504,0.0001103552963,0.02316172,22.8522,0.001208913504,0.0001103552963,0.005138608,21.4385108,0.001208913504,0.0001103552963,0.0020563409999999997,21.591045700000002,0.001208913504,0.0001103552963,0.0037842299999999995,1.7605059999999999e-06,1.594385e-05,-0.13396303999999998,61.383008999999994,0.017906752,-0.001859768,-0.0023368259999999997,1.4955122000000001e-06,1.7556042e-05
73,1609369200,0.7652152,0.7652306,0.011655951,-1.468918,1.4545569999999999,0.7838624000000001,1.2549759999999999,1.1276597000000002,0.06288513999999999,0.40325920000000004,1.5419109999999997e-05,1.4784990999999998e-06,1.49181701e-06,1.8587532e-06,2.7484093e-06,3.5641301e-06,5.8462845999999994e-06,1.2883773999999999e-05,0.3656765,0.016708856,0.00019119599999999998,77.0365,55.161170000000006,2.543004e-05,6.428569999999999,0.013316909999999998,7.983182000000001,0.0008577668099999998,7.81251886e-05,0.027289020000000004,32.01832,0.0008577668099999998,7.81251886e-05,0.005018216000000001,16.144358,0.0008577668099999998,7.81251886e-05,0.0020195662,16.044317999999997,0.0008577668099999998,7.81251886e-05,0.0037812419999999998,2.0519019999999994e-06,1.618672e-05,0.014629411699999994,38.01108729999999,0.0169515776,-0.0016643043999999998,-0.0021845110000000005,1.8665982999999998e-06,2.1854476e-05
73,1609369800,1.0928945,1.0929093,0.012373527199999998,-1.401989,1.701352,0.9321031,1.53316,1.4255689999999999,0.030155530000000003,0.4941268999999999,1.5970230000000004e-05,2.156848e-06,2.1855177600000006e-06,2.6258993900000003e-06,3.8034749000000005e-06,4.7488065999999995e-06,7.502671400000001e-06,1.6327253e-05,0.5265211,0.01971235,0.0001724336,74.27896,53.695119999999996,3.632438e-05,6.048786,0.01600799,11.418153,0.001679885,0.00015336601,0.03341663,46.19886,0.001679885,0.00015336601,0.005753922999999999,30.561870000000006,0.001679885,0.00015336601,0.002902788,30.822680000000002,0.001679885,0.00015336601,0.003768286,2.084923e-06,1.6205540000000002e-05,0.010146711,14.599779900000001,0.009355557000000002,-0.0013741139999999998,-0.001996044,9.911177000000002e-07,1.2712575999999999e-05
73,1609370400,1.5978649999999999,1.597877,-0.008803743,-1.259991,2.106103,1.1039594000000001,1.8975209999999998,1.7438790000000002,0.06628956,0.7400672,1.547383e-05,2.0039264e-06,1.8652363000000003e-06,2.3417536e-06,3.7310641e-06,4.6354336000000005e-06,7.558876000000001e-06,1.7077414e-05,0.7784373,0.02030736,0.00014608185000000002,73.86368,52.64609999999999,5.314013999999999e-05,5.841797,0.01927549,16.84288,0.0016400899999999999,0.00014966825,0.04061169,68.66179,0.0016400899999999999,0.00014966825,0.005936436999999999,32.60116000000001,0.0016400899999999999,0.00014966825,0.0032345059999999994,32.7517,0.0016400899999999999,0.00014966825,0.003781436,3.0183580000000003e-06,1.7063990000000004e-05,-0.20713429999999997,27.140880400000004,0.017869457,-0.0008897320000000001,-0.001750081,1.6256008e-06,2.0480399000000002e-05
73,1609371000,1.580705,1.580718,-0.0031353320000000002,-1.3136759999999998,2.069914,1.1000565,1.8682690000000002,1.7259529999999998,0.09467371,0.7693088,1.676976e-05,3.1739994e-06,3.1500364000000002e-06,3.8137557999999996e-06,5.3814520000000004e-06,6.666536e-06,1.0346439999999999e-05,2.2039751e-05,0.7750619999999999,0.01510822,0.00012355392,69.42708999999999,51.96514,5.257424e-05,6.098943,0.0191529,16.512030000000003,0.0007707477799999999,7.0000274e-05,0.04032039,68.05309,0.0007707477799999999,7.0000274e-05,0.005504744000000001,20.881989,0.0007707477799999999,7.0000274e-05,0.0028117,20.537097799999998,0.0007707477799999999,7.0000274e-05,0.0037656140000000005,2.893965e-06,1.683574e-05,-0.011971656999999997,11.502758,0.012027155000000001,-0.0008769690999999999,-0.001719894,1.1825056e-06,1.5024326e-05
73,1609371600,0.8701051,0.8701196,0.002264322,-1.382559,1.556747,0.8296094999999999,1.3778659999999998,1.2435006,0.034773979999999996,0.407128,1.613909e-05,2.2917195e-06,2.3834797999999997e-06,2.908769e-06,4.118214000000001e-06,5.378146e-06,8.635309999999999e-06,1.8115764e-05,0.40729899999999997,0.027558970000000006,0.00014810939999999997,78.21159,57.80800999999999,2.8888269999999997e-05,6.536906999999999,0.01417995,9.143724,0.00106234107,9.6792387e-05,0.028942650000000004,35.818419999999996,0.00106234107,9.6792387e-05,0.00525753,20.008896,0.00106234107,9.6792387e-05,0.00228912,20.025208,0.00106234107,9.6792387e-05,0.003771931,1.737549e-06,1.589145e-05,0.023010371999999998,12.0491513,0.008646026,-0.001608867,-0.0021798489999999998,8.21652e-07,1.0545357000000001e-05
73,1609372200,0.6027992999999999,0.6028138000000001,-0.0071726791,-1.4969579999999998,1.299788,0.6940877000000001,1.0488313,0.9331780000000001,0.034575150000000006,0.31141959999999996,1.5586319999999998e-05,1.6039719999999999e-06,1.6487574e-06,1.9714215e-06,2.6868186e-06,3.5371647999999996e-06,5.18711e-06,1.0513862e-05,0.25703721,0.04424746,8.63835e-05,85.77656999999999,66.23653,2.0011402000000002e-05,6.391029,0.011977723,6.408324,0.00054270288,4.924326079999999e-05,0.022521779999999998,22.712961,0.00054270288,4.924326079999999e-05,0.004745275,10.2740273,0.00054270288,4.924326079999999e-05,0.0016343002999999999,10.06715199,0.00054270288,4.924326079999999e-05,0.0037843970000000005,2.104005e-06,1.620626e-05,-0.13809422,83.40731430000001,0.023001871,-0.0017571548,-0.002258967,1.9497095e-06,2.252565e-05
73,1609372800,1.1412094,1.1412232999999998,-0.0010594350099999998,-1.2315004999999999,1.867371,0.9270398999999999,1.6226010000000002,1.4440950000000001,0.04005818,0.5188935,1.577807e-05,1.8773499e-06,1.9543105e-06,2.3974856999999997e-06,3.3566494999999998e-06,4.1734402e-06,6.597602700000001e-06,1.3287004e-05,0.3961683,0.174271,0.00012962357,98.00113,83.33250000000001,3.788588e-05,6.240821,0.01617278,12.118837,0.00110768878,0.00010095085800000001,0.02834048,35.044540000000005,0.00110768878,0.00010095085800000001,0.005622576,26.641502000000003,0.00110768878,0.00010095085800000001,0.0026943289999999996,26.405922399999998,0.00110768878,0.00010095085800000001,0.0037883229999999997,2.855555e-06,1.692998e-05,0.006005034000000001,13.516223200000002,0.013751197000000001,-0.00106811149,-0.0017746790000000001,1.3052923e-06,1.5815841e-05
73,1609373400,0.8978434999999999,0.8978575000000001,-0.0111828522,-0.7806406000000001,1.9450720000000001,0.7757804000000001,1.592562,1.3178284999999998,0.042349069999999996,0.45913190000000004,1.583295e-05,1.8258999e-06,1.97720454e-06,2.4185571000000003e-06,3.3519825999999994e-06,4.421459500000001e-06,7.088332700000002e-06,1.4057649e-05,0.25804520000000003,0.1906815,0.00015807748,99.94841,94.44644,2.9762479999999997e-05,6.435854999999999,0.01362584,9.557433999999999,0.0018028532999999995,0.00016469074999999998,0.0228707,22.740791,0.0018028532999999995,0.00016469074999999998,0.005849923,33.47169999999999,0.0018028532999999995,0.00016469074999999998,0.0028472050000000002,33.872859999999996,0.0018028532999999995,0.00016469074999999998,0.0037878179999999997,2.491512e-06,1.66077e-05,0.056024050000000006,25.3064097,0.012958627,-0.001351252,-0.0020215309999999996,1.4045808000000003e-06,1.5943551e-05
73,1609374000,1.421478,1.4214930000000001,-0.007317866000000001,-0.9191612000000001,2.250444,1.0156401000000002,1.974285,1.69149,0.047569150000000004,0.6649204000000001,1.549458e-05,1.4750062999999998e-06,1.4526597900000001e-06,1.7843339e-06,2.7827138e-06,3.437485e-06,5.3399578e-06,1.1961153e-05,0.5125307,0.19803829999999997,0.00014086811999999997,98.42773,78.7137,4.7225879999999997e-05,6.032673000000001,0.01717781,15.23949,0.004486229490000001,0.000410635588,0.03296202,45.69957000000001,0.004486229490000001,0.000410635588,0.00685652,80.56612000000001,0.004486229490000001,0.000410635588,0.00405341,82.295362,0.004486229490000001,0.000410635588,0.0038185599999999995,3.063613e-06,1.733121e-05,0.009290070000000001,17.388072599999997,0.013403467999999998,-0.0009948429,-0.0017675990000000003,1.3131141999999998e-06,1.5331324e-05
73,1609374600,1.937201,1.9372149999999997,0.0064158203,-1.235085,2.457413,1.2426279999999998,2.1918670000000002,1.936296,0.05159473999999999,0.8538321999999999,1.806809e-05,4.464330099999999e-06,4.6698544e-06,5.6838726999999996e-06,8.101736e-06,1.0545255999999998e-05,1.6822613e-05,3.4791467e-05,0.8212870999999999,0.1469806,0.00024430160000000003,83.68764999999999,64.87013,6.430003e-05,6.402338,0.02062366,20.47838,0.0044589016599999995,0.0004081134604,0.04191305000000001,72.50491000000001,0.0044589016599999995,0.0004081134604,0.006844033999999999,80.71718899999999,0.0044589016599999995,0.0004081134604,0.004236509,82.38849599999999,0.0044589016599999995,0.0004081134604,0.0038347839999999995,4.036087e-06,1.8213989999999998e-05,-0.007918431,16.8551672,0.01653779,-0.0005392216999999999,-0.001400641,1.5178035e-06,1.912698e-05
73,1609375200,1.3364677,1.3364832,-0.0026213350000000002,-1.392914,1.943572,1.0390646000000001,1.7072019999999999,1.5558850000000002,0.06428676,0.6464765000000001,1.6847689999999997e-05,3.1503103999999998e-06,3.1675508000000006e-06,3.7736166999999998e-06,5.233589000000001e-06,6.540852099999999e-06,1.0127461000000001e-05,2.1172553e-05,0.6360766000000001,0.03196704,0.0001344978,76.3892,54.9369,4.4419150000000007e-05,6.2704130000000005,0.01768096,14.166098999999999,0.0014214474900000002,0.000129681727,0.03673077,56.131569999999996,0.0014214474900000002,0.000129681727,0.005554431,26.943990000000003,0.0014214474900000002,0.000129681727,0.0027819470000000003,27.052444,0.0014214474900000002,0.000129681727,0.0037884420000000004,3.094195e-06,1.7192089999999997e-05,0.04504480499999999,22.831123399999996,0.017727002,-0.0009311756000000001,-0.0016709739999999998,1.5577135e-06,1.8602982e-05
73,1609375800,1.2447453,1.2447580999999999,-0.0038349630000000003,-1.2155854,1.9851969999999999,0.979728,1.712228,1.536571,0.04808852,0.5940023,1.5555309999999997e-05,1.9783335e-06,1.9677052e-06,2.3681495e-06,3.7749660999999997e-06,4.8944849e-06,7.218555e-06,1.5620007e-05,0.5546431,0.0675712,0.00011847932,84.77877,60.58655000000001,4.136079e-05,6.261924,0.01677978,13.355965000000001,0.0016079396400000001,0.00014683519600000003,0.034432809999999994,49.274170000000005,0.0016079396400000001,0.00014683519600000003,0.005630256,31.441785199999998,0.0016079396400000001,0.00014683519600000003,0.002829463,31.640315899999997,0.0016079396400000001,0.00014683519600000003,0.0038234980000000003,3.925141e-06,1.785558e-05,0.033952929,4.5583247,0.013130663,-0.0007219905,-0.001548645,1.8099334e-06,1.5476558e-05
73,1609376400,1.576781,1.576795,-0.0035251544999999997,-1.198782,2.279845,1.109756,1.9477359999999997,1.7043890000000002,0.057385870000000005,0.7519216,1.8067579999999998e-05,4.572928e-06,4.935280900000001e-06,5.835297e-06,8.379389e-06,1.1239102e-05,1.6341416e-05,3.509201400000001e-05,0.6232689999999999,0.1648576,0.00017299052000000002,85.37654,71.88053,5.2314609999999996e-05,6.461277,0.01877413,16.8326,0.00277307439,0.0002536194724,0.03622963,55.01222,0.00277307439,0.0002536194724,0.005754472000000001,48.518167999999996,0.00277307439,0.0002536194724,0.0030591380000000003,49.380936,0.00277307439,0.0002536194724,0.003931018,6.141668e-06,1.99989e-05,0.056550523500000005,19.262969000000002,0.021930566000000002,5.005939999999996e-05,-0.0010520826,2.6631423e-06,2.3782496e-05
73,1609377000,2.251461,2.251473,0.0052986150000000004,-1.240067,2.6110550000000003,1.3435390000000003,2.3884860000000003,2.0963140000000005,0.03900416,0.9739933000000001,1.790216e-05,4.533582100000001e-06,4.5492472000000005e-06,5.408639500000001e-06,7.568992e-06,9.392639799999998e-06,1.4431959000000001e-05,2.89604e-05,0.9626437000000001,0.1628481,0.00015917115000000002,87.36845,64.72205,7.479411999999998e-05,5.994645,0.02218242,23.76083,0.0026559947700000005,0.000242786714,0.04530761999999999,85.04504,0.0026559947700000005,0.000242786714,0.006321714000000001,53.782075,0.0026559947700000005,0.000242786714,0.003773833,54.311840999999994,0.0026559947700000005,0.000242786714,0.0038229880000000003,4.36312e-06,1.830517e-05,0.0188111211,3.4657805,0.010246044000000001,-0.000290661448,-0.001213889,1.0446665e-06,1.3083033e-05
73,1609377600,3.2045909999999997,3.204605,-0.0043029763,-1.3406379999999998,3.027504,1.6204049999999999,2.7493209999999997,2.442599,0.06908803999999999,1.419089,1.6918960000000002e-05,3.6539296999999996e-06,3.5052342899999996e-06,4.4672934e-06,7.33561e-06,9.362611e-06,1.58041525e-05,3.5480486e-05,1.425858,0.17611359999999998,0.00024116494000000002,84.32015999999999,61.10553,0.00010645580999999997,5.973718,0.02686978,33.58487,0.005722045510000001,0.00052385589,0.055150500000000005,125.29902000000001,0.005722045510000001,0.00052385589,0.007365288,105.848959,0.005722045510000001,0.00052385589,0.004909735,107.765292,0.005722045510000001,0.00052385589,0.0039060949999999996,5.524564e-06,1.971567e-05,-0.021347943999999997,3.4371115999999993,0.013226925,0.00015408226,-0.0009078428000000001,1.1604301999999998e-06,1.619977e-05
73,1609378200,3.534295,3.534311,0.005116969000000001,-1.1629877000000002,3.3002520000000004,1.6538810000000002,3.009094,2.6801690000000002,0.08816368,1.565935,1.788984e-05,4.633018e-06,4.662213000000001e-06,6.047678e-06,9.898236999999999e-06,1.3364137999999999e-05,2.3182394999999996e-05,5.264525e-05,1.593678,0.1730504,0.0003017261,80.47305000000001,59.891999999999996,0.00011738829999999999,6.323224,0.02777963,37.226729999999996,0.005067752829999999,0.00046371630600000005,0.058422659999999994,140.5633,0.005067752829999999,0.00046371630600000005,0.007328736999999999,90.06249999999999,0.005067752829999999,0.00046371630600000005,0.0048922029999999995,91.83443000000001,0.005067752829999999,0.00046371630600000005,0.003934732000000001,5.970979e-06,2.014291e-05,0.006682531000000001,3.0210444999999995,0.012086642999999998,0.0003196041,-0.0008362912,9.801116e-07,1.3091099999999999e-05
73,1609378800,3.926677,3.9266900000000007,0.0040421391,-1.2771259999999998,3.3631769999999994,1.76728,3.042394,2.7417829999999994,0.1118962,1.7190590000000001,1.7502710000000002e-05,4.500713e-06,4.3134095e-06,5.5074292e-06,9.016178e-06,1.1264927e-05,1.9281677e-05,4.429088e-05,1.7957750000000001,0.167216,0.00024598107,81.18806,58.633050000000004,0.0001304991,5.9672789999999996,0.029734879999999998,41.28298,0.005544510040000001,0.000507381783,0.06197048999999999,158.2937,0.005544510040000001,0.000507381783,0.007760078999999999,102.61101,0.005544510040000001,0.000507381783,0.005320321000000001,104.67996999999998,0.005544510040000001,0.000507381783,0.003965613,6.794231e-06,2.0925030000000003e-05,0.0037369366999999987,2.7742131,0.019044589,0.0005918093000000001,-0.0005934018,1.3981566000000001e-06,1.9423660000000002e-05
73,1609379400,3.7954769999999995,3.7954920000000003,0.0028197809999999995,-1.3860359999999998,3.20995,1.76888,2.967391,2.6550059999999998,0.08402084000000001,1.682693,1.9014450000000002e-05,5.93684e-06,6.0068840000000004e-06,7.469281000000001e-06,1.1491026e-05,1.4705538999999998e-05,2.4014241e-05,5.2625929999999996e-05,1.7310020000000002,0.16632490000000003,0.0002842830000000001,82.67172,58.92111,0.00012609611,6.390599,0.02918505,39.02078,0.0039300694599999995,0.000359526715,0.06046038,150.5172,0.0039300694599999995,0.000359526715,0.007055064999999999,81.70446299999999,0.0039300694599999995,0.000359526715,0.004652123999999999,82.62550000000002,0.0039300694599999995,0.000359526715,0.003940737000000001,6.546621e-06,2.0602150000000004e-05,0.014527424999999997,2.244979,0.013254434999999998,0.0005356149,-0.0005890147,1.1762954999999998e-06,1.5945550000000002e-05
73,1609380000,4.170756,4.170769,0.0013125728,-1.3684489999999998,3.355565,1.837183,3.080269,2.784985,0.08607478,1.813591,1.78291e-05,4.8703881000000004e-06,4.6703911000000005e-06,5.858962100000001e-06,9.499773000000003e-06,1.1779207899999998e-05,1.97722713e-05,4.556389699999999e-05,1.9172649999999998,0.1677578,0.00025048242999999997,80.57942,58.51753,0.000138629,5.902337,0.030634810000000002,43.62107999999999,0.00292191088,0.000266969144,0.06349080999999998,168.5442,0.00292191088,0.000266969144,0.007278452,73.18874999999998,0.00292191088,0.000266969144,0.00482659,73.3698,0.00292191088,0.000266969144,0.003976083,7.193895e-06,2.1231629999999997e-05,-0.0049115170000000015,1.6700206999999998,0.013396696999999999,0.0007303234,-0.00046253041,1.1237833999999999e-06,1.5409057e-05
73,1609380600,4.40566,4.405673999999999,-0.00011966720000000006,-1.422501,3.4162419999999996,1.9110139999999998,3.121258,2.834786,0.130952,1.95854,2.0579830000000005e-05,8.063553e-06,8.154144099999999e-06,1.0016613800000002e-05,1.5069936000000001e-05,1.9389928e-05,3.1782793e-05,6.85656e-05,2.0236729999999996,0.178657,0.0003335238,80.29179000000002,58.22443,0.0001463577,6.376889,0.03201405,46.289550000000006,0.00327449796,0.00029928891299999997,0.06568669,178.2756,0.00327449796,0.00029928891299999997,0.006746982,66.043427,0.00327449796,0.00029928891299999997,0.004284362000000001,66.764417,0.00327449796,0.00029928891299999997,0.00397163,7.187149e-06,2.1199559999999997e-05,-0.021406460000000006,1.3516597,0.011473249,0.0007693543000000001,-0.000410988,1.045783e-06,1.453957e-05
73,1609381200,3.923115,3.923132,-0.0032673621,-1.427353,3.276737,1.808455,2.9505140000000005,2.6454809999999997,0.07341924,1.700841,1.740292e-05,4.368741000000001e-06,4.100018799999999e-06,5.1555323e-06,8.457997000000001e-06,1.01703077e-05,1.7169086e-05,3.8939440000000005e-05,1.750011,0.2112019,0.0002546593,85.06872,60.9489,0.00013039960000000002,6.206027,0.029918669999999998,40.688030000000005,0.00459706693,0.000420619068,0.06092097999999999,152.9038,0.00459706693,0.000420619068,0.007322111999999999,92.26751300000001,0.00459706693,0.000420619068,0.004878158999999999,93.43475799999999,0.00459706693,0.000420619068,0.003945754000000001,6.500553e-06,2.0640490000000003e-05,0.026309432000000004,2.089443,0.012939161000000001,0.00048388034,-0.0006082046,1.0530196e-06,1.4847084999999998e-05
73,1609381800,4.793201000000001,4.793217,-0.0006962486,-1.35334,3.6571479999999994,1.975224,3.3081629999999995,3.004591,0.11365463,2.112706,2.272438e-05,9.890653100000001e-06,9.817586750000001e-06,1.16002584e-05,1.6360964e-05,2.0260371999999997e-05,3.14133289e-05,6.580141e-05,2.1979100000000003,0.1982522,0.00026589328000000003,79.15668000000001,58.385180000000005,0.00015929410000000002,6.056152,0.032959100000000005,50.093360000000004,0.0051101614,0.00046745467,0.068442,192.9213,0.0051101614,0.00046745467,0.008128356,108.619605,0.0051101614,0.00046745467,0.005685891,109.92014399999998,0.0051101614,0.00046745467,0.004025599,7.729436e-06,2.189214e-05,0.022127966,1.8579994,0.012852813999999999,0.0009108556,-0.00034389286400000006,1.0813106e-06,1.4866939999999998e-05
73,1609382400,3.369388,3.3694010000000008,0.00049784761,-1.538494,2.9273770000000003,1.69035,2.5896420000000004,2.36291,0.08297269999999998,1.504396,2.421582e-05,1.08748155e-05,1.1207411900000002e-05,1.3037813500000001e-05,1.7522413e-05,2.1649255899999998e-05,3.2733239e-05,6.4245616e-05,1.5425179999999998,0.14178390000000002,0.00020926296,79.01957,58.54407,0.00011192597999999998,6.218672,0.02850568,35.581,0.0015018463300000002,0.000136894917,0.05740555000000001,136.3317,0.0015018463300000002,0.000136894917,0.006184247,39.93503700000001,0.0015018463300000002,0.000136894917,0.0036564469999999993,39.600679,0.0015018463300000002,0.000136894917,0.003938006,5.872581e-06,2.0293950000000002e-05,0.020364912,3.4251101999999998,0.014658701,0.00027324228999999996,-0.0007417445000000001,1.0489200999999999e-06,1.4057634999999998e-05
73,1609383000,3.2017949999999997,3.201809,0.00062282114,-1.304745,2.9736150000000006,1.6064250000000002,2.764546,2.488312,0.05394542,1.366366,2.11857e-05,7.741986500000001e-06,7.875177000000001e-06,9.3041599e-06,1.3061922999999997e-05,1.6131096999999997e-05,2.4869089e-05,5.0650078000000005e-05,1.461551,0.1389984,0.00021163676999999998,83.11487000000001,58.83004999999999,0.00010637775999999999,6.212379,0.02686539,33.765570000000004,0.0026445367,0.00024159758799999998,0.0559686,129.0722,0.0026445367,0.00024159758799999998,0.0063150939999999985,48.416861,0.0026445367,0.00024159758799999998,0.003805274,49.139661000000004,0.0026445367,0.00024159758799999998,0.003940283,5.594302e-06,2.005723e-05,0.0035263691,0.580545,0.0070649829999999995,0.00017703702800000003,-0.0008800753,7.825625000000001e-07,1.0941372000000002e-05
73,1609383600,2.4536469999999997,2.45366,-0.0005234681999999999,-1.3036530000000002,2.6474299999999995,1.3948899999999997,2.397411,2.1394390000000003,0.09402223000000001,1.1078384000000001,1.845614e-05,4.861505100000001e-06,4.82362226e-06,5.679181699999999e-06,8.188392000000001e-06,9.9059061e-06,1.5187954600000001e-05,3.05336e-05,1.1448059,0.08179887999999999,0.00013432574999999998,78.95114,56.910369999999986,8.156722e-05,5.958762,0.02361168,26.05402,0.0021464151400000003,0.000196050969,0.04922211,101.23006999999998,0.0021464151400000003,0.000196050969,0.005984001,41.789445,0.0021464151400000003,0.000196050969,0.0033832600000000003,42.169977,0.0021464151400000003,0.000196050969,0.0038978419999999995,5.2093150000000005e-06,1.9494649999999998e-05,0.023929369,9.148720999999998,0.020568633,-5.1643459999999985e-05,-0.0010333286999999998,1.7163983e-06,2.2332866e-05
73,1609384200,2.5389850000000003,2.538997,-0.00110724155,-1.295161,2.6557579999999996,1.4200050000000002,2.446537,2.22528,0.05742338,1.1155114999999998,1.925543e-05,5.963639e-06,5.9952219e-06,7.1176983000000015e-06,1.0185072999999998e-05,1.2750182e-05,1.9817088e-05,4.0516941000000004e-05,1.199157,0.07006734,0.00015775851999999999,77.86086,55.57964,8.440699e-05,6.355946,0.02428882,27.25154,0.0025802748,0.00023576471,0.05082664,106.57838000000001,0.0025802748,0.00023576471,0.006259811,48.124222,0.0025802748,0.00023576471,0.0037027989999999997,48.683032,0.0025802748,0.00023576471,0.003902021,5.428837000000001e-06,1.970158e-05,0.038017868999999996,6.5479975999999995,0.016518476,6.2514161e-05,-0.0009307434999999999,1.4841294e-06,1.8861449e-05
73,1609384800,2.763297,2.7633099999999997,-0.0024611438,-1.281599,2.8059849999999997,1.469522,2.534028,2.338159,0.07157435,1.2540930000000001,1.8661719999999996e-05,5.3456926e-06,5.22598788e-06,6.2846289e-06,9.196799e-06,1.13535244e-05,1.73743453e-05,3.7546661000000004e-05,1.317298,0.06409765,0.0001557151,77.78421,54.74696,9.186162e-05,5.969025,0.025036419999999997,28.92383,0.003250245,0.00029714408,0.05302632,115.90890000000002,0.003250245,0.00029714408,0.00717334,68.85341000000001,0.003250245,0.00029714408,0.00465154,69.52227,0.003250245,0.00029714408,0.0038997330000000003,5.595125e-06,1.9750219999999997e-05,-0.0043490620000000025,1.4946752,0.009862651,0.00017731135,-0.000841304,9.400025999999999e-07,1.2196614000000001e-05
73,1609385400,2.681781,2.6817970000000004,-0.0005775031,-1.2003979999999999,2.852225,1.4280499999999998,2.516065,2.3101070000000004,0.08885364,1.273641,1.710923e-05,3.7965236999999996e-06,3.7079711e-06,4.5618773000000006e-06,7.26988e-06,8.947688300000001e-06,1.4691760000000001e-05,3.2191781999999996e-05,1.2740930000000001,0.06657375,0.00014557157,77.27044,55.11676,8.916424000000002e-05,5.731344999999999,0.0245931,28.173789999999997,0.0012573534900000001,0.00011463662900000001,0.05211051,112.38352,0.0012573534900000001,0.00011463662900000001,0.006167142,38.357363,0.0012573534900000001,0.00011463662900000001,0.0036199839999999997,37.98746799999999,0.0012573534900000001,0.00011463662900000001,0.0038755380000000004,5.307748e-06,1.9340160000000002e-05,0.024508327999999996,5.5858477,0.019294321999999996,5.875574000000001e-05,-0.0009787762,1.4291177000000003e-06,1.9195440999999998e-05
73,1609386000,2.544932,2.544944,-0.008320671,-1.1556751,2.771071,1.383535,2.505827,2.284383,0.060275469999999984,1.1350919999999998,1.6717259999999997e-05,3.1183791e-06,3.0617463999999996e-06,3.988341200000001e-06,6.671533e-06,9.0055445e-06,1.5663012e-05,3.5175363e-05,1.2033825999999999,0.06880483,0.00019853337,78.08444,55.44,8.45768e-05,6.253216999999999,0.02378569,26.583890000000004,0.0034626410099999998,0.00031665165100000004,0.05067231,105.64644000000001,0.0034626410099999998,0.00031665165100000004,0.0068821099999999994,65.969899,0.0034626410099999998,0.00031665165100000004,0.004351613,67.01107900000001,0.0034626410099999998,0.00031665165100000004,0.003886253,4.8787710000000005e-06,1.911076e-05,0.04879831,3.5784816999999998,0.015989237,-9.2348737e-05,-0.0011433217000000001,1.093163e-06,1.4786136999999998e-05
73,1609386600,2.7733280000000002,2.7733429999999997,-0.006807177,-1.2980360000000002,2.796837,1.466429,2.48865,2.298895,0.10742888000000002,1.2943542000000001,2.173305e-05,8.3452392e-06,8.6709556e-06,1.0269008e-05,1.4001257000000002e-05,1.773809e-05,2.7308193e-05,5.5355560000000006e-05,1.3312922999999999,0.05503161000000001,0.00019157128,72.35981,54.119389999999996,9.215689e-05,6.349995999999999,0.0249887,28.56803,0.0019739256,0.00018014437000000001,0.052874540000000005,115.99103999999997,0.0019739256,0.00018014437000000001,0.006516607000000001,45.713229999999996,0.0019739256,0.00018014437000000001,0.003984059999999999,45.74168999999999,0.0019739256,0.00018014437000000001,0.003915272,5.454515e-06,1.974527e-05,0.016613204,8.932477599999999,0.022410344,8.926108e-05,-0.0009927055999999997,1.5700856e-06,2.079115e-05
73,1609387200,1.7464100999999999,1.7464244999999998,0.001264135,-1.5560589999999999,2.015725,1.2002996,1.826718,1.7006400000000004,0.05314428,0.7930227000000001,1.7210710000000002e-05,3.8267622e-06,3.8675058000000005e-06,4.6656128000000005e-06,6.897913e-06,8.854481e-06,1.4038587999999999e-05,2.9497061999999995e-05,0.8498792999999999,0.02310707,0.00014400858,71.26462,52.82583999999999,5.805589e-05,6.124791999999999,0.020382619999999997,18.11256,0.00112151245,0.00010218605670000002,0.042117829999999995,74.31175,0.00112151245,0.00010218605670000002,0.005512253999999999,25.563480000000002,0.00112151245,0.00010218605670000002,0.002837702,25.465052999999997,0.00112151245,0.00010218605670000002,0.0038040789999999993,3.788547e-06,1.784465e-05,-0.0007902410000000026,3.8744423000000006,0.010907739,-0.00052689739,-0.001327928,1.0157783e-06,1.3053308000000001e-05
73,1609387800,1.793939,1.793954,-0.00042747559999999996,-1.528988,2.095901,1.2055217,1.8547319999999998,1.682526,0.10393154,0.9079087000000001,1.888916e-05,5.3561671e-06,5.4768865e-06,6.4751411000000005e-06,8.924081e-06,1.1474066000000001e-05,1.7931733999999996e-05,3.6111285e-05,0.8741316000000001,0.02261786,0.00012399595,70.35463000000001,53.00093,5.9627859999999996e-05,6.257016,0.02050873,18.70509,0.00215808025,0.00019714080400000004,0.04224291,76.64428000000001,0.00215808025,0.00019714080400000004,0.0060360119999999995,40.106771,0.00215808025,0.00019714080400000004,0.003323753,40.601658,0.00215808025,0.00019714080400000004,0.0038293299999999997,3.7760850000000004e-06,1.798631e-05,-0.0492714415,7.4182565,0.015144742,-0.00060261107,-0.0013927142999999999,1.1871819e-06,1.5328937000000003e-05
73,1609388400,2.2766129999999998,2.2766260000000003,-0.00559279138,-1.546364,2.2230669999999995,1.36787,2.051652,1.944473,0.051298930000000006,1.0161418999999998,1.745333e-05,4.0441243000000004e-06,3.8426919e-06,4.4705569299999994e-06,6.3671288e-06,7.595688e-06,1.12708201e-05,2.318681e-05,1.1208705,0.01727811,9.440921e-05,70.48356000000001,51.562419999999996,7.575422e-05,5.427159,0.02353673,23.88905,0.0024229294,0.00022135188999999997,0.048603930000000004,98.65313,0.0024229294,0.00022135188999999997,0.006079960000000001,43.648326000000004,0.0024229294,0.00022135188999999997,0.0034542550000000007,44.217061,0.0024229294,0.00022135188999999997,0.0038558719999999998,4.48257e-06,1.876909e-05,-0.27558014099999995,9.95410622,0.010248986999999998,-0.00026862490999999996,-0.001133927,1.4389055999999999e-06,1.7723746e-05
73,1609389000,3.6416489999999997,3.641662,0.00134848138,-1.6541270000000001,2.7993110000000003,1.7689910000000002,2.489252,2.360248,0.1144428,1.6812729999999998,2.190391e-05,8.801627200000001e-06,8.96498748e-06,1.0656764700000002e-05,1.5084115e-05,1.92039867e-05,2.9792443e-05,6.1543503e-05,1.7757349999999998,0.04471195,0.00021583907999999998,70.36863000000001,52.553520000000006,0.00012103989999999999,6.022306,0.030352619999999997,38.31311,0.0031684829999999997,0.000289638516,0.061632920000000015,156.59640000000002,0.0031684829999999997,0.000289638516,0.006992241000000001,67.26920000000001,0.0031684829999999997,0.000289638516,0.0044849799999999995,67.82026,0.0031684829999999997,0.000289638516,0.003939072,6.4778940000000005e-06,2.06667e-05,0.032675879000000005,3.53353103,0.017127626,0.00053199201,-0.0005183867,1.3045670000000001e-06,1.6360723e-05
73,1609389600,4.095440999999999,4.095456,0.004617842,-1.5107329999999999,3.1693710000000004,1.8484000000000003,2.9078,2.697009,0.08090125000000001,1.8010359999999999,1.801881e-05,5.145230000000001e-06,5.1852838e-06,6.8738869e-06,1.1631442000000002e-05,1.55725436e-05,2.7256467000000002e-05,6.2764642e-05,1.9655849999999997,0.08158673000000001,0.00041037720000000003,73.85022000000001,54.035399999999996,0.00013609170000000002,6.194007,0.0312448,42.7128,0.00224579378,0.000204945203,0.06475234999999999,172.57,0.00224579378,0.000204945203,0.007003292000000001,56.80189,0.00224579378,0.000204945203,0.004513893,56.6394,0.00224579378,0.000204945203,0.003994225,7.129097e-06,2.140681e-05,0.002058103999999999,3.1545802999999997,0.015214923,0.0007150215,-0.00043640660000000006,1.3082670000000002e-06,1.715542e-05
73,1609390200,3.561319,3.561334,0.00710996,-1.500931,3.02698,1.7203470000000003,2.74722,2.500764,0.10334754000000002,1.5839570000000003,1.9269339999999998e-05,5.9676146e-06,5.98190555e-06,7.4282023e-06,1.1130044999999998e-05,1.4556555699999997e-05,2.41129574e-05,5.3047269e-05,1.686402,0.09379568,0.00033562109999999996,77.99572,55.4917,0.00011833238,6.029877,0.02915687,37.68759,0.00512118637,0.00046863927099999997,0.05996171,149.18077999999997,0.00512118637,0.00046863927099999997,0.007687281999999999,102.70877,0.00512118637,0.00046863927099999997,0.005174412000000001,104.14736,0.00512118637,0.00046863927099999997,0.003939573,6.149198e-06,2.042475e-05,0.0017413399999999986,3.7180768,0.014550961000000001,0.00035375431999999993,-0.0006981419999999999,1.1839148000000001e-06,1.5562988e-05
73,1609390800,2.8326469999999997,2.8326589999999996,0.01906782,-1.4817630000000002,2.6797200000000005,1.5308329999999999,2.473125,2.254568,0.07147162,1.2554434,1.992456e-05,6.6832423e-06,6.8470958700000005e-06,8.095846399999999e-06,1.1439801e-05,1.4491828900000002e-05,2.19945894e-05,4.5730222999999994e-05,1.3355100999999998,0.08025067999999999,0.00044049500000000006,77.65127,55.95176,9.413612e-05,6.272507,0.02605386,30.39468,0.0026500826,0.00024215619000000004,0.05328153,118.9435,0.0026500826,0.00024215619000000004,0.006374231999999999,52.94195499999999,0.0026500826,0.00024215619000000004,0.003823187,53.584721,0.0026500826,0.00024215619000000004,0.0038901820000000003,5.706191e-06,1.977948e-05,0.03865876,5.44620445,0.014937257999999998,0.00021256017,-0.0007556422999999999,1.4067559999999999e-06,1.7695979e-05
73,1609391400,2.2158119999999997,2.215828,0.02578852,-1.512743,2.436112,1.35391,2.1407160000000003,1.9580469999999999,0.07079052999999999,1.0266223,1.6076409999999998e-05,2.7519210999999997e-06,2.8399415e-06,3.6459452e-06,6.089308e-06,8.139973e-06,1.4116268000000002e-05,3.2917337000000005e-05,1.0604341000000002,0.04687182,0.0005285794999999999,75.50640000000001,54.38066,7.362812e-05,6.2902049999999985,0.02295327,23.165869999999998,0.0014368397,0.00013098152,0.04728856,93.02855,0.0014368397,0.00013098152,0.006055017,33.598586999999995,0.0014368397,0.00013098152,0.0034471940000000006,33.469296,0.0014368397,0.00013098152,0.003853637,4.9795430000000005e-06,1.9050909999999998e-05,0.011150455,3.4386865999999996,0.012853924,-7.291969e-05,-0.0009488923,1.1579517e-06,1.3778894e-05
73,1609392000,1.464327,1.46434,0.015721277,-1.6296199999999998,1.944884,1.1303629999999998,1.689914,1.520409,0.03475979,0.6588702000000001,1.6760989999999997e-05,3.1357670999999994e-06,3.1317963900000005e-06,3.6693761000000005e-06,5.2606441e-06,6.5391908000000005e-06,9.9664437e-06,2.016892e-05,0.6742434,0.05757006,0.0002951108,81.51441,57.92273,4.866255e-05,6.271010000000001,0.019172619999999998,15.651810000000001,0.00195280014,0.00017846212699999998,0.038109649999999995,59.8163,0.00195280014,0.00017846212699999998,0.005720356,36.855905,0.00195280014,0.00017846212699999998,0.002977587,37.245141000000004,0.00195280014,0.00017846212699999998,0.003792711,3.8746050000000005e-06,1.78712e-05,-0.7644538041999999,31.145178100000003,0.015618939000000002,-0.0006225974,-0.001354725,2.0907915e-06,2.4919258000000002e-05
73,1609392600,1.597354,1.5973680000000001,0.0198429,-1.4910229999999998,2.1221900000000002,1.1572299,1.8631309999999999,1.6408989999999999,0.07366982000000001,0.7598957000000001,1.631889e-05,2.9141378e-06,2.9522086e-06,3.7300918000000004e-06,5.755269999999999e-06,7.5156809999999996e-06,1.2292799e-05,2.7281833999999997e-05,0.7116508,0.08657342,0.00038832849999999997,80.45084,61.142939999999996,5.304131999999999e-05,6.48138,0.019308879999999997,16.759179999999997,0.00231546495,0.000211627107,0.03859944,62.449020000000004,0.00231546495,0.000211627107,0.005984611999999999,44.703918,0.00231546495,0.000211627107,0.0032977659999999997,45.24438,0.00231546495,0.000211627107,0.003794758,3.853013999999999e-06,1.7803e-05,-0.061077571,11.112219000000001,0.017071103,-0.0006355006999999999,-0.001390681,1.3839531e-06,1.6392084e-05
73,1609393200,1.9575,1.9575150000000001,0.009137685000000001,-1.6507049999999999,2.1900279999999994,1.309319,1.9195699999999998,1.7438410000000002,0.05209646,0.8762279999999999,1.781079e-05,4.521523099999999e-06,4.6382208e-06,5.5631102e-06,7.825971e-06,9.7784227e-06,1.5308259999999998e-05,3.162895299999999e-05,0.8850190000000001,0.09332908,0.00031846019999999997,81.47681,59.65885000000001,6.502015000000001e-05,6.186964999999999,0.022218720000000004,20.48905,0.00260564962,0.00023815886099999998,0.04337812,77.65567000000001,0.00260564962,0.00023815886099999998,0.006110122000000001,48.19934100000001,0.00260564962,0.00023815886099999998,0.003518525,48.947731999999995,0.00260564962,0.00023815886099999998,0.0038126240000000006,4.478653e-06,1.841244e-05,-0.410373322,13.838412,0.014892682000000004,-0.00039699934,-0.0011947118,1.5143411e-06,1.821988e-05
73,1609393800,1.563515,1.5635279999999998,0.0006606237,-1.668586,1.867294,1.1701717,1.6564640000000002,1.557535,0.03667511999999999,0.6918456999999999,1.6603199999999997e-05,2.955124e-06,3.0223166900000005e-06,3.7007904e-06,5.464669e-06,7.562064899999999e-06,1.1556330099999998e-05,2.3875104e-05,0.669806,0.11166865000000001,0.000221286,85.32061999999999,64.97441999999998,5.1932210000000005e-05,6.205655999999999,0.02009959,16.39472,0.0022186165499999996,0.00020282119499999998,0.03753318,58.65905,0.0022186165499999996,0.00020282119499999998,0.005949237,47.828236,0.0022186165499999996,0.00020282119499999998,0.003228654,48.123587,0.0022186165499999996,0.00020282119499999998,0.003816989,4.396864e-06,1.838301e-05,0.008989927000000003,5.8214747000000004,0.013697455,-0.00039495683999999997,-0.0011611157999999997,1.2206014e-06,1.4531719e-05
73,1609394400,1.1614453999999999,1.1614585,-0.0021840556,-1.557467,1.740467,0.9878837,1.4841820000000001,1.3289662999999998,0.07356182,0.5982486,1.6350400000000002e-05,2.7374277999999995e-06,2.8763613e-06,3.4913027000000004e-06,5.035474e-06,6.470920000000001e-06,1.0334188e-05,2.1694002999999997e-05,0.5029625999999999,0.07748304,0.0002213131,83.02241999999998,64.51807,3.856371e-05,6.544299,0.017071620000000003,12.155228,0.0016396427300000003,0.000149698306,0.03201689,44.06246,0.0016396427300000003,0.000149698306,0.005523564,31.320542999999997,0.0016396427300000003,0.000149698306,0.002669371,31.596847000000004,0.0016396427300000003,0.000149698306,0.0037730330000000007,3.04515e-06,1.6973680000000002e-05,0.008869332999999997,25.1107848,0.019985437,-0.0010690168000000002,-0.001727356,1.2478485e-06,1.4503708e-05
73,1609395000,1.83585,1.8358640000000002,0.011127002,-1.728039,1.9272949999999998,1.267814,1.7151150000000002,1.6164850000000002,0.036452799999999994,0.8233969,1.792768e-05,4.5669384e-06,4.6529075999999996e-06,5.5942517e-06,8.192533e-06,1.0433913e-05,1.63614724e-05,3.4497886e-05,0.8767966000000001,0.040800899999999994,0.00023878140000000003,74.57884,54.614549999999994,6.100033e-05,6.323780000000001,0.02166152,19.130190000000002,0.00176756913,0.00016140486500000001,0.043001479999999995,76.72467999999999,0.00176756913,0.00016140486500000001,0.005655820000000001,34.866251999999996,0.00176756913,0.00016140486500000001,0.0030336960000000002,35.124929,0.00176756913,0.00016140486500000001,0.0037890879999999995,4.012171e-06,1.795048e-05,-0.096032062,6.81609335337,0.013292851,-0.000497152,-0.001238428,1.4229005e-06,1.6366135999999997e-05
73,1609395600,2.1337710000000003,2.133785,0.009151043000000001,-1.7248139999999998,2.0546490000000004,1.3730040000000001,1.8696579999999998,1.7576779999999999,0.04128415,0.9328122999999999,1.651305e-05,3.2080042999999995e-06,3.1618436999999997e-06,3.8142325000000004e-06,5.835733000000001e-06,7.2010613e-06,1.1483609000000001e-05,2.5354282000000003e-05,1.0042734,0.0623243,0.0002243017,79.52796,55.92572,7.094453e-05,6.160983,0.0231808,21.898699999999998,0.00298719064,0.00027318717600000004,0.04602614000000001,87.21788000000001,0.00298719064,0.00027318717600000004,0.006406804,61.756333999999995,0.00298719064,0.00027318717600000004,0.0038338630000000007,62.264057,0.00298719064,0.00027318717600000004,0.003789862,3.902505e-06,1.791335e-05,-0.0095429596,2.151606598,0.008901089,-0.0004168972,-0.0011774894999999998,9.382111999999999e-07,1.2060515999999998e-05
73,1609396200,3.3426180000000003,3.3426350000000005,0.015182819,-1.704965,2.6017930000000002,1.7039559999999998,2.312921,2.196518,0.12029956000000001,1.588992,1.591566e-05,2.8772164e-06,2.95215369e-06,4.321252100000001e-06,8.03342e-06,1.13067496e-05,2.1811008300000002e-05,5.436933400000001e-05,1.609594,0.06104054999999999,0.000566437,74.51312000000001,53.854380000000006,0.00011108292000000001,6.046888,0.029228159999999996,35.07608,0.00228555975,0.00020891415099999998,0.05834954,141.56878,0.00228555975,0.00020891415099999998,0.0061876019999999995,53.946363999999996,0.00228555975,0.00020891415099999998,0.0036720760000000007,53.998484000000005,0.00228555975,0.00020891415099999998,0.003902383,7.512069000000001e-06,2.16058e-05,0.18175110534,35.11783918,0.026327584000000005,0.00026264569,-0.0006778038,5.4153732e-06,4.9502562e-05
73,1609396800,2.316953,2.3169690000000003,0.014618688999999999,-1.7262730000000002,2.1375660000000005,1.429209,1.947434,1.8312940000000002,0.06615088,1.0307726,1.647393e-05,3.1899948999999997e-06,3.2140479000000006e-06,4.145728200000001e-06,6.8054039999999985e-06,9.021183e-06,1.563451e-05,3.5212652e-05,1.0773133000000001,0.08060139000000001,0.0004820525,78.39659,57.154070000000004,7.697455e-05,6.285547,0.02462402,24.302699999999998,0.0033104071300000004,0.000302760392,0.047828539999999996,94.69606,0.0033104071300000004,0.000302760392,0.006407207000000001,61.62112,0.0033104071300000004,0.000302760392,0.003829346,62.536032999999996,0.0033104071300000004,0.000302760392,0.0038002629999999995,4.117297e-06,1.813793e-05,-0.0037870599999999996,5.28360426,0.014619647999999999,-0.00038725061,-0.0011611335000000001,1.0247691e-06,1.3898669e-05
73,1609397400,2.2453200000000004,2.245335,-0.015710542,-1.442953,2.4226870000000003,1.368503,2.15219,1.9472099999999997,0.0751536,1.0484943999999998,1.6822519999999998e-05,3.3520033e-06,3.3183077e-06,4.1532468e-06,6.540121000000001e-06,8.4318354e-06,1.3914934000000003e-05,3.0995738e-05,1.0197755,0.10234465,0.0004669318,81.17823,59.48440000000001,7.460677e-05,6.089088,0.024312129999999998,23.78817,0.00298633208,0.0002730856356,0.04657764,90.09729,0.00298633208,0.0002730856356,0.006444738,61.48999299999999,0.00298633208,0.0002730856356,0.0038349729999999998,62.10717000000001,0.00298633208,0.0002730856356,0.0038228,4.272469e-06,1.827242e-05,-0.020321749,7.5586855,0.016290005000000003,-0.0003937567,-0.0012631658,1.2399264e-06,1.5654360999999997e-05
73,1609398000,1.1771672,1.177183,-0.02529221,-1.299941,1.9284959999999998,0.9677077000000001,1.617613,1.446493,0.06160188000000001,0.5706277999999999,1.4801220000000001e-05,1.2748131000000001e-06,1.2300550200000002e-06,1.5514308900000001e-06,2.8516179e-06,4.230050500000001e-06,5.6808507999999995e-06,1.3282050999999999e-05,0.5291328000000001,0.05910183000000001,0.00031804479999999997,84.27598,60.975840000000005,3.913376e-05,6.228262,0.017253029999999996,12.192414,0.0010052350600000001,9.159632099999999e-05,0.03305098,45.9845,0.0010052350600000001,9.159632099999999e-05,0.005361672,23.621697,0.0010052350600000001,9.159632099999999e-05,0.0025521550000000004,23.429839,0.0010052350600000001,9.159632099999999e-05,0.0037994560000000005,4.2138860000000005e-06,1.7982849999999997e-05,0.0672385991,10.52641749,0.011981180000000001,-0.00040128552,-0.0012124928,1.1626029e-06,1.2680277000000002e-05
73,1609398600,1.4245409999999998,1.4245550000000002,0.008370874,-1.5895940000000002,1.8495559999999998,1.1074932,1.663027,1.512985,0.023998956000000002,0.6160362,1.857513e-05,5.2986782e-06,5.5044371000000005e-06,6.290531e-06,8.251644900000002e-06,1.03909904e-05,1.5371294000000003e-05,2.9618521e-05,0.6550958999999998,0.0568933,0.0001955347,79.39987,58.10194,4.731611e-05,6.437376,0.019402219999999998,14.87794,0.001656741099,0.0001513215528,0.03735912,57.376999999999995,0.001656741099,0.0001513215528,0.00520596,30.017586800000004,0.001656741099,0.0001513215528,0.0024951889999999997,30.3676329,0.001656741099,0.0001513215528,0.0037303210000000004,2.915955e-06,1.664746e-05,-0.09153757300000001,5.9513883,0.008215481,-0.0008982064999999999,-0.0015467669999999999,8.962471e-07,1.1059148e-05
73,1609399200,1.806333,1.806347,0.032152343,-1.4156849999999999,2.782584,1.2467154999999999,1.6664749999999997,1.5946609999999999,0.13240771,1.5280758,4.2319119999999994e-05,1.5422741300000004e-05,1.4690882200000001e-05,1.62031676e-05,2.0041780999999996e-05,2.6176300999999998e-05,4.0068834e-05,7.5952354e-05,0.8490757999999999,0.046848139999999996,0.007006311899999999,77.04097999999999,56.09853,5.989062e-05,6.650409999999999,0.02158678,23.61888,0.00379080946,0.000353743954,0.042073570000000005,75.34825000000001,0.00379080946,0.000353743954,0.006192774,49.925684000000004,0.00379080946,0.000353743954,0.0035239780000000005,50.607735,0.00379080946,0.000353743954,0.003987952,0.000139998804,0.00015501493,-0.93479947,91.5277666,0.149813722,-0.0006227695,-0.0013251469999999998,0.000312766642,0.0024846159620000004
73,1609399800,1.4453160999999999,1.4453273999999998,-0.0008781728,-1.68753,1.742342,1.1165939000000003,1.53256,1.4449200000000002,0.03228293,0.6460003000000001,1.8241800000000002e-05,4.8469897e-06,5.041829000000001e-06,6.009863e-06,8.241655e-06,1.0655201e-05,1.6646026e-05,3.4049654e-05,0.6894822999999999,0.03282155,0.0002639578,76.87100999999998,54.97116,4.7981180000000006e-05,6.593579,0.01937313,15.217949999999998,0.0008753500499999999,7.972724000000001e-05,0.03806055,60.64597,0.0008753500499999999,7.972724000000001e-05,0.005083624,20.434967,0.0008753500499999999,7.972724000000001e-05,0.0023201589999999996,20.182978,0.0008753500499999999,7.972724000000001e-05,0.003762392,3.273436e-06,1.717253e-05,0.028506496000000003,20.7247168,0.015373818000000001,-0.0008348142,-0.001494536,1.3042805e-06,1.5616149000000002e-05
73,1609400400,1.6208639999999999,1.62088,0.010050635,-1.6797170000000001,1.857995,1.1794119,1.673376,1.547822,0.08080283000000002,0.7801625999999999,1.7009190000000002e-05,3.697806e-06,3.7461919999999996e-06,4.5472087e-06,6.5637290000000005e-06,8.469777e-06,1.3439186000000002e-05,2.8669509999999998e-05,0.7707739,0.03919687,0.0003895752,76.51924999999999,55.46318,5.38508e-05,6.535031000000001,0.020332510000000005,16.92394,0.0022924500899999998,0.000209480673,0.03998942,67.55611,0.0022924500899999998,0.000209480673,0.005814698,42.860558000000005,0.0022924500899999998,0.000209480673,0.003112585,43.35902599999999,0.0022924500899999998,0.000209480673,0.0037667819999999998,3.27089e-06,1.7170309999999998e-05,0.06699299,14.627401,0.015499625,-0.00081059861,-0.0015194459,1.2129639e-06,1.5344129999999996e-05
73,1609401000,1.30396,1.3039710000000002,0.004869907,-1.7189229999999998,1.597325,1.0700444999999998,1.44747,1.375654,0.030768089999999998,0.5750770000000001,1.601813e-05,2.4670206000000005e-06,2.45914471e-06,2.97739134e-06,4.5260541e-06,5.5502269999999995e-06,8.9870364e-06,1.9444970000000002e-05,0.6231237000000001,0.028551540000000004,0.00025534980000000004,75.83869,54.39221,4.3339250000000004e-05,6.008965000000001,0.018281239999999997,13.674000000000001,0.0012811903699999998,0.00011687299180000001,0.036453379999999994,54.79022,0.0012811903699999998,0.00011687299180000001,0.005257302,23.333092,0.0012811903699999998,0.00011687299180000001,0.002481231,23.469548999999997,0.0012811903699999998,0.00011687299180000001,0.003759402,2.545146e-06,1.655245e-05,0.053539501999999996,7.281710199999999,0.010223686999999999,-0.0011033398,-0.00173263,8.271624e-07,1.0576257000000001e-05
73,1609401600,1.1465577999999998,1.1465714000000002,0.0021877582,-1.6418570000000003,1.5507849999999999,0.9831563000000001,1.400067,1.312766,0.051614088999999995,0.5363599000000001,1.7259369999999997e-05,3.7566766999999997e-06,3.9209771e-06,4.669489999999999e-06,6.539763e-06,8.444301999999999e-06,1.3297999000000001e-05,2.7125420000000004e-05,0.5527556,0.020190290000000003,0.000261449,72.63699,54.000750000000004,3.8078710000000006e-05,6.596503,0.017048459999999998,11.971564,0.0012477449199999999,0.00011377405200000001,0.03375186,48.43326999999999,0.0012477449199999999,0.00011377405200000001,0.0052861309999999995,23.648025,0.0012477449199999999,0.00011377405200000001,0.0024531200000000005,23.725766,0.0012477449199999999,0.00011377405200000001,0.0037525339999999996,2.5502089999999998e-06,1.646523e-05,-0.009527880000000006,25.9415712,0.013652306999999999,-0.001195614,-0.001817797,1.2991923e-06,1.5914315000000002e-05
73,1609402200,1.530503,1.530518,-0.0067262269999999996,-1.6832790000000002,1.7659670000000003,1.150511,1.5959739999999998,1.519135,0.027751479999999995,0.6699685,1.5909219999999998e-05,2.2434021000000004e-06,2.15297482e-06,2.61798636e-06,4.0891027e-06,4.918844e-06,7.998280500000001e-06,1.7635543999999998e-05,0.7354105000000001,0.02953037,0.00026750099999999996,77.05936,53.982060000000004,5.090087e-05,5.782831,0.02009645,16.08535,0.0014207814699999997,0.00012967706679999996,0.03960714,64.77041,0.0014207814699999997,0.00012967706679999996,0.0054787279999999995,29.896539,0.0014207814699999997,0.00012967706679999996,0.002746347,29.850925000000007,0.0014207814699999997,0.00012967706679999996,0.0037692900000000002,2.8649649999999998e-06,1.690347e-05,0.028497051000000002,14.4730484,0.009822665000000001,-0.0009364136000000001,-0.001638021,1.0258495000000002e-06,1.2780426000000002e-05
73,1609402800,2.1688009999999998,2.168815,0.0005568679,-1.6805150000000002,2.0908,1.3615049999999997,1.9132310000000001,1.7952559999999997,0.074995,0.9739294,1.5982289999999997e-05,2.4659755000000003e-06,2.3494214999999995e-06,3.0199737999999997e-06,5.1739490000000004e-06,6.402828e-06,1.098051e-05,2.5858776e-05,1.0535821,0.030483099999999996,0.0002773764,74.16918999999999,53.10969,7.210949999999999e-05,6.12415,0.023730679999999997,22.802649999999996,0.0008645960499999999,7.862552430000001e-05,0.04708854,92.85790999999999,0.0008645960499999999,7.862552430000001e-05,0.005602051,30.408040999999997,0.0008645960499999999,7.862552430000001e-05,0.002954914,29.709504,0.0008645960499999999,7.862552430000001e-05,0.0038065679999999998,3.887809999999999e-06,1.796674e-05,0.01977498245,7.5617887999999995,0.015118726000000002,-0.00046272380000000006,-0.0012844597000000002,1.229474e-06,1.6409638000000004e-05
73,1609403400,2.03132,2.031334,0.003530838,-1.666347,2.0087119999999996,1.3187719999999998,1.8726569999999996,1.7659300000000002,0.05779468,0.8915283,1.665231e-05,3.2182071999999994e-06,3.0397402999999995e-06,3.5316162e-06,5.413441000000001e-06,6.205636499999999e-06,9.5801827e-06,2.0468681e-05,0.9917378999999998,0.02366271,0.00020534059999999997,73.94702,52.40342,6.755724000000001e-05,5.923394,0.02303362,21.32992,0.00098524653,8.96630779e-05,0.045892869999999995,87.34389999999999,0.00098524653,8.96630779e-05,0.005448832,23.047980000000003,0.00098524653,8.96630779e-05,0.00280743,22.796001,0.00098524653,8.96630779e-05,0.003786976,3.5388149999999997e-06,1.7584710000000002e-05,0.040434124,5.10961901,0.011816532000000001,-0.0005746350999999999,-0.0013663430000000001,1.0297055000000001e-06,1.3378591999999999e-05
73,1609404000,1.653518,1.6535319999999998,-0.0011983119999999998,-1.6859170000000003,1.770953,1.194167,1.629312,1.5722369999999999,0.03759635,0.7386906,1.8281299999999997e-05,4.8552307000000005e-06,4.9447716e-06,5.735570700000001e-06,8.053055000000001e-06,9.810785e-06,1.5037589e-05,3.0106060999999996e-05,0.8120191,0.01442714,0.00022981829999999995,68.43236,51.810900000000004,5.497316e-05,6.222217,0.02059236,17.183510000000002,0.0021676555199999998,0.00019810272100000001,0.041561089999999995,71.01890999999998,0.0021676555199999998,0.00019810272100000001,0.00586812,40.892424,0.0021676555199999998,0.00019810272100000001,0.0032082520000000004,41.38433489999999,0.0021676555199999998,0.00019810272100000001,0.0037610950000000003,3.146294e-06,1.7095590000000002e-05,0.01757936,0.5037956,0.006049021,-0.0007364547999999999,-0.001474452,7.589142e-07,9.256266e-06
73,1609404600,1.5445039999999999,1.544519,0.003133697,-1.6919229999999998,1.7468430000000001,1.155166,1.5780850000000002,1.518834,0.03168721000000001,0.6913096999999999,1.55498e-05,1.922442e-06,1.8732291999999997e-06,2.4190955e-06,4.2525599999999995e-06,5.3674670000000004e-06,9.238184e-06,2.141715e-05,0.7555318,0.01650662,0.00016540088,71.86496000000001,52.22289000000001,5.1335620000000005e-05,6.2879439999999995,0.01980241,16.090510000000002,0.00139931205,0.00012770995380000002,0.04008246,66.21063,0.00139931205,0.00012770995380000002,0.0056422090000000005,29.921927,0.00139931205,0.00012770995380000002,0.0029313679999999997,29.891801999999995,0.00139931205,0.00012770995380000002,0.0037803090000000004,3.050292e-06,1.7160260000000003e-05,0.009711742999999998,0.5342831,0.005600553999999999,-0.0008247714,-0.001530441,7.682519e-07,9.269956e-06
73,1609405200,0.7296289000000001,0.7296427000000001,0.0089724139,-1.6930979999999998,1.21725,0.7922681,1.0913579,1.0418943999999999,0.02420024,0.3349466,1.502295e-05,1.1083534e-06,1.10521368e-06,1.4373245499999997e-06,2.437648e-06,3.0155444e-06,5.1798238e-06,1.1920992e-05,0.3540133,0.010660884,0.00011300374000000001,74.39621,52.963139999999996,2.4248419999999998e-05,6.2396009999999995,0.013619490000000001,7.6374960000000005,0.00065431797,5.9476183999999994e-05,0.02733633,31.060810000000004,0.00065431797,5.9476183999999994e-05,0.004960345,13.7050825,0.00065431797,5.9476183999999994e-05,0.001941178,13.4653824,0.00065431797,5.9476183999999994e-05,0.003770502,1.9355600000000003e-06,1.606034e-05,0.029233743,3.6922101000000005,0.006914768999999999,-0.00151315,-0.002056865,7.488762e-07,9.058879e-06
73,1609405800,0.6439729,0.6439866999999999,0.002922969,-1.7101769999999998,1.173111,0.7489495,1.0244574,0.9537669000000001,0.025354949999999998,0.3104388,1.436489e-05,6.058694e-07,5.737474999999999e-07,7.803628000000001e-07,1.4981547000000001e-06,1.8106659000000003e-06,3.2142952999999998e-06,7.727440999999999e-06,0.30379290000000003,0.01811392,6.292087e-05,79.77158,56.15301000000001,2.1406339999999998e-05,6.271663,0.01275764,6.767658,0.00041623660499999997,3.77743025e-05,0.0252282,26.69576,0.00041623660499999997,3.77743025e-05,0.00462223,9.115465700000001,0.00041623660499999997,3.77743025e-05,0.0015941279999999998,8.8026114,0.00041623660499999997,3.77743025e-05,0.003740363,2.0032980000000003e-06,1.587045e-05,-0.12891321,18.558022,0.009984928,-0.0015199839999999998,-0.00205139,1.086483e-06,1.2545066e-05
73,1609406400,0.3049752,0.3049891,0.003164464,-1.528404,0.9281527,0.5088252,0.7776238,0.6983838,0.012864622000000001,0.15405448,1.4565170000000002e-05,8.166895100000001e-07,8.441688399999997e-07,9.9625943e-07,1.4638807e-06,1.7614329000000001e-06,2.7107136e-06,5.40414e-06,0.12842779,0.023991469999999997,5.3489589999999996e-05,85.09643,66.64561,1.0127777e-05,6.3520069999999995,0.008651213,3.21214,0.0006171029439999999,5.61311123e-05,0.016359569999999997,11.244605,0.0006171029439999999,5.61311123e-05,0.004751267,11.882613600000003,0.0006171029439999999,5.61311123e-05,0.0015229790999999999,11.732311399999999,0.0006171029439999999,5.61311123e-05,0.003727527,1.186366e-06,1.5018319999999998e-05,-0.007336746999999993,15.222746,0.007229721,-0.0020517799999999996,-0.0024751,7.847142999999999e-07,9.611836e-06
73,1609407000,0.49372940000000004,0.4937431,-0.002246271,-1.5584029999999998,1.11997,0.6398174,0.9748804000000002,0.8970657,0.015355172,0.2333373,1.407181e-05,3.9061839999999995e-07,3.8753779e-07,5.755176e-07,1.1458864e-06,1.5318455e-06,2.7849445e-06,6.599243e-06,0.22683548,0.019940559999999996,7.478446e-05,79.42894000000001,60.0986,1.6407786e-05,6.211076,0.011180467000000001,5.1194489999999995,0.00032987428000000004,2.9760940500000002e-05,0.02152176,19.78188,0.00032987428000000004,2.9760940500000002e-05,0.004701874,8.679725000000001,0.00032987428000000004,2.9760940500000002e-05,0.0015945082,8.331095999999999,0.00032987428000000004,2.9760940500000002e-05,0.0037237900000000003,1.5076023e-06,1.5285019999999998e-05,0.202345644,24.256256,0.009070169000000001,-0.0018112690000000001,-0.002284517,8.947108e-07,1.0877955e-05
73,1609407600,0.5269554999999999,0.526969,4.727259999999974e-05,-1.6760920000000001,1.1251848,0.6739368,0.9394042000000002,0.8768145,0.034301250000000005,0.2793881,1.4195080000000001e-05,4.866760000000001e-07,4.7321366e-07,6.2367461e-07,1.3008031000000001e-06,1.5326139e-06,2.7245023000000002e-06,6.5692839999999995e-06,0.25074569999999996,0.012638943,7.883546e-05,78.31042,55.0899,1.7519230000000002e-05,6.252513,0.011688921000000001,5.611382000000001,0.00058752066,5.331108999999999e-05,0.022973300000000002,22.142940000000003,0.00058752066,5.331108999999999e-05,0.004876686,11.682228999999998,0.00058752066,5.331108999999999e-05,0.0017757037,11.493325000000002,0.00058752066,5.331108999999999e-05,0.003737876,1.813634e-06,1.568905e-05,-0.08258675600000001,4.310039999999999,0.006222935000000001,-0.001594079,-0.002108133,7.616797000000001e-07,9.235613e-06
73,1609408200,0.5841553,0.5841689999999999,0.006886691,-1.680539,1.1556739999999999,0.7118906,1.005706,0.9278527999999999,0.025617449999999996,0.2852878,1.485434e-05,1.0955756999999999e-06,1.11130884e-06,1.35163717e-06,2.1714294e-06,2.5991954e-06,4.182508e-06,9.155288e-06,0.2726896,0.01928821,7.713775999999999e-05,79.75422999999999,57.126160000000006,1.9412390000000003e-05,6.4091260000000005,0.012387431,6.167194,0.0009304976899999999,8.476051200000001e-05,0.0239545,24.01914,0.0009304976899999999,8.476051200000001e-05,0.004987788999999999,17.510557999999996,0.0009304976899999999,8.476051200000001e-05,0.0019162406999999998,17.5232382,0.0009304976899999999,8.476051200000001e-05,0.0037377760000000004,1.7474920000000002e-06,1.5649590000000003e-05,0.009122476000000001,1.5899014,0.0051244789999999995,-0.001615268,-0.002109961,6.943042000000001e-07,8.695536e-06
73,1609408800,1.0368814,1.0368935999999997,0.011053409,-1.6907269999999996,1.472258,0.9496777999999999,1.317117,1.2537759999999998,0.03642508,0.4842678,1.516483e-05,1.5355729e-06,1.50632216e-06,1.8832015e-06,3.1058725000000004e-06,3.7831386e-06,6.0539557e-06,1.3626840000000003e-05,0.5025707,0.01571458,0.00012222865,74.40091,53.115689999999994,3.4466359999999996e-05,6.147162,0.01619657,10.817369999999999,0.0009403674399999998,8.565000599999998e-05,0.03265581,43.990309999999994,0.0009403674399999998,8.565000599999998e-05,0.0051237060000000004,19.534168,0.0009403674399999998,8.565000599999998e-05,0.002275804,19.4442597,0.0009403674399999998,8.565000599999998e-05,0.0037581609999999994,2.8659539999999998e-06,1.6793730000000004e-05,0.265519294,34.7585957,0.014622491000000001,-0.001138942,-0.0017510479999999998,1.5322402e-06,1.6001807e-05
73,1609409400,1.0680635,1.068078,0.012112366999999999,-1.63417,1.5563360000000002,0.9535927,1.392493,1.2999399999999999,0.03367889,0.49310089999999995,1.552414e-05,1.8477164e-06,1.8724817e-06,2.3405126999999998e-06,3.7455464999999997e-06,4.6288224e-06,7.672605e-06,1.7291366000000002e-05,0.515274,0.01854963,0.00016744979999999996,74.66486,53.72183,3.549529e-05,6.407496,0.016394480000000003,11.393226,0.0007360780569999999,6.695781410000001e-05,0.033152299999999996,45.704989999999995,0.0007360780569999999,6.695781410000001e-05,0.004988349,15.087814599999998,0.0007360780569999999,6.695781410000001e-05,0.0021074823,14.8851264,0.0007360780569999999,6.695781410000001e-05,0.003756239,2.4729579999999996e-06,1.646819e-05,-0.0027392761999999998,0.7153763000000001,0.005092487,-0.0011628239999999998,-0.0017730799999999998,7.020265999999999e-07,8.497255e-06
73,1609410000,1.0295473333333334,1.02956,0.016741137777777776,-1.5842722222222223,1.581798888888889,0.9311925555555555,1.4253355555555556,1.3262500000000002,0.023831666666666664,0.46985366666666667,1.8044955555555555e-05,4.458295555555555e-06,4.626141666666667e-06,5.387261666666666e-06,7.114656666666666e-06,8.955987777777778e-06,1.3624544444444444e-05,2.6046913333333328e-05,0.49228688888888894,0.022250677777777776,0.00016158855555555555,71.58921111111111,54.730888888888884,3.419735555555555e-05,6.423738888888889,0.015588944444444443,10.561192222222223,0.0010106646222222222,9.204217333333333e-05,0.03203148888888888,42.7659,0.0010106646222222222,9.204217333333333e-05,0.005379547777777778,21.673345555555553,0.0010106646222222222,9.204217333333333e-05,0.0025280766666666665,21.57684555555555,0.0010106646222222222,9.204217333333333e-05,0.0037454044444444443,2.1391888888888888e-06,1.606547777777778e-05,0.017769188888888888,0.9958452222222223,0.004748125555555555,-0.0013441193333333333,-0.0019099266666666665,7.029173333333333e-07,8.523467777777779e-06
73,1609410600,1.7396639999999999,1.739677,0.011381861,-1.601116,1.9779980000000001,1.21882,1.821056,1.722691,0.033820159999999995,0.7703179,1.4467559999999999e-05,1.2799571e-06,1.16410835e-06,1.6778240000000005e-06,3.4188088e-06,4.3932927e-06,8.1946366e-06,2.0293398e-05,0.8434731,0.026124170000000002,0.000192602,73.53815,53.04916999999999,5.784424e-05,5.8821509999999995,0.020716099999999998,18.247909999999997,0.00114528754,0.00010438028840000001,0.042505129999999995,74.30042,0.00114528754,0.00010438028840000001,0.005667061,29.586452999999995,0.00114528754,0.00010438028840000001,0.0030298409999999997,29.225242,0.00114528754,0.00010438028840000001,0.0037439479999999995,3.1994780000000007e-06,1.69657e-05,0.06969010169999999,2.5856324,0.011070059,-0.0007314036999999998,-0.001454823,9.158e-07,1.1472642999999999e-05
73,1609411200,1.7223670000000002,1.722383,0.008493193900000001,-1.661449,1.8812079999999998,1.217686,1.7081780000000002,1.6340379999999999,0.041579290000000005,0.7767574999999999,1.926685e-05,5.986172399999999e-06,6.1937878000000005e-06,7.229851499999999e-06,9.681813e-06,1.1949693699999999e-05,1.7988268999999997e-05,3.5387288e-05,0.8371796999999999,0.023700850000000002,0.00020341360000000001,71.18749,52.79952000000001,5.724728e-05,6.182411,0.020868829999999998,17.976779999999998,0.00158073619,0.00014426215300000002,0.042275070000000005,73.49454,0.00158073619,0.00014426215300000002,0.005569655,30.831976499999996,0.00158073619,0.00014426215300000002,0.0029305520000000003,31.0186263,0.00158073619,0.00014426215300000002,0.003750506,3.2086199999999998e-06,1.7046659999999998e-05,0.021599562,0.5461078,0.006090109999999999,-0.0006962037,-0.001432995,7.24729e-07,9.355348999999999e-06
73,1609411800,1.5734309999999998,1.5734439999999998,0.0037805900000000003,-1.7420300000000002,1.738777,1.179845,1.582847,1.500271,0.02764624,0.6894068000000001,1.59102e-05,2.5277454e-06,2.4902313e-06,3.1124086000000003e-06,4.660815e-06,5.875842e-06,9.526346600000001e-06,2.1093485000000003e-05,0.7490788,0.03746987,0.00011525656000000001,75.08399999999999,54.765460000000004,5.231468e-05,6.20563,0.020108140000000004,16.431459999999998,0.00117234064,0.00010682885,0.04000372,65.78164,0.00117234064,0.00010682885,0.005431588,25.271102,0.00117234064,0.00010682885,0.00274489,25.153563,0.00117234064,0.00010682885,0.0037540810000000003,2.990611e-06,1.690517e-05,0.142910202,6.2634912,0.011153422,-0.0008703058,-0.001523868,9.449259000000001e-07,1.2113442000000002e-05
73,1609412400,2.564452,2.564467,0.006968291,-1.6265399999999999,2.3570590000000005,1.481885,2.1904050000000006,2.04835,0.05714968,1.1227959,1.772418e-05,4.512741800000001e-06,4.4632276200000006e-06,5.5161259e-06,8.364043e-06,1.05313141e-05,1.74162879e-05,3.7913674999999994e-05,1.2403936999999998,0.04154975,0.00018921649999999998,72.78312,53.34794999999999,8.525908e-05,6.070224,0.02511435,26.738219999999995,0.0020702054300000003,0.00018901701999999998,0.05136303,108.89813999999998,0.0020702054300000003,0.00018901701999999998,0.006213853,43.514250000000004,0.0020702054300000003,0.00018901701999999998,0.0036859790000000003,43.712880999999996,0.0020702054300000003,0.00018901701999999998,0.0037927969999999997,4.215409e-06,1.81107e-05,0.0068674209999999986,0.21320650000000002,0.005494026000000001,-0.00019414099400000005,-0.0010731210999999998,7.58523e-07,9.116541e-06
73,1609413000,3.5016030000000002,3.5016170000000004,0.008428385,-1.5620360000000002,2.760421,1.7061690000000003,2.5804159999999996,2.4549,0.05351760999999999,1.4909670000000002,1.656346e-05,3.773515e-06,3.5011804e-06,4.5861403e-06,7.861255999999998e-06,9.708252e-06,1.676758e-05,4.011740499999999e-05,1.7235489999999998,0.02688492,0.00027906160000000003,69.33058,51.66288000000001,0.00011647179999999999,6.0374039999999995,0.029343319999999996,36.87763,0.0022144160200000007,0.000202214007,0.06059647000000001,152.12429999999998,0.0022144160200000007,0.000202214007,0.006623594000000001,52.806999999999995,0.0022144160200000007,0.000202214007,0.004134466000000001,52.72391600000001,0.0022144160200000007,0.000202214007,0.003874962,5.846814999999999e-06,1.971309e-05,0.012387900500000002,0.5948385700000001,0.007812831,0.00041915861000000004,-0.0006408454,9.355153999999999e-07,1.1439079000000001e-05
73,1609413600,3.5699439999999996,3.5699579999999997,0.011501908,-1.527417,2.819111,1.714491,2.64713,2.5215400000000003,0.05884061,1.520127,1.818995e-05,5.230529300000001e-06,5.170243210000001e-06,6.5264323e-06,1.0464867000000002e-05,1.31396298e-05,2.21707723e-05,4.9542938999999996e-05,1.7638120000000002,0.02066194,0.0003816766,68.83233,51.201649999999994,0.0001187158,5.944934,0.029589719999999996,37.36414,0.0034462655200000005,0.00031503835499999995,0.06146703,155.1467,0.0034462655200000005,0.00031503835499999995,0.007213899,70.81737,0.0034462655200000005,0.00031503835499999995,0.004714241,71.52641,0.0034462655200000005,0.00031503835499999995,0.003906934,5.8698050000000005e-06,1.999649e-05,-0.009451555,0.6025284999999999,0.008876954,0.0004159712,-0.0006902403999999999,9.877934e-07,1.2897960999999999e-05
73,1609414200,3.590822,3.5908360000000004,0.001543995,-1.5565120000000001,2.790948,1.729267,2.6053550000000003,2.48539,0.06460328000000001,1.54023,2.195411e-05,9.0179902e-06,9.16568746e-06,1.0989543179999998e-05,1.5745497e-05,1.98278452e-05,3.1358154699999996e-05,6.6641061e-05,1.7769210000000002,0.017922379999999998,0.0003960669,66.36600000000001,51.02144,0.0001193756,6.057182,0.02992528,37.9297,0.0041855304,0.00038279688,0.06179498,157.0284,0.0041855304,0.00038279688,0.007285932,77.2745,0.0041855304,0.00038279688,0.004789944,78.521405,0.0041855304,0.00038279688,0.003909996000000001,5.918438e-06,2.00478e-05,-0.022265993,0.62793265,0.007210712999999999,0.0004426724,-0.0006476796,9.171551e-07,1.1553621e-05
73,1609414800,3.684554,3.684568,-0.004820156000000001,-1.5811870000000003,2.7792450000000004,1.755865,2.612405,2.4936770000000004,0.06286623,1.566365,2.050135e-05,7.900428999999999e-06,7.867069900000001e-06,9.3456548e-06,1.3529194e-05,1.6711123999999996e-05,2.637305e-05,5.6036919999999987e-05,1.816599,0.025244080000000002,0.00028907909999999995,67.28815999999999,51.43369,0.00012252946,6.085609,0.030016549999999996,38.17482,0.0036357972600000003,0.00033249018899999996,0.06210625999999999,158.9753,0.0036357972600000003,0.00033249018899999996,0.007071246000000001,72.23410399999999,0.0036357972600000003,0.00033249018899999996,0.004602495,73.1258235,0.0036357972600000003,0.00033249018899999996,0.0038856879999999996,5.590349e-06,1.960606e-05,0.016258797,0.198718,0.00602979,0.000456202253,-0.0006734269,7.65705e-07,9.912055000000001e-06
73,1609415400,3.2073650000000002,3.2073790000000004,-0.005927671000000001,-1.634297,2.514151,1.650536,2.3498959999999998,2.261958,0.04814873000000001,1.3713210000000002,2.1111630000000002e-05,7.905564e-06,7.99123014e-06,9.428542650000002e-06,1.3157242e-05,1.62835858e-05,2.5279450700000002e-05,5.241210900000001e-05,1.581109,0.02216522,0.000268982,67.44205,51.43709,0.00010667446000000001,5.920521,0.028224600000000006,33.08713,0.0036086811499999997,0.000329958011,0.05795174000000001,137.9955,0.0036086811499999997,0.000329958011,0.0070618700000000005,71.99614699999998,0.0036086811499999997,0.000329958011,0.0045684490000000005,72.89556999999999,0.0036086811499999997,0.000329958011,0.003838921,4.931133e-06,1.892146e-05,0.009339405999999998,0.25834651000000003,0.00653042,0.00018308931,-0.0007993582000000001,7.184840000000002e-07,9.806893e-06
73,1609416000,3.404189,3.404204,-0.003978403,-1.61005,2.67158,1.700386,2.488239,2.368723,0.06035861,1.475378,1.8436890000000002e-05,5.652243e-06,5.6708527e-06,7.154166999999999e-06,1.1264390999999999e-05,1.4686435000000001e-05,2.4966871e-05,5.595334e-05,1.6713900000000002,0.03023372,0.0003424287,69.07740000000001,51.81298,0.00011315234999999999,6.258486,0.02913033,35.6933,0.00225161732,0.00020559329099999998,0.05985712,147.25209999999998,0.00225161732,0.00020559329099999998,0.006598584,52.762189,0.00225161732,0.00020559329099999998,0.0040815370000000005,52.76794600000001,0.00225161732,0.00020559329099999998,0.0038710980000000008,5.201178e-06,1.9335179999999996e-05,0.003238535,0.23510261,0.005705283,0.00026061803,-0.0007601172,7.881333e-07,1.0383919999999999e-05
73,1609416600,3.861351,3.861368,-8.739710000000016e-05,-1.622659,2.785212,1.8049940000000002,2.588443,2.4992639999999997,0.050358900000000005,1.6514319999999998,1.757965e-05,4.5645329000000004e-06,4.290908e-06,5.393916820000001e-06,8.929734e-06,1.1111669199999999e-05,1.86906748e-05,4.3715957e-05,1.9119220000000001,0.01835882,0.0002959709,67.85361000000002,51.01892,0.0001284423,5.70643,0.031181419999999998,40.4275,0.00389458009,0.000356109719,0.0639023,168.2316,0.00389458009,0.000356109719,0.007076863,73.875348,0.00389458009,0.000356109719,0.004598738,74.986888,0.00389458009,0.000356109719,0.0038910530000000007,5.849103e-06,1.9817130000000002e-05,0.03179523099999999,0.776058325,0.010804056,0.0005377521000000001,-0.0005456352999999999,8.713281e-07,1.2546072e-05
73,1609417200,4.076166,4.07618,0.0017338480999999999,-1.619393,2.8762999999999996,1.8576679999999999,2.678369,2.576065,0.07445896,1.774022,1.9977409999999997e-05,7.414401e-06,7.146616100000001e-06,8.4036506e-06,1.2192381e-05,1.4652991499999999e-05,2.2546953e-05,4.8748642000000004e-05,2.0108319999999997,0.02680849,0.00031554490000000005,69.80048,51.368959999999994,0.00013562279999999998,5.68124,0.03193673999999999,42.53956,0.0034679549000000004,0.00031698947,0.06550923,176.57319999999999,0.0034679549000000004,0.00031698947,0.007296358,74.668891,0.0034679549000000004,0.00031698947,0.004813623,75.186773,0.0034679549000000004,0.00031698947,0.0039120069999999995,6.372459e-06,2.032278e-05,-0.339681137,9.223088172,0.008896253,0.0006613227,-0.00047720750000000006,1.3365649e-06,1.7090931e-05
73,1609417800,3.2769570000000003,3.27697,0.0009519723,-1.6141580000000002,2.661868,1.670233,2.462812,2.334672,0.04900107000000001,1.418375,2.162455e-05,8.5370718e-06,8.569814040000001e-06,9.947274060000002e-06,1.3668068e-05,1.68893484e-05,2.5797204300000003e-05,5.263558599999999e-05,1.603252,0.03453289,0.0005497676,70.47684,52.162369999999996,0.00010897949,5.971432999999999,0.028295670000000002,33.69981,0.0026891958999999996,0.00024565546,0.05833195,139.603,0.0026891958999999996,0.00024565546,0.006546304,49.512840000000004,0.0026891958999999996,0.00024565546,0.0040542270000000005,50.10219,0.0026891958999999996,0.00024565546,0.0038658190000000004,5.22643e-06,1.9323389999999998e-05,-0.00558669,0.4543838,0.006542474999999999,0.00020858608000000003,-0.0007872580000000001,8.115287000000001e-07,1.070778e-05
73,1609418400,3.090779,3.090793,0.004854392250000001,-1.6117110000000001,2.586566,1.617138,2.384697,2.26492,0.0487835,1.3311350000000002,1.844769e-05,5.523863299999999e-06,5.397406199999999e-06,6.421073599999999e-06,9.355389000000002e-06,1.13302504e-05,1.7868275500000003e-05,3.7923744000000005e-05,1.511478,0.03297213,0.0008426267,71.16378,52.19983,0.00010279805999999999,5.9529879999999995,0.02777023,32.60609000000001,0.00309781751,0.000283168321,0.05686464,133.4395,0.00309781751,0.000283168321,0.006665079,60.270015,0.00309781751,0.000283168321,0.004164704,61.13227800000001,0.00309781751,0.000283168321,0.0038237189999999997,4.798762999999999e-06,1.874676e-05,-0.008061883,0.190447957,0.006402087000000001,8.974202e-05,-0.0008437075999999998,6.947214000000001e-07,9.578837e-06
73,1609419000,2.7234969999999996,2.723512,0.008944714,-1.570998,2.45846,1.501901,2.290044,2.1601410000000003,0.04350134,1.1607321999999998,1.6745530000000003e-05,3.6132264e-06,3.5031729100000004e-06,4.43474294e-06,6.987994e-06,8.9865572e-06,1.52240629e-05,3.4482936999999996e-05,1.3286988,0.03218427,0.0007837704000000001,73.88755,52.558670000000006,9.052756e-05,5.93673,0.02558877,28.347119999999997,0.0037512989000000004,0.000343091617,0.05281933999999999,116.40004000000002,0.0037512989000000004,0.000343091617,0.006857093,68.275518,0.0037512989000000004,0.000343091617,0.00434088,69.462855,0.0037512989000000004,0.000343091617,0.0038118589999999995,4.298614e-06,1.8285210000000003e-05,-0.014270183,0.9894733600000001,0.007226790999999999,-0.00014891486999999998,-0.0010581029,7.653401e-07,1.0271119e-05
73,1609419600,2.679227,2.67924,0.0060124284,-1.626368,2.3735220000000004,1.5118450000000003,2.2224690000000002,2.109591,0.03920305,1.1502430000000001,1.754576e-05,4.6466629e-06,4.7707666e-06,6.1163959999999995e-06,9.482683999999998e-06,1.2876609399999999e-05,2.1960401e-05,4.8992745000000006e-05,1.306059,0.0327138,0.0007270227,69.6847,52.49341999999999,8.902602e-05,6.379476,0.02601119,28.429659999999995,0.0022092214799999997,0.000201787105,0.05305782999999999,115.68090000000002,0.0022092214799999997,0.000201787105,0.006334996999999999,47.42884,0.0022092214799999997,0.000201787105,0.0038277849999999993,47.667989999999996,0.0022092214799999997,0.000201787105,0.003764565,4.2069919999999995e-06,1.791325e-05,0.0049226753,0.13716457499999998,0.005069064999999999,-0.00011189461,-0.0010075080999999999,6.789276e-07,9.050935999999998e-06
73,1609420200,3.1762639999999998,3.176279,0.00422406,-1.613646,2.6007420000000003,1.6380499999999998,2.4219350000000004,2.3023080000000005,0.03991831,1.347852,1.8681459999999998e-05,6.0884411999999995e-06,6.07830256e-06,7.593087999999999e-06,1.1378154999999999e-05,1.4704689500000001e-05,2.4322942799999998e-05,5.3199398999999995e-05,1.5530190000000001,0.03426617,0.0007201902999999999,70.19623000000001,52.30053,0.00010558773000000001,6.20706,0.02772502,32.56967999999999,0.00214814318,0.00019610353099999998,0.057241740000000006,135.1266,0.00214814318,0.00019610353099999998,0.006558329,51.423568,0.00214814318,0.00019610353099999998,0.004069342,51.42385,0.00214814318,0.00019610353099999998,0.003814014,4.95942e-06,1.871226e-05,-0.011880739999999996,0.9712125900000002,0.008402380000000001,0.00019918513999999998,-0.0007882834,7.796831999999999e-07,1.0677273999999999e-05
73,1609420800,3.349174,3.349189,0.005763618,-1.598798,2.7015450000000003,1.6810270000000003,2.5111879999999998,2.3783980000000002,0.049259189999999994,1.433798,1.7959299999999996e-05,5.197309999999999e-06,5.264922999999999e-06,6.812193000000001e-06,1.1125259e-05,1.4849650999999999e-05,2.5587461000000002e-05,5.765829e-05,1.6362859999999997,0.0373556,0.0008150039,71.50122999999999,52.33578,0.00011130434000000001,6.391712999999999,0.028391370000000006,34.37489,0.0036380824700000007,0.000332666889,0.058714520000000006,142.4155,0.0036380824700000007,0.000332666889,0.007028206,73.68753000000001,0.0036380824700000007,0.000332666889,0.004568102999999999,74.50683,0.0036380824700000007,0.000332666889,0.003826019,5.087954e-06,1.8897709999999998e-05,-0.013199994000000001,0.2485213,0.0057359329999999995,0.00025297961,-0.0007699686,7.479165999999999e-07,1.0278909000000002e-05
73,1609421400,2.667192,2.667206,0.001623189,-1.679383,2.30452,1.518825,2.141016,2.033238,0.04260432000000001,1.1336848000000002,1.9547210000000002e-05,6.5303735e-06,6.56908242e-06,7.7270508e-06,1.0738407000000001e-05,1.32888054e-05,2.05280174e-05,4.1220998e-05,1.2954339999999998,0.0373122,0.0007388306,73.47048000000001,52.94305000000001,8.869339e-05,6.049268,0.02581329,27.64597,0.0035773683200000005,0.000327168083,0.0524469,113.22322999999999,0.0035773683200000005,0.000327168083,0.006541745,64.27117,0.0035773683200000005,0.000327168083,0.004055744,65.438709,0.0035773683200000005,0.000327168083,0.003765955,4.103594e-06,1.785882e-05,0.009215040000000002,0.27107814,0.005832653,-0.00015426461,-0.0010044318,6.597069000000001e-07,9.382200999999999e-06
73,1609422000,2.226483,2.2264959999999996,0.009918951999999998,-1.636893,2.192092,1.376827,2.0245360000000003,1.9020950000000003,0.03599502,0.9574946000000001,1.664754e-05,3.5295022000000006e-06,3.4913197000000002e-06,4.2936571e-06,6.603109e-06,8.361144499999999e-06,1.3862704e-05,3.0295958e-05,1.0723952999999997,0.040152150000000005,0.0006193615999999999,76.04821000000001,53.86270999999999,7.39989e-05,6.217923,0.02331301,23.174760000000003,0.00129568613,0.000118129134,0.04754722,94.00437,0.00129568613,0.000118129134,0.00566414,30.609698,0.00129568613,0.000118129134,0.0031195529999999997,30.470098,0.00129568613,0.000118129134,0.003742365,3.6141920000000003e-06,1.7294929999999998e-05,-0.36041985000000004,10.120935470000001,0.006920173,-0.00041411136,-0.0012306932999999998,1.0387971e-06,1.3109410000000001e-05
73,1609422600,2.0755320000000004,2.0755470000000003,0.006202602,-1.6777839999999997,2.086939,1.3383340000000001,1.9068580000000002,1.7963800000000003,0.03871745,0.9264128999999999,1.684603e-05,3.8953867000000005e-06,3.9396349999999994e-06,4.8758595e-06,7.468522999999999e-06,9.7170819e-06,1.6121756100000003e-05,3.5321597e-05,1.0005949,0.03675715,0.000326117,74.72753,53.665,6.897279999999999e-05,6.277868,0.022906509999999998,22.01058,0.0018806275759999998,0.0001718354257,0.04624358,88.64036,0.0018806275759999998,0.0001718354257,0.005883276000000001,40.75229,0.0018806275759999998,0.0001718354257,0.003276789,40.81388300000001,0.0018806275759999998,0.0001718354257,0.0037466020000000004,3.3825279999999993e-06,1.717207e-05,-0.009303462,1.7146209,0.007724957,-0.0005587233,-0.0013086271,8.345659e-07,1.0655677e-05
73,1609423200,2.221087,2.2210989999999997,-2.926899999999991e-05,-1.720748,2.021012,1.395997,1.886083,1.8019299999999998,0.040027179999999996,0.9628095999999999,1.8598330000000003e-05,5.5411143e-06,5.68764501e-06,6.8044379e-06,9.501021e-06,1.20307721e-05,1.90996285e-05,3.9335254e-05,1.0703390000000002,0.03977310999999999,0.0003278104,73.58613,53.69667999999999,7.382317999999999e-05,5.934419,0.02369945,22.92578,0.0020343980299999996,0.000185881157,0.04762476,93.31181000000001,0.0020343980299999996,0.000185881157,0.005698963,39.843041,0.0020343980299999996,0.000185881157,0.003158184,40.250606,0.0020343980299999996,0.000185881157,0.003734474,3.524206e-06,1.723207e-05,0.012315294,0.8987427159999999,0.005261674,-0.0004487003,-0.001193615,7.618386e-07,9.988157e-06
73,1609423800,2.397087,2.397101,-0.012367086000000001,-1.739197,2.031588,1.4525759999999999,1.8792570000000002,1.8276569999999999,0.03428064000000001,1.0329408,1.635347e-05,2.9988961e-06,2.83322626e-06,3.5457202999999997e-06,5.660424e-06,7.0391217e-06,1.1634238e-05,2.7066313e-05,1.158154,0.03983672,0.0004883063999999999,74.92317999999999,53.367329999999995,7.970427999999999e-05,6.11059,0.02499322,25.01841,0.00133077732,0.000121369968,0.04974197,101.60445999999999,0.00133077732,0.000121369968,0.005567832,31.8143166,0.00133077732,0.000121369968,0.0030075230000000002,31.6543879,0.00133077732,0.000121369968,0.0037628629999999995,3.951297e-06,1.77839e-05,-0.5072885170000001,15.343029237,0.007465124999999999,-0.0003145378,-0.0011034063000000002,1.3053242000000001e-06,1.6085142999999997e-05
73,1609424400,2.05365,2.053663,-0.018426389999999997,-1.7364759999999997,1.8373680000000001,1.329065,1.718454,1.675176,0.03579711,0.8763396000000002,1.8644030000000002e-05,5.648093600000001e-06,5.7419801e-06,6.8068518000000005e-06,9.303858e-06,1.1808826099999999e-05,1.8468477999999998e-05,3.7739212999999995e-05,0.9926477,0.033514529999999994,0.0005625283,73.59900999999999,53.55176,6.825112e-05,6.248198,0.022898730000000003,21.37715,0.00317015593,0.000289957476,0.045484960000000005,87.06677,0.00317015593,0.000289957476,0.006156717,56.789111000000005,0.00317015593,0.000289957476,0.0035380880000000004,57.8312764,0.00317015593,0.000289957476,0.0037522139999999994,3.259809e-06,1.710292e-05,0.032126187,0.18133918,0.004165482999999999,-0.0006014403599999999,-0.0013410372999999999,7.051936999999998e-07,8.811738e-06
73,1609425000,1.243526,1.2435389999999997,-0.0286441,-1.7247339999999998,1.5169590000000002,1.0491945,1.4044930000000002,1.318464,0.026693480000000002,0.5393673,1.6483740000000002e-05,2.9981178000000003e-06,3.0355592e-06,3.6478112e-06,5.1579163000000005e-06,6.5736735e-06,1.0406155999999998e-05,2.1911344999999998e-05,0.5865069,0.03470356,0.0004956861,74.04149,55.73152,4.132028e-05,6.313096999999999,0.01804694,12.840309999999999,0.002388246805,0.0002183350388,0.03527147,51.122910000000005,0.002388246805,0.0002183350388,0.005773525000000001,42.64267500000001,0.002388246805,0.0002183350388,0.002997119,43.311649,0.002388246805,0.0002183350388,0.003731964,2.0367589999999996e-06,1.592402e-05,0.019563868,0.8397469099999999,0.004686267,-0.0012696880000000002,-0.0018709660000000004,6.469008e-07,8.340456e-06
73,1609425600,1.5637849999999998,1.5638,-0.014940599099999998,-1.737853,1.6652390000000001,1.1738790000000001,1.555024,1.480544,0.018799488,0.6619924,1.5165169999999998e-05,1.6548969000000002e-06,1.52024283e-06,1.90406495e-06,3.2387663e-06,3.839229249999999e-06,6.425119000000001e-06,1.4979889e-05,0.7501760000000001,0.03120307,0.0004785542,76.58463000000002,54.042899999999996,5.200953999999999e-05,5.8827359999999995,0.020236709999999998,16.485840000000003,0.0013938465799999999,0.000127144782,0.040116740000000005,66.16726999999999,0.0013938465799999999,0.000127144782,0.00555142,28.723112000000004,0.0013938465799999999,0.000127144782,0.002857357,28.853671000000002,0.0013938465799999999,0.000127144782,0.0037368070000000004,2.525208e-06,1.641472e-05,0.0406323544,0.8198417899999999,0.0058044559999999995,-0.0009693493000000001,-0.0016400339999999998,6.94894e-07,8.987094999999999e-06
73,1609426200,1.3286258,1.3286381,0.0016419444,-1.675076,1.6213990000000003,1.0734886,1.5246480000000002,1.429169,0.017888822000000002,0.5645835,1.555622e-05,1.9799111000000003e-06,1.8876896700000002e-06,2.3183251700000004e-06,3.6264458999999998e-06,4.338542999999999e-06,7.0916195e-06,1.5984002e-05,0.6371706,0.02695113,0.00015179680000000002,73.84843000000001,54.227070000000005,4.417871e-05,5.837706000000001,0.01823845,13.874870999999999,0.0006616919699999999,6.0116152500000006e-05,0.036806069999999996,55.9673,0.0006616919699999999,6.0116152500000006e-05,0.005051947,16.128117,0.0006616919699999999,6.0116152500000006e-05,0.002268307,15.838936,0.0006616919699999999,6.0116152500000006e-05,0.003746899,2.229514e-06,1.621633e-05,0.028506566230000002,0.46255353999999993,0.0046085480000000005,-0.0011848673000000001,-0.0018016980000000002,6.690691e-07,8.354443e-06
73,1609426800,1.3509518999999999,1.3509651999999999,0.0011408028,-1.635088,1.7361530000000003,1.0720347,1.5791359999999999,1.4758580000000001,0.027555341,0.5929652999999999,1.7097920000000002e-05,3.4395894000000006e-06,3.4804509e-06,4.1366945000000005e-06,5.821578600000001e-06,7.313989e-06,1.13831828e-05,2.3402433999999998e-05,0.647702,0.02745594,0.00025550077,75.85037,54.36919,4.4891309999999996e-05,6.302326,0.018300129999999998,14.320795,0.001778736436,0.0001624609857,0.03707555,57.28304000000001,0.001778736436,0.0001624609857,0.005700801,33.90307399999999,0.001778736436,0.0001624609857,0.002929017,34.223802,0.001778736436,0.0001624609857,0.0037587469999999998,2.441015e-06,1.646366e-05,0.0210597361,1.2846581680000002,0.006030262999999999,-0.0011268043999999998,-0.0017552580000000002,7.348079999999999e-07,9.536526e-06
73,1609427400,1.634807,1.6348189999999998,0.0017218619999999998,-1.617847,1.9079079999999997,1.1818060000000004,1.73034,1.630588,0.04246579,0.7311981999999999,1.7278509999999998e-05,3.8198622e-06,3.90656714e-06,4.6583892e-06,6.778912300000001e-06,8.5205387e-06,1.3504776499999999e-05,2.8362487999999995e-05,0.7930581,0.023961589999999998,0.00031080959999999993,72.26604,53.00478,5.434179e-05,6.19482,0.02014382,17.09873,0.00124078736,0.000113080688,0.04115991,69.65187,0.00124078736,0.000113080688,0.005533565,26.834726999999997,0.00124078736,0.000113080688,0.002849265,26.798624,0.00124078736,0.000113080688,0.003764833,2.945139e-06,1.6952289999999996e-05,0.024253118199999996,1.4920445399999998,0.008089405,-0.0008377076,-0.001540511,7.690446e-07,1.0303438999999999e-05
73,1609428000,1.8831209999999998,1.883134,-0.00026726001,-1.6571540000000002,1.940534,1.2699150000000001,1.8039920000000003,1.7231770000000002,0.027816809999999997,0.7982554000000001,1.690577e-05,3.5875622e-06,3.5580981199999994e-06,4.3736801e-06,6.3368028e-06,7.9918364e-06,1.2837926700000002e-05,2.8131677000000004e-05,0.9227998999999999,0.01838829,0.00030239579,71.16233000000001,51.98561000000001,6.262091e-05,6.0167980000000005,0.0216693,19.54107,0.0019716104199999996,0.000180097812,0.04427057,80.76219999999999,0.0019716104199999996,0.000180097812,0.005714047999999999,37.94599,0.0019716104199999996,0.000180097812,0.00309551,38.298413499999995,0.0019716104199999996,0.000180097812,0.0037717379999999993,3.2644699999999994e-06,1.7268479999999998e-05,0.00871155602,1.5579619,0.006690407999999999,-0.0006562727,-0.001401471,7.971274e-07,1.016816e-05
73,1609428600,1.621102,1.621114,0.0022120560999999996,-1.6246940000000003,1.8824459999999998,1.174172,1.702215,1.627474,0.02674531,0.7110351999999999,1.6145769999999995e-05,2.6220674e-06,2.6352555e-06,3.3291951e-06,5.160604e-06,6.662070899999999e-06,1.09547459e-05,2.5038265e-05,0.7955198,0.01471828,0.0002535435,70.05895000000001,51.86165999999999,5.390080999999999e-05,6.260061,0.02022484,17.16185,0.0007103726000000001,6.4495691e-05,0.041352669999999994,70.40049,0.0007103726000000001,6.4495691e-05,0.005418502,21.946928,0.0007103726000000001,6.4495691e-05,0.002730441,21.488543999999997,0.0007103726000000001,6.4495691e-05,0.003751716,2.909411e-06,1.6828000000000002e-05,0.027582611,2.1788248099999996,0.006895302000000001,-0.0008134701,-0.001534284,8.484973000000001e-07,1.0817203e-05
73,1609429200,1.4992100000000002,1.499224,0.0020868758,-1.569732,1.817307,1.121046,1.694414,1.602047,0.02401885,0.645123,1.693356e-05,3.5473471000000005e-06,3.5870410999999997e-06,4.3444456e-06,6.050492e-06,7.483406200000001e-06,1.1683408000000003e-05,2.4146961e-05,0.7335507000000001,0.015699770000000002,0.000290639,70.29299,52.15552,4.9845910000000004e-05,6.116364000000001,0.019090890000000003,15.511500000000002,0.00075797933,6.886617599999999e-05,0.03953347,64.15463,0.00075797933,6.886617599999999e-05,0.005387893999999999,21.336029,0.00075797933,6.886617599999999e-05,0.00269048,20.924926,0.00075797933,6.886617599999999e-05,0.0037549879999999995,2.757292e-06,1.673682e-05,0.0029733604000000005,0.72965379,0.005841030999999999,-0.0009147578,-0.001608002,6.9065e-07,8.694775e-06
73,1609429800,1.6805309999999998,1.680546,0.0040083721,-1.562489,1.941735,1.1815823,1.778379,1.681888,0.039188440000000005,0.7390963,1.667855e-05,2.9766812e-06,2.95810373e-06,3.6843786999999992e-06,5.4364775000000005e-06,6.6687778999999995e-06,1.07150572e-05,2.3334257e-05,0.8243798000000002,0.015506719999999998,0.0003213803,70.93051,51.98116,5.589725e-05,6.073815,0.02002789,17.19837,0.00164547601,0.00015015022599999998,0.04153656,71.56548,0.00164547601,0.00015015022599999998,0.00567294,29.786744000000006,0.00164547601,0.00015015022599999998,0.003009214,30.0692277,0.00164547601,0.00015015022599999998,0.0037804619999999996,3.120989e-06,1.719605e-05,0.053684747399999996,1.0562437,0.007098345000000001,-0.0007608832,-0.00150244,7.916575e-07,9.629823e-06
